0 35
0 54
0 22
0 43
0 54
0 54
1 40
1 54
1 59
1 1
1 1
1 44
1 54
1 64
1 54
1 28
1 59
1 54
1 27
1 54
1 64
1 54
1 11
1 2
1 54
1 19
1 66
1 64
1 32
1 20
1 54
1 59
1 147
2 63
2 27
2 0
2 50
2 54
2 54
2 38
2 20
2 44
3 22
3 20
3 35
3 54
3 1
3 8
3 20
4 20
5 38
5 46
6 36
6 36
6 29
6 9
7 25
7 25
7 18
8 25
8 20
8 29
8 8
8 11
8 39
8 47
8 35
8 19
8 54
8 50
8 54
8 54
8 54
8 3
8 28
8 47
8 60
8 39
8 27
8 8
8 54
9 45
9 59
10 46
10 56
10 29
11 15
11 20
11 45
11 18
11 54
11 28
11 11
11 64
12 45
12 54
12 7
13 54
13 60
14 54
14 8
15 11
15 20
15 54
15 20
15 22
15 18
15 42
15 24
15 46
15 33
15 54
15 45
15 20
16 28
16 46
17 3
17 54
17 18
17 3
17 61
17 54
18 46
18 3
18 54
18 8
18 1
18 36
18 1
18 54
18 54
19 54
19 62
19 56
19 36
19 60
19 3
19 50
19 42
19 54
19 13
19 25
19 54
19 40
19 38
19 66
19 54
19 23
19 28
19 27
19 40
19 51
19 478
20 54
20 14
20 20
20 54
20 33
20 55
20 1
20 63
20 18
20 54
20 54
20 54
20 56
20 19
20 54
20 54
20 16
20 27
20 8
20 50
20 53
20 36
20 8
20 33
20 62
20 38
20 48
20 34
21 54
21 15
22 63
22 36
22 55
22 54
22 38
22 28
22 55
23 54
23 40
23 30
23 54
23 0
23 54
23 54
24 8
24 27
24 20
25 32
25 46
25 60
25 50
25 54
25 46
25 24
25 54
25 19
25 44
25 42
25 29
25 38
27 40
27 46
27 54
27 52
27 1
27 26
27 23
27 8
27 7
27 54
27 54
27 20
27 251
28 56
28 53
28 22
28 50
28 19
28 54
28 19
29 20
29 15
29 35
29 20
29 40
30 54
30 54
30 38
30 40
30 54
32 54
32 64
32 8
32 54
32 33
32 54
32 28
32 54
32 54
32 54
32 54
32 1
32 60
32 54
32 36
32 63
32 28
32 63
32 38
32 1
32 63
33 42
33 47
33 1
33 3
33 19
33 46
33 43
33 25
33 65
33 20
33 54
33 8
33 54
33 54
33 60
33 20
33 3
34 33
34 54
35 67
35 39
35 6
35 56
35 64
35 27
35 47
35 28
36 40
36 41
36 6
36 27
36 20
36 36
36 18
36 59
36 54
36 54
36 32
36 4
36 1
36 54
36 54
36 11
38 36
38 54
38 20
38 65
38 2
38 8
38 6
38 8
38 54
38 54
38 46
38 1
38 477
39 2
39 54
39 54
40 19
40 8
40 11
40 19
40 20
40 1
40 1
40 20
40 67
40 24
40 54
40 40
40 40
40 20
40 1
40 23
41 8
41 63
41 19
41 29
41 2
41 62
42 39
42 54
42 8
42 7
43 35
43 36
43 54
43 54
44 48
44 36
44 19
44 19
44 54
44 22
44 55
44 55
44 54
45 54
45 3
46 54
46 5
46 28
46 20
46 19
46 2
46 63
48 25
48 1
48 33
48 54
48 54
49 18
50 19
50 54
50 54
50 54
50 38
50 2
50 67
50 66
50 19
50 41
51 22
51 20
51 54
52 15
53 42
54 8
54 54
54 44
54 46
54 54
54 18
54 0
54 45
54 8
54 54
54 61
54 25
54 38
54 1
54 54
54 27
54 1
54 20
54 20
54 1
54 48
54 54
54 60
54 22
54 54
54 54
54 54
54 50
54 59
54 54
54 54
54 45
54 55
54 20
54 35
54 36
54 50
54 8
54 54
54 38
54 54
54 54
54 44
54 54
54 23
54 39
54 19
54 54
54 25
54 19
54 30
54 54
54 44
54 19
54 54
54 54
54 19
54 54
54 38
54 54
54 19
54 44
54 54
54 11
54 54
54 38
54 54
54 33
54 59
54 19
54 46
54 65
54 19
54 31
54 54
54 54
54 38
54 57
54 41
54 54
54 32
54 50
54 0
54 33
54 38
54 61
54 42
54 54
54 44
54 50
54 29
54 3
54 8
54 26
54 19
54 65
54 27
54 54
54 54
54 20
54 25
54 7
54 54
54 20
54 54
54 1
54 11
54 33
54 40
54 20
54 1
54 8
54 20
54 30
54 54
54 54
54 54
54 36
54 8
54 27
54 2
54 45
54 59
54 64
54 54
54 15
54 35
54 54
54 54
54 25
54 54
54 54
54 44
54 38
54 65
54 2
54 54
54 54
54 54
54 20
54 15
54 22
54 15
54 65
54 33
54 54
54 54
54 15
54 54
54 54
54 54
54 15
54 55
54 33
54 25
54 18
54 54
54 63
54 25
54 54
54 36
54 20
54 54
54 33
54 64
54 8
54 62
54 54
54 1
54 54
54 30
54 44
54 54
54 36
54 22
54 33
54 54
54 50
54 54
54 60
54 20
54 15
54 54
54 27
54 54
54 15
54 54
54 54
54 42
54 45
54 54
54 56
54 54
54 28
54 41
54 54
54 15
54 54
54 15
54 54
54 20
54 54
54 20
54 36
54 20
54 13
54 441
54 473
55 8
55 54
55 63
55 8
55 22
55 25
55 54
55 334
56 20
56 20
56 48
56 59
56 35
56 25
56 54
57 25
57 23
58 33
58 19
58 54
58 54
59 8
59 54
59 20
59 59
59 54
59 54
59 65
59 34
60 40
60 30
60 54
60 65
60 41
60 25
60 50
60 54
60 28
60 35
60 27
61 1
61 54
62 54
62 44
62 62
62 54
62 36
62 54
63 66
63 54
63 20
63 3
63 54
63 20
63 31
64 32
64 54
64 54
64 54
64 60
64 39
64 35
64 30
64 7
65 54
65 30
65 54
65 55
65 54
65 64
65 1
65 37
65 54
65 54
66 8
66 30
69 124
69 126
69 78
69 108
69 84
69 90
69 128
69 74
69 108
69 105
69 124
69 71
69 91
69 94
69 70
69 104
69 81
69 125
69 78
69 124
69 131
69 98
69 108
69 71
70 108
70 128
70 99
70 108
70 101
70 100
70 128
70 113
70 88
70 81
70 123
70 107
70 96
71 108
71 108
71 104
71 108
71 108
71 132
71 108
71 71
71 71
71 96
71 110
71 124
71 94
71 128
71 78
71 96
71 108
71 128
71 108
71 114
71 108
71 108
71 113
71 108
71 115
71 108
71 115
71 116
71 89
71 104
71 96
71 81
71 74
71 133
71 309
71 475
72 94
73 104
73 76
73 108
73 96
74 76
74 83
74 80
74 94
74 108
74 124
74 85
74 100
74 119
74 108
74 100
74 119
74 473
75 83
75 133
75 108
75 77
75 108
75 430
76 81
76 108
76 288
77 130
77 108
77 124
77 116
77 108
77 71
77 88
77 128
77 116
77 77
77 100
77 74
77 69
77 108
77 108
77 93
77 70
77 108
77 110
77 81
77 108
78 132
78 86
78 108
78 73
78 108
78 108
78 108
78 131
78 116
78 108
78 105
78 304
78 412
79 133
79 94
79 79
79 108
79 77
79 108
79 74
79 81
79 80
79 117
80 108
80 133
80 105
80 81
80 108
80 80
80 112
80 132
80 126
80 108
80 112
80 108
80 81
80 108
80 83
80 84
80 132
80 108
80 132
80 125
80 120
80 132
80 79
80 121
80 97
80 104
80 108
80 108
80 133
80 83
80 108
80 104
80 124
80 494
81 108
81 100
81 126
81 98
81 83
81 108
81 104
81 94
81 81
81 84
81 124
81 104
81 80
81 110
81 81
81 133
81 83
81 70
81 126
81 86
81 71
81 101
81 116
81 108
81 412
81 493
82 70
82 71
83 81
83 108
83 71
83 88
83 112
83 108
83 87
83 130
83 85
83 97
83 101
83 81
83 85
83 119
83 74
83 108
83 108
83 107
83 108
83 128
83 298
83 420
83 420
83 415
84 126
84 108
84 132
84 108
84 113
84 120
84 108
84 115
84 104
84 108
84 108
84 107
84 90
84 82
84 108
84 76
84 108
84 98
84 131
84 413
84 433
84 433
84 478
85 88
85 108
85 69
85 98
85 108
85 96
85 70
85 108
85 98
85 108
85 79
85 108
85 98
85 71
85 108
85 108
85 70
85 93
85 87
85 80
85 133
85 133
85 108
85 494
86 80
86 108
86 108
86 86
86 95
86 123
86 98
86 108
86 81
86 108
86 98
86 108
86 119
86 85
86 108
86 94
86 108
86 124
86 113
86 271
86 420
87 100
87 82
88 82
88 104
88 108
88 91
88 107
88 69
88 99
88 113
88 108
88 74
88 128
88 76
88 108
88 83
88 83
88 104
88 80
88 133
88 77
88 198
88 424
89 117
89 132
89 130
89 84
90 126
90 108
90 133
90 116
90 126
91 120
91 93
91 74
91 97
91 108
91 91
91 108
91 125
91 79
91 108
91 108
91 104
91 85
91 108
91 70
91 107
91 84
91 125
91 129
91 80
91 126
91 128
91 101
91 120
91 318
91 420
92 108
92 124
92 94
92 108
93 113
93 116
93 108
93 118
93 71
93 108
94 108
94 85
94 116
94 83
94 77
94 74
94 86
94 101
94 125
94 71
94 108
94 88
94 108
94 100
94 74
94 71
94 83
94 101
94 133
94 108
94 85
94 81
94 133
94 108
94 107
94 430
95 80
95 71
95 100
96 83
96 85
96 105
96 116
96 129
96 125
96 69
96 125
96 85
96 104
96 69
96 108
96 130
96 71
96 108
96 128
96 80
96 80
96 130
96 110
96 71
96 108
96 108
96 108
96 100
96 125
96 126
96 435
96 430
96 427
96 478
97 91
97 131
97 76
97 126
97 108
97 100
97 79
97 70
97 85
98 108
98 70
98 70
98 73
98 97
98 69
98 120
98 111
98 96
98 124
98 76
98 77
98 125
98 81
99 108
99 71
99 112
99 130
99 94
99 303
100 104
100 108
100 84
100 70
100 70
100 108
100 80
100 104
100 118
100 91
100 77
100 94
100 100
100 108
100 124
100 81
100 84
100 100
100 79
100 120
100 104
100 116
100 94
100 124
100 78
100 108
100 414
101 80
101 70
101 94
101 133
101 91
101 116
101 87
101 132
101 108
101 133
101 125
101 120
102 71
102 81
102 108
102 98
102 125
103 86
103 126
103 79
103 133
103 419
104 128
104 128
104 108
104 77
104 101
104 115
104 84
104 125
104 117
104 108
104 114
104 86
104 93
104 108
104 96
104 116
104 104
104 71
104 88
104 112
104 117
104 128
104 96
104 112
104 105
104 100
104 108
104 91
104 101
104 101
104 71
104 126
104 129
104 104
104 112
104 430
104 417
105 69
105 126
105 69
105 80
105 123
105 126
105 85
105 128
105 130
105 90
105 86
105 97
105 83
105 108
105 123
106 108
106 81
107 80
107 108
107 106
107 104
107 81
107 416
108 96
108 100
108 108
108 133
108 69
108 69
108 101
108 108
108 94
108 133
108 71
108 108
108 108
108 119
108 81
108 119
108 74
108 98
108 69
108 108
108 69
108 69
108 108
108 108
108 105
108 99
108 108
108 108
108 71
108 108
108 108
108 130
108 94
108 85
108 101
108 91
108 108
108 86
108 84
108 108
108 85
108 133
108 70
108 69
108 131
108 132
108 105
108 133
108 126
108 77
108 70
108 102
108 125
108 104
108 110
108 71
108 94
108 125
108 131
108 71
108 69
108 69
108 128
108 80
108 108
108 128
108 126
108 85
108 69
108 108
108 108
108 84
108 124
108 108
108 89
108 85
108 108
108 69
108 124
108 108
108 100
108 94
108 89
108 88
108 113
108 91
108 85
108 69
108 71
108 83
108 116
108 104
108 74
108 116
108 71
108 106
108 115
108 70
108 108
108 108
108 105
108 105
108 113
108 96
108 108
108 108
108 117
108 108
108 133
108 128
108 126
108 108
108 108
108 105
108 86
108 106
108 98
108 117
108 84
108 108
108 123
108 108
108 98
108 108
108 88
108 108
108 79
108 78
108 113
108 108
108 130
108 133
108 116
108 105
108 100
108 70
108 108
108 75
108 108
108 86
108 128
108 120
108 86
108 108
108 108
108 104
108 124
108 112
108 124
108 69
108 88
108 84
108 96
108 120
108 74
108 108
108 71
108 126
108 94
108 73
108 105
108 126
108 123
108 110
108 108
108 81
108 108
108 84
108 70
108 126
108 128
108 108
108 116
108 129
108 108
108 99
108 108
108 132
108 108
108 83
108 116
108 70
108 108
108 110
108 126
108 85
108 110
108 95
108 91
108 81
108 126
108 108
108 83
108 108
108 108
108 108
108 133
108 108
108 105
108 91
108 80
108 108
108 84
108 133
108 125
108 108
108 93
108 80
108 133
108 124
108 123
108 84
108 108
108 104
108 81
108 108
108 124
108 108
108 112
108 83
108 104
108 96
108 71
108 71
108 105
108 78
108 108
108 70
108 120
108 80
108 108
108 108
108 108
108 79
108 108
108 72
108 108
108 73
108 87
108 119
108 80
108 131
108 128
108 119
108 84
108 126
108 108
108 101
108 119
108 113
108 128
108 113
108 81
108 105
108 108
108 128
108 109
108 108
108 94
108 123
108 104
108 123
108 108
108 105
108 108
108 308
108 311
108 376
108 415
108 428
108 431
108 431
108 432
108 427
108 486
109 103
109 73
109 91
110 86
110 96
110 112
110 128
110 101
110 94
110 133
110 83
110 70
110 108
110 94
110 108
110 81
110 94
110 108
110 95
110 108
110 108
110 79
110 100
110 423
111 86
111 75
111 105
111 108
112 126
112 83
112 87
112 100
112 108
112 108
112 91
112 77
112 108
112 131
112 108
112 108
112 80
112 78
112 108
112 116
113 69
113 79
113 128
113 108
113 123
113 108
113 101
113 124
113 131
113 132
113 108
113 108
113 86
113 97
113 123
114 104
114 89
114 108
114 96
115 77
115 83
115 85
115 108
115 108
115 128
115 108
116 74
116 69
116 110
116 77
116 108
116 93
116 70
116 100
116 69
116 133
116 133
116 108
116 71
116 75
116 87
116 108
116 108
116 106
116 84
116 92
116 69
116 108
116 115
116 108
116 108
116 105
116 126
116 126
116 112
117 125
117 108
117 91
117 77
117 85
117 104
117 117
117 110
117 417
118 84
118 125
118 80
118 108
118 108
119 105
119 126
119 71
119 108
119 128
119 101
119 77
119 123
119 432
119 419
119 450
120 94
120 77
120 108
120 125
120 77
120 108
120 427
122 105
122 108
123 78
123 108
123 100
123 86
123 133
123 78
123 98
123 108
123 117
123 118
123 118
123 73
123 91
123 329
124 105
124 126
124 133
124 80
124 92
124 108
124 85
124 108
124 94
124 83
124 124
124 71
124 104
124 96
124 98
124 126
124 105
124 108
124 104
124 100
124 99
124 123
124 86
124 132
124 104
124 83
124 420
125 88
125 104
125 131
125 104
125 108
125 108
125 112
125 108
125 112
125 128
125 291
126 118
126 130
126 86
126 110
126 71
126 101
126 99
126 80
126 77
126 108
126 100
126 108
126 108
126 108
126 69
126 79
126 108
126 103
126 86
126 93
126 96
126 325
126 430
127 77
127 108
127 104
127 69
128 108
128 85
128 71
128 121
128 104
128 84
128 94
128 108
128 123
128 96
128 110
128 83
128 108
128 85
128 83
128 108
128 86
128 87
128 108
128 104
128 88
128 126
128 108
128 81
129 110
129 112
129 92
129 97
129 81
129 71
129 108
129 85
129 108
129 82
129 97
129 133
130 88
130 108
130 91
130 114
130 105
130 133
130 83
130 71
130 80
130 105
130 108
130 69
130 105
130 108
131 83
131 128
131 79
131 133
131 108
131 88
131 108
131 100
131 77
131 128
131 108
131 433
132 112
132 83
132 108
132 93
132 93
132 128
132 116
132 73
132 84
133 70
133 113
133 122
133 80
133 133
133 129
133 88
133 74
133 108
133 71
133 71
133 72
133 81
133 108
133 113
133 100
133 108
133 108
133 119
133 108
133 108
133 82
133 415
134 146
134 149
134 179
134 146
134 146
134 186
134 173
134 147
134 183
134 139
134 177
134 137
134 145
134 166
134 146
134 159
134 167
134 141
134 181
134 147
134 139
134 146
134 149
134 183
134 146
134 150
134 173
134 146
134 151
134 154
134 146
134 145
134 170
134 152
134 138
134 251
134 271
134 282
134 242
134 251
134 271
134 336
135 135
135 147
135 135
135 186
135 138
135 146
135 147
135 147
135 146
135 179
135 146
135 159
135 147
135 135
135 147
135 146
135 134
135 163
135 139
135 134
135 146
135 251
135 254
135 318
136 173
136 138
136 148
136 161
136 167
136 145
136 178
136 158
136 160
136 166
136 186
136 251
136 251
137 183
137 165
137 141
137 178
137 146
137 143
138 162
138 147
138 146
138 135
138 164
138 166
138 146
138 184
138 168
138 146
138 183
138 147
138 178
138 271
138 308
139 135
139 139
139 186
139 154
139 167
139 178
139 146
139 134
139 182
139 138
139 165
139 183
139 177
139 154
139 139
139 173
139 146
139 168
139 183
139 178
139 169
139 146
139 258
139 258
139 252
140 146
140 170
140 164
140 155
140 144
140 178
140 164
140 173
140 135
140 178
140 139
140 300
141 135
141 144
141 147
141 135
141 173
141 147
141 162
141 138
141 166
141 271
141 279
141 329
142 154
142 149
142 170
142 146
142 146
142 183
142 141
142 146
142 167
142 174
142 173
142 178
142 252
142 482
143 134
143 134
143 174
143 173
143 147
143 166
143 167
143 136
143 251
143 271
143 279
144 154
144 182
144 135
144 147
144 148
144 150
144 173
144 146
144 139
144 271
145 139
145 146
145 149
145 173
145 182
145 173
145 142
145 173
145 146
145 144
145 135
145 151
145 148
145 147
145 164
145 153
145 147
145 251
145 281
145 273
146 146
146 166
146 159
146 139
146 139
146 161
146 179
146 163
146 152
146 154
146 147
146 181
146 177
146 144
146 146
146 157
146 147
146 141
146 139
146 136
146 179
146 173
146 173
146 178
146 155
146 183
146 157
146 183
146 147
146 179
146 139
146 151
146 165
146 148
146 145
146 147
146 140
146 140
146 183
146 146
146 146
146 137
146 145
146 145
146 160
146 147
146 147
146 146
146 150
146 167
146 150
146 162
146 153
146 173
146 151
146 134
146 135
146 142
146 138
146 163
146 154
146 139
146 157
146 139
146 167
146 147
146 177
146 146
146 147
146 151
146 143
146 146
146 147
146 147
146 150
146 177
146 139
146 147
146 136
146 183
146 164
146 253
146 250
146 251
146 242
146 271
146 272
146 271
146 251
146 251
146 251
146 271
146 251
147 181
147 147
147 165
147 147
147 146
147 148
147 146
147 170
147 177
147 159
147 182
147 145
147 160
147 142
147 168
147 182
147 175
147 167
147 134
147 147
147 182
147 141
147 140
147 140
147 146
147 157
147 173
147 134
147 155
147 159
147 173
147 167
147 166
147 138
147 139
147 134
147 161
147 176
147 154
147 166
147 173
147 146
147 173
147 160
147 146
147 168
147 183
147 173
147 150
147 179
147 166
147 138
147 183
147 144
147 135
147 147
147 167
147 164
147 183
147 135
147 150
147 135
147 134
147 167
147 182
147 136
147 143
147 154
147 182
147 173
147 164
147 173
147 177
147 179
147 176
147 147
147 146
147 181
147 182
147 158
147 177
147 135
147 177
147 168
147 147
147 142
147 134
147 182
147 142
147 144
147 134
147 177
147 183
147 142
147 173
147 135
147 146
147 146
147 182
147 182
147 146
147 146
147 179
147 284
147 251
147 284
147 271
147 247
147 336
147 336
147 298
147 332
148 179
148 153
148 178
149 154
149 146
149 181
149 141
149 147
149 147
149 135
149 179
149 173
149 181
149 135
149 140
149 283
149 478
150 183
150 147
150 141
150 173
150 157
150 138
150 151
150 168
150 262
151 185
151 178
151 183
151 157
151 164
151 146
151 146
151 147
151 177
151 146
151 178
151 178
152 146
152 173
153 135
153 147
153 271
153 324
154 135
154 159
154 151
154 139
154 149
154 164
154 147
154 147
154 146
154 144
154 271
154 251
154 271
154 296
155 146
155 147
155 145
155 169
155 179
155 318
156 135
156 271
157 149
157 179
157 159
157 179
157 174
157 145
157 140
157 146
157 143
157 134
157 146
157 177
157 144
157 179
157 216
157 293
158 177
158 157
158 173
158 148
158 167
158 146
158 182
158 277
159 149
159 158
159 173
160 139
160 164
160 146
160 138
161 167
161 173
161 147
161 181
161 148
161 283
162 140
162 140
162 183
162 153
162 258
163 146
163 134
163 145
163 161
164 160
164 162
164 168
164 147
164 146
164 161
164 148
164 146
164 146
164 169
164 178
164 186
164 148
164 178
164 152
164 169
164 134
164 279
164 271
164 272
164 271
165 139
165 139
165 159
165 139
165 164
165 251
166 147
166 146
166 167
166 174
166 139
166 150
166 160
166 146
166 167
166 146
166 251
166 251
166 240
166 285
167 173
167 173
167 146
167 173
167 134
167 178
167 146
167 143
167 145
167 182
167 167
167 135
167 183
167 167
167 144
167 135
167 147
167 146
167 147
167 170
167 171
167 183
167 183
167 135
167 150
167 164
167 265
167 272
167 376
168 146
168 134
168 177
168 134
168 182
168 146
168 182
168 140
168 144
168 161
168 271
169 178
169 174
169 173
169 147
169 134
169 146
169 182
169 179
169 146
169 151
169 149
169 157
169 178
169 141
169 182
169 145
169 144
169 147
169 147
169 146
169 141
169 139
169 150
169 311
170 147
170 146
170 163
170 173
170 179
170 140
170 162
170 163
171 144
171 173
171 148
171 146
172 325
173 159
173 147
173 179
173 163
173 146
173 165
173 181
173 173
173 134
173 173
173 183
173 183
173 165
173 147
173 147
173 147
173 135
173 138
173 167
173 135
173 146
173 146
173 163
173 182
173 176
173 149
173 173
173 134
173 139
173 146
173 179
173 184
173 142
173 157
173 150
173 142
173 147
173 135
173 147
173 139
173 143
173 178
173 167
173 169
173 157
173 134
173 146
173 134
173 173
173 154
173 183
173 178
173 165
173 241
173 301
173 298
173 324
173 324
173 492
174 147
174 173
174 146
174 178
174 177
174 147
174 147
174 159
174 147
174 279
174 260
174 251
176 165
176 183
176 158
176 145
177 135
177 146
177 146
177 146
177 155
177 164
177 179
177 142
177 178
177 173
177 164
177 146
177 154
177 140
177 159
177 153
177 147
177 158
177 153
177 154
177 167
177 147
177 173
177 251
177 265
177 250
177 282
178 147
178 179
178 179
178 141
178 139
178 144
178 153
178 154
178 169
178 146
178 164
178 141
178 135
178 145
178 146
178 164
178 145
178 135
178 185
178 151
178 179
178 169
178 139
178 147
178 156
178 139
178 171
178 146
178 281
178 240
179 146
179 149
179 146
179 140
179 164
179 146
179 173
179 146
179 135
179 164
179 157
179 146
179 177
179 147
179 141
179 169
179 134
179 179
179 179
179 171
179 184
179 149
179 157
179 134
179 139
179 167
179 161
179 147
179 185
179 164
179 167
179 173
179 492
180 166
180 147
181 147
181 147
181 146
181 142
181 162
181 145
181 179
181 166
181 177
181 153
181 150
181 147
181 138
182 142
182 182
182 178
182 155
182 178
182 149
182 149
182 167
182 327
182 299
182 487
183 160
183 139
183 178
183 183
183 179
183 147
183 153
183 139
183 147
183 139
183 179
183 147
183 139
183 166
183 135
183 145
183 139
183 177
183 166
183 147
183 164
183 149
183 183
183 183
183 166
183 273
183 490
184 159
184 134
184 167
185 251
186 179
187 213
187 218
187 198
187 198
189 232
189 238
189 216
189 228
189 216
189 199
189 236
189 216
189 189
189 198
189 236
189 216
189 218
189 198
189 216
189 205
189 233
189 198
189 212
189 218
189 233
190 199
190 216
190 198
190 204
190 216
190 198
190 212
190 216
190 216
191 216
191 228
191 216
192 216
192 232
192 198
192 216
192 216
192 216
192 216
192 204
192 228
192 213
192 203
192 228
192 187
192 216
192 230
192 221
192 398
192 468
193 193
193 207
193 216
193 198
193 216
193 203
193 206
193 238
193 216
194 233
194 198
194 222
194 216
194 212
194 198
194 194
194 222
194 233
194 198
194 228
194 197
194 216
194 216
194 230
194 216
194 216
194 233
194 204
194 202
194 216
194 233
194 198
194 209
194 221
194 199
194 388
194 392
195 216
195 210
195 216
195 212
195 198
195 234
195 216
195 238
195 207
195 216
195 203
195 402
196 216
197 213
197 196
197 213
197 202
197 212
197 204
197 213
197 216
197 216
197 198
197 198
197 233
197 198
197 216
197 218
197 216
197 213
197 204
197 205
197 225
197 198
197 232
197 228
197 390
197 402
197 392
198 216
198 216
198 216
198 198
198 216
198 189
198 216
198 216
198 212
198 205
198 203
198 216
198 233
198 187
198 221
198 204
198 221
198 228
198 198
198 216
198 216
198 218
198 206
198 204
198 236
198 232
198 234
198 198
198 202
198 216
198 216
198 198
198 216
198 192
198 204
198 192
198 204
198 216
198 216
198 216
198 201
198 216
198 202
198 194
198 189
198 198
198 198
198 198
198 216
198 216
198 198
198 192
198 224
198 213
198 216
198 233
198 197
198 198
198 213
198 204
198 216
198 236
198 216
198 238
198 212
198 216
198 202
198 204
198 214
198 221
198 198
198 216
198 216
198 234
198 198
198 189
198 195
198 238
198 214
198 198
198 212
198 233
198 232
198 238
198 212
198 197
198 214
198 216
198 198
198 203
198 233
198 198
198 198
198 230
198 212
198 198
198 230
198 216
198 216
198 233
198 199
198 198
198 229
198 238
198 230
198 198
198 199
198 233
198 214
198 216
198 198
198 197
198 216
198 220
198 233
198 233
198 218
198 198
198 204
198 218
198 224
198 204
198 221
198 221
198 192
198 204
198 218
198 236
198 198
198 198
198 230
198 212
198 231
198 234
198 228
198 198
198 216
198 198
198 201
198 221
198 216
198 212
198 213
198 194
198 190
198 203
198 198
198 204
198 192
198 234
198 205
198 198
198 233
198 238
198 197
198 198
198 198
198 198
198 212
198 198
198 198
198 216
198 198
198 238
198 232
198 233
198 198
198 218
198 216
198 216
198 198
198 225
198 198
198 212
198 198
198 238
198 216
198 216
198 216
198 213
198 198
198 205
198 201
198 222
198 216
198 238
198 204
198 237
198 216
198 233
198 216
198 238
198 207
198 228
198 216
198 236
198 216
198 228
198 216
198 232
198 219
198 216
198 230
198 198
198 198
198 218
198 198
198 238
198 198
198 216
198 199
198 235
198 219
198 216
198 224
198 227
198 216
198 195
198 197
198 214
198 216
198 212
198 198
198 231
198 190
198 206
198 228
198 206
198 213
198 198
198 218
198 222
198 206
198 216
198 213
198 232
198 198
198 238
198 216
198 209
198 226
198 238
198 213
198 233
198 224
198 233
198 198
198 216
198 231
198 192
198 198
198 202
198 198
198 218
198 202
198 216
198 198
198 216
198 198
198 189
198 216
198 216
198 213
198 216
198 221
198 216
198 202
198 195
198 219
198 198
198 214
198 213
198 233
198 198
198 198
198 228
198 190
198 198
198 216
198 199
198 198
198 198
198 233
198 213
198 198
198 198
198 271
198 331
198 308
198 366
198 390
198 408
198 387
198 404
198 391
198 400
198 399
198 396
198 398
198 393
198 398
198 384
198 392
198 397
198 402
198 470
198 470
198 467
198 468
198 468
198 466
198 466
198 467
198 478
198 496
199 199
199 206
199 230
199 213
199 226
199 198
199 216
199 198
199 198
199 232
199 224
199 212
199 198
199 232
199 216
199 225
199 213
199 189
199 393
199 407
201 198
201 189
201 216
201 212
201 198
201 194
201 195
201 192
201 198
201 238
201 206
201 234
201 216
201 204
201 198
201 198
201 198
201 197
201 466
202 198
202 197
202 212
202 198
202 216
202 232
202 198
202 216
202 198
202 216
202 198
202 216
202 228
202 192
202 226
202 217
202 212
202 198
202 216
202 213
202 238
202 216
202 198
202 233
202 231
202 216
202 230
202 218
202 204
202 198
202 393
202 392
202 381
202 409
203 218
203 230
203 216
203 216
203 204
203 198
203 198
203 212
203 189
203 207
203 238
203 230
203 206
203 232
203 198
203 198
203 191
203 217
203 233
203 231
203 216
203 188
203 198
203 213
203 228
203 224
203 205
203 205
203 215
203 216
203 216
203 397
204 198
204 216
204 198
204 214
204 198
204 216
204 229
204 201
204 221
204 236
204 224
204 233
204 207
204 192
204 213
204 204
204 234
204 198
204 199
204 198
204 205
204 230
204 201
204 202
204 216
204 238
204 216
204 233
204 212
204 231
204 198
204 202
204 216
204 216
204 197
204 218
204 214
204 218
204 237
204 233
204 221
204 233
204 204
204 394
204 393
204 404
204 496
205 204
205 194
205 212
205 198
205 198
205 201
205 198
205 192
205 198
205 197
205 199
205 205
205 198
205 224
205 194
205 238
205 232
205 202
205 197
205 198
205 199
205 198
205 228
205 213
205 218
205 216
205 216
205 228
205 205
205 192
205 238
205 383
205 393
205 399
205 386
205 383
205 406
205 467
205 463
206 238
206 214
206 205
206 238
206 230
206 198
206 190
206 214
206 238
206 228
206 198
206 198
206 216
206 230
206 216
206 230
206 216
206 202
206 198
206 194
206 388
206 402
207 232
207 202
207 198
207 198
207 228
207 238
207 216
207 216
207 207
207 238
207 198
207 204
207 213
207 197
207 394
207 383
208 205
208 225
209 198
209 198
209 466
210 218
210 224
210 204
211 216
211 195
211 238
211 198
211 216
211 403
212 216
212 198
212 201
212 198
212 198
212 218
212 237
212 221
212 198
212 233
212 228
212 220
212 213
212 198
212 216
212 198
212 198
212 230
212 216
212 196
212 198
212 238
212 226
212 224
212 204
212 216
212 216
212 216
212 219
212 198
212 230
212 198
212 213
212 230
212 203
212 204
212 224
212 225
212 216
212 230
212 233
212 203
212 205
212 205
212 202
212 233
212 236
212 205
212 194
212 198
212 202
212 216
212 216
212 232
212 213
212 232
212 385
212 403
212 405
212 394
212 403
212 406
212 395
212 470
212 463
213 198
213 198
213 216
213 213
213 203
213 238
213 198
213 213
213 198
213 216
213 238
213 216
213 216
213 198
213 216
213 192
213 213
213 213
213 198
213 190
213 198
213 198
213 204
213 199
213 205
213 216
213 230
213 198
213 204
213 225
213 198
213 235
213 228
213 230
213 213
213 198
213 198
213 232
213 205
213 198
213 216
213 216
213 198
213 213
213 216
213 198
213 198
213 216
213 216
213 237
213 198
213 238
213 230
213 234
213 233
213 192
213 198
213 217
213 231
213 217
213 233
213 198
213 198
213 357
213 390
213 406
213 406
213 386
213 399
213 470
213 467
214 197
214 198
214 203
214 204
214 198
214 222
214 198
214 233
214 203
214 216
214 198
214 216
214 237
214 233
214 198
214 205
214 407
215 216
215 198
215 203
215 216
215 198
215 221
216 232
216 216
216 218
216 213
216 238
216 216
216 206
216 198
216 198
216 224
216 216
216 216
216 195
216 216
216 212
216 216
216 216
216 198
216 207
216 233
216 216
216 233
216 197
216 202
216 232
216 235
216 231
216 238
216 237
216 212
216 216
216 198
216 216
216 216
216 230
216 216
216 198
216 217
216 198
216 198
216 202
216 233
216 202
216 228
216 238
216 204
216 225
216 206
216 216
216 198
216 204
216 198
216 198
216 216
216 198
216 224
216 233
216 205
216 238
216 216
216 206
216 228
216 216
216 203
216 198
216 207
216 212
216 216
216 216
216 204
216 224
216 213
216 198
216 202
216 227
216 216
216 222
216 216
216 233
216 230
216 198
216 203
216 216
216 187
216 228
216 233
216 228
216 190
216 216
216 216
216 198
216 205
216 213
216 237
216 214
216 230
216 198
216 216
216 221
216 226
216 198
216 218
216 230
216 218
216 198
216 234
216 216
216 198
216 198
216 222
216 198
216 198
216 198
216 212
216 204
216 233
216 198
216 190
216 198
216 212
216 193
216 197
216 198
216 224
216 231
216 238
216 212
216 237
216 224
216 202
216 212
216 216
216 218
216 222
216 228
216 237
216 216
216 216
216 205
216 203
216 216
216 216
216 224
216 233
216 233
216 212
216 205
216 198
216 231
216 193
216 198
216 216
216 221
216 198
216 213
216 198
216 237
216 205
216 216
216 230
216 218
216 204
216 230
216 238
216 216
216 204
216 236
216 222
216 202
216 237
216 212
216 204
216 213
216 197
216 228
216 202
216 234
216 206
216 228
216 213
216 198
216 192
216 198
216 232
216 213
216 216
216 202
216 190
216 216
216 212
216 236
216 228
216 213
216 198
216 202
216 198
216 216
216 216
216 203
216 233
216 212
216 215
216 198
216 238
216 212
216 198
216 216
216 198
216 231
216 216
216 201
216 224
216 216
216 198
216 198
216 233
216 205
216 215
216 233
216 216
216 198
216 216
216 198
216 212
216 228
216 216
216 198
216 213
216 198
216 230
216 189
216 204
216 189
216 224
216 219
216 216
216 218
216 214
216 201
216 198
216 199
216 228
216 198
216 198
216 218
216 204
216 189
216 228
216 197
216 212
216 212
216 235
216 218
216 198
216 198
216 198
216 218
216 213
216 216
216 238
216 232
216 235
216 224
216 198
216 203
216 198
216 216
216 204
216 213
216 198
216 198
216 228
216 198
216 216
216 198
216 198
216 213
216 214
216 216
216 216
216 228
216 198
216 198
216 218
216 202
216 214
216 198
216 238
216 216
216 216
216 198
216 198
216 198
216 336
216 386
216 402
216 407
216 398
216 382
216 385
216 386
216 404
216 401
216 392
216 390
216 383
216 406
216 391
216 400
216 388
216 390
216 390
216 403
216 387
216 400
216 383
216 387
216 402
216 394
216 387
216 409
216 391
216 395
216 467
216 467
216 469
216 467
216 464
216 470
216 465
217 198
217 213
217 189
217 206
217 198
218 216
218 237
218 238
218 212
218 205
218 198
218 202
218 216
218 213
218 216
218 198
218 222
218 221
218 198
218 216
218 216
218 235
218 198
218 216
218 198
218 216
218 216
218 216
218 201
218 198
218 216
218 192
218 198
218 198
218 221
218 228
218 197
218 233
218 216
218 212
218 203
218 204
218 232
218 198
218 229
218 233
218 196
218 198
218 402
218 399
218 381
218 388
219 212
219 198
219 198
219 216
219 204
219 212
219 228
219 203
219 198
219 216
220 224
221 234
221 192
221 198
221 198
221 213
221 188
221 216
221 198
221 202
221 202
221 215
221 233
221 198
221 228
221 406
221 386
222 198
222 213
222 238
222 187
222 225
222 198
222 189
222 198
222 216
222 198
224 198
224 216
224 228
224 198
224 189
224 207
224 202
224 198
224 202
224 214
224 213
224 198
224 203
224 205
224 230
224 203
224 213
224 198
224 225
224 216
224 216
224 381
224 381
224 468
225 238
225 198
225 221
225 238
225 213
225 202
225 216
225 210
225 198
225 207
226 216
226 216
226 238
226 213
226 221
226 393
227 216
227 216
228 218
228 198
228 237
228 217
228 233
228 213
228 202
228 198
228 198
228 216
228 213
228 203
228 224
228 212
228 216
228 198
228 206
228 238
228 198
228 198
228 233
228 218
228 199
228 198
228 222
228 198
228 192
228 238
228 198
228 238
228 233
228 233
228 198
228 218
228 213
228 237
228 216
228 204
228 383
228 388
228 392
228 390
229 197
229 216
230 216
230 205
230 216
230 216
230 199
230 207
230 217
230 213
230 203
230 198
230 198
230 202
230 238
230 212
230 198
230 238
230 189
230 237
230 225
230 233
230 198
230 216
230 198
230 238
230 218
230 187
230 205
230 389
230 382
230 468
230 495
231 198
231 198
231 228
231 234
231 198
231 238
231 205
231 216
231 228
231 236
231 469
231 471
232 216
232 198
232 205
232 204
232 205
232 238
232 220
232 216
232 216
232 216
232 238
232 216
232 198
232 198
232 198
232 231
232 207
232 216
232 216
232 198
232 198
232 197
232 189
232 220
232 292
232 390
232 390
233 198
233 202
233 238
233 230
233 202
233 198
233 198
233 198
233 236
233 232
233 230
233 198
233 216
233 214
233 216
233 237
233 198
233 216
233 213
233 232
233 216
233 216
233 198
233 198
233 233
233 202
233 218
233 216
233 216
233 198
233 198
233 216
233 216
233 189
233 202
233 213
233 216
233 202
233 216
233 198
233 226
233 216
233 218
233 221
233 235
233 216
233 238
233 216
233 218
233 216
233 198
233 211
233 216
233 328
233 383
233 390
233 466
233 468
234 199
234 238
234 216
234 216
234 216
234 219
234 233
234 213
234 198
234 233
234 230
234 233
234 218
234 198
234 198
234 402
235 218
235 216
235 218
235 205
235 223
235 392
236 216
236 213
236 238
236 224
236 198
236 238
236 198
236 221
236 216
236 216
236 230
236 205
236 198
236 216
236 216
236 236
236 228
236 237
236 406
237 236
237 232
237 213
237 238
237 198
237 199
237 189
237 409
237 495
238 224
238 216
238 220
238 216
238 218
238 198
238 238
238 198
238 202
238 216
238 207
238 216
238 217
238 205
238 198
238 216
238 218
238 221
238 213
238 216
238 192
238 198
238 198
238 198
238 198
238 198
238 213
238 216
238 238
238 201
238 202
238 187
238 238
238 204
238 216
238 212
238 203
238 217
238 198
238 201
238 234
238 228
238 198
238 216
238 189
238 233
238 198
238 334
238 401
238 387
238 405
238 466
238 496
239 253
239 271
239 270
239 271
239 271
239 271
239 273
239 245
239 256
239 251
239 303
240 251
240 257
240 277
240 271
240 251
240 283
240 244
240 239
240 253
240 271
240 265
240 239
240 271
240 268
240 250
240 271
240 291
240 473
241 251
241 251
241 269
241 251
241 251
241 246
241 262
241 329
241 487
242 260
242 271
242 251
242 260
242 271
242 263
242 271
242 254
242 254
242 328
242 293
244 271
244 246
244 251
244 251
244 241
244 331
245 271
245 271
245 282
245 284
245 260
245 268
245 266
245 251
245 271
246 251
246 251
246 271
246 245
246 251
246 252
246 251
246 271
246 252
247 281
247 273
247 271
247 271
247 268
247 239
247 278
247 489
248 271
248 271
248 271
248 260
248 272
248 262
248 260
249 284
249 271
249 251
250 251
250 271
250 251
250 258
250 271
250 239
250 285
250 260
250 272
250 271
250 251
250 281
250 251
250 255
250 283
250 241
250 296
250 375
251 283
251 252
251 262
251 251
251 251
251 239
251 271
251 271
251 240
251 251
251 240
251 260
251 260
251 251
251 271
251 251
251 251
251 271
251 246
251 251
251 251
251 257
251 285
251 285
251 251
251 271
251 271
251 241
251 271
251 282
251 271
251 251
251 245
251 272
251 251
251 251
251 285
251 251
251 271
251 259
251 271
251 251
251 254
251 271
251 251
251 251
251 271
251 269
251 271
251 258
251 271
251 260
251 251
251 271
251 251
251 283
251 257
251 251
251 271
251 251
251 271
251 268
251 265
251 265
251 271
251 282
251 250
251 251
251 248
251 271
251 251
251 250
251 271
251 244
251 263
251 252
251 260
251 271
251 263
251 251
251 261
251 251
251 271
251 250
251 251
251 282
251 271
251 271
251 271
251 251
251 271
251 251
251 251
251 251
251 251
251 251
251 261
251 271
251 242
251 260
251 240
251 264
251 251
251 251
251 251
251 263
251 271
251 263
251 251
251 271
251 287
251 264
251 263
251 271
251 282
251 283
251 251
251 258
251 259
251 260
251 251
251 251
251 271
251 284
251 251
251 247
251 248
251 251
251 271
251 271
251 271
251 245
251 251
251 240
251 263
251 271
251 251
251 251
251 252
251 254
251 245
251 271
251 251
251 268
251 271
251 251
251 250
251 271
251 250
251 242
251 241
251 271
251 271
251 244
251 247
251 251
251 272
251 271
251 251
251 241
251 271
251 271
251 251
251 251
251 271
251 271
251 252
251 258
251 240
251 271
251 271
251 287
251 247
251 271
251 244
251 259
251 286
251 251
251 258
251 277
251 271
251 271
251 271
251 271
251 273
251 271
251 251
251 251
251 265
251 271
251 242
251 245
251 271
251 268
251 244
251 251
251 277
251 271
251 240
251 252
251 259
251 251
251 249
251 265
251 251
251 284
251 251
251 251
251 271
251 252
251 247
251 242
251 282
251 271
251 284
251 269
251 251
251 270
251 266
251 291
251 291
251 298
251 288
251 325
251 325
251 294
251 301
251 331
251 329
251 317
251 308
251 329
251 301
251 323
251 317
251 301
251 308
251 301
251 308
251 303
251 309
251 325
251 292
251 317
251 329
251 308
251 476
251 487
251 486
252 251
252 254
252 251
252 271
252 254
252 287
252 284
252 283
252 271
252 251
252 271
252 251
253 271
253 248
253 254
253 251
253 251
253 283
253 250
253 271
253 262
253 261
253 271
254 251
254 251
254 286
254 248
254 251
254 279
254 271
254 249
254 261
254 270
254 251
254 251
254 285
254 269
254 271
254 251
254 251
254 285
254 239
254 271
254 271
254 271
254 292
254 298
254 473
255 263
255 271
256 271
256 285
256 263
256 251
257 247
257 239
257 284
257 284
257 260
257 261
257 271
257 257
257 271
257 271
257 253
257 268
257 260
257 251
257 472
258 279
258 283
258 273
258 271
258 241
258 251
258 241
258 271
258 251
258 257
258 270
258 271
258 239
258 271
258 260
258 334
258 476
259 241
259 239
259 271
259 282
259 270
260 251
260 258
260 251
260 256
260 251
260 257
260 282
260 277
260 251
260 263
260 271
260 271
260 246
260 277
260 271
260 271
260 271
260 306
260 473
261 284
261 280
261 247
261 245
261 251
261 253
261 271
261 265
261 257
261 271
261 271
261 271
261 271
261 251
261 251
261 296
261 300
261 318
262 251
262 269
262 271
262 251
262 251
262 251
262 271
262 271
262 251
262 336
263 239
263 271
263 284
263 271
263 251
263 265
263 279
263 260
263 271
263 271
263 251
263 251
263 251
263 250
263 271
263 271
263 324
263 327
263 476
263 489
264 271
265 278
265 245
265 271
265 248
265 284
265 241
265 251
265 248
265 251
268 282
268 265
268 271
268 239
268 251
268 251
268 251
268 271
268 284
268 303
269 251
269 251
269 251
269 251
269 271
269 271
269 239
269 271
269 271
269 472
270 271
270 251
270 271
270 271
270 271
270 251
270 271
270 241
270 251
270 241
270 251
270 271
271 271
271 271
271 279
271 271
271 257
271 260
271 271
271 271
271 271
271 271
271 251
271 259
271 251
271 251
271 260
271 269
271 251
271 247
271 251
271 248
271 271
271 251
271 271
271 271
271 271
271 251
271 241
271 251
271 271
271 251
271 241
271 242
271 251
271 271
271 239
271 271
271 271
271 257
271 284
271 271
271 271
271 251
271 286
271 251
271 251
271 271
271 271
271 252
271 269
271 271
271 258
271 254
271 248
271 271
271 286
271 261
271 251
271 271
271 245
271 271
271 251
271 271
271 251
271 271
271 258
271 271
271 271
271 271
271 285
271 271
271 251
271 251
271 271
271 271
271 251
271 251
271 251
271 251
271 253
271 271
271 271
271 251
271 260
271 271
271 251
271 241
271 271
271 271
271 239
271 271
271 251
271 271
271 283
271 251
271 271
271 239
271 271
271 271
271 271
271 258
271 257
271 287
271 273
271 262
271 279
271 251
271 284
271 285
271 242
271 251
271 271
271 251
271 271
271 270
271 251
271 251
271 261
271 262
271 271
271 271
271 284
271 271
271 271
271 271
271 263
271 271
271 271
271 249
271 270
271 251
271 271
271 251
271 284
271 271
271 257
271 251
271 251
271 283
271 268
271 254
271 277
271 271
271 271
271 251
271 272
271 271
271 284
271 253
271 265
271 270
271 240
271 271
271 271
271 271
271 251
271 240
271 251
271 271
271 251
271 251
271 253
271 271
271 256
271 242
271 251
271 283
271 251
271 271
271 246
271 271
271 245
271 284
271 252
271 271
271 271
271 251
271 251
271 271
271 261
271 271
271 277
271 251
271 253
271 250
271 241
271 286
271 271
271 251
271 244
271 271
271 251
271 251
271 251
271 271
271 273
271 250
271 270
271 271
271 251
271 271
271 283
271 251
271 257
271 251
271 273
271 251
271 272
271 251
271 271
271 251
271 252
271 270
271 251
271 251
271 271
271 271
271 271
271 271
271 271
271 251
271 258
271 260
271 251
271 271
271 242
271 279
271 270
271 271
271 250
271 239
271 271
271 254
271 254
271 251
271 292
271 331
271 302
271 304
271 318
271 303
271 318
271 311
271 331
271 326
271 304
271 304
271 290
271 329
271 296
271 477
271 478
272 271
272 268
272 271
272 272
272 269
272 251
272 251
272 269
272 271
272 265
272 270
272 240
272 251
272 251
272 286
272 242
272 271
272 271
273 271
273 271
273 271
273 271
273 248
273 251
273 265
273 271
273 327
273 317
274 489
275 250
275 292
275 487
277 271
277 269
277 239
277 251
277 251
277 257
277 251
277 320
278 249
279 254
279 271
279 251
279 283
279 251
279 271
279 251
279 250
279 269
279 251
279 271
279 249
279 250
279 334
279 322
280 271
281 240
281 251
282 245
282 252
282 251
282 251
282 271
282 273
282 271
282 251
282 325
282 314
282 303
283 251
283 271
283 268
283 250
283 263
283 239
283 284
283 271
283 272
283 251
283 245
283 251
283 251
283 241
283 336
284 251
284 271
284 257
284 271
284 251
284 275
284 285
284 251
284 251
284 251
284 270
284 240
284 250
284 259
284 277
284 271
284 279
284 263
284 270
284 265
284 249
284 251
284 336
284 294
285 251
285 251
285 263
285 271
285 250
285 247
285 251
285 251
285 254
285 240
285 251
285 261
285 270
285 271
285 271
285 250
285 306
285 304
286 283
286 271
287 251
287 250
287 251
287 271
287 271
287 271
287 271
287 325
288 303
288 332
288 311
288 324
288 304
288 316
288 331
288 301
288 325
288 288
288 317
288 336
288 329
288 334
288 317
288 331
288 324
288 326
288 306
288 325
288 331
288 293
288 336
288 322
288 294
288 318
288 311
288 293
288 288
288 296
288 297
288 293
288 330
288 335
288 299
288 311
288 311
288 304
288 288
288 289
288 304
288 292
288 306
288 332
288 334
288 288
288 309
288 288
288 328
288 327
288 311
288 301
288 294
288 336
288 308
288 325
288 329
288 333
288 329
288 293
288 298
288 298
288 336
288 318
288 288
288 323
288 299
288 329
288 317
288 331
288 325
288 318
288 306
288 309
288 325
288 306
288 304
288 314
288 298
288 301
288 325
288 336
289 336
289 336
289 333
289 336
289 300
289 325
289 292
289 333
289 305
289 291
289 324
289 325
289 304
289 313
289 308
289 297
289 294
289 291
290 332
290 311
290 288
290 331
290 321
290 331
290 309
290 311
290 291
290 320
290 288
290 296
290 329
290 336
290 332
291 308
291 298
291 311
291 298
291 306
291 292
291 331
291 303
291 333
291 311
291 332
291 309
291 304
291 311
291 310
291 288
291 300
291 325
291 306
291 317
291 317
291 334
291 303
291 288
291 318
291 325
291 293
291 292
291 312
291 306
291 291
291 333
291 304
291 288
291 300
291 299
291 318
291 317
291 322
291 288
291 296
291 327
291 336
291 298
291 309
291 311
291 288
291 317
291 309
291 301
291 292
291 306
291 309
291 306
291 331
291 319
291 329
291 302
291 324
291 291
291 332
291 323
291 329
291 303
291 323
291 296
291 298
291 329
291 300
291 294
292 331
292 288
292 291
292 305
292 291
292 308
292 314
292 311
292 296
292 324
292 304
292 336
292 323
292 319
292 336
292 331
292 300
292 295
292 336
292 335
292 308
292 331
292 311
292 296
292 291
292 305
292 304
292 311
292 303
292 292
292 312
292 329
292 304
292 314
292 292
292 309
292 329
292 331
292 294
292 308
292 300
292 291
292 322
292 294
292 474
292 474
293 325
293 324
293 309
293 329
293 336
293 332
293 296
293 328
293 301
293 332
293 292
293 306
293 331
293 332
293 318
293 306
293 304
293 317
293 336
293 308
293 331
293 301
293 329
293 318
293 313
293 306
293 304
293 317
293 290
293 292
293 318
293 304
293 336
293 300
293 291
293 332
293 308
293 327
293 288
293 303
293 303
293 309
293 292
293 327
293 336
294 329
294 333
294 324
294 288
294 293
294 303
294 296
294 294
294 291
294 324
294 292
294 309
294 291
294 324
294 306
294 327
294 324
294 336
294 303
294 325
294 306
294 336
294 306
294 288
294 291
294 325
294 293
294 331
294 329
294 300
294 293
294 322
294 296
294 290
294 314
294 329
294 306
294 293
294 336
294 304
294 288
294 318
294 325
294 322
294 301
294 332
294 300
294 300
294 303
294 317
294 323
294 331
294 299
294 334
294 292
294 333
294 303
294 323
294 309
294 298
294 331
294 318
294 309
294 315
294 326
294 306
294 329
294 332
294 303
294 327
294 420
295 323
295 310
295 475
296 306
296 322
296 334
296 306
296 319
296 319
296 288
296 296
296 301
296 327
296 331
296 332
296 300
296 306
296 324
296 294
296 306
296 291
296 334
296 301
296 311
296 309
296 298
296 298
296 331
296 293
296 296
296 296
296 318
296 325
296 318
296 318
296 331
296 328
296 294
296 325
296 306
296 309
296 301
296 332
296 317
296 297
296 309
296 325
296 294
296 304
296 288
296 329
296 331
296 298
296 306
296 308
296 293
296 292
296 333
296 473
297 312
297 331
297 328
297 323
297 309
298 296
298 311
298 289
298 331
298 301
298 308
298 312
298 308
298 329
298 294
298 318
298 291
298 325
298 329
298 303
298 304
298 306
298 318
298 336
298 325
298 317
298 306
298 327
298 291
298 305
298 299
298 306
298 301
298 313
298 336
298 324
298 297
298 326
298 296
298 333
298 323
298 291
298 303
298 329
298 332
298 303
298 317
298 336
298 318
298 325
298 327
298 288
298 312
298 317
298 317
298 288
298 317
299 299
299 308
299 336
299 336
299 298
299 325
299 329
299 332
299 301
299 332
299 303
299 296
299 294
299 288
299 336
299 304
299 324
299 336
299 306
299 293
299 304
299 298
299 336
299 304
299 317
299 299
299 332
299 288
299 330
299 304
299 294
299 332
299 332
299 311
299 288
299 328
299 290
299 326
299 309
299 292
299 331
300 298
300 292
300 304
300 288
300 294
300 313
300 301
300 292
300 301
300 332
300 322
300 306
300 331
300 324
300 318
300 293
300 320
300 307
300 308
300 329
300 303
300 306
300 324
300 304
300 317
300 292
300 306
300 317
300 318
300 296
300 295
300 291
300 328
300 309
300 331
300 291
300 326
301 308
301 299
301 327
301 308
301 297
301 291
301 288
301 329
301 331
301 288
301 332
301 317
301 292
301 299
301 291
301 324
301 322
301 336
301 336
301 297
301 321
301 293
301 301
301 293
301 311
301 325
301 317
301 329
301 334
301 330
301 298
301 300
301 291
301 318
301 304
301 311
301 329
301 331
301 325
301 328
301 336
301 303
301 303
301 329
301 299
301 292
301 332
301 323
301 304
301 333
301 322
301 308
301 306
301 317
301 298
301 297
301 293
301 296
301 296
301 336
301 317
301 292
301 309
301 329
301 314
301 472
302 336
302 331
302 298
302 301
302 317
302 328
302 301
302 331
303 329
303 301
303 318
303 327
303 296
303 301
303 331
303 336
303 331
303 290
303 329
303 327
303 304
303 309
303 311
303 289
303 294
303 304
303 288
303 336
303 288
303 308
303 318
303 324
303 321
303 298
303 288
303 321
303 301
303 296
303 296
303 327
303 299
303 318
303 327
303 306
303 329
303 313
303 289
303 328
303 317
303 306
303 324
303 323
303 301
303 331
303 308
303 318
303 318
303 318
303 336
303 288
303 304
303 323
303 301
303 304
303 304
303 308
303 318
303 331
303 325
303 318
303 328
303 299
303 292
303 323
303 311
304 291
304 336
304 336
304 292
304 308
304 336
304 303
304 309
304 300
304 311
304 315
304 336
304 311
304 290
304 329
304 318
304 313
304 303
304 304
304 308
304 298
304 329
304 318
304 315
304 304
304 324
304 326
304 288
304 303
304 309
304 308
304 301
304 300
304 311
304 322
304 292
304 306
304 288
304 306
304 325
304 299
304 309
304 322
304 292
304 294
304 303
304 292
304 311
304 311
304 311
304 329
304 317
304 317
304 325
304 318
304 293
304 308
304 306
304 288
304 301
304 331
304 304
304 329
304 329
304 311
304 294
304 332
304 336
304 331
304 298
304 292
304 473
305 329
305 327
305 293
305 301
305 328
305 288
305 325
305 303
305 329
305 296
305 331
306 311
306 324
306 311
306 308
306 334
306 333
306 311
306 331
306 311
306 332
306 309
306 308
306 304
306 306
306 304
306 327
306 317
306 291
306 311
306 317
306 323
306 289
306 313
306 314
306 331
306 321
306 288
306 306
306 304
306 336
306 317
306 313
306 331
306 300
306 302
306 329
306 311
306 300
306 294
306 308
306 329
306 298
306 303
306 309
306 311
306 290
306 294
306 305
306 296
306 293
306 318
306 294
306 292
306 334
306 323
306 303
306 301
306 334
306 330
306 298
306 298
306 291
306 336
306 333
306 336
306 304
306 293
306 304
306 327
306 303
306 309
306 301
306 303
306 331
306 306
306 311
306 309
306 328
306 299
306 317
306 309
306 329
306 308
306 328
306 300
306 327
306 304
306 303
306 472
307 302
307 332
308 313
308 336
308 317
308 309
308 328
308 324
308 320
308 318
308 336
308 292
308 331
308 311
308 291
308 332
308 336
308 293
308 336
308 325
308 294
308 333
308 288
308 318
308 331
308 294
308 312
308 306
308 323
308 301
308 320
308 314
308 302
308 329
308 313
308 292
308 304
308 329
308 335
308 333
308 331
308 293
308 311
308 331
308 336
308 336
308 296
308 291
308 311
308 318
308 331
308 289
308 331
308 331
308 309
308 315
308 296
308 311
308 306
308 323
308 336
308 336
308 293
308 293
308 321
308 327
308 336
308 331
308 329
309 288
309 291
309 306
309 301
309 306
309 291
309 336
309 331
309 308
309 299
309 303
309 301
309 336
309 312
309 317
309 296
309 334
309 329
309 325
309 298
309 288
309 294
309 308
309 336
309 336
309 303
309 303
309 329
309 288
309 323
309 317
309 322
309 292
309 333
309 319
309 332
309 300
309 325
309 298
309 331
309 318
309 331
309 294
309 327
309 318
309 336
309 303
309 288
309 312
309 288
309 331
309 336
309 317
309 318
309 328
309 324
309 292
309 318
309 324
309 301
310 290
310 290
310 298
310 329
310 296
310 325
310 329
311 317
311 311
311 294
311 329
311 309
311 317
311 331
311 336
311 325
311 315
311 292
311 299
311 331
311 329
311 318
311 303
311 304
311 292
311 306
311 306
311 304
311 329
311 336
311 329
311 304
311 311
311 297
311 314
311 301
311 309
311 306
311 322
311 304
311 325
311 327
311 299
311 304
311 288
311 336
311 318
311 336
311 290
311 301
311 296
311 336
311 325
311 299
311 300
311 332
311 301
311 331
311 325
311 294
311 293
311 331
311 290
311 329
311 306
311 317
311 329
311 292
311 322
311 304
311 303
311 308
311 298
311 328
311 336
311 311
311 475
312 300
312 311
312 331
312 288
312 314
312 293
312 291
312 313
312 291
313 288
313 303
313 297
313 311
313 311
313 301
313 309
313 319
313 300
313 323
313 313
313 324
313 311
313 301
313 291
313 327
313 331
313 336
313 298
313 321
313 322
313 295
313 315
314 301
314 301
314 291
314 294
314 336
314 323
314 308
314 331
314 304
314 324
314 296
314 328
314 294
314 310
314 301
314 313
315 298
315 317
315 331
315 300
315 318
315 325
315 298
315 289
315 313
315 330
315 332
316 304
316 336
316 333
316 329
316 288
316 327
316 327
317 311
317 336
317 301
317 288
317 329
317 293
317 332
317 301
317 325
317 292
317 336
317 329
317 331
317 311
317 336
317 328
317 311
317 329
317 318
317 331
317 308
317 336
317 311
317 288
317 319
317 313
317 320
317 304
317 336
317 299
317 325
317 311
317 289
317 328
317 300
317 334
317 318
317 296
317 332
317 291
317 315
317 318
317 299
317 332
317 323
317 303
317 327
317 317
317 298
317 329
317 292
317 332
317 294
317 288
317 303
317 309
317 303
317 306
317 336
317 334
317 294
317 290
317 332
317 328
317 296
317 310
317 288
317 311
317 323
317 305
317 335
317 317
317 331
317 332
317 300
317 327
317 309
317 299
317 293
317 288
317 313
317 306
317 306
317 327
317 303
317 306
317 300
317 303
317 306
317 306
317 376
317 473
318 311
318 306
318 308
318 336
318 288
318 298
318 296
318 293
318 318
318 299
318 294
318 307
318 312
318 288
318 298
318 336
318 336
318 311
318 327
318 336
318 293
318 291
318 325
318 294
318 293
318 294
318 334
318 315
318 331
318 311
318 303
318 306
318 301
318 312
318 292
318 335
318 306
318 301
318 331
318 323
318 306
318 329
318 292
318 313
318 288
318 318
318 313
318 290
318 325
318 325
318 303
318 288
318 314
318 331
318 312
318 318
318 336
318 303
318 333
318 300
318 328
318 324
318 329
318 329
318 311
318 289
318 303
318 318
318 306
318 293
318 293
318 336
318 336
318 325
318 304
318 329
318 327
318 293
318 334
318 323
318 300
318 313
318 310
318 292
318 315
318 292
318 303
318 326
318 303
318 296
318 308
318 291
318 306
318 306
318 318
318 333
318 318
318 304
318 478
319 303
319 324
319 332
319 301
319 322
319 336
319 306
319 318
319 304
319 300
319 315
319 294
320 293
320 294
320 320
320 301
320 336
320 329
321 293
321 330
321 329
321 303
321 317
321 293
321 306
321 318
321 315
321 301
321 323
321 322
321 318
321 301
321 329
322 309
322 323
322 288
322 329
322 306
322 317
322 291
322 336
322 293
322 296
322 288
322 317
322 312
322 336
322 331
322 323
323 327
323 293
323 291
323 328
323 325
323 288
323 304
323 308
323 326
323 336
323 325
323 298
323 327
323 327
323 298
323 296
323 335
323 331
323 298
323 294
323 292
323 327
323 298
323 336
323 311
323 295
323 303
323 298
323 328
323 306
323 306
323 303
323 292
323 288
323 309
323 317
323 331
323 329
323 298
323 323
323 291
323 314
323 325
323 333
323 299
323 317
323 293
323 330
323 327
323 294
323 317
323 327
323 306
323 292
323 314
323 288
323 331
323 313
323 323
323 473
324 332
324 298
324 317
324 323
324 327
324 288
324 301
324 307
324 331
324 306
324 306
324 300
324 294
324 317
324 317
324 288
324 329
324 306
324 298
324 333
324 325
324 331
324 323
324 317
324 303
324 336
324 331
324 289
324 336
324 336
324 332
324 323
324 313
324 325
324 336
324 323
324 331
324 301
324 291
324 288
324 318
324 317
324 332
324 323
324 292
324 298
324 325
324 301
324 293
324 311
325 305
325 303
325 292
325 304
325 329
325 329
325 294
325 331
325 322
325 308
325 327
325 293
325 321
325 299
325 314
325 299
325 293
325 306
325 331
325 313
325 294
325 309
325 296
325 318
325 332
325 301
325 318
325 317
325 306
325 311
325 310
325 329
325 288
325 301
325 317
325 336
325 301
325 333
325 293
325 321
325 296
325 304
325 306
325 336
325 317
325 329
325 319
325 299
325 309
325 331
325 299
325 309
325 317
325 318
325 329
325 329
325 292
325 293
325 306
325 324
325 293
325 332
325 311
325 298
325 301
325 333
325 291
325 324
325 474
326 306
326 304
326 288
326 301
326 336
326 318
326 318
326 325
327 304
327 304
327 317
327 303
327 292
327 334
327 331
327 317
327 317
327 332
327 323
327 304
327 306
327 311
327 318
327 293
327 329
327 321
327 311
327 336
327 308
327 329
327 331
327 309
327 336
327 303
327 332
327 301
327 301
327 335
327 324
327 318
327 316
327 308
327 288
327 301
327 336
327 299
327 331
327 292
327 323
327 329
327 318
327 303
327 313
328 297
328 298
328 309
328 336
328 331
328 301
328 323
328 332
328 295
328 309
328 308
328 331
328 301
328 309
328 294
328 323
328 306
328 312
328 293
328 311
328 317
328 301
328 292
328 296
328 318
328 298
328 333
329 288
329 308
329 291
329 292
329 311
329 300
329 288
329 311
329 301
329 329
329 317
329 309
329 323
329 329
329 317
329 296
329 322
329 301
329 311
329 313
329 311
329 291
329 293
329 325
329 288
329 324
329 317
329 331
329 327
329 312
329 304
329 291
329 308
329 325
329 328
329 309
329 333
329 328
329 317
329 323
329 327
329 317
329 288
329 302
329 327
329 303
329 298
329 309
329 333
329 318
329 298
329 298
329 318
329 334
329 306
329 317
329 304
329 327
329 301
329 331
329 291
329 329
329 324
329 317
329 308
329 312
329 292
329 288
329 309
329 324
329 303
329 478
330 296
330 329
330 300
330 325
330 336
330 300
330 321
331 321
331 288
331 336
331 306
331 300
331 324
331 297
331 306
331 288
331 311
331 327
331 293
331 313
331 318
331 304
331 332
331 296
331 299
331 336
331 303
331 296
331 291
331 289
331 322
331 301
331 322
331 304
331 331
331 317
331 323
331 303
331 317
331 301
331 325
331 329
331 302
331 324
331 306
331 301
331 291
331 317
331 288
331 303
331 314
331 300
331 331
331 303
331 333
331 322
331 299
331 318
331 331
331 329
331 336
331 309
331 325
331 292
331 298
331 299
331 300
331 303
331 317
331 336
331 301
331 319
331 304
331 329
331 314
331 288
331 290
331 298
331 336
331 288
331 299
331 292
331 301
331 318
331 292
331 321
331 336
331 331
331 326
331 303
331 298
331 332
331 327
331 336
331 299
331 292
331 303
331 304
331 336
331 317
331 318
331 303
331 301
331 325
331 332
331 292
331 336
331 332
331 331
331 324
331 331
331 292
331 318
331 296
331 292
331 311
331 296
331 303
331 317
331 296
331 323
331 331
331 288
331 329
331 306
332 331
332 336
332 296
332 331
332 323
332 318
332 308
332 317
332 325
332 336
332 300
332 308
332 306
332 318
332 314
332 306
332 324
332 291
332 300
332 298
332 301
332 336
332 294
332 292
332 331
332 301
332 313
332 334
332 318
332 322
332 325
332 327
332 336
332 325
332 299
332 315
332 288
332 325
332 304
332 301
332 311
332 328
332 316
332 309
332 317
332 303
332 303
332 301
332 302
332 288
332 310
332 301
332 294
332 295
332 291
332 304
332 334
332 325
333 313
333 318
333 300
333 298
333 318
333 298
333 293
333 308
333 331
333 310
333 336
333 318
333 325
333 313
333 303
333 489
334 292
334 326
334 332
334 291
334 306
334 296
334 311
334 332
334 332
334 318
334 288
334 332
334 290
334 308
334 296
334 317
334 329
334 303
334 324
334 288
334 306
334 311
334 329
334 323
334 325
334 304
334 288
334 329
334 332
334 298
334 291
334 327
334 318
334 324
334 288
334 331
334 332
334 311
335 298
335 323
336 308
336 309
336 331
336 330
336 303
336 291
336 299
336 331
336 306
336 328
336 306
336 328
336 317
336 293
336 288
336 290
336 290
336 304
336 300
336 326
336 331
336 323
336 304
336 294
336 322
336 336
336 336
336 324
336 306
336 313
336 325
336 325
336 303
336 331
336 331
336 296
336 329
336 331
336 304
336 298
336 303
336 312
336 317
336 313
336 309
336 311
336 325
336 301
336 325
336 309
336 327
336 318
336 306
336 336
336 306
336 321
336 306
336 325
336 291
336 309
336 332
336 304
336 328
336 296
336 331
336 334
336 325
336 301
336 304
336 294
336 294
336 318
336 331
336 327
336 292
336 298
336 317
336 318
336 336
336 306
336 308
336 335
336 292
336 331
336 288
336 317
336 300
336 298
336 318
336 288
336 303
336 325
336 300
336 311
336 329
336 318
336 296
336 336
336 330
336 336
336 304
336 312
336 306
336 300
336 306
336 298
337 344
337 376
337 376
337 380
337 356
337 347
339 376
339 356
340 363
341 376
341 380
341 356
341 347
341 356
341 376
341 356
342 354
343 376
343 370
343 343
343 356
343 374
344 364
344 356
344 376
344 376
344 376
344 374
344 356
344 356
344 376
345 376
345 356
346 352
346 376
346 376
346 376
346 347
346 352
346 353
346 376
346 356
346 376
346 356
346 376
346 356
346 376
346 356
347 376
347 356
347 376
347 356
347 338
348 338
349 376
349 337
350 356
351 376
352 376
352 357
352 376
352 352
352 356
352 376
352 374
353 353
353 356
353 376
353 346
353 374
354 376
354 356
355 352
355 376
355 356
355 352
356 345
356 356
356 356
356 347
356 376
356 376
356 347
356 356
356 374
356 343
356 358
356 344
356 366
356 376
356 356
356 340
356 374
356 356
356 376
356 374
356 376
356 339
356 375
356 356
356 352
356 363
356 376
356 369
356 376
356 376
356 377
356 376
356 356
356 356
356 376
356 356
356 348
356 376
356 356
356 356
356 376
356 339
356 356
356 376
356 346
356 356
356 376
356 370
356 356
356 376
356 356
356 374
356 356
356 376
356 376
356 347
356 376
356 349
356 366
356 366
356 337
356 376
356 356
356 353
356 356
356 358
356 376
356 376
356 378
356 379
356 352
356 338
356 347
356 378
356 356
356 376
356 376
356 377
356 358
356 356
356 376
356 376
356 356
356 376
356 357
356 366
356 374
356 356
356 368
356 346
356 376
356 356
356 376
356 366
356 356
356 376
356 356
356 356
356 373
356 347
356 356
356 356
356 352
356 376
356 356
356 350
356 376
356 356
356 376
356 352
356 374
356 376
356 353
356 356
356 378
357 356
357 380
357 378
357 358
357 356
357 376
357 376
357 374
357 376
357 376
358 356
358 350
358 356
361 356
361 376
362 356
362 376
362 356
362 376
362 376
363 356
363 356
363 376
363 356
364 338
366 376
366 356
366 356
366 356
366 356
366 356
366 356
366 356
366 356
369 356
370 346
370 361
370 337
370 376
371 356
372 346
373 376
374 356
374 374
374 345
374 348
374 344
374 341
374 356
374 356
374 356
374 376
374 356
374 337
374 356
374 344
375 374
375 356
375 347
376 377
376 352
376 339
376 376
376 356
376 356
376 343
376 356
376 376
376 376
376 356
376 356
376 346
376 356
376 376
376 346
376 376
376 376
376 376
376 356
376 376
376 344
376 356
376 376
376 352
376 376
376 356
376 376
376 356
376 376
376 350
376 376
376 376
376 356
376 338
376 339
376 352
376 369
376 356
376 363
376 344
376 339
376 356
376 376
376 376
376 376
376 354
376 356
376 363
376 352
376 376
376 356
376 376
376 376
376 376
376 356
376 356
376 376
376 374
376 352
376 352
376 372
376 337
376 376
376 356
376 343
376 346
376 352
376 356
376 376
376 347
376 363
376 374
376 363
376 370
376 378
376 376
376 379
376 356
376 376
376 344
376 366
376 356
376 354
376 380
376 352
376 356
376 374
376 355
376 356
376 352
376 346
376 343
376 358
376 340
376 366
376 356
376 358
376 478
378 353
378 376
378 347
379 376
379 358
380 344
380 374
380 378
381 382
381 393
381 408
381 385
381 388
381 407
381 404
381 391
381 381
381 384
381 391
381 402
381 406
381 400
381 387
381 387
381 384
381 394
381 397
381 393
381 407
381 392
381 385
381 392
381 405
381 402
381 394
381 388
381 381
381 393
381 387
381 389
381 389
381 383
381 402
381 395
381 401
381 394
381 392
381 394
381 385
381 394
381 393
381 404
381 394
381 392
381 395
381 390
381 392
381 400
381 404
381 386
381 389
381 382
381 392
381 397
381 397
381 409
381 398
381 395
381 409
381 383
381 386
381 401
381 392
381 397
381 400
382 397
382 404
382 385
382 399
382 396
382 404
382 389
382 399
382 409
382 397
382 397
382 385
382 407
382 392
382 404
382 403
382 406
382 406
382 386
382 387
382 381
382 385
382 401
382 385
382 405
382 409
382 383
382 398
382 381
382 386
382 397
382 384
382 398
382 402
382 398
382 396
382 405
382 386
382 400
382 392
382 397
382 387
382 383
382 387
382 381
382 399
382 381
382 398
382 403
382 398
382 384
382 395
382 383
382 386
382 385
382 387
382 392
382 401
382 389
382 389
382 401
382 396
382 389
382 388
382 405
382 386
382 405
382 402
382 402
382 395
382 388
382 387
382 407
382 400
382 393
382 384
382 386
382 392
382 389
382 389
382 408
382 399
382 386
382 408
382 400
382 401
382 392
383 406
383 394
383 390
383 399
383 390
383 392
383 383
383 386
383 397
383 391
383 392
383 400
383 395
383 395
383 407
383 390
383 388
383 406
383 408
383 401
383 407
383 393
383 382
383 398
383 404
383 384
383 388
383 392
383 398
383 404
383 404
383 405
383 393
383 382
383 406
383 395
383 400
383 387
383 392
383 404
383 398
383 384
383 383
383 397
383 397
383 404
383 407
383 393
383 382
383 408
383 390
383 403
383 406
383 381
383 384
383 405
383 393
383 383
383 396
383 403
383 390
383 390
383 387
383 386
383 404
383 392
383 400
383 381
383 386
383 400
383 396
383 408
383 404
383 392
383 383
383 397
383 405
383 402
383 406
383 406
383 401
383 386
383 394
384 402
384 406
384 399
384 385
384 409
384 404
384 389
384 388
384 400
384 392
384 381
384 381
384 403
384 407
384 403
384 396
384 384
384 397
384 392
384 402
384 389
384 387
384 388
384 393
384 392
384 398
384 396
384 386
384 391
384 382
384 402
384 406
384 386
384 383
384 386
384 388
384 387
384 390
384 408
384 403
384 388
384 391
384 402
384 381
384 386
384 392
384 386
384 401
384 385
384 393
384 405
384 392
384 381
384 408
384 405
384 390
384 384
384 399
384 387
384 398
384 384
384 402
384 386
384 395
384 400
384 388
384 390
384 386
384 393
384 401
384 390
384 408
384 405
384 409
384 384
384 398
384 385
384 390
384 398
384 387
384 392
384 386
384 400
384 386
384 395
384 398
384 392
384 401
384 397
385 392
385 406
385 409
385 388
385 384
385 394
385 400
385 398
385 388
385 388
385 401
385 395
385 389
385 382
385 396
385 407
385 406
385 391
385 388
385 385
385 383
385 392
385 395
385 382
385 388
385 399
385 397
385 385
385 404
385 401
385 405
385 394
385 392
385 392
385 388
385 408
385 406
385 398
385 394
385 387
385 385
385 401
385 384
385 383
385 392
385 386
385 381
385 395
385 393
385 396
385 385
385 389
385 385
385 383
385 394
385 383
385 406
385 383
385 387
385 381
385 405
385 387
385 384
385 395
385 397
385 390
385 400
386 407
386 396
386 388
386 394
386 392
386 409
386 396
386 402
386 392
386 392
386 383
386 397
386 408
386 404
386 398
386 396
386 395
386 396
386 384
386 404
386 390
386 404
386 389
386 383
386 404
386 407
386 386
386 392
386 404
386 394
386 397
386 395
386 386
386 384
386 392
386 388
386 402
386 385
386 405
386 407
386 409
386 407
386 408
386 397
386 386
386 394
386 394
386 398
386 404
386 384
386 402
386 384
386 405
386 393
386 390
386 394
386 390
386 385
386 397
386 382
386 384
386 409
386 400
386 381
386 387
386 384
386 384
387 385
387 394
387 398
387 399
387 389
387 409
387 396
387 382
387 401
387 391
387 390
387 389
387 390
387 392
387 402
387 382
387 385
387 388
387 390
387 388
387 406
387 400
387 383
387 387
387 383
387 397
387 392
387 388
387 407
387 401
387 402
387 382
387 386
387 399
387 406
387 394
387 398
387 404
387 389
387 402
387 387
387 385
387 405
387 397
387 396
387 405
387 386
387 394
387 382
387 409
387 392
387 383
387 389
387 391
387 387
387 405
387 403
387 405
387 384
387 397
387 388
387 385
387 387
387 404
387 382
387 387
387 397
387 397
387 402
387 387
387 404
387 409
387 398
387 384
387 381
387 386
388 385
388 386
388 406
388 390
388 392
388 403
388 385
388 402
388 401
388 381
388 403
388 403
388 390
388 382
388 387
388 393
388 403
388 383
388 388
388 392
388 400
388 385
388 402
388 392
388 395
388 381
388 408
388 389
388 381
388 404
388 383
388 407
388 385
388 382
388 385
388 397
388 406
388 397
388 407
388 394
388 384
388 384
388 381
388 385
388 385
388 386
388 390
388 383
388 398
388 394
388 386
388 381
388 401
388 405
388 396
388 405
388 392
388 397
388 384
388 381
388 385
388 409
388 402
388 401
388 381
388 384
388 399
388 386
388 402
388 386
388 409
388 396
388 396
388 397
388 383
388 390
388 402
388 408
388 400
388 405
388 387
388 397
388 388
388 400
388 408
388 407
388 389
388 388
388 394
388 404
388 391
389 386
389 401
389 381
389 383
389 403
389 401
389 398
389 407
389 394
389 395
389 396
389 383
389 403
389 406
389 403
389 404
389 402
389 403
389 402
389 385
389 406
389 405
389 403
389 409
389 386
389 386
389 408
389 402
389 408
389 383
389 407
389 393
389 399
389 382
389 408
389 392
389 401
389 392
389 390
389 403
389 384
389 382
389 397
389 399
389 405
389 397
389 398
389 396
389 397
389 409
389 404
389 392
389 387
389 390
389 404
389 399
389 393
389 387
389 406
389 393
389 402
389 408
389 388
389 404
389 404
389 386
390 396
390 388
390 387
390 405
390 401
390 398
390 383
390 393
390 400
390 399
390 397
390 398
390 409
390 396
390 381
390 398
390 391
390 397
390 397
390 388
390 384
390 398
390 398
390 396
390 402
390 398
390 392
390 383
390 389
390 392
390 390
390 401
390 395
390 388
390 382
390 397
390 382
390 384
390 406
390 392
390 390
390 393
390 390
390 391
390 407
390 406
390 385
390 388
390 407
390 385
390 397
390 381
390 388
390 402
390 409
390 404
390 406
390 400
390 394
390 406
390 392
390 383
390 409
390 384
390 399
390 387
390 407
390 386
391 397
391 389
391 402
391 406
391 408
391 389
391 393
391 399
391 406
391 393
391 399
391 402
391 392
391 395
391 404
391 409
391 408
391 397
391 388
391 395
391 401
391 394
391 397
391 382
391 408
391 407
391 388
391 387
391 387
391 388
391 390
392 400
392 387
392 398
392 409
392 409
392 384
392 404
392 395
392 400
392 383
392 386
392 397
392 397
392 389
392 405
392 392
392 388
392 397
392 396
392 397
392 402
392 402
392 398
392 385
392 390
392 392
392 397
392 381
392 383
392 401
392 382
392 391
392 387
392 395
392 386
392 409
392 409
392 395
392 406
392 389
392 388
392 401
392 384
392 387
392 388
392 386
392 382
392 385
392 408
392 409
392 397
392 402
392 388
392 407
392 400
392 394
392 384
392 391
392 399
392 402
392 399
392 404
392 404
392 404
392 383
392 383
392 385
392 396
392 394
392 397
392 400
392 391
392 387
392 386
392 397
392 389
392 406
392 395
392 390
392 407
392 403
392 405
392 393
392 407
392 408
392 392
392 399
392 408
392 387
392 397
392 384
392 398
392 385
392 404
392 386
392 399
392 387
392 404
392 408
392 385
392 409
392 387
392 392
392 384
392 385
392 399
392 382
392 401
392 383
392 388
392 408
392 388
392 402
392 402
392 403
392 404
393 388
393 405
393 392
393 396
393 397
393 383
393 408
393 384
393 388
393 396
393 384
393 392
393 392
393 407
393 401
393 406
393 386
393 381
393 390
393 403
393 409
393 385
393 399
393 395
393 402
393 389
393 392
393 403
393 408
393 389
393 384
393 389
393 391
393 393
393 408
393 393
393 386
393 393
393 408
393 392
393 396
393 401
393 395
393 390
393 397
393 403
393 409
393 387
393 399
393 403
393 405
393 404
393 388
393 389
393 402
393 384
393 397
393 402
393 405
393 403
393 390
393 388
393 407
393 394
393 385
393 383
393 381
393 395
393 388
393 409
393 389
393 409
393 389
393 403
393 394
393 390
393 393
393 390
393 408
393 384
393 383
393 388
394 392
394 389
394 397
394 398
394 388
394 383
394 406
394 402
394 390
394 397
394 406
394 393
394 382
394 382
394 409
394 402
394 392
394 407
394 402
394 403
394 395
394 396
394 390
394 403
394 390
394 390
394 387
394 381
394 393
394 381
394 403
394 408
394 408
394 397
394 391
394 401
394 384
394 404
394 384
394 400
394 387
394 404
394 405
394 394
394 389
394 392
394 382
394 385
394 407
394 400
394 403
394 383
394 395
394 394
394 402
394 390
394 408
394 397
394 393
394 400
394 401
394 402
394 401
394 386
394 391
394 402
394 386
394 390
394 389
394 382
394 394
394 395
394 392
394 385
394 408
394 405
394 388
394 407
394 382
394 390
394 384
394 393
394 402
394 403
394 382
394 384
394 398
394 383
394 382
394 389
394 406
394 382
394 403
394 396
394 496
395 397
395 394
395 400
395 385
395 400
395 406
395 406
395 400
395 385
395 387
395 401
395 385
395 406
395 403
395 388
395 387
395 388
395 404
395 393
395 396
395 405
395 382
395 383
395 381
395 395
395 384
395 386
395 391
395 408
395 386
395 406
395 388
395 409
395 409
395 409
395 383
395 407
395 397
395 406
395 390
395 392
395 390
395 394
395 385
395 390
395 389
396 397
396 397
396 392
396 404
396 388
396 405
396 382
396 395
396 385
396 383
396 408
396 387
396 387
396 383
396 401
396 408
396 409
396 385
396 407
396 403
396 392
396 387
396 384
396 398
396 388
396 381
396 382
396 405
396 402
396 388
396 396
397 403
397 397
397 395
397 392
397 382
397 383
397 398
397 399
397 391
397 402
397 394
397 390
397 384
397 401
397 386
397 409
397 400
397 401
397 402
397 381
397 395
397 396
397 396
397 395
397 397
397 392
397 393
397 405
397 407
397 387
397 407
397 388
397 384
397 408
397 409
397 388
397 394
397 406
397 385
397 397
397 388
397 394
397 390
397 394
397 402
397 386
397 409
397 387
397 407
397 400
397 400
397 392
397 387
397 408
397 403
397 386
397 382
397 396
397 387
397 385
397 386
397 382
397 397
397 398
397 402
397 391
397 397
397 390
397 386
397 406
397 386
397 386
397 402
397 397
397 386
397 397
397 407
397 394
397 395
397 409
397 408
397 399
397 382
397 393
397 403
397 404
397 393
397 405
397 407
397 387
397 389
397 386
397 397
397 383
397 383
397 386
397 399
397 408
397 408
397 404
398 393
398 403
398 397
398 401
398 398
398 385
398 393
398 405
398 404
398 404
398 382
398 387
398 381
398 408
398 396
398 388
398 409
398 385
398 394
398 409
398 397
398 387
398 382
398 408
398 404
398 389
398 397
398 396
398 391
398 406
398 403
398 406
398 404
398 386
398 400
398 396
398 388
398 393
398 408
398 409
398 394
398 383
398 384
398 384
398 406
398 401
398 384
398 383
398 406
398 398
398 409
398 392
398 409
398 383
398 402
398 403
398 392
398 390
398 397
398 405
398 382
398 383
398 384
398 389
398 394
398 398
398 384
398 387
398 388
398 397
398 403
399 395
399 401
399 392
399 399
399 393
399 397
399 407
399 399
399 409
399 409
399 408
399 394
399 390
399 403
399 397
399 394
399 389
399 402
399 384
399 384
399 384
399 406
399 399
399 407
399 385
399 384
399 390
399 405
399 393
399 404
399 387
399 401
399 381
399 398
399 402
399 406
399 409
399 381
399 388
399 389
399 394
399 387
399 409
399 392
399 394
399 402
399 406
399 390
399 389
400 395
400 398
400 382
400 382
400 400
400 402
400 393
400 395
400 393
400 393
400 401
400 403
400 387
400 389
400 397
400 396
400 393
400 387
400 398
400 399
400 405
400 394
400 387
400 409
400 387
400 395
400 382
400 401
400 385
400 384
400 409
400 385
400 387
400 402
400 387
400 400
400 403
400 406
400 398
400 404
400 396
400 388
400 392
400 382
400 392
400 386
400 382
400 383
400 397
400 404
400 387
400 393
400 395
400 397
400 409
400 392
400 397
400 390
400 387
400 397
400 386
400 404
400 397
400 394
400 383
400 402
400 404
400 408
400 393
400 388
400 382
400 393
400 405
400 392
400 386
400 391
400 388
400 396
400 387
400 398
400 393
400 390
400 390
400 385
400 407
400 402
400 384
400 389
400 387
400 392
400 401
400 390
401 390
401 403
401 403
401 396
401 409
401 387
401 407
401 388
401 400
401 381
401 404
401 404
401 398
401 401
401 393
401 394
401 400
401 403
401 401
401 396
401 387
401 382
401 385
401 384
401 385
401 406
401 397
401 382
401 393
401 396
401 403
401 394
401 388
401 397
401 407
401 387
401 381
401 392
401 399
401 398
401 388
401 392
401 409
401 384
401 408
401 392
401 392
401 400
401 384
401 408
401 396
401 389
401 392
401 407
401 395
401 387
401 393
401 406
401 385
401 397
401 394
401 388
401 395
402 400
402 394
402 408
402 385
402 393
402 392
402 382
402 387
402 385
402 381
402 393
402 402
402 384
402 390
402 404
402 385
402 394
402 381
402 397
402 400
402 401
402 388
402 407
402 382
402 382
402 387
402 397
402 409
402 400
402 398
402 387
402 388
402 392
402 390
402 392
402 403
402 401
402 384
402 392
402 390
402 401
402 404
402 407
402 406
402 408
402 394
402 384
402 394
402 385
402 406
402 409
402 387
402 405
402 406
402 383
402 396
402 405
402 397
402 389
402 409
402 399
402 394
402 400
402 402
402 392
402 381
402 383
402 395
402 402
402 400
402 392
402 388
402 404
402 395
402 393
402 400
402 401
402 396
402 382
402 395
402 408
402 390
402 393
403 407
403 392
403 392
403 398
403 389
403 407
403 401
403 396
403 388
403 409
403 381
403 396
403 394
403 394
403 385
403 408
403 383
403 400
403 388
403 395
403 400
403 406
403 386
403 397
403 407
403 398
403 384
403 384
403 388
403 408
403 381
403 391
403 407
403 386
403 399
403 395
403 386
403 390
403 402
403 393
403 401
403 398
403 407
403 408
403 398
403 402
403 403
403 387
403 401
403 390
403 387
403 408
403 408
403 409
403 389
403 393
403 393
403 406
403 387
403 404
403 392
403 403
403 401
403 390
403 395
403 394
403 392
403 384
403 388
403 409
403 397
403 387
403 397
403 386
403 382
403 390
403 398
403 404
403 403
403 404
403 383
403 384
403 397
403 404
403 389
403 403
403 391
403 386
403 394
403 382
403 400
403 407
403 390
403 387
403 388
404 391
404 400
404 399
404 390
404 394
404 394
404 383
404 409
404 404
404 398
404 407
404 395
404 402
404 381
404 387
404 388
404 386
404 402
404 395
404 394
404 383
404 381
404 395
404 406
404 382
404 398
404 396
404 387
404 387
404 383
404 386
404 390
404 390
404 394
404 395
404 383
404 386
404 392
404 407
404 388
404 409
404 395
404 407
404 390
404 397
404 391
404 401
404 386
404 393
404 390
405 387
405 398
405 387
405 386
405 395
405 383
405 385
405 383
405 395
405 405
405 387
405 384
405 390
405 389
405 390
405 385
405 409
405 389
405 396
405 383
405 404
405 398
405 383
405 400
405 387
405 390
405 382
405 407
405 381
405 392
405 399
405 409
405 386
405 408
405 390
405 393
405 407
405 403
405 390
405 385
405 409
405 404
405 384
405 403
405 398
405 393
406 386
406 398
406 402
406 382
406 391
406 401
406 384
406 406
406 396
406 386
406 384
406 394
406 392
406 394
406 407
406 406
406 382
406 390
406 407
406 399
406 400
406 387
406 393
406 387
406 407
406 389
406 387
406 401
406 395
406 388
406 389
406 398
406 381
406 409
406 386
406 383
406 403
406 399
406 401
406 394
406 384
406 387
406 385
406 392
406 381
406 385
406 385
406 388
406 401
406 408
406 381
406 384
406 392
406 387
406 386
406 400
406 384
406 388
406 392
406 392
406 392
406 408
406 386
406 388
406 401
406 394
406 403
406 401
406 395
406 386
406 402
406 388
406 394
406 384
406 397
406 400
406 404
406 396
406 405
406 382
407 393
407 406
407 402
407 395
407 384
407 386
407 401
407 384
407 385
407 385
407 401
407 388
407 385
407 390
407 405
407 406
407 406
407 383
407 397
407 394
407 401
407 389
407 406
407 402
407 401
407 395
407 382
407 403
407 403
407 401
407 392
407 392
407 381
407 401
407 386
407 403
407 384
407 386
407 393
407 401
407 402
407 391
407 405
407 387
407 384
407 393
407 406
407 406
407 401
407 384
407 386
407 387
407 383
407 397
407 400
407 388
407 383
407 402
407 466
408 404
408 399
408 402
408 387
408 407
408 388
408 400
408 404
408 395
408 398
408 397
408 384
408 381
408 389
408 393
408 406
408 392
408 401
408 397
408 385
408 404
408 381
408 387
408 388
408 396
408 383
408 390
408 409
408 394
408 388
408 391
408 384
408 385
408 393
408 388
408 404
408 381
408 400
408 401
408 405
408 397
408 408
408 392
408 397
408 398
408 394
408 386
408 406
408 394
408 399
408 409
408 404
408 393
408 393
408 392
408 400
408 395
408 404
408 394
408 409
408 394
408 408
408 393
409 394
409 388
409 388
409 394
409 389
409 387
409 405
409 385
409 388
409 385
409 404
409 399
409 382
409 383
409 398
409 409
409 408
409 386
409 387
409 390
409 391
409 385
409 394
409 393
409 399
409 384
409 406
409 399
409 408
409 400
409 390
409 403
409 382
409 406
409 401
409 394
409 398
409 396
409 395
409 396
409 395
409 387
409 397
409 381
409 402
409 384
409 389
409 393
409 386
409 397
409 387
409 402
409 381
409 393
409 404
409 394
410 428
410 424
410 421
410 419
411 415
411 427
411 424
411 413
412 433
412 430
412 428
412 420
412 427
412 413
412 414
412 420
412 413
412 412
412 434
412 428
412 428
412 427
412 424
412 412
412 423
412 412
412 412
412 427
412 420
412 427
412 428
412 422
412 424
412 428
412 428
412 424
412 423
412 423
412 425
412 430
412 425
412 431
412 424
412 413
412 435
412 427
412 426
412 417
412 431
412 417
412 431
412 431
412 433
412 423
412 427
412 431
412 424
412 415
412 412
412 420
412 431
412 425
412 423
412 427
412 417
413 433
413 427
413 410
413 432
413 420
413 427
413 431
413 412
413 434
413 434
413 412
413 431
413 419
413 432
413 423
413 425
413 419
413 420
413 427
413 427
413 431
413 416
413 419
413 412
413 419
413 429
413 412
413 425
413 417
413 412
413 411
413 437
413 424
413 436
413 414
413 413
414 434
414 413
414 420
414 415
414 434
414 431
414 415
414 434
414 424
414 412
414 419
414 410
414 427
414 420
414 429
414 427
414 433
414 424
414 412
414 434
414 424
414 424
414 423
414 412
414 419
414 420
414 415
414 437
414 424
414 420
415 417
415 417
415 412
415 427
415 415
415 432
415 437
415 433
415 413
415 424
415 433
415 412
415 432
415 413
415 413
415 431
415 417
415 417
415 431
415 428
415 431
415 436
415 412
415 430
415 437
415 427
415 412
415 434
415 410
415 420
415 424
415 427
415 431
415 428
415 423
415 436
415 424
415 420
415 432
416 433
416 413
416 415
416 412
416 415
416 412
416 423
416 424
416 417
417 432
417 427
417 424
417 424
417 424
417 427
417 422
417 437
417 419
417 431
417 414
417 422
417 420
417 433
417 420
417 428
417 420
417 412
417 423
417 417
417 417
417 415
417 420
417 431
417 412
417 417
417 428
417 427
417 433
417 412
417 424
417 424
417 414
417 434
417 436
417 434
417 415
417 417
417 436
417 434
417 433
417 414
417 413
417 423
417 429
417 424
417 427
417 413
417 418
417 428
417 414
418 420
418 417
418 426
418 433
418 425
419 432
419 414
419 427
419 432
419 433
419 414
419 423
419 427
419 431
419 431
419 425
419 417
419 493
420 423
420 431
420 417
420 432
420 433
420 416
420 412
420 426
420 431
420 431
420 423
420 414
420 413
420 420
420 421
420 412
420 430
420 427
420 413
420 431
420 420
420 427
420 424
420 436
420 415
420 420
420 415
420 420
420 412
420 431
420 412
420 433
420 415
420 420
420 424
420 417
420 421
420 427
420 413
420 431
420 437
420 415
420 427
420 420
420 420
420 412
420 413
420 412
420 412
420 434
420 419
420 417
420 421
420 413
420 421
420 421
421 417
422 431
422 423
422 428
422 412
422 428
422 436
422 434
422 436
422 427
422 427
422 414
422 425
422 429
422 414
422 427
422 417
423 434
423 412
423 420
423 420
423 433
423 423
423 427
423 420
423 422
423 432
423 427
423 416
423 421
423 433
423 413
423 431
423 420
423 422
423 420
423 424
423 412
423 431
423 412
423 412
423 424
423 422
423 413
423 417
423 413
423 410
423 435
423 431
423 415
423 420
423 412
423 420
423 433
423 430
423 412
424 432
424 424
424 420
424 427
424 424
424 432
424 434
424 419
424 427
424 414
424 423
424 423
424 431
424 434
424 427
424 431
424 415
424 421
424 436
424 415
424 433
424 422
424 424
424 414
424 425
424 412
424 415
424 423
424 419
424 434
424 415
424 436
424 417
424 414
424 415
424 434
424 423
424 414
424 431
424 414
424 423
424 412
425 427
425 424
425 431
425 420
425 417
425 420
425 417
425 436
425 427
425 423
425 437
425 417
425 412
425 414
425 424
426 428
426 424
426 423
426 413
426 412
426 436
427 432
427 437
427 416
427 432
427 432
427 432
427 413
427 419
427 420
427 427
427 436
427 412
427 436
427 432
427 415
427 432
427 431
427 412
427 434
427 415
427 424
427 415
427 427
427 415
427 431
427 425
427 420
427 419
427 421
427 412
427 417
427 419
427 419
427 423
427 434
427 412
427 434
427 434
427 419
427 430
427 424
427 420
427 431
427 427
427 423
427 420
427 415
427 419
427 412
427 431
427 415
427 431
427 410
427 434
427 424
427 430
427 419
427 434
427 420
427 424
427 432
427 420
427 428
427 431
427 424
427 436
427 427
427 434
427 434
427 435
428 420
428 431
428 433
428 436
428 423
428 431
428 417
428 412
428 424
428 413
428 433
428 423
428 424
428 413
429 430
429 432
429 427
429 426
429 423
429 427
429 427
429 429
430 437
430 431
430 427
430 417
430 412
430 431
430 424
430 413
430 424
430 431
430 412
430 415
430 412
430 427
430 430
431 429
431 423
431 424
431 413
431 415
431 412
431 426
431 427
431 432
431 419
431 437
431 423
431 413
431 417
431 437
431 431
431 427
431 413
431 411
431 414
431 417
431 412
431 422
431 414
431 419
431 420
431 431
431 412
431 431
431 425
431 413
431 428
431 421
431 431
431 433
431 437
431 432
431 414
431 412
431 435
431 417
431 430
431 420
431 412
431 431
431 423
431 430
431 423
431 417
431 431
431 424
431 413
431 437
431 432
431 431
431 419
431 433
431 427
431 431
431 431
431 416
432 412
432 434
432 424
432 435
432 412
432 427
432 434
432 420
432 436
432 431
432 436
432 431
432 414
432 433
432 412
432 415
432 432
432 412
432 417
432 420
432 412
432 435
432 413
432 427
432 412
432 421
432 421
433 413
433 415
433 434
433 415
433 417
433 412
433 417
433 413
433 430
433 420
433 428
433 423
433 436
433 432
433 427
433 417
433 412
433 420
433 413
433 436
433 434
433 415
433 424
433 420
433 425
434 431
434 415
434 424
434 423
434 430
434 431
434 424
434 431
434 424
434 415
434 417
434 424
434 432
434 434
434 432
434 424
434 427
434 431
434 417
434 424
434 414
434 434
434 414
434 427
434 431
434 433
434 420
434 420
434 432
435 414
435 415
435 431
435 429
435 434
436 425
436 431
436 415
436 417
436 420
436 410
436 420
436 422
436 421
436 427
436 427
436 420
436 417
436 437
436 417
436 434
437 427
437 427
437 425
437 420
437 423
437 433
437 415
437 432
438 457
439 455
439 450
439 448
440 448
441 462
441 449
441 455
441 441
441 450
441 448
441 459
442 448
443 453
443 453
444 457
444 459
444 455
445 446
445 450
445 450
445 458
445 455
445 438
446 455
446 450
446 455
446 452
446 455
446 450
446 449
446 455
447 455
447 447
447 455
447 455
448 449
448 450
448 455
448 458
448 455
448 450
448 455
448 448
448 455
448 450
448 455
448 445
449 450
449 448
449 450
449 454
449 450
449 451
449 448
449 441
449 450
449 446
449 445
449 460
449 450
449 441
449 451
449 455
449 450
449 450
450 458
450 450
450 453
450 445
450 455
450 455
450 449
450 441
450 455
450 447
450 441
450 450
450 458
450 458
450 454
450 448
450 450
450 450
450 450
450 450
450 447
450 455
450 458
450 455
450 448
450 450
450 448
450 455
450 455
450 446
450 457
450 445
450 458
450 455
450 450
450 455
450 448
450 441
450 450
450 439
450 449
450 449
450 447
450 455
450 441
450 458
450 448
450 450
450 450
450 455
450 449
450 455
450 445
450 454
450 449
450 447
450 455
450 455
450 445
450 454
450 455
450 449
450 455
450 455
450 455
450 450
450 455
450 459
450 450
450 445
450 459
451 453
451 461
451 450
451 450
452 446
452 455
453 451
453 455
453 443
453 454
453 455
454 455
454 450
454 451
454 449
455 450
455 450
455 444
455 455
455 446
455 444
455 450
455 450
455 450
455 455
455 450
455 455
455 455
455 448
455 453
455 455
455 450
455 450
455 455
455 451
455 439
455 448
455 457
455 450
455 452
455 446
455 455
455 455
455 448
455 458
455 450
455 449
455 453
455 450
455 455
455 462
455 451
455 458
455 455
455 450
455 444
455 457
455 455
455 449
455 458
455 455
455 438
455 450
455 450
455 447
455 455
455 455
455 442
455 455
455 450
455 450
455 455
455 449
455 455
455 450
455 458
455 453
455 455
455 458
455 450
455 459
455 450
455 455
455 450
455 454
455 462
455 458
455 449
455 455
456 455
457 452
457 441
457 453
457 450
458 439
458 450
458 445
458 455
458 450
459 455
459 446
459 455
460 450
460 457
460 455
460 450
461 449
462 450
462 446
462 459
463 466
463 469
463 468
463 469
463 469
463 468
464 471
464 468
464 468
464 471
464 471
464 471
465 471
465 468
465 469
465 463
465 468
465 463
465 467
465 468
465 470
465 468
466 467
466 470
466 471
466 463
466 467
466 471
466 471
466 463
466 470
466 466
466 463
466 468
466 467
466 470
466 471
466 470
466 468
466 470
466 466
466 469
466 471
466 471
466 468
467 471
467 468
467 468
467 467
467 470
467 471
467 471
467 469
467 471
467 468
467 464
467 469
467 466
467 464
467 467
467 466
467 466
467 469
467 466
467 469
467 466
467 466
467 468
467 471
467 467
467 468
467 467
467 467
468 466
468 471
468 471
468 463
468 471
468 468
468 470
468 467
468 467
468 471
468 464
468 471
468 468
468 471
468 468
468 466
468 467
468 468
468 470
468 466
468 469
468 468
468 470
468 467
468 467
468 464
468 471
468 468
468 465
468 467
468 469
468 466
468 470
468 470
468 464
468 467
468 468
468 471
468 470
468 467
468 468
468 468
468 467
468 471
468 467
469 468
469 466
469 464
469 470
469 468
469 470
469 465
469 471
469 467
469 468
469 465
469 471
469 471
469 466
469 468
469 467
469 467
469 467
470 464
470 469
470 464
470 468
470 469
470 471
470 465
470 468
470 470
470 465
470 468
470 467
470 471
470 468
470 471
470 470
470 466
470 465
470 466
471 469
471 465
471 468
471 466
471 465
471 467
471 470
471 468
471 466
471 470
471 471
471 469
471 469
471 465
471 465
471 468
471 469
471 467
471 471
471 468
471 471
471 464
471 465
471 469
471 467
471 466
471 469
471 465
471 471
471 470
472 474
472 478
472 478
472 474
472 473
472 473
472 472
472 473
472 476
472 474
472 474
473 472
473 478
473 478
473 474
473 472
473 475
473 473
473 474
473 476
473 472
473 478
473 478
474 476
474 472
474 478
474 478
474 477
474 476
474 475
474 473
474 473
474 472
474 473
474 486
475 474
475 473
475 474
475 474
475 474
475 475
475 476
476 473
476 475
476 475
478 475
478 478
478 476
478 475
478 473
478 475
478 475
478 474
478 473
478 476
478 474
479 482
479 482
479 482
479 483
479 482
480 480
480 483
481 481
481 479
481 482
482 482
482 482
482 483
482 483
482 483
482 482
482 482
482 482
482 482
482 483
482 479
482 483
482 484
483 479
483 480
486 488
486 487
486 487
486 488
486 486
486 486
486 486
486 486
486 486
486 486
486 488
486 487
486 489
486 487
486 488
486 488
486 489
487 486
487 488
487 486
487 488
487 488
487 486
487 488
487 487
487 489
487 487
487 488
487 488
487 488
487 489
487 487
487 487
487 489
487 486
487 487
487 487
487 488
487 487
487 489
488 489
488 487
488 489
488 486
488 487
488 489
488 486
488 489
488 488
488 488
488 487
488 487
488 488
488 488
489 489
489 487
489 488
489 486
489 488
489 488
489 487
489 486
489 487
489 487
489 487
490 491
490 492
490 492
490 491
490 491
490 492
490 491
490 490
490 492
490 492
491 490
491 491
491 490
491 491
491 492
491 491
491 491
491 491
491 491
492 491
492 492
492 490
492 492
492 491
492 492
492 491
492 492
492 490
492 490
492 492
492 492
492 490
493 493
493 493
493 493
493 493
493 493
493 493
493 493
493 493
493 494
493 494
493 494
493 493
494 494
494 493
494 493
494 493
494 494
495 496
495 496
495 495
495 496
495 495
495 496
495 496
496 496
496 496
496 496
496 496
496 496
496 495
496 496
496 496
496 496