0 212
0 67
0 13
0 157
0 104
0 64
0 21
0 4
0 4
0 179
0 87
0 221
0 4
0 8
0 64
0 133
0 168
0 162
0 64
0 13
0 4
0 144
0 149
0 168
0 375
0 294
0 286
0 369
0 300
0 347
0 347
0 269
0 504
0 540
0 559
0 540
0 577
0 614
0 612
0 709
0 708
0 682
0 695
0 791
0 939
0 976
0 973
0 1040
0 1040
0 1083
0 1073
0 1073
0 1091
0 1091
0 1189
0 1305
0 1288
0 1331
1 215
1 168
1 168
1 140
1 250
4 221
4 205
4 168
4 100
4 4
4 72
4 115
4 187
4 4
4 175
4 0
4 168
4 154
4 0
4 4
4 198
4 179
4 222
4 162
4 49
4 81
4 205
4 71
4 27
4 64
4 7
4 168
4 214
4 67
4 64
4 101
4 4
4 187
4 175
4 4
4 205
4 157
4 221
4 173
4 113
4 12
4 221
4 90
4 221
4 4
4 90
4 21
4 187
4 85
4 232
4 13
4 118
4 217
4 168
4 187
4 212
4 221
4 139
4 4
4 212
4 4
4 73
4 221
4 187
4 185
4 150
4 64
4 168
4 295
4 250
4 342
4 372
4 323
4 340
4 347
4 300
4 317
4 300
4 316
4 375
4 363
4 260
4 292
4 363
4 306
4 269
4 300
4 389
4 538
4 522
4 579
4 633
4 628
4 546
4 642
4 671
4 708
4 707
4 740
4 695
4 708
4 695
4 677
4 747
4 687
4 695
4 837
4 844
4 917
4 939
4 960
4 1005
4 966
4 1025
4 1083
4 1085
4 1097
4 1073
4 1149
4 1191
4 1215
4 1229
4 1241
4 1288
4 1288
4 1287
6 212
6 347
6 497
7 168
7 577
7 1242
8 8
8 8
8 218
8 139
8 329
8 672
9 194
9 221
9 0
9 202
9 176
9 101
9 298
9 275
9 461
9 519
10 696
10 1073
12 168
12 221
12 187
12 162
12 198
12 162
12 4
12 4
12 17
12 4
12 37
12 217
12 7
12 300
12 274
12 465
12 557
12 543
12 543
12 939
12 959
12 1100
13 168
13 221
13 0
13 190
13 176
13 87
13 168
13 4
13 30
13 335
13 342
13 416
13 533
13 695
13 692
13 696
13 931
14 140
15 372
15 404
15 382
16 107
16 4
16 175
16 300
16 695
16 661
17 205
17 189
17 4
17 1287
18 59
18 160
18 187
18 231
18 221
18 430
18 554
18 961
18 1146
19 39
20 140
20 0
20 45
20 189
20 278
21 179
21 157
21 332
21 492
21 695
21 862
22 212
22 1183
24 126
25 53
25 185
25 187
25 50
25 4
25 271
25 340
25 292
26 190
26 75
26 1093
27 6
27 300
27 577
30 1176
31 12
31 179
31 157
31 67
31 117
31 0
31 262
31 922
31 1311
34 128
34 168
34 429
35 79
35 124
35 221
35 4
35 221
35 314
35 472
35 533
35 1011
35 1369
36 168
36 187
36 75
36 300
37 221
37 0
37 4
37 231
37 300
37 945
38 179
38 554
39 354
39 271
39 553
39 696
39 1287
40 92
40 205
40 212
40 198
40 300
40 538
41 175
41 682
43 221
45 4
45 187
45 59
45 606
48 78
48 617
49 212
49 1329
52 212
52 9
52 139
52 90
52 187
52 193
52 168
52 35
52 311
52 362
52 611
52 533
52 754
52 1252
53 213
53 168
53 243
57 168
57 232
57 107
57 168
57 596
57 740
57 1053
58 300
58 554
58 1073
59 151
59 227
59 304
59 1093
61 221
61 283
61 682
61 822
62 185
64 4
64 71
64 84
64 64
64 93
64 4
64 4
64 10
64 221
64 194
64 221
64 12
64 0
64 187
64 4
64 21
64 82
64 168
64 145
64 168
64 212
64 21
64 162
64 221
64 0
64 129
64 119
64 187
64 114
64 221
64 375
64 300
64 313
64 286
64 711
64 679
64 672
64 688
64 939
64 1085
64 1191
64 1245
64 1418
65 75
65 1
65 311
65 962
66 10
66 168
66 146
66 202
66 4
66 287
66 569
66 688
66 862
67 125
67 168
67 179
67 205
67 91
67 168
67 16
67 208
67 205
67 229
67 4
67 228
67 168
67 212
67 276
67 499
67 499
67 708
67 708
67 649
67 903
67 899
67 1000
69 217
71 4
71 119
71 187
71 179
71 306
71 696
71 953
71 1228
71 1337
75 4
75 212
75 168
75 236
75 230
75 132
75 187
75 75
75 271
75 671
75 952
75 1003
75 1096
75 1184
76 53
76 4
76 299
77 157
78 161
78 174
78 92
78 171
78 221
78 67
78 168
78 8
78 21
78 162
78 117
78 457
78 468
78 579
78 602
78 666
78 979
78 1236
79 109
79 50
79 64
81 369
81 540
81 701
81 1196
84 114
84 168
84 300
85 4
85 194
85 104
85 168
85 260
85 1075
85 1213
85 1324
86 4
86 489
86 577
86 1003
87 126
87 173
87 4
87 157
87 64
87 589
87 1104
88 212
88 251
90 160
90 187
90 140
91 4
91 81
91 58
91 4
91 918
91 973
92 347
92 271
92 949
93 67
93 240
95 347
97 168
97 41
99 231
100 168
100 0
100 309
100 595
100 649
101 212
101 168
101 194
101 4
101 116
101 64
101 375
101 908
101 1082
101 1070
101 1085
103 58
104 101
104 168
104 709
104 1302
105 205
107 218
108 140
108 614
109 91
109 32
110 4
110 185
110 682
111 168
112 91
113 141
113 175
113 231
113 126
113 113
113 0
113 231
113 168
113 143
113 38
113 359
113 351
113 617
113 682
113 1137
113 1287
115 119
115 4
115 955
116 221
116 183
117 12
117 198
117 200
117 217
117 64
117 4
117 101
117 969
117 1085
118 168
118 1364
119 205
119 149
119 785
119 966
120 234
121 221
122 959
122 1196
124 228
124 124
124 187
124 146
124 124
124 300
124 617
124 685
124 695
124 685
124 911
124 953
124 1328
126 108
126 939
126 960
127 187
127 4
127 977
128 124
128 670
129 168
129 0
129 973
131 168
135 232
135 375
137 0
137 187
137 189
137 1385
139 4
139 668
139 1073
140 4
140 168
140 0
140 207
140 215
140 20
140 52
140 171
140 236
140 4
140 108
140 336
140 375
140 549
140 833
141 0
141 300
141 329
141 625
144 13
145 151
145 198
145 187
145 4
145 342
145 917
145 1002
146 49
146 243
148 324
148 294
148 682
149 64
149 1003
150 105
150 205
150 212
150 342
151 214
151 633
151 708
153 122
154 137
154 157
156 137
156 160
156 158
156 269
156 292
157 4
157 228
157 218
157 187
157 149
157 7
157 157
157 139
157 64
157 323
157 375
157 485
157 468
157 505
157 554
157 540
157 533
157 658
157 682
157 1075
157 1126
157 1215
157 1207
157 1224
159 637
160 0
160 64
160 221
160 168
160 903
161 0
161 1
161 1
161 22
161 4
161 64
161 0
161 300
161 696
162 4
162 126
162 67
162 220
162 75
162 168
162 168
162 90
162 52
162 4
162 4
162 151
162 4
162 231
162 156
162 243
162 342
162 268
162 348
162 347
162 469
162 472
162 553
162 603
162 720
162 886
162 998
162 1035
162 1100
162 1128
162 1242
162 1287
162 1280
162 1368
162 1398
164 347
164 375
164 933
165 88
166 929
168 4
168 64
168 31
168 162
168 168
168 4
168 187
168 25
168 92
168 221
168 100
168 34
168 133
168 4
168 50
168 37
168 168
168 4
168 8
168 221
168 198
168 175
168 16
168 145
168 175
168 85
168 205
168 234
168 37
168 213
168 200
168 187
168 4
168 145
168 9
168 119
168 21
168 4
168 35
168 4
168 16
168 156
168 187
168 221
168 185
168 65
168 210
168 22
168 160
168 4
168 65
168 4
168 238
168 64
168 108
168 221
168 74
168 185
168 64
168 0
168 221
168 4
168 127
168 214
168 215
168 212
168 85
168 168
168 205
168 168
168 12
168 101
168 218
168 168
168 269
168 347
168 300
168 269
168 300
168 340
168 245
168 295
168 345
168 243
168 300
168 249
168 309
168 287
168 481
168 386
168 485
168 488
168 533
168 633
168 631
168 567
168 617
168 590
168 538
168 724
168 688
168 747
168 660
168 682
168 668
168 747
168 743
168 708
168 820
168 785
168 917
168 898
168 1003
168 959
168 970
168 1035
168 1100
168 1100
168 1085
168 1108
168 1196
168 1159
168 1191
168 1189
168 1162
168 1232
168 1272
168 1351
168 1337
168 1379
168 1425
169 221
169 221
170 217
170 214
170 187
170 57
170 168
170 187
170 354
170 391
170 720
170 685
170 917
170 1104
170 1224
170 1326
172 85
172 4
172 342
173 157
173 67
173 64
173 0
173 231
173 65
173 12
173 168
173 4
173 4
173 300
173 342
173 1050
174 40
174 167
174 372
175 157
175 67
175 61
175 4
175 187
175 40
175 140
175 238
175 234
175 168
175 92
175 225
175 207
175 19
175 282
175 274
175 271
175 502
175 624
175 693
175 903
175 1275
176 221
176 64
176 0
176 589
177 221
177 97
177 0
177 255
177 533
177 662
178 4
179 212
179 231
179 69
179 151
179 176
179 157
179 85
179 4
179 12
179 30
179 0
179 168
179 230
179 75
179 119
179 0
179 87
179 212
179 75
179 168
179 34
179 300
179 347
179 362
179 251
179 243
179 682
179 939
179 885
179 886
179 952
179 987
179 1070
179 1073
179 1196
179 1361
180 221
180 67
180 179
180 157
180 168
180 519
180 961
181 64
184 67
184 168
185 168
185 24
185 0
185 85
185 369
185 682
186 300
187 37
187 4
187 187
187 49
187 157
187 0
187 205
187 231
187 205
187 189
187 187
187 162
187 209
187 75
187 168
187 69
187 155
187 162
187 64
187 187
187 218
187 107
187 162
187 168
187 187
187 71
187 71
187 52
187 168
187 221
187 119
187 176
187 162
187 91
187 221
187 221
187 168
187 4
187 67
187 221
187 326
187 290
187 300
187 306
187 612
187 592
187 584
187 538
187 595
187 665
187 720
187 730
187 720
187 696
187 661
187 805
187 798
187 971
187 1066
187 1100
187 1091
187 1182
187 1196
187 1287
188 1412
189 39
189 67
189 1
190 175
190 194
190 168
190 168
190 331
190 801
193 248
194 17
194 212
194 52
195 168
195 198
197 12
197 217
197 1003
198 205
198 230
198 162
198 218
198 168
198 361
198 300
198 574
198 538
198 671
198 708
198 718
200 221
201 244
201 1160
201 1381
202 231
202 168
202 307
202 404
202 951
203 20
205 76
205 140
205 217
205 234
205 101
205 4
205 168
205 179
205 194
205 4
205 64
205 209
205 369
205 300
205 270
205 320
205 313
205 363
205 444
205 1003
205 1083
206 168
206 62
207 218
207 101
207 1224
209 119
209 454
209 554
209 747
211 162
211 260
211 324
212 221
212 0
212 205
212 221
212 168
212 3
212 64
212 221
212 168
212 173
212 164
212 205
212 212
212 209
212 175
212 70
212 4
212 168
212 141
212 221
212 300
212 311
212 269
212 395
212 492
212 553
212 655
212 886
212 868
212 964
212 973
212 1201
212 1205
215 205
215 202
216 695
217 187
217 130
217 67
217 212
217 221
217 711
217 687
217 969
217 1225
218 168
218 238
218 176
218 300
218 785
218 1083
218 1274
220 829
221 64
221 108
221 198
221 124
221 228
221 168
221 168
221 181
221 49
221 9
221 0
221 181
221 168
221 216
221 13
221 205
221 235
221 221
221 209
221 4
221 13
221 221
221 168
221 175
221 9
221 4
221 91
221 157
221 12
221 205
221 187
221 4
221 162
221 168
221 4
221 4
221 231
221 256
221 300
221 347
221 311
221 323
221 317
221 300
221 239
221 538
221 695
221 687
221 688
221 695
221 791
221 886
221 961
221 1054
221 1073
221 1073
221 1222
221 1404
221 1416
222 1420
223 961
224 64
224 708
225 4
226 187
226 46
227 4
227 1184
228 282
228 269
228 375
228 347
228 617
228 671
230 189
230 231
230 228
230 10
230 221
231 16
231 187
231 104
231 124
231 168
231 119
231 18
231 140
231 148
231 12
231 228
231 1
231 101
231 221
231 162
231 243
231 245
231 702
231 637
231 885
231 965
231 1073
231 1311
232 172
232 191
232 231
232 281
232 1073
232 1181
232 1322
232 1324
233 168
234 221
234 0
234 4
234 119
234 695
235 4
235 4
236 137
236 168
236 64
236 1069
238 220
238 231
238 178
238 372
238 396
238 818
240 290
240 347
240 332
240 301
240 375
240 300
240 243
240 286
240 347
240 342
240 696
240 1224
241 330
242 300
243 313
243 300
243 375
243 347
243 347
243 371
243 347
243 269
243 300
243 285
243 300
243 369
243 269
243 281
243 326
243 300
243 324
243 300
243 354
243 538
243 533
243 720
243 665
243 998
243 1082
243 1073
244 300
244 300
244 285
245 285
245 300
245 971
246 285
246 366
248 300
248 300
248 625
249 243
249 260
249 347
250 300
250 300
250 300
250 253
250 300
250 259
250 354
250 368
250 269
250 311
250 975
250 971
251 342
251 911
251 1181
253 300
253 287
253 300
253 346
253 271
253 271
253 250
253 279
253 309
253 553
253 1073
254 243
254 346
254 375
254 538
255 369
255 300
255 300
256 300
256 347
256 340
256 300
256 988
257 369
259 300
259 340
259 617
259 711
259 1337
260 375
260 332
260 372
260 273
260 557
260 695
260 743
260 973
261 243
261 242
261 720
261 668
262 311
262 347
263 369
263 300
264 347
264 1003
264 1214
265 243
265 1075
266 617
266 969
267 317
267 342
267 300
267 1003
268 278
268 340
268 311
268 1183
269 267
269 282
269 257
269 311
269 255
269 317
269 304
269 240
269 287
269 300
269 317
269 300
269 285
269 372
269 375
269 251
269 357
269 300
269 300
269 243
269 317
269 298
269 371
269 294
269 300
269 271
269 250
269 590
269 612
269 662
269 696
269 738
269 641
269 643
269 977
269 1201
269 1236
270 282
270 347
270 300
270 250
270 280
271 278
271 301
271 240
271 271
271 369
271 354
271 347
271 533
271 695
271 1115
272 347
273 347
273 533
275 375
275 243
277 242
277 269
277 416
278 287
278 335
278 405
278 668
278 1242
280 250
282 375
282 372
282 271
282 261
282 300
282 292
282 283
282 269
282 335
282 375
282 293
282 300
282 245
282 317
282 649
283 372
283 257
283 335
283 719
283 1003
284 347
284 564
284 1104
285 298
285 300
285 300
285 304
285 372
285 318
285 347
285 347
285 295
285 538
286 285
286 342
286 295
286 311
286 1003
286 1176
286 1288
287 243
287 375
287 376
287 347
287 711
287 961
287 952
287 1287
287 1331
288 335
288 306
288 260
289 282
289 961
289 1422
291 347
292 278
292 369
292 285
292 340
292 298
292 300
292 342
292 961
292 1100
292 1358
293 316
293 263
293 340
293 240
294 299
294 538
295 243
295 262
295 375
295 369
295 342
295 300
295 300
295 968
295 961
295 1035
298 342
298 375
298 241
298 354
298 269
298 975
299 347
299 300
299 354
299 243
299 340
299 300
299 342
299 361
299 282
300 300
300 323
300 300
300 301
300 332
300 300
300 281
300 354
300 317
300 347
300 308
300 250
300 367
300 375
300 369
300 301
300 300
300 375
300 342
300 311
300 287
300 346
300 311
300 361
300 243
300 345
300 289
300 311
300 347
300 307
300 278
300 356
300 300
300 268
300 269
300 347
300 347
300 351
300 375
300 331
300 250
300 269
300 369
300 333
300 342
300 347
300 347
300 300
300 270
300 369
300 300
300 300
300 279
300 358
300 270
300 347
300 300
300 269
300 336
300 372
300 306
300 345
300 307
300 329
300 282
300 375
300 340
300 271
300 347
300 311
300 269
300 250
300 240
300 375
300 329
300 260
300 300
300 270
300 279
300 282
300 249
300 292
300 251
300 300
300 248
300 286
300 282
300 332
300 300
300 347
300 335
300 362
300 264
300 375
300 369
300 533
300 708
300 708
300 634
300 655
300 671
300 695
300 886
300 885
300 990
300 961
300 1003
300 956
300 954
300 977
300 1003
300 998
300 971
300 1003
300 1053
300 1083
300 1145
300 1260
300 1287
300 1318
300 1411
301 345
301 251
301 1091
302 345
302 251
303 300
303 287
303 342
304 317
304 347
304 358
305 312
305 239
306 318
306 299
306 355
306 340
306 300
306 314
306 939
306 910
306 1073
306 1369
307 260
307 376
307 300
307 375
307 375
307 269
307 375
307 261
307 243
307 369
307 282
307 418
307 533
307 660
307 959
307 952
307 1100
307 1173
308 251
308 295
308 362
308 318
309 304
309 561
310 251
310 295
311 347
311 260
311 358
311 300
311 340
311 318
311 317
311 300
311 300
311 300
311 311
311 347
311 292
311 347
311 271
311 269
311 347
311 317
311 347
311 311
311 344
311 444
311 720
311 1003
311 978
311 1075
311 1202
312 274
313 300
313 342
313 282
313 903
314 373
314 255
314 369
314 369
314 300
314 369
314 715
314 1287
315 347
316 332
316 300
316 538
316 977
317 308
317 347
317 347
317 369
317 372
317 311
317 373
317 571
317 969
317 992
317 1224
318 282
318 251
318 375
318 246
318 260
318 300
318 568
320 347
320 980
321 300
322 1000
323 773
323 1006
324 268
325 260
325 743
326 304
326 347
326 977
328 344
328 271
328 278
328 905
329 300
329 580
330 326
330 280
331 318
331 617
331 1287
332 357
332 342
332 354
332 367
332 453
332 646
332 715
332 1100
332 1318
333 316
333 259
333 300
333 269
333 347
333 971
335 291
335 289
335 254
335 347
335 276
335 1389
339 885
340 327
340 245
340 375
340 342
340 260
340 342
340 375
340 373
340 275
340 300
340 269
340 239
340 347
340 335
340 347
340 285
340 328
340 300
340 347
340 269
340 304
340 248
340 300
340 363
340 329
340 262
340 369
340 300
340 720
340 1062
340 1328
341 300
341 375
341 671
342 256
342 282
342 347
342 369
342 375
342 347
342 347
342 280
342 307
342 287
342 243
342 361
342 300
342 375
342 342
342 375
342 347
342 289
342 375
342 374
342 300
342 320
342 336
342 269
342 347
342 347
342 300
342 280
342 300
342 286
342 347
342 300
342 375
342 306
342 300
342 366
342 338
342 481
342 695
342 711
342 981
342 1003
342 1008
342 1071
343 311
344 240
345 251
345 369
345 260
345 270
345 347
345 369
346 299
346 269
346 1304
347 318
347 371
347 369
347 281
347 300
347 300
347 300
347 262
347 361
347 260
347 300
347 282
347 300
347 300
347 300
347 332
347 292
347 300
347 347
347 311
347 311
347 292
347 347
347 375
347 269
347 375
347 375
347 347
347 323
347 295
347 314
347 369
347 300
347 355
347 369
347 345
347 269
347 282
347 269
347 239
347 269
347 369
347 300
347 356
347 347
347 376
347 337
347 341
347 269
347 273
347 423
347 595
347 561
347 624
347 617
347 695
347 785
347 1002
347 1005
347 961
347 969
347 977
347 1076
347 1100
347 1100
347 1230
347 1205
347 1290
347 1311
347 1379
348 594
348 709
348 1295
350 553
351 347
351 682
354 243
354 269
354 271
354 251
354 533
354 533
354 903
355 342
356 340
357 843
358 262
358 327
359 340
359 837
361 323
361 249
361 300
361 369
361 317
361 261
361 886
363 269
363 324
363 269
363 287
363 369
363 372
363 347
363 735
364 347
366 362
366 271
366 271
366 434
366 553
367 251
368 971
369 372
369 300
369 302
369 342
369 342
369 300
369 249
369 260
369 300
369 287
369 274
369 268
369 272
369 275
369 347
369 342
369 300
369 253
369 340
369 278
369 269
369 300
369 347
369 309
369 256
369 342
369 356
369 371
369 300
369 369
369 256
369 375
369 381
369 540
369 612
369 708
369 708
369 851
369 857
369 1077
369 1164
369 1274
369 1424
371 264
371 300
371 553
372 375
372 376
372 263
372 347
372 661
372 660
372 709
372 886
372 1413
373 347
373 253
373 300
373 261
373 342
373 1083
373 1305
375 250
375 282
375 311
375 311
375 361
375 363
375 309
375 355
375 239
375 338
375 301
375 269
375 300
375 369
375 243
375 293
375 243
375 300
375 346
375 300
375 342
375 256
375 369
375 311
375 263
375 286
375 363
375 300
375 324
375 368
375 320
375 282
375 282
375 457
375 624
375 695
375 764
375 785
375 784
375 977
375 961
375 1000
375 1003
375 959
375 1183
375 1287
376 340
376 347
376 347
376 340
376 340
378 476
378 457
378 415
378 462
378 405
378 461
378 430
378 422
378 468
378 403
378 405
378 406
378 485
378 410
378 416
378 439
378 454
378 416
379 506
379 418
379 472
379 492
379 416
379 468
379 434
379 397
379 470
379 472
379 457
379 401
379 386
379 513
379 492
379 469
379 497
379 513
379 379
379 504
379 492
379 432
379 444
379 429
379 457
379 492
379 499
379 448
379 422
379 425
379 379
379 425
379 1224
380 456
380 502
380 492
381 450
382 422
382 513
382 444
382 456
382 505
382 483
382 463
382 483
382 440
382 398
382 453
382 429
382 502
382 499
382 479
382 492
382 413
382 510
382 396
382 503
382 695
383 386
383 430
383 465
383 402
383 461
384 392
384 395
384 474
384 444
384 444
384 472
384 425
384 402
384 395
384 416
384 386
384 402
384 390
384 457
384 469
384 396
384 463
384 504
384 386
384 409
384 497
384 386
385 504
385 389
385 449
386 457
386 457
386 402
386 430
386 386
386 459
386 438
386 398
386 389
386 497
386 410
386 465
386 472
386 416
386 425
386 401
386 489
386 416
386 384
386 386
386 463
386 495
386 389
386 406
386 407
386 457
386 399
386 455
386 384
386 387
386 379
386 494
386 421
386 504
386 490
386 462
386 386
386 406
386 499
386 492
386 379
386 417
386 481
386 499
386 480
386 504
386 490
386 460
386 429
386 456
386 389
386 441
386 450
386 424
386 411
386 499
386 387
386 687
386 1287
386 1400
387 490
387 489
387 504
387 416
387 459
387 395
387 479
387 423
387 513
387 391
387 389
387 389
387 416
387 504
387 461
387 468
387 416
387 409
387 468
387 502
387 389
387 479
387 406
387 425
387 405
387 513
387 506
387 389
387 395
387 386
387 504
387 554
388 403
388 492
388 513
388 490
388 457
388 389
388 395
388 405
388 504
388 492
388 421
389 379
389 386
389 490
389 406
389 396
389 466
389 423
389 405
389 504
389 472
389 389
389 502
389 389
389 499
389 485
389 405
389 406
389 429
389 398
389 389
389 416
389 416
389 416
389 455
389 379
389 466
389 461
389 439
389 389
389 389
389 396
389 513
389 380
389 448
389 424
389 405
389 453
389 387
389 469
389 405
389 449
389 456
389 379
389 429
389 509
389 456
389 406
389 463
389 456
389 513
389 486
389 424
389 396
389 467
389 456
389 423
389 425
389 441
389 415
389 424
389 457
389 395
389 485
389 504
389 395
389 425
389 422
389 424
389 492
389 473
389 404
389 418
389 513
389 490
389 461
389 449
389 395
389 447
389 418
389 492
389 504
389 490
389 386
389 499
389 422
389 492
389 405
389 387
389 429
389 505
389 460
389 406
389 425
389 439
389 395
389 505
389 429
389 405
389 382
389 382
389 502
389 405
389 504
389 389
389 387
389 494
389 472
389 504
389 378
389 580
389 606
389 743
389 682
389 1132
389 1275
389 1388
390 492
390 468
390 413
390 499
391 463
391 382
391 431
391 404
391 449
391 456
392 437
392 389
392 472
392 489
392 492
392 456
392 382
393 462
393 489
393 386
393 463
393 483
393 481
393 462
393 424
393 504
394 434
395 483
395 415
395 461
395 439
395 429
395 456
395 389
395 457
395 489
395 395
395 472
395 492
395 492
395 505
395 457
395 404
395 410
395 429
395 468
395 490
395 389
395 499
395 379
395 457
395 424
395 492
395 392
395 504
395 465
395 511
395 492
395 454
395 513
395 424
395 383
395 429
395 470
395 457
395 409
395 457
395 405
395 395
395 480
395 461
395 490
395 444
395 472
395 416
395 413
395 409
395 399
395 420
395 449
395 444
395 439
395 504
395 469
395 425
395 389
395 492
395 497
395 382
395 504
395 490
395 413
395 461
395 378
395 400
395 429
395 396
395 457
395 594
395 533
395 735
395 708
395 976
395 1392
395 1420
396 412
396 389
396 509
396 430
396 492
396 513
396 396
396 468
396 504
396 429
396 474
396 456
396 427
396 490
396 425
396 387
396 389
396 388
396 425
396 409
396 404
396 513
396 405
396 389
396 401
396 396
396 406
396 513
396 390
396 456
396 470
396 474
396 457
396 386
396 389
396 430
396 386
396 504
396 490
396 499
396 409
396 388
396 468
396 461
396 489
396 429
396 453
396 389
396 513
396 504
396 429
396 389
396 463
396 468
396 457
396 387
396 429
396 389
396 430
396 499
396 444
396 483
396 405
396 513
396 561
396 803
396 960
398 395
398 404
398 450
398 425
398 462
398 461
398 396
398 402
398 386
398 438
398 396
398 483
398 416
398 387
398 382
398 449
398 741
399 389
399 389
399 395
399 457
399 448
399 389
399 485
399 490
399 492
399 511
399 1391
400 400
400 395
400 500
400 409
400 382
400 456
401 444
401 472
401 396
401 386
401 444
401 479
401 416
401 504
401 472
401 486
401 472
401 497
401 402
401 422
401 509
401 481
401 404
401 468
401 490
401 467
401 461
402 459
402 389
402 448
402 387
402 398
402 401
402 389
402 499
402 397
402 485
402 462
402 425
402 507
402 401
402 486
402 462
402 448
402 401
402 395
402 404
402 410
402 505
402 388
402 395
402 389
402 461
402 485
402 490
402 429
402 492
402 492
402 457
402 504
402 425
402 453
402 502
402 463
402 461
402 493
402 708
403 396
403 459
403 395
403 401
403 397
404 504
404 457
404 404
404 492
404 463
404 468
404 425
404 485
404 389
404 430
404 494
404 416
404 410
404 379
404 389
404 404
404 405
404 395
404 489
404 502
404 489
404 404
404 457
404 415
404 444
404 430
404 461
404 472
404 513
404 416
404 392
404 395
404 448
404 386
404 443
404 481
404 490
404 406
404 492
404 513
404 506
404 489
404 504
404 453
404 386
404 513
404 504
404 1385
405 449
405 457
405 386
405 422
405 448
405 472
405 416
405 447
405 389
405 459
405 465
405 396
405 389
405 405
405 396
405 504
405 449
405 396
405 490
405 450
405 492
405 389
405 424
405 395
405 463
405 450
405 461
405 473
405 389
405 461
405 424
405 483
405 401
405 479
405 382
405 470
405 422
405 444
405 443
405 402
405 406
405 490
405 492
405 404
405 468
405 425
405 513
405 406
405 470
405 404
405 463
405 402
405 474
405 379
405 492
405 388
405 396
405 406
405 379
405 405
405 479
405 406
405 490
405 499
405 485
405 424
405 485
405 446
405 447
405 401
405 406
405 693
405 1100
406 504
406 396
406 513
406 515
406 389
406 404
406 504
406 432
406 429
406 463
406 384
406 504
406 489
406 389
406 1389
408 504
408 416
408 683
409 389
409 490
409 489
409 425
409 424
409 389
409 506
409 393
409 402
409 405
409 462
409 384
409 425
409 483
409 504
409 399
409 386
409 405
409 401
409 406
409 424
409 384
409 396
409 448
409 509
409 504
409 399
409 502
410 513
410 479
410 429
410 474
410 464
410 468
410 457
410 429
410 410
410 418
410 403
410 424
410 389
410 478
410 481
410 468
410 379
410 416
410 396
410 424
410 387
410 411
410 454
410 389
410 443
410 434
410 423
410 512
410 461
410 425
410 515
410 425
410 1009
411 384
411 434
411 386
411 490
411 504
411 467
411 398
411 510
411 492
411 504
411 401
411 401
412 469
412 409
413 448
413 499
413 486
413 502
413 396
413 447
413 379
413 774
414 492
414 395
415 387
415 405
415 492
415 504
415 444
415 388
415 413
415 450
415 504
415 502
415 553
416 487
416 429
416 396
416 510
416 463
416 402
416 401
416 399
416 389
416 502
416 499
416 468
416 430
416 490
416 439
416 406
416 457
416 444
416 506
416 469
416 463
416 416
416 396
416 494
416 396
416 457
416 479
416 386
416 483
416 469
416 463
416 513
416 409
416 479
416 395
416 386
416 509
416 424
416 424
416 504
416 454
416 409
416 500
416 489
416 417
416 395
416 389
416 515
416 431
416 461
416 430
416 504
416 389
416 425
416 483
416 492
416 395
416 410
416 395
416 402
416 401
416 461
416 404
416 1389
416 1395
417 409
417 454
418 386
418 430
418 502
418 452
418 403
418 504
418 429
418 416
418 456
418 445
418 486
418 422
418 489
419 405
420 443
420 404
420 429
420 404
420 416
420 416
420 462
420 389
421 411
421 425
421 405
421 382
422 513
422 387
422 457
422 429
422 422
422 453
422 389
422 481
422 439
422 487
422 389
422 424
422 424
422 504
422 386
422 438
422 396
422 499
422 462
422 472
422 405
422 424
422 1424
423 502
423 434
423 438
423 505
423 492
423 492
423 472
423 461
423 416
423 424
423 509
423 382
424 421
424 512
424 479
424 444
424 499
424 513
424 418
424 472
424 502
424 386
424 454
424 497
424 395
424 402
424 430
424 423
424 472
424 462
424 494
424 492
424 402
424 461
424 406
424 504
424 513
424 395
424 429
424 424
424 416
424 415
424 456
424 497
424 392
424 490
424 422
424 504
424 490
424 499
424 393
424 582
425 404
425 395
425 474
425 473
425 378
425 415
425 456
425 389
425 395
425 402
425 476
425 393
425 424
425 416
425 490
425 457
425 463
425 468
425 399
425 426
425 396
425 434
425 504
425 389
425 396
425 490
425 504
425 450
425 395
425 499
425 461
425 429
425 463
425 474
425 493
425 504
425 395
425 497
425 429
425 456
425 430
426 513
426 492
426 450
428 405
429 395
429 424
429 421
429 486
429 490
429 395
429 502
429 425
429 396
429 434
429 458
429 503
429 396
429 461
429 395
429 441
429 492
429 379
429 416
429 389
429 432
429 405
429 492
429 486
429 423
429 406
429 448
429 405
429 413
429 389
429 461
429 399
429 472
429 425
429 395
429 472
429 405
429 424
429 383
429 430
429 469
429 396
429 405
429 389
429 389
429 425
429 490
429 405
429 497
429 425
429 453
429 504
429 401
429 499
429 409
429 1342
429 1393
430 416
430 409
430 416
430 489
430 506
430 423
430 453
430 515
430 379
430 444
430 457
430 489
430 389
430 490
430 389
430 504
430 489
430 469
430 421
430 485
430 389
430 401
430 405
430 504
430 444
430 462
430 439
430 490
430 389
430 441
430 490
430 490
430 466
430 483
430 406
430 473
430 504
430 505
430 425
430 486
430 401
430 402
430 444
431 444
431 479
431 404
432 423
432 425
432 396
432 489
432 424
432 708
433 485
433 431
434 429
434 415
434 410
434 492
434 504
434 447
434 475
434 378
434 416
434 492
434 396
434 504
434 504
434 474
434 492
434 410
434 404
434 513
434 425
434 513
434 483
434 486
436 391
437 429
437 462
437 463
437 416
437 1396
438 461
438 460
438 498
438 515
438 461
438 447
438 463
438 504
438 398
438 486
438 410
438 386
438 671
439 421
439 511
439 485
439 404
439 429
439 504
439 448
439 492
439 424
439 434
439 429
439 395
439 469
439 456
439 402
439 463
439 485
439 718
439 1388
440 389
440 489
441 452
441 411
441 492
441 504
441 399
441 405
441 457
441 513
441 425
441 386
441 378
441 760
441 785
442 448
442 614
443 425
443 457
443 396
444 490
444 396
444 423
444 423
444 388
444 404
444 389
444 468
444 416
444 445
444 470
444 506
444 429
444 426
444 457
444 430
444 490
444 492
444 389
444 479
444 447
444 490
444 425
444 502
444 504
444 463
444 479
444 724
444 1217
445 489
445 505
445 497
445 389
445 429
446 425
446 405
447 396
447 449
447 438
447 504
447 446
447 463
447 434
447 395
448 395
448 472
448 513
448 389
448 513
448 450
448 429
448 462
448 499
448 437
448 423
448 490
448 513
448 451
448 461
448 513
449 495
449 504
449 405
449 431
449 405
449 429
449 425
449 430
449 395
449 401
449 405
449 510
449 386
449 382
449 430
449 490
449 492
449 418
449 483
449 510
449 814
450 483
450 470
450 490
450 429
450 424
450 498
450 409
450 461
450 504
450 404
450 486
451 405
451 481
452 513
453 430
453 490
453 492
453 505
453 489
453 409
453 455
453 431
453 511
453 439
454 416
454 444
454 457
454 396
454 430
454 412
454 472
455 499
455 416
456 494
456 410
456 504
456 379
456 418
456 490
456 389
456 494
456 429
456 472
456 405
456 405
456 406
456 504
456 379
456 472
456 416
456 463
456 430
456 388
456 410
456 395
456 489
456 511
456 416
456 492
456 389
456 1083
457 490
457 402
457 463
457 404
457 396
457 378
457 402
457 424
457 505
457 499
457 450
457 486
457 404
457 389
457 465
457 509
457 457
457 434
457 463
457 492
457 479
457 469
457 505
457 457
457 483
457 389
457 425
457 478
457 502
457 405
457 410
457 492
457 471
457 406
457 416
457 424
457 490
457 392
457 425
457 470
457 504
457 457
457 416
457 425
457 389
457 389
457 494
457 438
457 393
457 502
457 463
457 492
457 416
457 461
457 383
457 499
457 424
457 402
457 470
457 444
457 425
457 385
457 469
457 490
457 395
457 416
457 462
457 589
457 790
457 1389
458 506
458 395
459 513
459 490
459 470
459 502
459 389
459 490
459 457
459 463
459 469
459 449
460 456
460 449
460 429
460 468
460 509
461 505
461 486
461 382
461 418
461 479
461 402
461 405
461 395
461 438
461 490
461 379
461 457
461 398
461 379
461 425
461 497
461 468
461 386
461 492
461 459
461 490
461 386
461 490
461 425
461 472
461 490
461 396
461 457
461 490
461 382
461 463
461 499
461 415
461 405
461 490
461 459
461 396
461 490
461 479
461 407
461 444
461 504
461 416
461 462
461 395
461 500
461 504
461 513
461 425
461 411
461 466
461 480
461 382
461 430
461 413
461 447
461 448
461 430
461 695
461 695
461 835
461 1368
462 457
462 389
462 463
462 404
462 504
462 439
462 505
462 457
462 405
462 461
462 492
462 405
462 395
462 424
462 490
462 510
462 389
462 384
462 479
462 389
462 416
462 429
462 500
462 462
462 463
462 457
462 386
462 468
462 610
463 492
463 389
463 429
463 405
463 457
463 416
463 469
463 468
463 405
463 460
463 389
463 386
463 405
463 395
463 468
463 395
463 461
463 396
463 490
463 389
463 389
463 425
463 388
463 398
463 437
463 463
463 456
463 504
463 504
463 422
463 396
463 395
463 509
463 387
463 415
463 499
463 492
463 406
463 457
463 469
463 457
463 395
463 444
463 384
463 460
463 497
463 467
463 492
463 453
463 465
463 406
463 387
463 502
463 513
463 416
463 406
463 450
463 457
463 489
463 413
463 429
463 489
463 462
463 486
463 395
463 481
463 401
463 463
463 434
463 410
463 386
463 403
463 708
463 786
465 389
465 504
465 504
465 458
465 469
465 409
465 418
465 396
465 468
465 490
465 490
465 469
465 513
465 473
465 439
465 461
465 505
465 513
465 472
465 499
465 406
465 447
466 429
466 493
466 389
467 504
467 425
467 468
467 424
467 389
467 438
467 513
467 490
467 475
468 461
468 504
468 398
468 401
468 386
468 470
468 483
468 433
468 457
468 395
468 395
468 386
468 441
468 457
468 504
468 504
468 502
468 404
468 392
468 470
468 389
468 461
468 415
468 387
468 499
468 434
468 505
468 490
468 405
468 504
468 379
468 416
468 504
468 402
468 389
468 492
468 386
468 406
468 424
468 479
468 457
468 1391
469 386
469 505
469 465
469 490
469 392
469 396
469 470
469 395
469 389
469 492
469 395
469 504
469 448
469 429
469 463
469 504
469 396
469 402
469 481
469 497
469 492
469 463
469 389
469 504
469 513
469 467
469 410
469 463
469 456
469 469
469 492
469 492
469 416
469 490
469 490
469 386
469 402
469 453
469 395
469 504
469 389
469 538
470 386
470 472
470 432
470 398
470 497
470 505
470 423
470 425
470 416
470 438
470 401
470 422
470 438
470 467
470 379
470 492
470 492
470 976
471 461
471 396
471 404
472 492
472 490
472 483
472 457
472 395
472 434
472 497
472 388
472 497
472 432
472 472
472 409
472 468
472 421
472 422
472 387
472 395
472 492
472 438
472 469
472 425
472 483
472 489
472 386
472 405
472 389
472 396
472 490
472 395
472 415
472 387
472 504
472 724
473 476
473 409
473 513
473 454
473 468
473 405
473 404
473 430
473 481
473 485
473 557
474 405
474 425
474 395
474 396
474 473
474 438
474 463
474 460
474 404
474 469
474 439
474 939
475 444
475 395
475 461
475 420
475 387
475 483
476 456
476 429
476 413
477 405
477 398
477 456
477 382
477 425
478 504
478 463
478 490
478 475
479 504
479 438
479 386
479 389
479 401
479 395
479 470
479 430
479 463
479 432
479 416
479 389
479 422
479 494
479 472
479 489
479 402
479 505
479 513
479 449
479 429
479 409
479 387
479 497
479 387
479 430
479 648
479 1404
480 490
480 533
481 490
481 513
481 440
481 431
481 441
481 461
481 461
481 457
481 505
481 457
481 406
481 382
481 430
481 406
481 395
481 406
481 500
481 490
481 441
481 440
481 465
481 490
481 424
481 502
481 469
481 463
482 445
483 379
483 469
483 490
483 472
483 492
483 504
483 505
483 395
483 387
483 397
483 411
483 502
483 395
483 389
483 513
483 509
483 395
483 457
483 504
483 497
483 454
483 463
483 444
484 389
484 418
484 389
484 389
484 553
485 422
485 402
485 424
485 405
485 405
485 504
485 468
485 470
485 397
485 430
485 461
485 389
485 457
485 490
485 395
485 396
485 396
485 486
485 409
485 389
485 399
485 405
485 406
485 490
485 410
485 402
485 434
485 402
485 1169
486 387
486 504
486 425
486 395
486 492
486 405
486 479
486 490
486 379
486 458
486 389
486 424
486 401
486 433
486 456
486 490
486 379
486 388
486 465
486 463
486 490
487 405
487 502
487 409
489 486
489 497
489 485
489 513
489 405
489 405
489 441
489 429
489 404
489 448
489 457
489 495
489 457
489 486
489 410
489 389
489 386
489 378
489 461
489 410
489 439
489 462
489 404
489 468
489 395
489 463
489 395
489 490
489 403
489 695
489 1392
490 399
490 485
490 430
490 492
490 504
490 505
490 505
490 492
490 410
490 462
490 444
490 391
490 382
490 490
490 401
490 472
490 389
490 490
490 434
490 461
490 396
490 379
490 504
490 379
490 416
490 449
490 490
490 489
490 384
490 378
490 429
490 444
490 430
490 406
490 423
490 490
490 429
490 456
490 497
490 492
490 444
490 416
490 436
490 504
490 396
490 462
490 486
490 468
490 454
490 492
490 479
490 424
490 457
490 513
490 405
490 448
490 502
490 486
490 415
490 502
490 456
490 472
490 434
490 492
490 429
490 465
490 490
490 505
490 461
490 379
490 438
490 429
490 486
490 401
490 416
490 395
490 461
490 502
490 389
490 393
490 386
490 472
490 389
490 492
490 379
490 423
490 499
490 465
490 481
490 513
490 455
490 425
490 411
490 461
490 470
490 499
490 554
490 534
490 668
490 1032
490 1361
491 405
491 490
491 378
492 504
492 405
492 388
492 379
492 492
492 489
492 411
492 447
492 444
492 396
492 396
492 490
492 390
492 382
492 383
492 444
492 499
492 451
492 467
492 429
492 461
492 382
492 388
492 384
492 504
492 478
492 492
492 485
492 486
492 485
492 405
492 386
492 404
492 500
492 410
492 425
492 456
492 485
492 409
492 389
492 405
492 492
492 439
492 499
492 460
492 465
492 499
492 429
492 439
492 474
492 409
492 389
492 487
492 429
492 492
492 416
492 472
492 448
492 395
492 431
492 492
492 421
492 424
492 495
492 461
492 402
492 392
492 411
492 388
492 405
492 395
492 389
492 502
492 425
492 492
492 469
492 481
492 387
492 379
492 471
492 457
492 402
492 502
492 402
492 504
492 416
492 472
492 395
492 396
492 414
492 513
492 389
492 422
492 384
492 424
492 447
492 411
492 505
492 465
492 457
492 430
492 405
492 402
492 455
492 444
492 416
492 389
492 438
492 492
492 457
492 426
492 504
492 384
492 465
492 386
492 415
492 392
492 481
492 453
492 402
492 410
492 457
492 395
492 483
492 395
492 490
492 459
492 526
492 574
492 622
492 744
492 720
492 1288
492 1348
492 1395
493 424
493 395
493 420
493 489
494 504
494 403
494 495
494 416
494 401
494 481
494 386
494 425
494 413
494 720
495 492
495 429
495 504
495 457
495 395
496 461
497 418
497 444
497 502
497 396
497 416
497 470
497 490
497 428
497 468
497 406
497 492
497 421
497 465
497 396
497 434
497 429
497 1396
498 504
498 480
499 463
499 459
499 406
499 468
499 398
499 456
499 508
499 424
499 415
499 382
499 469
499 497
499 463
499 489
499 429
499 415
499 430
499 401
499 388
499 379
499 505
499 461
499 424
499 475
499 479
499 430
499 1394
500 504
500 416
500 708
501 379
501 457
502 389
502 389
502 425
502 417
502 455
502 402
502 492
502 443
502 429
502 402
502 386
502 475
502 461
502 461
502 416
502 463
502 515
502 429
502 424
502 416
502 472
502 395
502 439
502 505
502 441
502 450
502 505
502 462
502 505
502 395
502 463
502 425
502 405
502 462
502 457
502 485
502 389
502 402
502 444
502 429
502 490
502 430
502 395
502 456
502 513
502 465
502 389
502 472
502 1205
502 1316
503 404
504 472
504 399
504 449
504 504
504 425
504 416
504 379
504 457
504 386
504 463
504 425
504 468
504 424
504 424
504 396
504 507
504 378
504 383
504 479
504 403
504 492
504 410
504 424
504 431
504 479
504 457
504 513
504 457
504 436
504 480
504 492
504 409
504 424
504 486
504 429
504 402
504 505
504 456
504 490
504 513
504 462
504 462
504 490
504 455
504 411
504 461
504 398
504 449
504 479
504 502
504 456
504 414
504 438
504 490
504 401
504 379
504 456
504 457
504 489
504 382
504 490
504 479
504 429
504 462
504 515
504 389
504 402
504 386
504 490
504 416
504 463
504 396
504 439
504 480
504 387
504 386
504 492
504 457
504 416
504 413
504 429
504 468
504 492
504 483
504 416
504 449
504 504
504 425
504 457
504 424
504 410
504 418
504 492
504 481
504 504
504 453
504 468
504 502
504 416
504 509
504 429
504 511
504 499
504 401
504 490
504 553
504 708
504 670
504 672
504 939
504 999
504 1222
504 1214
504 1287
505 382
505 457
505 389
505 379
505 492
505 481
505 465
505 450
505 387
505 416
505 473
505 396
505 402
505 425
505 470
505 430
505 456
505 415
505 492
505 492
505 409
505 378
505 492
505 497
505 515
505 389
505 393
505 505
505 389
505 453
505 382
505 463
505 384
505 469
505 583
505 1395
506 509
506 502
506 492
506 416
506 382
506 416
506 416
506 430
506 502
507 486
507 469
508 505
508 451
509 492
509 404
509 463
509 425
509 383
509 445
509 384
509 502
509 386
509 379
509 395
509 386
509 410
509 389
510 418
510 395
510 481
510 457
510 409
510 382
510 401
511 425
511 457
511 457
511 429
511 457
511 456
511 474
511 499
511 430
511 444
511 416
511 460
511 468
511 410
511 425
511 495
512 504
513 432
513 422
513 430
513 456
513 389
513 486
513 492
513 396
513 490
513 468
513 490
513 504
513 409
513 409
513 379
513 504
513 389
513 481
513 432
513 395
513 416
513 461
513 485
513 396
513 399
513 499
513 406
513 502
513 450
513 457
513 386
513 418
513 424
513 483
513 423
513 387
513 402
513 457
513 457
513 461
513 425
513 468
513 430
513 485
513 389
513 387
513 388
513 469
515 389
515 399
515 430
515 505
515 481
515 457
516 589
516 533
516 675
516 684
519 533
519 589
520 617
520 939
521 633
521 585
521 533
522 538
522 836
522 1085
522 1183
524 608
524 594
524 535
526 522
526 606
526 614
526 557
526 614
528 533
529 533
531 1236
532 976
533 622
533 589
533 538
533 589
533 562
533 523
533 553
533 628
533 580
533 630
533 554
533 550
533 592
533 614
533 575
533 622
533 533
533 558
533 557
533 540
533 612
533 564
533 582
533 533
533 614
533 580
533 632
533 632
533 583
533 624
533 617
533 562
533 521
533 533
533 580
533 548
533 533
533 538
533 594
533 533
533 577
533 533
533 612
533 586
533 533
533 672
533 646
533 811
533 785
533 814
533 893
533 899
533 903
533 922
533 1009
533 971
533 1100
533 1073
533 1104
533 1108
533 1083
533 1126
533 1287
533 1424
534 708
535 582
535 829
536 584
536 553
536 633
536 634
537 618
537 708
537 1100
538 589
538 577
538 557
538 628
538 564
538 605
538 626
538 538
538 624
538 595
538 580
538 617
538 554
538 585
538 582
538 599
538 624
538 533
538 554
538 538
538 576
538 612
538 575
538 554
538 617
538 631
538 535
538 538
538 536
538 554
538 553
538 624
538 589
538 533
538 628
538 658
538 709
538 880
538 903
538 875
538 921
538 959
538 1205
538 1331
539 703
540 553
540 533
540 562
540 533
540 630
540 602
540 695
540 718
540 1050
541 608
541 551
543 611
543 632
543 533
543 696
544 607
544 671
544 695
545 602
545 553
546 590
547 617
548 574
549 582
549 557
549 1063
550 628
551 538
552 671
552 930
553 624
553 549
553 624
553 524
553 579
553 600
553 544
553 533
553 554
553 590
553 612
553 579
553 533
553 554
553 588
553 608
553 575
553 538
553 602
553 595
553 585
553 625
553 580
553 608
553 583
553 557
553 617
553 554
553 576
553 624
553 557
553 533
553 584
553 552
553 671
553 745
553 713
553 695
553 734
553 998
553 1073
553 1083
553 1288
554 538
554 584
554 526
554 554
554 553
554 628
554 554
554 624
554 625
554 533
554 557
554 533
554 580
554 574
554 533
554 538
554 581
554 599
554 670
554 665
554 903
554 918
554 939
554 1083
554 1085
554 1388
557 585
557 613
557 617
557 617
557 602
557 573
557 760
557 1176
557 1287
557 1287
557 1370
559 553
559 607
559 544
559 624
559 617
560 613
560 708
561 589
561 540
561 533
561 636
561 682
561 1288
562 582
562 533
562 617
562 627
562 612
562 553
562 553
562 578
562 682
562 661
562 1085
563 590
563 607
564 590
564 533
564 607
564 671
564 1307
567 553
567 584
569 553
569 553
569 545
569 695
571 553
571 584
571 533
571 538
571 545
571 533
572 538
572 538
573 628
573 553
573 522
573 617
573 702
573 695
573 1073
574 580
574 583
574 624
574 557
574 612
574 1318
575 538
575 939
577 553
577 608
577 538
577 554
577 624
577 628
577 656
577 671
577 677
577 846
577 1243
578 553
578 1287
579 554
580 592
580 575
580 554
580 628
580 695
580 758
580 1178
580 1337
581 533
581 1007
582 624
582 533
582 553
582 708
582 832
582 977
582 1412
583 617
583 624
583 563
583 558
583 624
583 589
584 551
584 583
584 553
584 538
584 553
584 617
584 599
584 533
584 708
584 998
584 1085
585 553
585 533
585 608
585 537
585 709
585 671
586 538
586 599
589 599
589 583
589 582
589 533
589 612
589 617
589 553
589 562
589 624
589 1100
589 1156
589 1224
589 1226
589 1311
590 590
590 617
590 1236
591 584
592 553
593 617
593 682
593 886
594 558
594 628
594 590
594 580
594 562
594 533
594 854
594 969
595 625
595 613
595 1082
596 554
596 633
597 589
599 538
599 677
600 552
601 624
601 1409
602 617
602 538
602 628
602 538
602 1021
603 587
603 614
603 538
603 533
603 745
603 1311
604 519
604 533
604 1361
605 562
606 606
606 623
606 589
606 612
606 728
607 608
607 538
607 553
607 581
607 607
607 554
607 570
607 719
607 1325
608 611
608 577
608 599
608 608
608 533
608 532
608 624
608 533
608 554
608 590
609 688
610 961
611 553
611 649
611 973
611 1124
612 532
612 608
612 541
612 533
612 720
612 939
613 577
613 557
613 590
613 797
613 1247
614 564
614 602
614 553
614 554
615 613
615 595
615 554
615 553
615 533
615 1224
616 554
617 574
617 614
617 553
617 536
617 601
617 588
617 583
617 533
617 608
617 615
617 577
617 594
617 589
617 594
617 562
617 538
617 617
617 608
617 575
617 617
617 590
617 537
617 574
617 559
617 630
617 553
617 563
617 747
617 708
617 708
617 719
617 667
617 708
617 910
617 977
617 1062
617 1029
617 1073
617 1311
618 602
618 557
618 1126
619 633
619 1062
619 1161
621 606
622 553
622 533
622 533
622 553
622 538
622 580
622 580
622 582
622 693
622 708
622 701
622 1070
622 1100
623 553
624 601
624 582
624 580
624 553
624 553
624 628
624 533
624 608
624 533
624 574
624 530
624 575
624 573
624 631
624 572
624 549
624 708
624 939
624 903
624 1003
624 961
624 1083
624 1138
624 1288
624 1324
624 1377
625 538
625 577
625 624
625 516
625 600
627 580
628 587
628 533
628 538
628 617
628 617
628 533
628 575
628 708
628 699
628 645
630 538
630 617
630 583
631 533
632 553
632 656
632 657
632 1203
633 582
633 538
633 586
633 553
633 617
633 612
633 582
633 533
633 720
633 1189
633 1206
635 698
636 695
636 1085
636 1231
637 671
637 711
637 708
637 701
637 778
637 886
637 1072
640 668
641 645
642 682
643 688
643 675
643 1311
644 844
644 1420
645 667
645 720
645 671
645 695
645 671
645 996
646 667
646 746
646 803
648 738
648 641
648 743
648 1079
649 738
649 735
649 656
649 1287
650 695
650 885
650 995
651 715
651 738
651 708
651 684
652 945
655 679
656 695
656 637
657 671
658 1129
661 708
661 755
661 971
662 695
662 662
662 1264
663 671
665 695
665 651
665 652
665 814
666 740
667 724
667 785
667 977
667 1100
668 675
668 745
668 688
668 688
668 743
668 702
668 695
668 695
668 870
668 1288
668 1331
671 688
671 682
671 671
671 748
671 671
671 695
671 658
671 709
671 634
671 695
671 695
671 720
671 708
671 688
671 720
671 708
671 671
671 708
671 708
671 661
671 637
671 672
671 695
671 695
671 707
671 744
671 671
671 743
671 708
671 695
671 696
671 708
671 682
671 786
671 807
671 917
671 961
671 947
671 1100
671 1164
671 1224
671 1287
671 1318
671 1416
671 1424
672 695
672 735
672 696
672 709
672 708
672 708
672 695
672 637
672 820
672 866
672 1002
672 1242
673 645
674 745
674 1085
675 668
675 688
675 692
675 748
675 695
675 720
675 1002
675 1176
677 708
677 661
677 646
677 717
677 1402
678 671
679 745
679 720
679 720
679 745
679 760
679 903
679 1224
679 1318
680 637
681 1288
682 683
682 719
682 726
682 708
682 671
682 687
682 668
682 738
682 695
682 740
682 695
682 708
682 684
682 695
682 708
682 724
682 653
682 646
682 708
682 671
682 695
682 867
682 903
682 1062
682 1083
683 695
684 675
684 695
684 738
684 1025
685 720
685 716
685 708
685 961
685 1041
685 1350
686 672
687 668
687 1069
687 1331
687 1362
688 695
688 646
688 695
688 662
688 695
688 682
688 695
688 708
688 671
688 741
688 740
688 709
688 708
688 903
688 918
688 1085
688 1205
688 1322
691 732
692 702
692 687
692 1328
693 708
694 745
694 708
694 952
695 747
695 656
695 695
695 669
695 708
695 713
695 677
695 708
695 743
695 672
695 715
695 649
695 679
695 701
695 702
695 695
695 702
695 649
695 672
695 645
695 682
695 708
695 743
695 696
695 682
695 720
695 682
695 649
695 695
695 709
695 695
695 671
695 695
695 720
695 708
695 702
695 688
695 661
695 724
695 708
695 677
695 720
695 671
695 701
695 692
695 672
695 692
695 695
695 741
695 903
695 917
695 903
695 878
695 929
695 949
695 1007
695 961
695 1015
695 1075
695 1079
695 1083
695 1082
695 1230
695 1232
695 1236
695 1318
695 1331
695 1395
695 1411
696 685
696 695
696 695
696 665
696 695
696 695
696 954
699 711
699 682
699 708
699 698
699 645
699 671
700 786
700 1421
701 649
701 679
701 702
701 682
701 1079
702 672
702 735
702 671
702 679
702 720
702 722
702 1097
703 738
706 719
707 668
707 671
707 695
707 674
707 695
707 671
708 695
708 645
708 701
708 708
708 693
708 708
708 682
708 688
708 708
708 646
708 643
708 643
708 708
708 695
708 695
708 649
708 685
708 708
708 671
708 672
708 695
708 662
708 687
708 708
708 709
708 707
708 747
708 649
708 695
708 715
708 682
708 708
708 672
708 671
708 695
708 708
708 695
708 695
708 675
708 695
708 702
708 682
708 671
708 708
708 708
708 695
708 695
708 644
708 677
708 814
708 826
708 832
708 789
708 769
708 796
708 903
708 939
708 897
708 945
708 1003
708 1005
708 976
708 995
708 1011
708 1027
708 1085
708 1070
708 1083
708 1135
708 1118
708 1124
708 1192
708 1288
708 1325
708 1377
709 708
709 939
709 1134
711 695
711 708
711 688
711 720
711 682
711 708
711 1287
711 1328
712 695
713 671
713 675
715 695
715 690
715 671
715 745
715 695
715 839
715 1073
716 708
716 695
717 1237
717 1259
718 708
718 695
718 940
719 695
719 668
719 685
719 704
719 709
720 745
720 720
720 711
720 695
720 682
720 695
720 713
720 695
720 668
720 668
720 1161
723 662
724 682
724 708
724 1100
725 918
728 695
728 671
730 665
730 702
733 695
733 785
735 692
735 671
735 961
738 672
738 688
738 720
738 682
738 687
738 976
738 1082
738 1215
738 1258
740 661
740 695
740 885
741 747
741 745
741 708
741 649
741 671
741 759
741 964
742 680
742 842
742 961
743 682
743 695
743 695
743 682
743 738
743 686
743 976
743 1085
743 1422
744 718
744 708
744 695
744 977
744 1100
744 1073
745 687
745 649
745 875
745 1091
745 1100
746 683
747 747
747 671
747 671
747 747
747 695
747 695
747 961
747 1091
748 646
748 719
748 926
749 856
749 785
749 1337
751 809
751 759
751 840
752 837
752 755
753 832
753 854
753 849
753 835
754 794
755 851
755 809
755 840
755 785
756 820
756 829
756 903
757 854
757 760
757 836
757 838
757 794
757 785
758 846
758 784
758 854
758 760
758 790
758 790
758 752
758 754
758 847
758 967
758 1249
759 825
759 797
759 790
760 850
760 770
760 812
760 854
760 839
760 774
760 809
760 786
760 820
760 850
760 825
760 781
760 760
760 806
760 785
760 810
760 797
760 786
760 797
760 803
760 805
760 814
760 797
760 785
760 758
760 751
761 762
763 753
763 786
763 838
763 760
763 807
763 763
766 760
767 760
767 852
768 797
769 807
769 790
769 806
769 781
769 786
769 790
769 1402
770 766
770 852
770 778
771 852
771 829
771 753
771 842
771 778
771 809
773 829
776 758
776 760
776 787
776 826
776 769
776 854
776 764
777 856
778 759
778 820
778 785
778 858
778 832
778 833
778 828
778 827
778 790
778 796
778 770
778 770
778 825
778 792
778 852
778 1008
781 771
784 760
784 763
785 854
785 817
785 832
785 832
785 778
785 758
785 858
785 784
785 785
785 778
785 801
785 850
785 791
785 809
785 801
785 854
785 790
785 759
785 823
785 807
785 807
785 852
785 815
785 789
785 785
785 766
785 809
785 763
785 852
785 809
785 755
785 803
785 785
785 1214
785 1391
786 857
786 785
786 759
787 822
787 760
787 759
787 785
788 858
789 758
789 809
790 820
790 796
790 835
790 757
790 805
790 832
790 835
790 854
790 846
790 814
790 852
790 781
790 797
790 852
790 814
790 835
790 754
790 760
790 1005
790 1311
791 836
791 832
791 785
793 799
793 803
794 767
794 852
795 756
795 785
796 760
796 833
796 758
796 760
796 838
796 1422
797 769
797 820
797 785
797 794
797 785
797 760
797 818
797 843
797 811
797 751
797 827
797 760
797 1287
799 832
799 758
799 785
799 784
799 769
799 832
799 753
799 785
799 1143
800 820
800 820
800 784
800 787
801 760
801 846
801 823
801 778
801 760
801 841
801 827
802 796
802 791
803 832
803 852
803 842
803 791
803 820
803 844
803 822
803 803
803 1257
805 818
805 835
805 1324
806 790
806 826
807 823
807 755
807 778
807 857
807 809
807 822
809 822
809 784
809 760
809 751
809 756
809 751
809 837
809 792
809 832
809 756
810 829
810 832
810 814
810 843
810 763
811 844
811 823
811 778
812 842
812 787
814 851
814 802
814 770
814 790
814 820
814 785
814 809
814 820
814 809
815 852
816 778
818 774
818 756
818 826
818 753
820 774
820 791
820 756
820 844
820 768
820 841
820 851
820 856
820 757
820 921
820 1035
820 1075
821 770
822 785
822 753
822 760
822 851
822 777
822 806
822 798
822 852
822 790
823 842
823 843
823 852
823 756
824 822
825 832
826 825
826 785
826 854
826 805
827 852
827 754
827 759
827 790
828 797
829 797
829 796
829 755
832 857
832 756
832 786
832 809
832 839
832 774
832 805
832 820
832 817
832 785
832 760
832 844
832 1193
833 758
833 832
833 839
833 842
833 774
833 797
833 769
833 820
833 1357
835 755
835 751
835 852
835 760
835 766
835 785
835 785
835 854
836 757
836 790
837 820
837 786
837 797
837 856
837 1003
838 802
838 810
838 776
838 851
839 790
839 785
839 790
839 790
840 797
840 767
840 793
840 880
840 1134
841 810
841 768
842 760
842 785
842 832
842 804
843 760
843 750
843 830
844 829
844 758
844 849
844 751
844 822
844 1411
845 854
845 786
846 760
846 853
846 822
846 832
846 1073
846 1209
849 760
849 858
849 846
850 826
850 836
851 811
851 803
851 799
851 850
851 833
852 776
852 778
852 829
852 844
852 809
852 790
852 802
852 778
852 818
852 785
852 801
852 853
852 756
852 790
852 814
854 809
854 799
854 855
854 814
854 820
854 809
854 760
854 785
854 785
854 798
854 851
855 849
855 785
856 809
856 760
856 852
856 803
856 801
856 802
857 758
857 814
858 810
861 875
861 933
861 866
861 1097
861 1083
862 939
862 939
862 880
862 931
862 903
863 931
863 886
863 886
863 916
865 903
867 1074
868 1062
869 903
870 903
870 942
870 886
871 941
871 908
874 886
875 919
875 903
875 903
875 886
875 903
875 885
875 945
875 1236
876 888
877 939
877 918
877 939
877 903
877 903
877 945
877 939
877 1288
878 884
878 903
879 939
880 903
884 886
885 903
885 903
885 939
885 903
885 918
885 918
885 862
886 903
886 939
886 939
886 899
886 886
886 885
886 936
886 903
886 893
886 939
886 945
886 876
886 903
886 918
886 920
886 939
886 871
886 930
886 932
886 875
886 903
886 939
886 903
886 945
886 861
886 886
886 921
886 939
886 910
886 861
886 908
886 920
886 918
886 886
886 917
886 939
886 903
886 861
886 939
886 945
886 863
886 935
886 886
886 1075
886 1085
886 1331
886 1379
886 1415
888 886
889 886
889 886
889 898
889 1181
891 921
891 939
891 917
893 875
893 865
893 886
893 939
893 886
893 903
894 931
897 872
897 903
898 899
898 903
898 908
898 886
899 875
899 939
899 898
899 921
899 874
899 1007
900 866
903 903
903 885
903 918
903 939
903 944
903 875
903 877
903 867
903 886
903 903
903 939
903 927
903 906
903 877
903 906
903 945
903 861
903 903
903 929
903 903
903 875
903 939
903 903
903 877
903 903
903 871
903 939
903 903
903 939
903 939
903 903
903 865
903 924
903 903
903 939
903 893
903 885
903 885
903 918
903 903
903 945
903 931
903 932
903 939
903 873
903 903
903 885
903 875
903 926
903 1075
903 1129
903 1248
906 1402
908 912
908 885
908 930
908 886
908 886
908 886
908 1289
909 871
910 903
910 865
910 939
910 899
910 893
910 922
911 903
912 875
912 865
914 939
914 921
916 903
916 886
916 973
917 875
917 903
917 939
917 862
918 903
918 1423
919 876
921 886
921 903
921 903
921 903
921 886
921 939
921 921
921 1224
921 1368
922 884
927 875
927 889
929 886
929 886
929 926
930 886
931 903
931 861
931 1100
932 886
932 939
933 877
933 931
935 903
935 886
935 861
935 865
939 886
939 866
939 939
939 939
939 939
939 903
939 903
939 861
939 903
939 921
939 886
939 886
939 877
939 945
939 875
939 903
939 939
939 861
939 939
939 945
939 903
939 909
939 945
939 903
939 921
939 903
939 903
939 886
939 939
939 939
939 871
939 903
939 886
939 897
939 921
939 895
939 939
939 932
939 903
939 886
939 925
939 939
939 903
939 903
939 903
939 928
939 894
939 917
939 886
939 911
939 1009
939 1085
939 1076
939 1337
942 945
942 886
942 945
942 875
942 939
942 903
945 939
945 903
945 862
945 945
945 906
945 942
947 1132
947 1288
949 1003
949 1003
949 1287
950 998
951 969
951 1003
951 1003
952 956
952 989
952 967
952 977
952 954
952 961
952 954
952 990
952 998
952 1005
952 1078
953 959
953 954
953 953
953 1003
953 1003
953 962
953 961
953 959
954 985
954 978
954 1005
954 1003
954 1003
954 961
954 977
955 988
956 1009
959 978
959 1002
959 1003
959 980
959 1062
960 1003
961 1003
961 961
961 973
961 1003
961 961
961 978
961 952
961 971
961 953
961 951
961 949
961 976
961 974
961 952
961 961
961 969
961 1009
961 961
961 971
961 959
961 977
961 1003
961 961
961 949
961 1002
961 1005
961 977
961 953
961 969
961 1003
961 977
961 952
961 998
961 1003
961 977
961 961
961 954
961 971
961 949
961 963
961 995
961 1002
961 1000
961 1003
961 973
961 961
961 961
961 977
961 1003
961 1075
961 1210
961 1230
961 1331
961 1394
961 1404
961 1424
962 994
964 961
964 1003
966 1230
969 959
969 977
969 961
969 1005
969 969
969 975
969 1003
969 953
969 967
970 998
970 998
971 959
971 973
971 973
971 954
971 961
971 1003
971 953
971 952
971 952
971 967
971 971
971 1083
972 995
973 1003
973 1007
973 1003
973 961
973 976
973 1003
973 1000
973 961
973 952
973 1182
973 1181
973 1307
975 969
975 971
975 977
975 952
975 1178
976 955
976 954
976 1003
976 1002
976 979
976 961
976 952
976 959
976 961
976 961
977 971
977 977
977 1009
977 952
977 998
977 952
977 1009
977 961
977 995
977 977
977 961
977 953
977 969
977 998
977 1003
977 992
977 953
977 961
977 959
977 954
977 950
977 977
977 1003
977 959
977 969
977 952
977 976
977 1003
977 952
977 961
977 1073
977 1108
977 1224
977 1341
977 1377
977 1413
978 1003
978 1005
979 976
979 1003
979 998
979 1416
980 953
980 1002
981 961
981 1003
981 1003
981 973
982 969
982 1003
983 981
987 1108
990 1001
990 1077
991 976
995 1003
995 1002
995 1074
996 977
997 961
997 969
997 1002
998 995
998 978
998 995
998 971
998 1003
998 951
998 970
998 1079
998 1224
999 971
999 1100
1000 1003
1000 956
1000 1287
1001 992
1002 1003
1002 1003
1002 1007
1002 979
1002 1007
1002 961
1002 1183
1003 966
1003 961
1003 975
1003 954
1003 959
1003 1003
1003 976
1003 961
1003 1000
1003 954
1003 1002
1003 977
1003 1007
1003 973
1003 969
1003 977
1003 961
1003 977
1003 953
1003 998
1003 956
1003 995
1003 973
1003 988
1003 961
1003 960
1003 1003
1003 953
1003 995
1003 990
1003 978
1003 1002
1003 977
1003 1005
1003 1003
1003 961
1003 960
1003 977
1003 980
1003 959
1003 1009
1003 971
1003 977
1003 961
1003 969
1003 977
1003 954
1003 1003
1003 1074
1003 1073
1003 1104
1003 1128
1003 1305
1003 1288
1004 961
1005 961
1005 1004
1005 960
1005 977
1006 961
1007 1003
1007 952
1007 990
1007 961
1007 1005
1007 1248
1008 977
1009 1003
1009 1366
1010 1062
1010 1079
1011 1062
1011 1010
1011 1013
1011 1057
1013 1035
1013 1082
1014 1032
1014 1035
1014 1062
1014 1025
1014 1021
1014 1062
1015 1035
1015 1035
1016 1032
1019 1062
1020 1035
1021 1013
1021 1035
1021 1057
1021 1385
1023 1050
1025 1035
1025 1035
1025 1025
1025 1062
1025 1062
1027 1045
1029 1062
1029 1034
1029 1030
1029 1062
1029 1024
1029 1021
1029 1051
1030 1049
1030 1055
1030 1057
1032 1057
1032 1030
1032 1035
1032 1063
1032 1033
1032 1035
1032 1039
1032 1062
1032 1026
1032 1035
1032 1062
1032 1063
1032 1305
1034 1057
1034 1029
1034 1035
1035 1025
1035 1038
1035 1062
1035 1033
1035 1025
1035 1064
1035 1062
1035 1057
1035 1066
1035 1032
1035 1062
1035 1062
1035 1062
1035 1045
1035 1056
1035 1062
1035 1037
1035 1062
1035 1058
1035 1062
1035 1062
1035 1029
1035 1050
1035 1046
1035 1098
1035 1176
1035 1224
1037 1014
1037 1062
1037 1038
1038 1051
1038 1034
1038 1037
1039 1035
1039 1057
1039 1025
1039 1030
1041 1062
1041 1032
1043 1062
1044 1030
1045 1014
1047 1057
1047 1039
1048 1062
1051 1057
1051 1062
1051 1010
1051 1029
1051 1062
1054 1011
1055 1062
1055 1066
1057 1016
1057 1036
1057 1035
1057 1060
1057 1030
1057 1255
1058 1035
1059 1062
1059 1035
1060 1024
1061 1033
1062 1035
1062 1051
1062 1062
1062 1057
1062 1034
1062 1062
1062 1030
1062 1035
1062 1032
1062 1015
1062 1015
1062 1062
1062 1026
1062 1035
1062 1062
1062 1056
1062 1062
1062 1025
1062 1052
1062 1021
1062 1062
1062 1010
1062 1025
1062 1057
1062 1045
1062 1029
1062 1057
1062 1057
1062 1035
1062 1035
1062 1062
1063 1063
1063 1062
1063 1032
1064 1025
1064 1025
1064 1045
1064 1136
1065 1062
1065 1015
1066 1062
1066 1029
1070 1097
1070 1073
1070 1083
1070 1083
1072 1100
1072 1091
1073 1100
1073 1083
1073 1077
1073 1093
1073 1093
1073 1100
1073 1073
1073 1073
1073 1104
1073 1091
1073 1083
1073 1104
1073 1075
1073 1097
1073 1073
1073 1104
1073 1098
1073 1100
1073 1076
1073 1226
1073 1288
1073 1410
1074 1100
1075 1081
1075 1079
1075 1070
1075 1070
1075 1083
1075 1173
1076 1332
1077 1224
1078 1083
1079 1091
1079 1085
1079 1094
1079 1081
1079 1085
1079 1093
1079 1172
1081 1079
1081 1072
1081 1100
1081 1100
1081 1075
1082 1104
1082 1085
1082 1079
1082 1071
1082 1083
1082 1085
1082 1073
1082 1073
1082 1085
1082 1100
1082 1100
1082 1076
1082 1164
1082 1287
1082 1420
1083 1096
1083 1082
1083 1085
1083 1083
1083 1091
1083 1097
1083 1071
1083 1073
1083 1079
1083 1075
1083 1094
1083 1093
1083 1091
1083 1091
1083 1083
1083 1091
1083 1083
1083 1101
1083 1222
1083 1236
1083 1288
1083 1311
1083 1311
1084 1082
1085 1090
1085 1111
1085 1081
1085 1092
1085 1073
1085 1082
1085 1073
1085 1073
1085 1083
1085 1079
1085 1100
1085 1103
1085 1073
1085 1085
1085 1070
1085 1085
1085 1100
1085 1097
1085 1093
1085 1085
1085 1091
1085 1076
1085 1083
1085 1070
1085 1075
1085 1413
1086 1085
1086 1073
1087 1082
1091 1100
1091 1098
1091 1100
1091 1073
1091 1100
1091 1104
1091 1083
1092 1082
1093 1091
1093 1108
1093 1100
1093 1075
1093 1108
1093 1133
1094 1085
1095 1085
1097 1085
1097 1083
1097 1082
1097 1082
1100 1073
1100 1073
1100 1108
1100 1079
1100 1085
1100 1093
1100 1082
1100 1104
1100 1073
1100 1085
1100 1081
1100 1085
1100 1085
1100 1100
1100 1077
1100 1073
1100 1091
1100 1076
1100 1075
1100 1346
1103 1083
1103 1083
1103 1083
1104 1100
1104 1083
1104 1100
1104 1091
1104 1100
1104 1361
1105 1072
1107 1083
1108 1075
1108 1104
1108 1103
1108 1079
1108 1082
1109 1083
1110 1083
1110 1073
1114 1124
1114 1139
1114 1126
1114 1124
1114 1123
1114 1124
1114 1115
1114 1134
1115 1124
1115 1115
1115 1125
1115 1123
1115 1120
1116 1149
1116 1411
1117 1156
1117 1116
1117 1143
1117 1128
1117 1124
1117 1140
1117 1141
1117 1133
1117 1138
1117 1149
1117 1124
1117 1422
1118 1125
1118 1121
1118 1134
1118 1124
1119 1138
1119 1126
1119 1124
1119 1139
1119 1134
1119 1139
1119 1134
1119 1124
1119 1137
1119 1126
1120 1151
1120 1146
1120 1134
1120 1129
1120 1132
1120 1132
1120 1129
1120 1121
1120 1149
1120 1115
1120 1138
1120 1128
1120 1151
1121 1115
1121 1121
1121 1120
1121 1139
1121 1119
1121 1318
1122 1184
1123 1123
1123 1114
1123 1139
1123 1156
1123 1134
1123 1139
1123 1146
1123 1135
1123 1139
1124 1137
1124 1135
1124 1132
1124 1123
1124 1149
1124 1137
1124 1129
1124 1129
1124 1114
1124 1118
1124 1129
1124 1134
1124 1134
1124 1129
1124 1230
1125 1129
1125 1134
1125 1136
1125 1146
1125 1134
1125 1121
1126 1149
1126 1118
1126 1115
1126 1136
1126 1149
1126 1145
1126 1150
1126 1155
1126 1129
1126 1123
1126 1124
1128 1129
1128 1129
1128 1143
1128 1133
1128 1134
1128 1136
1128 1134
1128 1151
1128 1119
1128 1404
1129 1135
1129 1124
1129 1124
1129 1149
1129 1129
1129 1125
1129 1126
1129 1139
1129 1143
1129 1120
1130 1120
1130 1132
1131 1123
1131 1117
1132 1134
1132 1124
1133 1148
1133 1114
1133 1123
1133 1143
1133 1149
1133 1134
1133 1123
1133 1119
1133 1148
1133 1123
1133 1133
1133 1131
1133 1134
1133 1120
1134 1136
1134 1149
1134 1131
1134 1133
1134 1124
1134 1124
1134 1115
1134 1156
1134 1120
1134 1140
1134 1133
1134 1134
1134 1119
1134 1129
1134 1132
1134 1128
1134 1124
1134 1136
1134 1134
1134 1118
1134 1138
1134 1133
1134 1124
1134 1149
1134 1139
1134 1124
1134 1156
1134 1139
1134 1123
1134 1149
1135 1122
1135 1115
1135 1143
1135 1149
1135 1129
1136 1151
1136 1128
1136 1133
1136 1136
1136 1133
1136 1134
1136 1129
1136 1149
1136 1151
1136 1133
1136 1144
1136 1154
1136 1114
1136 1123
1136 1305
1136 1368
1137 1124
1137 1147
1137 1120
1137 1129
1137 1134
1138 1123
1138 1126
1138 1120
1138 1128
1138 1156
1138 1133
1138 1148
1138 1155
1138 1128
1138 1133
1138 1134
1138 1133
1138 1115
1138 1114
1138 1138
1138 1128
1138 1276
1139 1151
1139 1124
1139 1149
1139 1149
1139 1134
1139 1118
1139 1117
1139 1134
1139 1114
1139 1135
1139 1133
1140 1115
1140 1133
1140 1120
1140 1119
1140 1132
1141 1139
1143 1143
1143 1124
1143 1118
1143 1149
1143 1124
1143 1139
1143 1137
1143 1146
1143 1120
1143 1136
1143 1143
1143 1156
1143 1155
1143 1147
1144 1143
1144 1123
1145 1118
1145 1147
1145 1157
1146 1135
1147 1133
1147 1133
1147 1117
1147 1117
1147 1116
1147 1143
1147 1150
1148 1135
1148 1116
1148 1123
1148 1134
1148 1154
1149 1120
1149 1133
1149 1139
1149 1149
1149 1136
1149 1156
1149 1132
1149 1138
1149 1126
1149 1147
1149 1151
1149 1124
1149 1116
1149 1156
1149 1134
1149 1124
1149 1143
1149 1124
1149 1134
1149 1139
1149 1149
1149 1120
1149 1120
1150 1150
1150 1118
1150 1133
1150 1120
1151 1120
1151 1123
1151 1129
1151 1129
1152 1121
1154 1121
1154 1114
1154 1129
1154 1124
1155 1149
1155 1126
1156 1114
1156 1149
1156 1134
1156 1133
1156 1118
1156 1134
1156 1119
1156 1134
1156 1139
1157 1149
1158 1147
1159 1159
1159 1176
1160 1159
1161 1202
1163 1176
1163 1186
1164 1368
1167 1164
1167 1159
1168 1164
1168 1176
1168 1275
1171 1171
1173 1173
1173 1200
1173 1159
1173 1176
1173 1191
1174 1181
1175 1181
1176 1164
1176 1196
1176 1193
1176 1181
1176 1176
1176 1174
1176 1183
1176 1168
1176 1201
1176 1181
1176 1181
1176 1176
1176 1173
1176 1173
1176 1171
1176 1186
1176 1224
1178 1181
1178 1178
1179 1339
1180 1181
1181 1176
1181 1179
1181 1193
1181 1176
1181 1165
1181 1187
1181 1176
1181 1183
1181 1162
1181 1192
1181 1163
1181 1159
1181 1188
1181 1176
1181 1417
1182 1184
1182 1176
1182 1187
1183 1191
1183 1328
1184 1163
1184 1191
1187 1181
1187 1193
1187 1174
1189 1176
1189 1196
1189 1187
1191 1160
1192 1183
1194 1168
1196 1196
1196 1176
1196 1196
1196 1191
1196 1176
1196 1173
1196 1173
1196 1196
1196 1176
1196 1176
1196 1178
1196 1181
1196 1196
1196 1178
1196 1193
1196 1196
1196 1176
1196 1181
1196 1196
1196 1287
1202 1187
1202 1202
1202 1181
1203 1205
1203 1224
1203 1224
1204 1236
1204 1228
1205 1244
1205 1236
1205 1222
1205 1218
1205 1205
1205 1224
1205 1224
1205 1297
1206 1209
1207 1214
1207 1237
1207 1217
1207 1224
1209 1217
1209 1234
1209 1217
1209 1245
1210 1228
1210 1224
1210 1217
1213 1205
1213 1338
1214 1228
1214 1229
1214 1224
1214 1226
1215 1236
1217 1205
1217 1204
1218 1226
1219 1214
1220 1242
1221 1224
1222 1238
1222 1224
1222 1361
1224 1236
1224 1224
1224 1236
1224 1215
1224 1222
1224 1217
1224 1222
1224 1217
1224 1224
1224 1220
1224 1204
1224 1224
1224 1245
1224 1227
1224 1205
1224 1395
1224 1420
1226 1377
1228 1213
1229 1214
1230 1242
1230 1222
1230 1224
1230 1233
1232 1236
1232 1222
1234 1205
1236 1205
1236 1203
1236 1224
1236 1224
1236 1219
1236 1230
1236 1222
1236 1241
1236 1217
1236 1228
1236 1224
1236 1222
1236 1218
1236 1205
1236 1205
1236 1210
1236 1205
1236 1205
1236 1236
1236 1229
1236 1207
1236 1236
1236 1220
1236 1230
1236 1205
1236 1247
1236 1322
1236 1412
1236 1419
1237 1242
1242 1236
1242 1207
1245 1227
1248 1275
1248 1275
1248 1246
1248 1248
1248 1250
1248 1276
1248 1275
1248 1276
1248 1248
1249 1274
1249 1268
1249 1253
1249 1249
1249 1274
1249 1248
1249 1264
1250 1255
1250 1274
1250 1272
1250 1248
1250 1248
1251 1275
1251 1274
1251 1248
1251 1248
1251 1275
1251 1259
1251 1274
1251 1287
1252 1264
1252 1248
1252 1264
1252 1361
1255 1275
1257 1276
1258 1258
1259 1248
1260 1275
1261 1253
1264 1255
1264 1252
1264 1265
1264 1275
1265 1247
1266 1277
1267 1274
1268 1250
1268 1328
1271 1276
1271 1266
1273 1264
1274 1271
1274 1274
1274 1248
1274 1255
1274 1249
1275 1264
1275 1248
1275 1248
1275 1268
1275 1248
1275 1258
1275 1257
1275 1261
1276 1248
1276 1250
1279 1248
1280 1337
1284 1288
1287 1294
1287 1302
1287 1289
1287 1301
1287 1305
1287 1287
1287 1287
1287 1287
1287 1288
1287 1289
1287 1288
1287 1287
1287 1288
1287 1287
1287 1294
1287 1288
1287 1289
1287 1302
1288 1288
1288 1287
1288 1288
1288 1289
1288 1288
1288 1297
1288 1302
1288 1287
1288 1287
1288 1288
1288 1288
1288 1297
1288 1293
1288 1287
1288 1287
1288 1294
1288 1288
1288 1288
1288 1288
1288 1290
1288 1297
1288 1331
1288 1403
1289 1303
1289 1370
1290 1287
1290 1295
1290 1288
1290 1288
1293 1287
1293 1288
1293 1295
1293 1288
1294 1287
1294 1288
1294 1288
1294 1287
1296 1287
1297 1289
1297 1287
1297 1302
1297 1288
1297 1288
1299 1389
1301 1287
1303 1301
1305 1280
1305 1287
1305 1287
1305 1301
1305 1293
1305 1290
1306 1288
1307 1318
1307 1332
1307 1317
1307 1328
1307 1324
1308 1376
1309 1311
1309 1318
1309 1318
1311 1324
1311 1325
1311 1325
1311 1321
1311 1329
1311 1331
1311 1331
1311 1325
1311 1318
1311 1331
1315 1328
1317 1329
1318 1312
1318 1331
1318 1326
1318 1331
1318 1321
1318 1328
1318 1322
1318 1318
1318 1316
1318 1311
1321 1318
1321 1331
1324 1311
1324 1318
1325 1318
1325 1326
1325 1307
1325 1318
1325 1311
1326 1331
1326 1321
1326 1313
1328 1318
1328 1316
1328 1331
1328 1328
1328 1325
1329 1322
1329 1318
1329 1407
1330 1309
1330 1307
1330 1419
1331 1311
1331 1311
1331 1318
1331 1331
1331 1325
1331 1311
1331 1324
1331 1309
1331 1312
1331 1331
1331 1326
1331 1370
1333 1351
1334 1344
1334 1337
1334 1351
1334 1334
1334 1350
1334 1395
1335 1333
1336 1338
1337 1338
1337 1338
1337 1337
1337 1337
1337 1347
1337 1348
1337 1338
1337 1337
1337 1338
1338 1349
1338 1334
1338 1349
1338 1337
1339 1338
1341 1338
1341 1337
1341 1337
1341 1339
1341 1345
1341 1337
1341 1338
1341 1348
1342 1333
1343 1353
1345 1342
1345 1338
1345 1351
1348 1338
1348 1337
1348 1351
1350 1338
1350 1337
1350 1335
1351 1353
1351 1337
1351 1338
1351 1351
1353 1350
1353 1338
1353 1338
1353 1337
1356 1370
1356 1364
1357 1360
1357 1358
1357 1361
1357 1361
1357 1361
1357 1400
1359 1379
1360 1370
1361 1370
1361 1370
1361 1364
1361 1361
1361 1368
1361 1370
1361 1368
1361 1368
1361 1357
1361 1367
1361 1361
1361 1366
1361 1368
1361 1363
1361 1371
1361 1368
1361 1365
1361 1357
1361 1366
1361 1374
1361 1372
1361 1361
1361 1370
1362 1368
1364 1369
1364 1357
1365 1368
1366 1364
1366 1358
1366 1372
1367 1362
1367 1368
1367 1358
1368 1361
1368 1370
1368 1361
1368 1360
1368 1366
1368 1364
1368 1361
1368 1369
1368 1368
1368 1366
1368 1368
1368 1368
1368 1358
1370 1357
1370 1368
1370 1370
1370 1366
1370 1372
1370 1361
1370 1368
1370 1368
1370 1362
1370 1368
1370 1361
1370 1360
1370 1364
1372 1368
1373 1368
1373 1360
1377 1379
1377 1385
1377 1379
1377 1379
1379 1385
1379 1379
1379 1379
1379 1379
1379 1385
1379 1385
1379 1385
1379 1378
1385 1385
1385 1377
1385 1385
1385 1379
1385 1385
1385 1377
1385 1379
1387 1387
1388 1392
1388 1396
1388 1391
1389 1392
1392 1388
1392 1392
1393 1398
1394 1395
1394 1392
1395 1388
1395 1394
1395 1395
1395 1394
1395 1391
1395 1400
1395 1395
1395 1395
1396 1394
1396 1400
1396 1398
1397 1392
1398 1398
1398 1391
1398 1391
1398 1388
1398 1399
1398 1396
1398 1395
1398 1389
1398 1392
1398 1395
1400 1399
1401 1402
1401 1409
1401 1404
1402 1410
1402 1410
1402 1410
1402 1404
1402 1410
1402 1402
1402 1402
1402 1404
1402 1402
1402 1402
1404 1404
1404 1410
1404 1408
1404 1405
1404 1402
1405 1402
1410 1410
1410 1405
1410 1410
1410 1410
1410 1410
1410 1402
1410 1407
1410 1410
1411 1413
1411 1412
1412 1412
1412 1412
1413 1411
1413 1412
1413 1413
1414 1414
1414 1415
1414 1414
1415 1415
1415 1414
1416 1417
1416 1416
1417 1417
1417 1417
1418 1419
1418 1418
1418 1419
1418 1418
1418 1418
1418 1419
1418 1418
1418 1418
1419 1419
1419 1419
1419 1418
1419 1419
1419 1418
1419 1419
1419 1419
1419 1418
1420 1420
1420 1420
1420 1420
1421 1421
1421 1421
1421 1421
1421 1421
1421 1421
1421 1421
1421 1421
1421 1421
1421 1421
1422 1422
1422 1422
1422 1422
1423 1423
1423 1423
1424 1424
1425 1425