2 56
3 55
5 38
5 56
5 633
7 46
7 498
8 55
8 8
8 55
9 38
9 55
11 55
11 56
11 284
13 55
13 55
14 8
15 35
16 55
16 60
17 55
17 55
18 55
23 56
26 38
26 447
26 682
27 13
27 36
29 56
29 56
29 562
30 55
32 55
32 60
32 294
32 672
33 56
33 35
33 56
33 56
38 56
38 33
38 57
38 56
38 55
38 55
38 55
38 26
38 38
38 55
38 55
38 56
38 33
38 55
38 55
38 79
38 322
38 322
38 420
38 702
38 705
39 9
43 172
50 55
51 55
51 109
52 66
52 713
55 55
55 55
55 66
55 55
55 55
55 25
55 32
55 13
55 56
55 33
55 23
55 56
55 27
55 55
55 55
55 56
55 55
55 55
55 38
55 38
55 55
55 27
55 56
55 7
55 55
55 68
55 55
55 30
55 56
55 56
55 16
55 56
55 68
55 55
55 56
55 55
55 66
55 29
55 55
55 56
55 26
55 56
55 42
55 96
55 134
55 179
55 141
55 165
55 222
55 328
55 476
55 475
55 539
55 599
55 598
55 601
55 640
56 55
56 55
56 50
56 56
56 56
56 55
56 55
56 56
56 55
56 55
56 62
56 55
56 38
56 55
56 27
56 56
56 38
56 56
56 33
56 55
56 38
56 38
56 26
56 43
56 55
56 56
56 56
56 38
56 13
56 8
56 64
56 55
56 62
56 8
56 55
56 55
56 56
56 19
56 56
56 46
56 55
56 56
56 56
56 56
56 134
56 156
56 348
56 361
56 368
56 428
56 516
56 656
57 379
58 56
62 32
64 8
64 56
65 68
65 56
68 55
68 57
68 56
68 62
68 127
70 87
70 125
70 107
70 107
70 76
71 76
71 396
73 107
74 118
74 125
74 279
76 92
76 241
77 234
78 107
78 71
78 134
78 137
79 134
79 107
79 89
79 220
79 276
80 107
80 103
80 98
80 131
80 603
82 84
82 105
82 88
82 92
82 116
82 710
83 128
83 134
83 107
83 369
83 477
84 254
88 82
88 121
88 134
88 109
88 134
88 105
88 107
88 109
88 79
88 107
88 70
88 110
88 165
88 214
88 334
88 525
88 644
89 107
89 134
89 89
89 107
89 343
89 656
91 73
91 100
91 284
91 343
92 137
92 125
92 105
92 107
92 134
92 88
92 281
94 113
95 121
96 103
96 78
96 366
97 137
97 134
97 92
98 92
98 107
98 79
100 100
100 107
100 207
100 288
100 721
101 134
101 99
102 384
102 425
103 107
103 92
103 134
103 118
103 73
103 93
103 129
103 110
103 80
103 134
103 130
103 107
103 134
103 103
103 103
103 107
103 124
103 103
103 134
103 107
103 156
103 220
103 215
103 463
103 581
105 134
105 134
105 106
105 103
105 95
105 121
105 132
105 215
106 220
107 80
107 121
107 70
107 107
107 88
107 103
107 134
107 108
107 134
107 110
107 105
107 107
107 70
107 88
107 134
107 82
107 134
107 107
107 88
107 134
107 134
107 134
107 88
107 103
107 88
107 131
107 107
107 108
107 107
107 134
107 103
107 134
107 224
107 212
107 220
107 230
107 220
107 222
107 242
107 355
107 570
107 576
107 589
107 633
107 666
107 722
108 134
108 137
109 132
109 93
109 103
109 92
109 103
109 341
110 88
110 127
110 127
112 107
113 89
113 103
114 134
114 86
114 88
114 114
114 97
114 103
114 98
114 89
114 134
114 127
114 107
114 464
114 465
114 466
114 587
114 633
114 644
114 681
114 700
115 121
115 121
115 92
115 134
115 89
115 220
115 629
118 107
118 127
118 107
118 107
118 80
118 134
119 134
121 107
121 103
121 88
121 134
121 134
121 88
123 84
124 294
125 127
125 70
126 103
126 107
127 134
127 80
127 76
127 107
127 88
127 220
127 288
127 416
127 538
128 134
128 89
128 425
129 107
129 102
129 345
129 355
130 477
131 134
131 598
133 107
133 114
133 114
133 225
134 107
134 134
134 79
134 115
134 82
134 134
134 103
134 114
134 137
134 134
134 103
134 84
134 118
134 134
134 107
134 107
134 82
134 98
134 134
134 107
134 115
134 134
134 88
134 134
134 88
134 134
134 133
134 89
134 133
134 134
134 96
134 100
134 107
134 87
134 71
134 127
134 126
134 120
134 134
134 103
134 222
134 215
134 222
134 215
134 286
134 282
134 268
134 270
134 484
134 598
134 627
134 642
134 695
136 720
137 98
137 133
137 107
139 197
139 172
140 185
140 182
140 179
141 174
141 167
141 151
141 165
141 156
141 179
141 191
141 182
141 204
141 182
141 179
141 151
141 141
141 200
141 182
141 143
141 179
141 172
141 182
141 141
141 182
141 182
141 190
141 169
141 179
141 204
141 141
141 179
141 152
141 190
141 156
141 172
141 172
141 173
141 156
141 172
141 156
141 186
141 165
141 156
141 154
141 141
141 185
141 167
141 159
141 159
141 163
141 168
141 145
141 288
143 158
145 204
147 185
148 181
149 567
151 167
151 154
151 172
151 141
151 141
151 157
152 179
152 178
152 182
152 179
153 179
154 172
154 179
156 173
156 156
156 179
156 197
156 179
156 185
156 172
156 172
156 146
156 172
156 194
156 182
156 179
156 172
156 182
156 189
157 179
157 156
159 141
159 204
159 147
159 156
161 172
163 179
165 141
165 172
165 172
165 191
165 145
165 204
165 172
165 151
165 197
165 172
165 179
165 141
165 141
165 179
165 168
165 185
165 179
165 185
165 642
165 662
166 182
167 197
167 178
167 204
167 141
167 172
167 145
168 172
168 191
168 156
169 165
169 182
169 178
169 141
169 172
169 141
169 175
169 157
169 182
169 179
169 185
169 178
169 178
169 511
169 718
171 165
172 182
172 141
172 182
172 186
172 179
172 176
172 185
172 197
172 172
172 198
172 182
172 182
172 183
172 179
172 198
172 172
172 190
172 179
172 141
172 178
172 184
172 141
172 179
172 173
172 141
172 179
172 204
172 165
172 141
172 182
172 165
172 201
172 156
172 151
172 174
172 141
172 179
172 141
172 181
172 153
172 156
172 192
172 299
172 461
173 141
173 172
173 186
173 184
173 154
173 202
173 668
174 169
174 165
174 382
175 156
177 141
177 182
178 197
178 171
178 141
178 156
178 179
178 149
178 178
178 165
178 598
179 167
179 156
179 179
179 179
179 157
179 172
179 156
179 185
179 182
179 141
179 165
179 186
179 156
179 141
179 156
179 182
179 147
179 165
179 182
179 141
179 182
179 173
179 182
179 171
179 179
179 165
179 165
179 172
179 152
179 179
179 156
179 179
179 191
179 173
179 149
179 182
179 174
179 200
179 169
179 189
179 165
179 141
179 179
179 141
179 165
181 152
181 201
181 172
181 182
181 191
182 165
182 191
182 162
182 172
182 182
182 165
182 151
182 182
182 172
182 174
182 197
182 145
182 168
182 182
182 159
182 179
182 153
182 172
182 179
182 191
182 141
182 172
182 182
182 156
182 185
182 141
182 191
182 182
182 197
182 171
182 193
182 173
182 185
182 172
182 192
182 165
182 172
182 141
182 141
182 220
182 433
182 539
182 589
182 613
182 681
183 191
183 156
183 185
183 182
185 190
185 181
185 158
185 141
185 179
185 182
185 165
185 141
185 141
185 172
185 362
185 386
185 693
186 141
186 182
186 172
186 182
189 192
189 191
189 156
189 181
190 172
190 165
191 172
191 182
191 191
191 154
191 179
191 183
191 165
192 179
193 149
194 156
194 172
194 165
195 185
195 167
195 399
197 173
197 188
197 179
197 141
197 179
198 197
198 191
198 145
198 175
199 183
199 169
199 183
199 174
200 156
200 141
200 165
200 193
201 141
201 158
202 197
202 179
202 198
204 141
204 158
204 165
204 185
204 167
204 168
204 173
204 178
204 178
206 220
206 232
206 222
206 212
207 252
207 222
207 294
208 219
209 241
209 215
209 368
210 222
210 207
210 222
211 220
211 255
211 249
211 220
211 215
211 215
211 220
211 245
212 215
212 241
212 215
212 226
212 225
212 220
212 256
212 214
212 217
212 215
212 215
212 231
213 215
214 219
214 211
214 215
214 252
214 215
214 226
214 708
215 215
215 220
215 243
215 226
215 220
215 217
215 215
215 252
215 220
215 206
215 249
215 215
215 252
215 205
215 215
215 252
215 237
215 232
215 214
215 220
215 220
215 220
215 215
215 215
215 239
215 215
215 220
215 244
215 238
215 222
215 228
215 215
215 215
215 222
215 249
215 249
215 224
215 214
215 220
215 215
215 238
215 214
215 215
215 215
215 215
215 205
215 220
215 242
215 242
215 245
215 256
215 215
215 220
215 230
215 215
215 220
215 215
215 215
215 220
215 222
215 231
215 220
215 221
215 215
215 247
215 231
215 215
215 257
215 222
215 221
215 246
215 232
215 229
215 206
215 234
215 220
215 230
215 215
215 220
215 215
215 220
215 215
215 220
215 239
215 233
215 215
215 215
215 220
215 211
215 234
215 252
215 215
215 242
215 232
215 215
215 215
215 247
215 220
215 215
215 222
215 215
215 220
215 247
215 225
215 249
215 247
215 247
215 249
215 217
215 231
215 205
215 215
215 266
215 276
215 291
215 277
215 284
215 298
215 348
215 575
215 628
215 628
215 646
215 638
216 214
216 222
217 222
217 215
217 215
217 215
217 215
217 255
217 249
217 668
219 215
219 219
219 211
219 215
219 220
219 215
219 267
220 220
220 239
220 219
220 222
220 222
220 215
220 220
220 256
220 215
220 243
220 215
220 222
220 235
220 214
220 228
220 215
220 220
220 240
220 222
220 215
220 209
220 220
220 215
220 218
220 244
220 220
220 215
220 257
220 215
220 215
220 255
220 215
220 219
220 220
220 236
220 215
220 220
220 257
220 249
220 222
220 215
220 256
220 251
220 229
220 225
220 231
220 247
220 220
220 220
220 249
220 252
220 215
220 215
220 215
220 215
220 215
220 219
220 247
220 220
220 225
220 256
220 220
220 244
220 249
220 222
220 235
220 238
220 227
220 220
220 215
220 250
220 220
220 215
220 215
220 215
220 215
220 247
220 237
220 215
220 222
220 215
220 257
220 215
220 232
220 215
220 220
220 220
220 257
220 256
220 206
220 220
220 214
220 220
220 219
220 215
220 215
220 215
220 215
220 225
220 220
220 231
220 219
220 249
220 211
220 220
220 217
220 247
220 282
220 274
220 302
220 348
220 361
220 351
220 442
220 457
220 656
220 684
220 698
222 252
222 215
222 243
222 220
222 215
222 215
222 220
222 219
222 220
222 215
222 220
222 215
222 241
222 220
222 242
222 291
222 282
222 633
224 215
224 242
224 215
225 220
225 253
225 235
225 215
225 225
225 220
225 215
226 215
226 220
226 215
226 220
226 220
226 215
227 211
228 252
228 247
229 215
229 215
231 215
231 211
231 215
231 252
231 205
231 220
231 215
231 219
231 218
231 214
231 516
232 215
232 215
232 224
233 457
235 229
235 256
235 215
236 215
236 220
236 220
236 215
236 535
237 243
237 220
237 220
237 256
237 250
237 231
237 420
238 236
238 215
239 230
239 215
239 232
239 247
239 258
241 215
241 215
241 222
241 217
241 236
241 220
241 690
242 215
242 215
242 222
242 255
242 220
242 288
243 215
243 234
243 229
243 276
245 215
245 215
245 212
245 215
245 215
247 215
247 215
247 220
247 215
247 220
247 256
247 215
247 238
247 220
247 215
247 527
248 248
248 220
249 215
249 220
249 211
249 209
249 217
249 215
249 215
250 241
250 242
250 225
250 215
250 215
250 224
250 221
250 237
250 215
250 215
250 215
250 595
251 215
251 235
251 220
251 247
251 215
252 247
252 257
252 215
252 220
252 215
252 220
252 220
253 255
253 220
254 220
254 711
255 257
255 220
255 217
256 257
256 245
256 247
256 613
257 633
259 280
259 278
259 286
259 278
259 259
259 266
259 297
259 294
259 280
259 280
259 348
259 711
259 718
260 282
260 270
260 294
260 288
260 277
261 264
261 289
261 281
261 281
261 282
261 280
261 280
261 292
261 259
261 271
261 272
261 262
261 276
261 262
261 275
261 278
261 268
261 337
261 362
261 337
261 335
261 676
262 281
262 281
262 267
262 288
262 294
262 275
262 280
262 291
262 260
263 286
263 268
264 288
264 284
264 294
265 261
265 278
265 275
265 277
265 291
265 293
265 286
265 300
265 286
265 291
265 295
265 294
265 272
265 294
265 268
265 293
265 271
265 288
265 280
265 284
265 291
265 568
266 265
266 268
266 289
266 294
266 280
266 515
267 270
267 261
267 291
267 280
267 281
267 280
267 268
267 291
267 272
267 279
267 298
267 288
267 280
267 300
267 281
267 284
267 275
267 278
267 286
267 278
267 356
268 268
268 272
268 281
268 294
268 271
268 265
268 292
268 268
268 267
268 281
268 276
268 294
268 292
268 259
268 277
268 265
268 274
268 267
268 268
268 268
268 286
268 269
268 298
268 264
268 285
268 291
268 261
268 268
268 272
268 280
268 262
268 280
268 286
268 268
268 280
268 264
268 280
268 282
268 288
268 280
268 288
268 291
268 278
268 277
268 294
268 285
268 280
268 277
268 293
268 345
268 399
268 412
268 656
268 721
269 292
269 280
269 289
269 291
269 292
269 288
269 268
269 276
269 291
269 262
269 299
269 271
269 356
269 372
270 288
270 268
270 298
270 278
270 259
270 270
270 260
270 286
270 291
270 260
270 294
270 284
270 260
270 259
270 265
270 285
270 268
270 281
270 268
270 267
270 278
270 280
270 260
270 280
270 267
270 299
270 278
270 408
270 541
271 294
271 288
271 294
271 288
271 294
271 265
271 264
271 293
271 313
271 345
272 267
272 259
272 290
272 281
272 286
272 280
272 288
272 284
272 278
272 292
272 261
273 261
273 291
274 270
275 291
275 291
275 270
275 266
275 297
275 292
275 281
275 265
275 288
275 294
275 295
275 261
275 348
276 265
276 294
276 276
276 299
276 291
276 278
276 281
277 284
277 261
277 284
277 277
277 280
277 280
277 294
277 275
277 286
278 295
278 294
278 286
278 270
278 268
278 272
278 299
278 294
278 288
278 261
278 291
278 282
278 294
278 278
278 261
278 291
278 284
278 268
278 286
278 268
278 275
278 286
278 280
278 273
278 268
278 294
278 278
278 299
278 279
278 268
278 291
278 356
278 412
279 280
279 294
279 261
279 276
279 303
280 288
280 265
280 286
280 280
280 282
280 268
280 268
280 268
280 273
280 264
280 268
280 284
280 280
280 284
280 286
280 280
280 280
280 281
280 272
280 282
280 292
280 272
280 288
280 281
280 291
280 269
280 300
280 280
280 286
280 291
280 281
280 281
280 294
280 294
280 299
280 275
280 268
280 294
280 268
280 280
280 294
280 270
280 261
280 291
280 272
280 288
280 268
280 281
280 294
280 268
280 288
280 281
280 298
280 262
280 277
280 294
280 300
280 261
280 268
280 300
280 265
280 286
280 294
280 278
280 282
280 280
280 288
280 291
280 291
280 291
280 294
280 294
280 286
280 288
280 358
280 412
280 462
280 620
280 640
281 286
281 283
281 286
281 292
281 291
281 282
281 280
281 264
281 288
281 281
281 286
281 264
281 268
281 268
281 280
281 281
281 268
281 294
281 291
281 280
281 287
281 265
281 261
281 268
281 261
281 266
281 327
282 267
282 291
282 270
282 291
282 269
282 286
282 261
282 294
282 270
282 294
282 258
282 294
282 284
282 265
282 268
282 270
282 275
282 294
282 261
282 273
283 288
283 288
283 273
284 291
284 277
284 267
284 292
284 277
284 294
284 259
284 288
284 288
284 299
284 279
284 285
284 261
284 282
284 292
284 286
284 284
284 280
284 260
284 264
284 284
284 283
284 291
284 294
284 261
284 268
284 269
284 274
284 355
284 401
285 261
285 296
285 265
285 288
285 268
286 281
286 291
286 280
286 288
286 295
286 299
286 296
286 294
286 272
286 291
286 291
286 291
286 294
286 261
286 285
286 278
286 280
286 266
286 268
286 267
286 291
286 284
286 278
286 270
286 294
286 261
286 268
286 280
286 291
286 268
286 349
286 487
288 294
288 264
288 291
288 265
288 270
288 285
288 268
288 282
288 280
288 297
288 276
288 282
288 295
288 269
288 291
288 294
288 292
288 296
288 277
288 275
288 285
288 294
288 274
288 294
288 260
288 261
288 270
288 280
288 267
288 282
288 284
288 278
288 265
288 296
288 294
288 291
288 279
288 280
288 280
288 260
288 278
288 268
288 291
288 293
288 322
288 315
288 336
288 355
288 609
289 280
289 267
289 288
289 292
289 280
289 280
289 280
289 291
291 291
291 288
291 294
291 268
291 284
291 277
291 284
291 292
291 284
291 284
291 292
291 292
291 261
291 294
291 268
291 288
291 278
291 283
291 286
291 285
291 280
291 286
291 275
291 294
291 261
291 285
291 268
291 291
291 276
291 277
291 282
291 278
291 296
291 286
291 276
291 280
291 278
291 261
291 282
291 261
291 267
291 279
291 313
291 345
291 361
291 342
291 355
291 343
291 472
291 587
291 621
292 288
292 262
292 270
292 269
292 280
292 280
292 261
292 300
292 284
292 294
292 285
292 280
292 292
292 288
292 294
292 295
292 278
292 261
292 281
292 286
292 294
292 268
292 272
292 265
292 288
292 433
293 270
293 278
294 276
294 280
294 280
294 283
294 272
294 291
294 269
294 289
294 296
294 291
294 293
294 259
294 291
294 280
294 292
294 278
294 259
294 288
294 268
294 299
294 298
294 294
294 294
294 299
294 289
294 292
294 282
294 291
294 282
294 292
294 280
294 279
294 285
294 294
294 275
294 290
294 268
294 286
294 292
294 268
294 280
294 288
294 261
294 291
294 294
294 291
294 295
294 299
294 281
294 288
294 285
294 274
294 294
294 298
294 268
294 261
294 294
294 272
294 261
294 268
294 268
294 280
294 278
294 288
294 276
294 294
294 291
294 284
294 281
294 284
294 294
294 292
294 260
294 289
294 352
294 347
295 294
295 261
295 296
295 267
295 288
295 291
295 278
295 265
295 270
295 288
295 288
295 299
296 268
296 268
296 267
296 280
296 267
296 261
296 291
296 280
296 286
297 297
297 259
297 280
297 288
297 261
297 280
297 288
297 291
297 278
297 338
298 277
298 278
298 294
298 288
298 280
298 281
298 337
299 280
299 286
299 264
299 280
299 265
299 280
299 280
299 281
299 294
299 288
299 300
299 288
299 336
299 362
300 280
300 291
300 277
300 292
300 284
300 281
300 269
300 280
300 294
300 406
301 328
301 302
301 313
301 321
301 314
301 320
301 315
301 320
301 306
302 305
302 320
302 301
302 322
302 321
302 328
302 321
302 325
302 320
302 302
302 308
302 309
302 316
302 315
302 331
302 314
302 326
302 320
302 416
303 327
303 326
303 329
303 313
303 325
303 313
303 303
303 322
303 321
303 329
303 302
303 304
303 302
303 331
303 304
303 334
303 320
303 321
303 302
303 321
303 323
303 322
303 303
303 302
303 308
303 325
303 321
303 334
303 329
303 313
303 331
303 315
303 321
303 328
304 309
304 314
304 320
304 325
304 330
304 326
304 328
304 322
304 325
304 330
304 313
304 320
304 328
304 321
305 334
305 303
305 311
305 308
305 327
305 329
305 302
305 328
305 315
305 327
305 322
305 320
305 303
305 322
305 319
305 331
305 328
305 328
305 328
306 314
306 326
307 302
308 322
308 321
308 321
308 329
308 334
308 314
308 327
308 313
308 313
308 305
308 320
308 702
309 322
309 302
309 328
309 320
309 334
309 313
309 303
309 321
310 328
310 328
310 313
310 334
310 322
310 301
311 327
311 316
311 320
313 326
313 328
313 316
313 333
313 320
313 321
313 329
313 329
313 327
313 333
313 320
313 321
313 303
313 313
313 302
313 320
313 320
313 313
313 326
313 315
313 302
313 320
313 328
313 313
313 322
313 302
313 315
313 313
313 321
313 327
313 334
313 313
313 305
313 324
313 302
313 403
313 687
314 305
314 326
314 334
314 308
314 322
314 327
314 321
314 324
314 328
314 312
314 326
314 309
314 310
314 328
314 313
314 319
314 322
314 328
314 313
314 302
314 320
314 322
314 321
314 321
314 320
314 326
314 324
314 303
314 328
314 320
314 412
314 464
315 320
315 321
315 320
315 328
315 305
315 322
315 328
315 313
315 328
315 324
315 328
315 313
315 310
315 313
315 326
315 320
315 303
315 320
315 328
315 331
315 302
315 305
315 326
315 320
315 328
315 320
315 310
315 321
315 322
315 321
315 322
315 328
315 325
315 412
315 530
315 669
316 303
316 318
316 324
316 313
316 334
316 315
316 670
318 329
318 324
319 322
319 315
319 310
319 314
319 315
319 308
320 325
320 329
320 303
320 331
320 324
320 321
320 301
320 314
320 305
320 329
320 307
320 315
320 313
320 331
320 328
320 322
320 327
320 315
320 303
320 322
320 310
320 320
320 329
320 313
320 321
320 320
320 320
320 324
320 304
320 303
320 328
320 322
320 334
320 321
320 314
320 330
320 314
320 313
320 321
320 327
320 305
320 324
320 329
320 326
320 324
320 313
320 314
320 322
320 325
320 314
320 326
320 316
320 320
320 420
320 539
321 328
321 328
321 327
321 304
321 331
321 328
321 325
321 313
321 328
321 325
321 304
321 329
321 315
321 328
321 304
321 329
321 314
321 305
321 302
321 303
321 320
321 302
321 313
321 326
321 314
321 314
321 326
321 315
321 420
322 301
322 320
322 303
322 327
322 313
322 302
322 315
322 302
322 328
322 325
322 302
322 303
322 314
322 314
322 330
322 326
322 320
322 304
322 304
322 323
322 313
322 326
322 328
322 328
322 315
322 669
323 321
323 320
323 304
323 322
323 328
323 328
324 314
324 323
324 304
324 320
324 320
324 325
324 304
324 320
324 315
324 321
324 320
324 314
324 321
324 302
324 325
324 329
324 320
324 304
324 303
324 320
324 324
324 671
325 328
325 308
325 310
325 334
325 328
325 320
325 328
325 320
325 311
325 315
325 329
325 315
325 303
325 328
325 328
325 320
325 320
325 302
325 331
325 328
325 325
325 425
326 320
326 334
326 334
326 322
326 303
326 320
326 305
326 305
326 323
326 322
326 320
326 321
326 320
326 328
326 304
326 328
326 321
326 303
326 313
326 318
326 322
326 304
326 329
326 301
326 328
326 561
327 301
327 328
327 328
327 328
327 323
327 303
327 303
327 314
327 315
327 323
327 324
327 305
327 329
327 307
327 321
327 304
327 311
327 334
327 303
327 320
327 327
327 311
327 303
327 313
328 315
328 308
328 303
328 301
328 325
328 305
328 308
328 326
328 330
328 315
328 327
328 328
328 322
328 313
328 312
328 314
328 302
328 328
328 327
328 320
328 320
328 313
328 328
328 328
328 315
328 327
328 328
328 315
328 324
328 326
328 305
328 305
328 320
328 312
328 313
328 328
328 329
328 326
328 331
328 326
328 323
328 320
328 329
328 308
328 315
328 396
328 396
328 667
328 666
329 305
329 328
329 324
329 330
329 320
329 304
329 313
329 321
329 321
329 320
329 329
329 306
329 310
329 313
329 308
329 326
329 303
329 303
329 331
329 313
329 322
329 321
330 320
330 303
330 326
330 320
330 420
330 602
331 324
331 313
331 323
331 329
331 302
331 313
331 311
331 314
331 333
331 320
331 324
331 334
331 305
331 313
333 321
333 320
334 320
334 303
334 317
334 328
334 303
334 327
334 325
334 329
334 314
334 331
334 320
334 328
334 320
335 356
335 348
335 356
336 356
336 337
336 352
336 345
336 348
336 350
337 349
337 337
337 349
337 337
337 355
337 337
337 355
337 356
337 359
337 356
337 345
337 362
337 355
337 465
337 508
337 628
337 649
338 345
338 351
338 337
338 345
338 354
338 358
338 347
339 355
339 352
339 352
340 354
342 350
343 348
343 349
343 355
343 675
344 361
344 337
345 344
345 348
345 359
345 345
345 337
345 352
345 359
345 358
345 361
345 340
345 348
345 361
345 355
345 335
345 345
345 375
345 406
346 354
347 344
347 337
347 361
347 356
348 337
348 356
348 343
348 349
348 356
348 337
348 355
348 355
348 335
348 347
348 361
348 363
348 358
348 356
348 554
348 572
348 721
349 351
349 355
349 348
349 337
349 345
349 354
349 356
349 359
351 350
351 345
352 355
352 358
354 356
354 355
354 356
354 356
354 359
355 337
355 356
355 356
355 356
355 355
355 345
355 356
355 346
355 335
355 356
355 355
355 356
355 362
355 337
355 347
355 337
355 344
355 337
355 361
355 337
355 355
355 346
355 355
355 350
355 336
355 693
355 704
356 337
356 363
356 348
356 362
356 357
356 350
356 355
356 335
356 361
356 337
356 338
356 358
356 355
356 355
356 337
356 345
356 348
356 345
356 598
356 718
357 355
357 355
357 352
358 346
358 337
358 335
358 345
358 425
358 621
358 658
359 349
359 335
359 337
359 356
359 686
361 358
361 355
361 364
361 351
361 354
361 356
362 355
362 361
362 343
362 346
362 361
362 345
362 343
362 358
363 356
363 359
365 382
366 384
366 368
366 380
366 688
368 375
368 386
368 378
368 373
368 379
368 379
368 366
368 386
368 379
368 382
368 379
368 379
368 371
368 466
368 642
369 384
369 389
369 383
369 379
369 366
369 369
369 379
369 379
369 368
369 389
369 384
369 389
369 379
369 373
369 384
369 387
369 655
370 368
371 368
371 392
371 392
371 381
371 369
372 386
372 384
372 379
373 373
373 379
373 373
373 393
373 390
373 432
373 671
375 369
375 384
375 369
375 379
376 370
376 381
376 375
377 386
377 368
378 377
378 376
378 379
378 373
378 379
379 382
379 377
379 376
379 369
379 379
379 382
379 369
379 379
379 379
379 368
379 385
379 379
379 379
379 379
379 379
379 369
379 368
379 391
379 386
379 373
379 387
379 366
379 379
379 366
379 518
379 608
380 368
381 379
382 379
382 379
382 379
382 379
382 383
383 379
384 369
384 366
384 379
384 373
384 375
384 390
384 369
384 393
384 384
384 388
384 389
384 369
384 366
384 373
384 371
385 369
385 560
386 365
386 382
386 379
386 392
386 382
386 377
386 387
386 384
386 412
387 379
387 379
387 368
387 379
389 368
389 378
389 372
389 375
389 382
390 365
390 384
390 368
390 379
390 379
390 386
390 379
390 369
390 687
392 379
392 369
392 379
393 386
393 373
393 368
393 379
393 369
393 379
393 368
394 395
394 416
394 413
394 394
394 411
394 412
395 397
395 400
395 418
395 403
395 402
395 416
395 412
395 399
395 397
395 413
395 408
395 409
395 396
396 406
396 419
396 420
396 397
396 397
396 394
396 397
396 403
396 412
396 416
396 404
396 411
396 403
396 420
396 415
396 394
396 412
396 403
396 396
396 415
396 398
396 422
396 402
396 420
396 407
396 409
396 410
397 422
397 412
397 396
397 397
397 407
397 420
397 403
397 422
397 407
397 399
397 413
397 420
397 403
397 420
397 396
397 420
397 414
397 420
397 408
397 402
397 396
397 415
397 415
397 411
397 396
397 415
397 421
397 396
397 397
397 410
397 416
397 412
397 396
397 419
397 408
397 419
397 399
397 422
397 395
397 415
397 420
397 404
397 412
397 420
397 420
397 426
397 698
398 422
398 412
398 397
398 415
398 404
398 420
399 411
399 420
399 395
399 395
399 396
399 420
399 406
399 413
399 397
399 416
399 406
399 408
399 411
399 416
399 399
399 420
400 407
400 416
401 411
401 406
401 419
401 397
401 398
401 575
402 420
402 420
402 408
402 416
402 412
402 396
402 398
402 406
402 397
403 420
403 415
403 403
403 412
403 411
403 413
403 403
403 418
403 409
403 411
403 412
403 397
403 408
403 410
403 396
403 420
403 411
403 415
404 411
404 397
404 411
404 416
404 412
404 395
404 420
404 396
404 395
404 395
404 403
404 422
404 464
404 687
405 418
405 397
405 399
405 408
405 422
406 407
406 396
406 396
406 412
406 412
406 415
407 395
407 404
407 402
407 397
407 404
408 397
408 411
408 394
408 401
408 422
408 412
408 411
408 404
408 405
408 404
408 416
408 421
408 420
408 421
408 397
408 396
408 396
408 412
409 402
410 413
410 413
410 420
410 398
410 420
410 674
411 397
411 403
411 422
411 408
411 397
411 404
411 420
411 396
411 420
411 420
411 408
411 397
411 420
411 419
411 411
411 420
411 416
411 411
411 398
411 403
411 527
412 416
412 420
412 397
412 402
412 397
412 397
412 396
412 397
412 397
412 420
412 410
412 404
412 396
412 416
412 395
412 416
412 396
412 411
412 396
412 401
412 397
412 415
412 416
412 399
412 420
412 422
412 415
412 399
412 536
412 596
412 656
413 407
413 396
413 420
413 420
413 404
413 395
413 403
413 396
413 399
413 408
413 404
413 396
413 498
413 606
413 722
414 412
414 407
415 404
415 416
415 420
415 420
415 397
415 418
415 404
415 420
415 398
415 412
415 397
415 420
415 411
415 416
415 415
415 412
415 640
416 420
416 402
416 415
416 413
416 412
416 404
416 420
416 412
416 395
416 416
416 422
416 415
416 411
416 403
416 422
416 411
416 418
417 417
418 411
418 395
418 399
418 400
418 404
418 405
418 420
418 422
418 420
418 420
418 408
418 419
418 395
418 401
419 422
419 410
420 411
420 416
420 396
420 398
420 411
420 407
420 395
420 397
420 404
420 404
420 397
420 407
420 412
420 396
420 411
420 412
420 396
420 420
420 396
420 397
420 394
420 399
420 396
420 414
420 420
420 397
420 418
420 408
420 396
420 395
420 411
420 396
420 405
420 403
420 416
420 420
420 399
420 420
420 411
420 420
420 407
420 415
420 396
420 396
420 399
420 612
421 408
421 397
421 420
422 398
422 420
422 397
422 418
422 412
422 397
422 604
423 450
424 425
424 446
425 425
425 432
425 446
425 447
425 446
425 425
425 446
425 425
425 443
425 425
425 425
425 429
425 443
425 447
425 423
425 425
425 447
425 426
425 425
425 425
425 444
425 425
425 446
425 425
425 427
425 437
425 425
425 446
425 471
425 653
425 685
425 693
427 446
427 485
429 425
430 423
430 423
430 432
430 425
430 437
430 432
432 433
432 444
432 447
432 425
432 442
432 425
432 425
432 601
432 633
433 433
433 432
434 425
436 442
436 432
437 447
437 430
437 425
437 425
437 426
437 424
437 425
437 425
437 425
437 425
437 702
438 430
441 446
441 450
441 605
442 448
443 425
443 432
444 706
445 431
445 441
445 595
446 437
446 446
446 430
446 425
446 425
446 441
446 672
447 423
447 450
447 425
448 603
450 427
451 569
454 461
454 468
454 472
454 463
454 466
454 461
454 461
454 472
454 461
454 462
454 465
457 457
457 463
457 468
457 475
457 461
457 465
457 466
457 475
457 457
457 459
457 463
457 454
457 466
457 476
457 474
457 477
457 633
458 457
458 468
458 466
458 464
459 465
459 460
459 475
459 457
459 466
459 474
459 468
460 462
460 474
460 464
460 454
460 465
460 468
461 468
461 476
461 463
461 461
461 466
461 480
461 595
462 459
462 464
462 466
462 458
462 471
462 464
462 457
462 461
462 458
462 469
462 466
463 461
463 464
463 459
463 465
463 462
463 471
463 461
463 458
463 461
463 471
463 462
463 457
463 461
463 472
464 460
464 460
464 471
464 463
464 454
464 471
464 462
464 465
464 457
464 466
464 468
464 475
464 454
464 475
464 472
464 457
464 471
464 464
464 465
464 457
464 462
464 466
464 463
464 669
465 465
465 464
465 477
465 463
465 475
465 477
465 457
465 458
465 457
465 468
465 462
465 475
465 458
465 466
465 464
465 464
466 458
466 456
466 464
466 462
466 457
466 458
466 457
466 457
466 465
466 457
466 464
466 471
466 461
466 462
466 466
468 457
468 468
468 461
468 466
468 468
468 475
468 477
468 477
468 457
468 468
468 462
468 465
468 718
469 462
471 476
471 457
471 466
471 454
471 464
471 464
471 468
471 478
471 458
471 498
471 549
472 463
472 476
472 472
474 472
474 477
474 465
474 463
474 466
474 462
475 454
475 468
475 462
475 471
475 457
475 459
475 468
475 464
475 457
476 471
476 477
476 474
476 457
476 457
476 468
476 454
476 561
476 685
477 480
477 457
477 475
477 468
477 461
477 475
477 471
477 468
477 465
477 477
477 477
477 454
477 464
477 458
478 465
479 454
480 480
480 475
480 466
480 478
480 461
480 463
481 494
482 485
482 498
482 498
482 498
482 498
482 595
484 498
484 498
485 485
485 498
485 481
485 490
485 503
485 498
485 482
487 498
487 498
487 498
487 498
490 485
490 482
490 485
491 498
491 491
491 715
492 484
493 498
493 658
493 695
494 498
495 504
495 485
498 498
498 492
498 482
498 498
498 487
498 498
498 487
498 481
498 498
498 503
498 498
498 485
498 507
498 487
498 507
498 484
498 498
498 503
498 482
498 481
498 498
498 498
498 487
498 482
498 504
498 498
498 498
498 489
498 505
498 492
498 499
498 498
498 490
498 496
498 498
498 503
498 487
498 485
498 551
498 611
498 643
498 702
499 498
500 498
502 498
502 498
502 485
503 498
503 502
504 498
504 498
504 493
504 482
504 484
505 498
506 482
508 509
508 518
508 525
508 509
508 513
509 516
509 531
509 518
509 508
509 508
509 513
509 520
509 518
509 528
511 530
511 512
511 529
511 528
511 530
511 518
511 513
511 511
511 518
511 527
511 517
511 511
511 511
511 518
511 518
511 660
511 676
512 520
512 530
512 511
512 519
512 508
512 513
512 516
512 569
513 519
513 511
513 531
513 508
513 518
513 516
513 528
514 529
515 528
515 509
516 525
516 511
517 520
517 520
517 509
518 525
518 532
518 518
518 530
518 528
518 515
518 520
518 520
518 528
518 529
518 523
518 528
518 508
518 518
518 632
520 508
520 509
520 526
520 512
520 529
520 511
521 526
522 518
522 513
523 508
523 529
523 588
525 513
525 513
525 508
526 518
526 532
526 528
526 525
527 521
528 522
528 525
528 526
528 528
528 513
528 532
528 513
528 520
528 513
528 511
528 531
528 512
528 511
528 513
528 509
529 520
529 513
530 514
530 508
530 512
530 533
531 515
532 520
532 523
532 512
533 551
533 546
533 538
533 538
533 546
533 534
533 554
533 533
533 538
533 534
533 644
533 704
534 541
534 550
534 552
534 549
534 545
534 550
534 551
534 539
535 535
535 534
535 549
535 549
535 551
536 540
536 541
536 538
536 539
536 552
537 551
537 541
537 554
537 551
537 545
537 545
537 550
537 541
538 549
538 541
538 551
538 553
538 551
538 549
538 546
538 549
538 541
538 538
538 549
539 554
539 546
539 541
539 539
539 549
539 539
539 541
539 539
539 541
539 546
539 544
539 554
539 549
539 534
539 549
539 549
539 549
539 549
539 534
539 549
539 554
539 539
539 545
539 551
539 551
539 551
539 545
539 545
539 544
539 545
539 540
539 538
539 553
539 551
539 541
539 538
539 545
539 539
539 552
539 545
539 613
539 605
539 701
540 549
540 539
540 536
540 539
540 546
540 539
541 534
541 549
541 537
541 551
541 556
541 551
541 534
541 546
541 549
541 546
541 541
541 549
541 550
541 548
541 541
541 534
541 533
541 550
541 551
541 541
541 542
541 550
541 539
541 541
541 553
541 551
541 538
541 549
541 551
541 549
541 546
542 541
542 539
542 538
542 539
542 538
542 548
543 549
543 541
544 539
544 555
544 541
544 541
544 545
544 539
544 546
544 549
544 551
545 547
545 539
545 545
545 552
545 549
545 550
545 554
545 534
545 549
545 550
545 546
545 539
545 541
545 539
545 549
545 549
545 549
545 541
545 551
545 548
545 533
545 551
545 539
545 541
545 554
545 552
545 533
545 548
545 539
545 554
545 545
545 537
545 545
545 539
545 546
545 553
545 615
545 652
546 541
546 544
546 549
546 554
546 541
546 544
546 544
546 539
546 538
546 544
546 549
546 541
546 549
546 618
547 538
547 538
547 541
547 534
547 652
548 545
548 544
549 539
549 548
549 541
549 551
549 541
549 551
549 537
549 546
549 551
549 541
549 552
549 546
549 554
549 551
549 550
549 550
549 551
549 539
549 541
549 551
549 534
549 539
549 551
549 539
549 555
549 551
549 545
549 541
549 538
549 551
549 601
550 552
550 546
550 546
550 549
550 552
550 549
550 542
551 546
551 549
551 536
551 549
551 551
551 541
551 542
551 545
551 544
551 541
551 552
551 552
551 550
551 539
551 533
551 549
551 546
551 541
551 549
551 554
551 551
551 546
551 536
551 551
551 541
551 534
551 556
551 542
551 546
551 534
551 633
551 656
552 536
552 541
552 536
552 543
552 551
552 549
552 541
552 549
552 550
552 539
552 539
553 556
553 535
553 549
553 549
553 556
553 541
553 667
554 548
554 547
554 545
554 546
554 549
554 539
554 551
554 541
554 539
555 551
555 555
556 545
556 539
556 549
556 551
556 538
556 547
557 561
557 560
557 560
557 557
557 560
557 565
558 573
558 562
558 558
558 576
558 578
558 558
559 570
560 570
560 578
560 576
560 565
560 570
560 579
560 561
560 558
560 576
560 570
560 558
560 560
560 561
561 562
561 565
561 570
561 568
561 566
561 557
561 570
561 568
561 560
561 558
562 576
562 568
562 562
562 565
562 560
562 570
562 566
562 562
562 567
562 560
562 566
562 558
565 570
565 568
565 569
565 562
565 576
565 719
566 557
566 568
566 565
566 567
566 567
566 562
566 575
566 577
566 561
566 564
566 569
566 562
566 575
566 566
566 575
567 566
567 578
567 568
567 636
568 570
568 557
568 579
568 570
568 561
568 565
568 571
568 570
568 569
568 570
568 560
568 565
568 568
568 597
568 718
569 572
569 576
569 558
569 561
570 569
570 558
570 574
570 570
570 576
570 578
570 560
570 570
570 568
570 566
570 576
570 558
570 578
570 568
570 568
570 566
570 576
570 576
570 558
570 576
570 605
570 656
571 575
571 570
571 557
572 558
572 578
572 576
572 558
573 574
573 561
573 568
573 570
573 567
573 567
573 566
574 572
574 560
575 565
575 567
575 562
575 565
575 566
575 562
575 558
575 569
575 576
575 568
575 560
575 568
575 570
576 566
576 561
576 566
576 565
576 576
576 564
576 573
576 558
576 572
576 573
576 576
576 573
576 567
576 573
577 568
577 572
578 557
578 562
578 570
578 560
578 565
579 570
579 561
580 583
580 595
581 586
581 600
582 590
582 583
582 587
583 600
583 589
583 596
583 587
583 586
583 581
583 594
583 649
584 598
584 600
584 581
584 598
585 598
586 587
586 589
586 587
586 582
586 593
586 583
586 595
586 595
586 598
586 587
586 586
586 589
586 589
586 585
586 599
586 583
586 584
587 586
587 582
587 598
587 584
587 595
587 583
587 581
588 586
588 597
588 581
588 595
588 711
589 597
589 586
589 589
589 580
589 588
589 598
589 598
589 589
589 589
589 590
589 600
589 589
589 584
589 595
589 595
589 587
589 633
589 674
590 598
590 600
590 599
590 580
594 595
595 595
595 596
595 582
595 583
595 599
595 595
595 587
595 586
595 600
595 598
595 581
595 590
595 595
595 589
595 584
595 589
595 590
595 586
595 588
595 595
595 600
595 581
595 656
595 719
596 598
596 595
597 596
597 585
597 595
597 595
597 586
597 597
597 582
597 590
597 595
597 597
597 587
597 597
597 589
597 702
598 587
598 587
598 581
598 582
598 589
598 589
598 586
598 589
598 589
598 581
599 590
599 583
599 589
599 583
599 588
599 595
599 587
599 611
600 596
600 589
600 589
600 589
600 595
600 595
600 584
601 618
601 604
601 614
601 601
601 601
601 606
601 607
601 609
601 615
601 603
601 618
601 603
601 613
601 611
601 601
601 618
601 610
601 602
601 698
602 601
602 602
602 603
602 603
602 616
602 605
602 618
602 616
602 612
602 603
602 612
602 614
602 618
602 604
602 602
602 609
602 608
603 601
603 612
603 601
603 611
603 601
603 609
603 601
603 601
603 612
603 618
603 616
603 609
603 601
603 613
603 616
603 605
603 613
603 605
603 614
603 616
603 616
603 604
603 601
603 616
603 601
603 611
603 603
603 605
603 604
603 605
604 603
604 602
604 618
604 606
604 601
604 603
604 617
605 609
605 611
605 618
605 608
605 615
605 602
605 618
605 609
605 601
605 608
605 618
605 605
605 602
605 609
605 611
605 602
605 609
605 603
605 602
605 618
605 612
606 609
606 601
606 618
606 602
606 612
606 605
607 618
607 612
607 617
607 611
607 618
608 611
608 607
608 601
608 616
608 612
608 601
608 601
608 608
608 614
608 602
608 603
608 618
609 605
609 609
609 605
609 605
609 613
609 602
609 612
609 611
609 609
609 605
609 618
609 607
609 605
609 611
609 613
609 603
609 603
609 605
609 602
610 607
610 614
610 602
610 618
611 609
611 612
611 609
611 617
611 609
611 613
611 612
611 604
611 616
611 611
611 612
611 611
611 616
611 611
611 615
611 607
611 602
611 609
611 609
611 605
612 617
612 602
612 615
612 605
612 611
612 601
612 605
612 601
612 608
612 618
612 618
612 611
612 603
612 610
612 602
612 606
612 605
612 612
612 613
612 601
612 603
612 609
612 604
612 602
612 614
612 611
612 618
612 609
612 611
612 605
612 616
612 706
613 613
613 611
613 601
613 616
613 612
613 603
613 615
613 611
613 612
613 618
613 605
613 614
614 611
614 607
614 608
614 611
615 602
615 605
615 618
616 601
616 608
616 613
616 605
616 609
616 618
616 605
616 618
616 616
616 609
616 601
616 605
616 612
616 603
616 614
616 604
616 611
617 609
617 603
617 613
617 611
617 618
617 616
617 611
617 609
618 602
618 608
618 601
618 614
618 603
618 613
618 602
618 601
618 605
618 603
618 608
618 605
618 617
618 603
618 605
618 608
618 608
618 608
618 618
618 605
618 601
618 615
618 658
620 624
620 633
621 621
621 631
621 621
621 625
621 631
621 631
621 621
621 624
621 621
622 621
624 633
624 631
624 644
625 631
625 627
625 628
625 631
625 630
627 633
628 631
628 633
628 633
628 631
628 623
628 634
628 633
628 633
628 631
628 624
629 633
629 621
630 633
630 635
631 625
631 630
631 633
631 633
631 627
631 623
631 628
631 631
632 635
632 633
632 711
633 623
633 633
633 621
633 631
633 628
633 633
635 626
635 633
638 642
638 649
638 646
640 648
640 649
640 642
640 650
640 642
640 644
640 642
640 642
640 647
640 646
642 645
642 640
642 642
642 648
642 644
642 644
642 640
642 644
642 644
642 649
642 642
642 646
642 640
642 642
642 709
644 650
644 642
644 642
644 641
644 642
644 649
645 640
646 650
646 642
646 642
648 648
648 644
649 649
649 640
649 649
649 648
649 638
649 642
649 644
649 644
649 640
649 643
649 641
649 644
649 644
649 638
649 649
650 640
650 640
650 640
651 656
651 659
652 659
652 656
652 656
652 656
652 656
652 659
652 652
652 652
652 659
652 660
652 656
652 656
652 660
652 656
652 658
653 663
653 660
653 652
653 660
653 702
655 661
655 660
655 660
656 663
656 656
656 655
656 660
656 658
656 652
656 652
656 658
656 655
656 658
656 653
656 656
656 659
656 662
656 652
656 656
656 660
656 656
656 663
656 660
656 656
656 657
656 656
656 659
656 663
658 663
658 659
658 656
658 663
658 651
658 662
658 660
658 658
658 662
658 660
658 660
658 658
658 663
659 656
659 656
659 658
659 656
660 656
660 658
660 653
660 663
660 652
660 656
660 663
660 656
660 656
660 652
660 663
660 662
660 654
660 670
660 706
661 656
661 660
662 656
662 652
662 652
662 656
662 651
663 662
663 656
663 652
663 652
663 656
663 655
663 656
663 652
663 662
663 663
663 659
663 663
663 659
663 663
663 663
663 661
663 660
663 663
663 653
663 656
663 656
663 653
663 663
665 668
665 675
665 669
665 669
665 667
665 671
665 675
665 664
666 665
666 666
666 670
666 675
666 672
666 669
666 669
667 675
667 665
667 670
667 675
668 675
668 671
668 675
668 665
668 670
668 671
668 671
668 666
669 670
669 671
669 667
669 675
669 665
669 674
669 668
669 669
669 672
669 674
669 674
669 665
669 670
669 674
669 675
669 672
670 672
670 675
670 672
670 667
670 665
670 667
671 674
671 672
671 670
671 669
671 671
671 665
672 674
672 666
672 674
672 670
672 665
672 668
672 666
672 665
672 667
672 672
674 674
674 672
674 667
674 666
674 665
674 671
674 675
675 665
675 665
675 674
675 671
675 675
675 674
675 674
675 674
675 670
675 674
675 665
675 671
676 686
676 687
676 687
677 687
678 687
678 687
678 685
678 687
678 681
678 685
679 687
681 678
681 676
681 686
681 681
681 687
681 682
681 681
681 686
681 685
681 678
682 686
684 687
684 684
684 682
684 684
684 684
684 685
685 680
685 681
685 681
685 687
686 681
686 676
687 687
687 686
687 687
687 678
687 681
687 681
687 681
687 676
687 680
687 681
689 688
689 691
689 691
689 689
690 695
691 695
691 688
691 692
691 689
691 689
691 693
691 691
691 689
691 692
691 691
691 691
691 692
691 694
692 689
692 695
692 692
692 689
692 695
692 691
692 695
693 690
693 691
693 693
693 690
693 695
693 691
693 691
694 692
695 693
695 693
695 695
695 690
695 690
695 689
695 695
695 691
696 698
696 698
696 702
696 700
696 698
696 701
696 700
696 698
696 696
696 696
696 699
697 701
697 702
697 698
698 701
698 696
698 698
698 702
698 696
698 702
698 696
698 701
698 698
698 698
698 702
698 696
698 700
698 698
698 698
698 702
698 702
698 698
698 696
698 696
698 696
699 700
699 698
700 698
700 696
700 698
700 702
700 698
700 702
701 698
702 696
702 699
702 700
702 698
702 702
702 700
702 698
702 696
702 696
702 702
702 702
702 698
702 700
703 704
703 704
703 706
703 708
704 706
704 708
704 708
704 704
704 704
704 706
704 705
704 704
704 704
704 707
705 704
705 704
705 706
706 705
706 705
706 705
706 703
706 708
706 706
707 703
707 708
707 705
707 705
707 705
708 708
708 705
708 708
708 706
708 706
708 704
708 704
708 706
709 712
710 710
710 713
710 710
711 709
711 711
711 710
711 709
712 711
713 711
713 710
714 716
715 716
715 716
716 716
716 716
716 714
717 718
717 718
718 718
718 717
719 719
719 720
719 720
719 720
720 719
721 721
721 721
721 721
722 722