1 22
1 65
1 54
1 39
1 13
1 20
1 67
1 28
1 78
2 63
2 10
2 41
2 71
2 1282
4 59
5 57
5 11
6 61
7 60
8 46
8 5
9 37
9 53
9 61
9 33
9 524
10 1
10 9
10 75
10 56
10 65
10 65
10 937
11 3
11 30
11 20
11 2
11 66
11 71
11 61
11 24
11 10
11 37
11 563
11 616
12 13
13 20
13 1297
14 17
14 17
14 879
15 527
15 1031
17 13
17 5
17 61
17 71
17 23
17 61
17 28
17 63
17 17
17 17
17 20
17 12
17 61
17 40
17 25
17 67
17 52
17 77
17 26
17 52
17 2
17 860
18 20
18 80
18 7
18 241
19 2
19 11
19 3
19 43
20 17
20 65
20 5
20 51
20 23
20 61
20 59
20 60
20 63
20 11
20 24
20 59
20 52
20 28
20 141
21 71
22 31
22 7
22 8
23 67
24 22
24 17
25 29
25 860
26 61
26 19
27 5
28 42
28 35
28 13
28 37
28 64
28 10
28 1048
30 51
30 7
30 65
30 5
30 5
30 26
30 542
31 1
32 32
33 41
33 511
34 16
36 956
37 4
37 248
37 1050
38 17
39 42
39 69
40 4
41 38
41 19
41 37
41 1006
42 61
42 67
42 8
42 1287
44 61
44 542
46 44
46 60
46 17
46 60
47 22
47 1
47 397
48 79
49 63
49 17
50 28
51 61
51 60
53 18
54 9
54 66
55 43
56 20
56 1277
57 19
57 71
60 63
60 2
60 20
60 11
60 9
60 63
60 11
60 74
61 63
61 17
61 7
61 63
61 12
61 56
61 1
61 51
61 70
61 4
61 41
61 26
61 1237
62 22
62 71
63 65
63 32
63 11
63 11
63 19
63 62
63 63
63 75
63 51
63 19
63 5
63 82
63 35
63 71
63 26
63 10
63 60
63 71
63 16
63 192
63 417
63 464
63 830
63 1035
64 67
64 17
65 13
65 11
65 37
65 73
65 81
65 49
65 58
65 518
66 11
67 61
67 20
67 45
67 61
68 20
68 61
70 36
70 1040
71 56
71 63
71 21
71 50
71 51
71 63
72 5
75 40
75 65
75 11
75 28
75 61
75 55
75 589
78 304
79 54
80 65
80 36
81 37
81 21
81 62
82 41
82 65
82 67
82 19
82 20
82 61
82 67
83 133
83 122
83 129
83 129
83 1086
83 1145
84 128
84 145
84 1113
85 223
86 122
86 101
87 1266
87 1295
88 931
88 1134
89 95
90 141
90 107
90 610
90 795
91 83
91 84
91 97
95 100
95 128
95 90
95 439
95 1228
97 98
98 129
98 1253
99 110
99 83
99 84
99 97
99 106
100 93
100 97
100 131
100 141
100 126
100 1158
101 126
101 109
101 96
101 116
101 109
101 105
101 110
101 110
101 389
101 795
101 848
102 95
103 92
103 1235
104 145
105 139
105 105
105 105
105 372
105 466
106 122
107 95
108 709
109 101
109 94
109 126
109 246
109 962
109 1204
110 118
110 117
110 84
110 101
110 95
110 117
110 83
110 122
110 101
110 117
110 118
110 224
110 279
110 532
110 773
110 1292
111 127
113 86
113 346
116 129
116 120
116 122
116 85
116 182
116 214
116 221
116 466
117 89
117 1153
118 84
118 143
118 122
118 145
118 128
118 125
118 110
120 100
121 143
121 147
121 122
122 113
122 111
122 95
122 126
122 129
122 85
122 116
122 119
122 120
122 146
122 207
122 305
122 677
122 922
122 1173
122 1260
123 101
124 89
124 122
125 122
125 111
125 103
125 141
125 123
125 141
125 122
125 117
125 881
126 129
126 98
126 118
126 142
126 110
126 98
126 138
126 125
126 126
126 126
126 126
126 89
126 115
126 122
126 553
126 641
126 931
126 1195
126 1294
127 110
127 102
127 110
128 93
128 119
128 110
128 99
128 135
128 466
128 1046
129 103
129 122
129 95
129 108
129 120
129 126
129 100
129 110
129 212
130 113
131 91
132 433
133 125
133 122
135 117
135 122
135 120
140 126
140 122
141 122
141 93
141 110
141 110
141 83
141 122
141 792
141 1017
141 1023
142 122
142 110
142 214
142 1122
144 122
144 123
144 792
146 89
146 85
147 268
148 227
149 188
149 198
149 174
149 163
149 154
149 192
149 192
149 192
149 176
149 174
149 148
149 160
149 196
149 154
149 197
149 246
149 246
149 203
149 227
149 311
149 525
149 553
149 586
149 860
151 463
153 153
153 192
153 179
153 163
154 174
155 192
155 179
155 160
155 179
155 189
155 614
160 160
162 174
163 200
163 192
164 192
168 176
168 227
170 179
170 880
171 174
171 171
171 179
173 179
173 198
173 148
173 183
173 173
173 192
173 410
173 639
173 1004
173 1296
174 193
174 195
174 192
174 149
174 180
174 174
174 176
174 189
174 198
174 174
174 200
174 160
174 179
174 160
174 192
174 198
174 192
174 179
174 198
174 173
174 192
174 160
174 234
174 632
174 744
174 788
174 1118
176 176
176 179
176 476
179 164
179 149
179 179
179 149
179 157
179 179
179 163
179 174
179 171
179 192
179 192
179 174
179 179
179 192
179 214
179 229
179 246
179 620
179 1046
179 1293
180 174
180 1236
183 174
183 169
183 149
183 174
183 149
183 217
185 174
185 212
186 200
188 229
189 195
189 188
189 203
190 1029
192 179
192 187
192 169
192 179
192 192
192 192
192 192
192 192
192 192
192 163
192 214
192 202
192 224
192 227
192 224
192 212
192 1089
192 1279
195 197
196 194
196 149
196 174
197 192
197 183
197 174
197 268
198 174
198 183
198 163
198 155
198 192
198 195
202 231
202 239
203 222
203 205
203 227
203 227
203 214
203 236
203 231
203 229
203 214
203 431
203 455
203 558
203 860
203 1295
204 671
205 205
205 230
205 226
205 227
205 223
205 221
205 856
205 890
205 1242
207 239
207 223
207 234
207 211
207 203
207 246
207 227
207 212
207 221
207 221
207 546
207 847
207 963
208 246
208 211
208 246
208 227
208 223
208 221
208 207
208 239
208 241
208 429
208 624
208 980
208 996
208 1214
209 227
209 227
211 234
211 226
211 246
211 205
211 217
211 211
211 1288
211 1298
212 227
212 226
212 221
212 214
212 223
212 227
212 223
212 209
214 246
214 224
214 246
214 217
214 246
214 208
214 211
214 227
214 246
214 214
214 207
214 239
214 229
214 452
214 848
214 1023
217 217
217 221
217 203
217 246
217 212
217 214
217 234
217 207
217 241
217 246
217 438
217 845
217 860
217 860
219 212
220 210
220 229
221 246
221 229
221 226
221 234
221 241
221 222
221 229
221 842
221 860
221 1146
222 208
222 246
222 228
223 246
223 224
223 223
223 224
223 239
223 239
223 305
223 464
224 227
224 246
224 246
224 231
224 241
224 204
224 241
224 241
224 216
224 212
224 246
224 234
224 211
224 234
224 207
224 246
224 1236
226 246
226 246
226 234
226 239
226 205
226 224
226 227
226 234
226 205
226 226
226 250
226 781
226 848
226 848
226 931
227 229
227 246
227 223
227 212
227 226
227 229
227 246
227 246
227 246
227 223
227 207
227 226
227 221
227 227
227 208
227 207
227 226
227 229
227 239
227 205
227 227
227 229
227 205
227 223
227 231
227 212
227 223
227 405
227 452
227 795
227 848
227 1245
229 208
229 234
229 224
229 217
229 229
229 226
229 205
229 205
229 246
229 232
229 246
229 237
229 203
229 227
229 246
229 205
229 208
229 221
229 542
229 570
229 582
229 860
229 1040
229 1263
231 214
231 246
231 221
231 1296
233 246
233 229
234 239
234 214
234 205
234 229
234 231
234 242
234 246
234 847
236 227
236 227
236 792
237 227
239 221
239 224
239 219
239 221
239 226
239 208
239 246
239 211
239 212
239 464
239 857
240 375
241 207
241 246
241 227
241 229
241 229
241 223
241 229
241 246
241 231
241 227
241 227
241 207
241 246
241 214
241 205
241 239
241 227
241 241
241 217
241 226
241 227
241 208
241 211
241 224
241 221
241 558
241 792
241 863
241 1017
241 1094
241 1113
241 1117
242 205
242 246
242 205
242 246
242 217
242 860
242 848
243 242
244 211
244 205
246 246
246 205
246 208
246 226
246 234
246 246
246 226
246 241
246 205
246 227
246 211
246 241
246 227
246 221
246 241
246 207
246 234
246 227
246 221
246 221
246 241
246 220
246 217
246 229
246 221
246 218
246 241
246 241
246 212
246 246
246 241
246 246
246 205
246 228
246 246
246 246
246 227
246 246
246 246
246 624
246 744
246 1202
248 268
248 268
248 275
248 304
248 558
250 268
250 268
250 250
250 268
250 250
250 258
250 291
250 268
250 252
250 268
250 268
250 250
250 248
250 257
250 277
250 252
250 268
250 264
250 257
250 291
250 709
250 895
250 962
250 1040
250 1099
251 268
252 250
253 250
253 506
256 277
257 448
259 284
265 250
265 1018
266 293
268 290
268 250
268 271
268 280
268 250
268 268
268 253
268 268
268 257
268 268
268 268
268 250
268 270
268 272
268 265
268 268
268 250
268 268
268 275
268 248
268 279
268 274
268 250
268 341
268 641
268 744
268 860
268 865
268 941
268 1064
268 1090
268 1122
270 250
271 292
272 284
272 769
275 268
275 278
277 250
277 252
279 268
281 268
283 268
283 250
283 268
284 1273
285 250
288 790
290 252
293 250
293 278
293 248
294 250
295 307
295 302
296 322
296 327
296 339
298 322
300 304
300 391
301 331
303 304
303 316
303 304
304 327
304 296
304 302
304 307
304 304
304 299
304 327
304 303
304 331
304 322
304 329
304 303
304 316
304 322
304 326
304 934
304 1007
305 308
306 597
307 890
308 322
308 303
308 311
308 304
308 296
308 709
311 322
316 296
317 325
317 327
319 323
320 304
320 322
320 295
320 341
320 920
321 965
322 298
322 299
322 326
322 303
322 304
322 339
322 1097
322 1141
322 1152
323 304
327 308
327 316
327 313
327 304
327 466
327 628
327 1124
328 304
328 322
328 296
330 1197
331 299
331 990
335 304
336 304
336 1086
339 304
339 339
339 322
339 322
339 327
340 341
340 1158
341 375
341 346
341 356
341 346
341 346
341 371
341 346
341 370
341 354
341 346
341 362
341 372
341 346
341 373
341 1147
343 341
343 372
344 373
345 373
346 372
346 346
346 372
346 351
346 347
346 366
346 372
346 354
346 377
346 346
346 368
346 364
346 350
346 348
346 389
346 1020
347 346
347 366
347 346
347 705
348 956
349 371
350 372
350 355
351 345
351 366
357 348
358 363
358 350
360 372
363 466
364 372
366 379
366 367
366 341
366 342
366 372
366 345
367 346
368 364
371 372
372 379
372 372
372 341
372 362
372 346
372 372
372 347
372 346
372 1269
373 363
373 375
373 373
373 346
373 939
375 1262
377 1196
379 341
383 396
384 391
384 402
384 385
384 1190
385 389
385 416
385 604
385 1277
386 389
387 409
387 388
388 405
388 388
388 388
388 388
388 405
388 410
388 405
388 409
388 392
388 389
388 405
388 388
388 406
388 467
388 558
388 588
388 870
389 388
389 388
389 392
389 384
389 409
389 404
389 409
389 849
391 405
391 388
392 411
392 404
393 385
393 389
393 405
393 418
393 384
393 416
394 396
394 405
395 400
396 860
397 405
397 603
398 411
398 389
398 388
398 420
398 385
398 389
398 398
398 589
399 408
400 558
401 857
402 398
404 385
404 590
405 409
405 409
405 400
405 398
405 393
405 389
405 402
405 415
405 396
405 409
405 409
405 417
405 393
405 627
405 1090
405 1281
406 411
407 404
407 406
407 384
407 896
408 405
408 416
408 409
408 412
409 391
409 403
409 410
409 388
409 389
409 417
409 963
409 979
409 1001
409 1023
409 1240
409 1289
410 417
410 415
410 409
410 388
410 384
410 389
410 398
410 1040
410 1068
410 1109
411 410
411 386
411 410
412 405
412 398
412 417
412 686
414 414
415 388
416 405
416 597
423 410
423 384
424 388
426 450
426 450
426 1235
428 426
428 881
430 1231
433 457
434 454
437 456
437 465
438 438
438 439
438 431
438 466
438 458
439 464
439 439
439 466
439 464
439 465
439 450
439 465
439 466
439 589
440 438
446 466
447 439
447 439
450 426
450 457
450 450
450 465
450 457
450 466
450 439
450 446
450 452
450 450
450 463
450 466
450 464
450 930
450 1017
450 1262
451 460
451 450
451 465
451 457
452 466
452 466
452 439
453 439
457 431
457 447
457 466
458 466
458 784
459 439
462 466
462 438
463 466
463 466
463 466
464 466
464 427
464 452
464 427
464 434
464 443
464 438
464 1237
465 439
465 452
465 439
465 440
465 1196
466 461
466 464
466 466
466 450
466 464
466 439
466 447
466 439
466 466
466 445
466 535
466 703
466 956
466 1078
466 1142
466 1270
468 476
470 493
470 476
473 489
476 493
476 467
476 486
476 469
476 476
476 495
476 476
476 493
476 484
476 476
476 476
476 491
476 476
476 476
476 476
476 469
476 476
476 476
476 476
476 476
476 476
476 489
476 498
476 482
476 476
476 487
476 468
476 476
476 609
476 721
476 819
476 1179
476 1193
478 469
485 476
485 476
485 558
491 476
492 476
493 493
493 476
495 476
495 470
498 704
499 476
502 476
503 493
503 860
504 493
504 495
506 524
507 506
507 881
508 542
509 509
509 527
509 530
509 524
509 509
509 532
509 509
509 522
509 509
509 531
509 525
509 524
509 517
509 509
509 518
509 516
509 509
509 519
509 686
509 1037
509 1196
509 1271
512 518
513 524
514 524
514 509
515 516
516 536
516 539
518 509
518 518
518 509
518 536
518 509
518 516
518 509
518 518
518 542
518 517
518 536
518 524
518 931
521 509
522 524
522 518
522 538
523 518
524 522
524 542
524 524
524 522
524 522
524 506
524 506
524 542
524 532
524 532
524 531
524 540
524 509
524 1004
524 1299
525 511
526 1235
529 524
531 542
531 511
531 524
531 532
531 509
531 1158
531 1208
532 532
532 509
532 509
532 524
532 509
532 532
532 509
532 518
532 525
532 542
532 520
532 531
532 958
536 1114
537 509
542 518
542 507
542 524
542 522
542 525
542 524
542 509
543 518
544 546
544 1161
545 571
549 1226
550 562
551 558
552 550
552 720
552 860
554 558
554 552
555 546
556 556
558 558
558 567
558 575
558 576
558 563
558 578
558 545
558 558
558 578
558 570
558 550
558 562
558 558
558 553
558 558
558 579
558 593
558 1064
559 573
559 558
559 563
561 578
563 558
563 844
563 1182
564 559
564 563
564 873
565 571
567 566
571 558
571 567
571 564
571 571
571 545
571 571
571 558
571 544
571 569
571 607
571 1028
571 1112
571 1187
572 544
574 1009
576 578
576 558
576 566
576 576
576 897
576 1104
577 567
578 552
578 550
578 559
578 558
578 576
578 571
578 544
578 968
578 986
579 610
579 597
579 599
579 592
580 580
580 590
580 581
580 607
580 580
580 593
581 589
581 608
582 596
582 597
582 595
582 582
582 607
582 579
582 579
582 609
582 593
582 597
582 589
582 990
584 604
584 607
586 582
586 607
586 579
586 607
586 601
586 597
586 582
586 897
587 607
587 596
587 611
588 589
588 605
588 980
589 589
589 596
589 596
589 597
589 609
589 587
589 586
589 587
589 597
589 589
589 608
589 609
589 582
589 722
589 1025
589 1222
589 1285
590 590
590 597
590 602
590 589
590 610
590 597
590 613
590 819
591 1179
592 586
592 597
593 582
593 610
594 610
594 854
596 609
596 582
596 597
596 610
596 609
596 582
596 582
596 580
596 598
596 591
596 589
596 878
597 582
597 599
597 586
597 596
597 608
597 597
597 607
597 590
597 609
597 594
597 585
597 589
597 591
597 609
597 627
599 591
599 583
599 582
600 590
600 582
601 589
601 582
602 589
602 1290
603 589
604 597
604 582
605 1257
606 607
607 596
607 582
607 589
607 602
607 848
608 602
609 594
609 602
610 582
610 589
610 1139
611 592
611 590
612 953
613 1217
614 616
614 641
614 641
614 620
614 624
614 624
614 641
614 639
614 624
614 627
614 634
614 627
614 620
614 641
614 635
614 627
614 645
614 628
614 625
615 627
616 632
616 614
616 631
616 625
616 620
619 641
619 624
620 643
620 639
620 624
620 614
620 618
620 639
620 625
620 624
620 624
620 619
620 639
620 646
620 624
620 627
620 627
620 713
621 614
624 643
624 624
624 624
624 627
624 633
624 632
624 625
624 645
624 624
624 614
624 634
624 641
624 638
624 627
624 624
624 614
624 634
624 640
624 639
624 632
624 626
624 633
624 637
624 614
624 641
624 635
624 634
624 646
624 645
624 624
624 647
624 644
624 614
624 625
624 614
625 624
625 614
625 614
625 634
625 620
625 620
625 641
625 624
625 639
625 614
625 624
625 641
625 637
625 628
626 624
627 627
627 628
627 620
627 641
627 644
627 614
627 634
627 644
628 627
628 614
628 614
628 627
630 645
632 639
632 641
632 639
632 620
633 641
633 641
634 641
634 641
634 614
634 634
634 625
634 639
634 620
634 620
634 624
634 624
634 1291
637 620
637 620
638 639
639 641
639 614
639 645
639 634
639 625
639 639
639 627
639 633
639 620
640 641
641 624
641 632
641 641
641 614
641 637
641 625
641 641
641 641
641 620
641 641
641 624
641 616
641 641
641 624
641 641
641 616
641 619
641 645
641 620
641 626
641 626
641 641
641 616
641 639
641 641
641 645
641 639
641 616
641 896
641 956
642 634
643 614
643 645
644 641
644 628
644 625
644 645
644 614
645 614
645 645
645 645
645 641
645 641
645 641
645 641
645 620
645 624
645 641
645 647
645 645
645 625
645 628
645 645
645 624
645 641
645 639
645 627
645 1248
646 641
646 645
647 624
647 624
647 614
647 645
647 641
647 645
648 667
651 667
651 660
652 667
652 677
654 667
654 694
656 667
657 667
657 677
657 1165
665 677
665 677
667 677
667 680
667 657
667 654
667 677
667 667
667 677
667 667
667 667
667 744
668 677
672 659
677 667
677 677
677 667
677 677
677 667
677 667
677 677
677 677
677 677
677 677
677 667
677 667
677 667
677 677
677 677
677 669
677 720
677 769
677 1106
678 675
679 677
681 704
682 769
682 838
684 696
684 694
684 684
684 687
684 709
684 1228
685 705
685 693
687 704
688 704
689 709
689 696
691 684
691 709
695 696
696 704
696 709
696 696
696 1129
700 702
700 704
702 703
703 684
703 681
703 1167
704 684
704 707
704 700
704 683
704 702
704 704
704 684
704 686
704 704
704 694
704 704
704 684
704 697
704 704
704 681
704 696
704 704
704 691
704 704
704 684
704 704
704 758
704 792
704 1015
704 1162
704 1196
704 1245
705 700
705 704
707 700
709 709
709 704
709 682
709 684
709 709
709 702
709 704
709 880
709 1076
709 1106
711 719
712 721
712 733
712 733
712 720
712 733
712 720
712 720
712 720
712 733
712 717
712 720
712 720
712 712
712 720
712 720
712 753
713 733
716 1184
720 712
720 720
720 720
720 733
720 712
720 720
720 720
720 712
720 720
720 722
720 720
720 720
720 720
720 711
720 729
721 720
723 720
723 712
734 1221
739 770
743 755
743 747
744 743
744 750
744 744
744 744
744 744
744 749
744 740
744 744
744 750
744 750
744 750
744 739
744 744
744 744
744 743
744 1165
746 744
747 760
748 747
750 744
750 744
750 744
750 744
750 744
750 751
753 761
753 744
753 744
755 744
758 739
760 750
764 764
768 770
769 788
769 765
769 780
769 765
769 765
769 769
769 1064
769 1165
770 765
770 785
770 779
771 770
771 781
771 783
772 786
773 770
775 780
776 769
777 781
778 781
780 781
780 786
780 782
780 769
780 769
780 780
780 788
781 773
781 769
781 769
781 765
781 773
781 778
781 773
781 789
781 765
783 769
783 782
783 1226
787 769
789 769
792 796
792 805
792 811
792 795
792 803
792 795
792 812
792 795
792 797
792 797
792 792
792 792
792 812
792 1231
793 795
793 802
793 811
793 810
794 792
795 804
795 803
795 812
795 795
795 800
795 801
795 795
795 1236
796 801
797 805
797 795
798 799
800 812
800 792
801 878
801 895
802 812
803 795
803 797
803 795
804 799
805 792
805 798
805 797
805 795
805 795
805 794
807 793
808 793
808 800
808 1118
811 797
812 805
812 808
812 795
812 803
818 822
819 830
819 819
819 830
819 830
819 819
819 833
819 830
819 819
819 819
819 830
819 830
819 819
819 819
819 830
819 827
819 990
820 819
820 830
820 831
821 819
827 819
828 819
828 828
830 819
830 834
830 819
831 819
833 830
835 830
838 855
838 848
840 848
842 848
843 848
845 860
846 848
847 848
848 850
848 848
848 850
848 860
848 848
848 848
848 848
848 848
848 854
848 848
848 850
848 848
848 848
848 860
848 847
848 848
848 860
848 848
848 848
848 847
848 848
848 848
848 851
848 860
848 860
848 860
848 860
848 855
848 848
848 857
848 848
848 848
848 860
848 848
848 860
848 848
848 860
848 848
848 856
848 850
848 1030
849 860
850 848
850 848
850 860
850 848
851 860
851 860
854 860
854 848
854 838
855 848
855 860
855 860
856 857
856 848
857 860
859 860
859 860
860 856
860 860
860 860
860 860
860 848
860 860
860 848
860 860
860 860
860 860
860 860
860 860
860 848
860 848
860 848
860 849
860 860
860 848
860 860
860 860
860 860
860 860
860 856
860 860
860 848
860 860
860 860
860 860
860 848
860 848
860 860
860 848
860 860
860 849
860 860
860 845
860 848
860 890
860 1188
860 1250
860 1275
861 865
861 883
861 863
863 1127
864 1015
865 871
865 883
869 873
869 880
869 874
869 881
871 873
871 873
873 880
873 873
873 883
873 873
873 883
873 863
873 865
875 873
880 865
880 881
880 883
881 883
881 863
881 869
881 865
881 880
881 879
881 880
881 876
883 861
885 890
888 904
888 890
888 891
889 895
889 1065
890 900
890 896
890 899
890 895
890 899
890 895
890 897
890 897
890 890
890 931
894 900
895 890
895 890
895 890
895 895
895 895
895 895
895 895
895 895
895 890
895 923
895 979
895 997
895 1090
896 1210
897 888
897 890
897 899
897 895
897 890
897 904
897 899
899 888
899 897
900 904
904 888
904 890
905 890
905 899
908 922
909 910
911 990
913 913
913 909
914 907
914 920
914 920
914 914
914 920
914 914
914 913
914 924
914 915
915 920
917 923
918 914
918 923
920 926
920 920
920 920
920 906
920 914
923 907
923 908
923 912
923 916
923 917
923 920
924 914
924 920
925 914
925 908
926 913
926 1086
927 935
927 945
930 940
930 936
930 933
930 930
931 931
931 931
931 945
931 927
931 931
931 927
931 936
931 940
931 935
931 931
931 931
931 927
931 927
932 930
932 1202
933 931
934 940
935 927
937 945
937 944
937 1207
939 1159
940 939
940 945
944 931
944 939
944 931
946 956
954 963
955 956
956 956
956 956
956 956
956 963
956 956
956 962
956 963
956 955
956 952
956 963
956 956
956 959
956 963
956 956
956 961
956 1052
956 1112
957 958
958 956
958 963
959 956
959 956
959 956
961 962
961 955
962 956
962 958
962 962
962 1017
963 955
963 1034
965 980
965 1179
967 979
968 980
971 982
975 977
975 975
975 975
975 975
975 965
977 975
977 971
977 980
978 975
979 971
980 977
980 982
980 975
981 980
981 975
982 977
982 975
982 991
983 997
986 990
987 997
989 997
989 997
990 986
990 989
990 999
990 990
991 999
993 986
994 991
995 997
995 989
996 991
997 990
997 989
997 989
997 993
999 987
1006 1015
1006 1017
1008 1016
1009 1011
1011 1009
1011 1017
1013 1005
1013 1008
1013 1016
1013 1017
1015 1013
1015 1005
1015 1013
1015 1207
1016 1011
1016 1008
1016 1015
1016 1009
1016 1011
1017 1008
1017 1011
1017 1009
1017 1003
1017 1017
1017 1015
1018 1028
1018 1018
1018 1029
1018 1032
1018 1023
1018 1028
1018 1032
1018 1031
1020 1020
1020 1025
1020 1027
1023 1023
1023 1018
1024 1033
1025 1032
1025 1029
1025 1023
1026 1023
1026 1027
1027 1020
1027 1029
1027 1026
1028 1021
1029 1023
1031 1020
1031 1031
1031 1018
1031 1023
1032 1029
1032 1030
1032 1033
1032 1029
1034 1040
1034 1046
1034 1035
1034 1046
1035 1040
1035 1049
1035 1046
1035 1042
1036 1047
1040 1049
1040 1040
1040 1035
1040 1044
1040 1045
1040 1040
1040 1040
1041 1034
1042 1035
1042 1036
1042 1034
1046 1040
1046 1040
1046 1040
1046 1034
1047 1035
1049 1038
1050 1078
1051 1051
1051 1052
1051 1052
1051 1057
1052 1059
1052 1057
1052 1053
1052 1054
1052 1052
1052 1052
1052 1059
1052 1054
1052 1051
1052 1057
1052 1057
1052 1061
1052 1063
1053 1061
1054 1053
1054 1052
1055 1061
1055 1052
1057 1063
1057 1054
1057 1059
1057 1057
1057 1057
1057 1057
1057 1056
1057 1050
1057 1061
1057 1054
1057 1057
1058 1059
1059 1057
1059 1057
1059 1051
1059 1052
1060 1057
1061 1057
1061 1061
1061 1050
1061 1051
1061 1059
1064 1073
1065 1073
1065 1068
1065 1064
1065 1073
1065 1073
1065 1074
1066 1070
1066 1074
1067 1064
1068 1074
1068 1064
1068 1073
1068 1066
1068 1070
1070 1070
1070 1065
1070 1066
1070 1067
1070 1066
1070 1073
1070 1074
1070 1066
1071 1064
1073 1065
1073 1064
1073 1064
1073 1074
1073 1066
1073 1074
1075 1076
1076 1066
1076 1065
1076 1117
1077 1077
1077 1081
1077 1081
1078 1086
1081 1081
1081 1077
1083 1081
1086 1081
1086 1081
1086 1081
1086 1086
1086 1077
1086 1081
1090 1090
1090 1090
1090 1090
1090 1097
1090 1090
1092 1096
1092 1097
1093 1097
1093 1096
1094 1095
1095 1090
1095 1090
1095 1096
1096 1090
1096 1094
1096 1089
1097 1097
1098 1104
1099 1100
1099 1106
1100 1099
1100 1103
1103 1101
1103 1100
1103 1106
1103 1103
1103 1106
1106 1106
1106 1103
1107 1109
1107 1111
1107 1113
1107 1109
1107 1107
1107 1112
1107 1110
1108 1113
1108 1114
1108 1107
1108 1112
1108 1114
1108 1114
1109 1112
1109 1109
1109 1109
1109 1113
1109 1114
1109 1113
1111 1113
1112 1112
1112 1114
1113 1113
1113 1109
1113 1107
1113 1113
1113 1114
1113 1113
1113 1108
1113 1113
1113 1113
1113 1107
1114 1109
1116 1117
1117 1118
1117 1242
1118 1116
1119 1117
1119 1119
1119 1123
1120 1120
1121 1119
1122 1123
1122 1116
1122 1122
1122 1120
1123 1117
1123 1120
1123 1116
1124 1126
1124 1124
1125 1127
1126 1126
1126 1124
1126 1124
1127 1124
1127 1129
1127 1124
1128 1127
1129 1124
1129 1124
1129 1131
1129 1130
1130 1128
1131 1131
1131 1126
1132 1139
1132 1134
1132 1137
1132 1136
1133 1139
1134 1139
1134 1134
1134 1133
1139 1136
1139 1133
1139 1139
1139 1132
1139 1133
1139 1132
1140 1140
1140 1143
1141 1140
1141 1143
1141 1145
1141 1140
1141 1141
1141 1144
1143 1140
1143 1146
1143 1143
1143 1141
1143 1143
1144 1142
1144 1140
1144 1142
1145 1140
1146 1141
1146 1145
1146 1144
1146 1140
1146 1140
1146 1144
1148 1151
1150 1151
1150 1148
1150 1149
1151 1149
1152 1152
1152 1151
1152 1151
1153 1151
1154 1159
1156 1159
1157 1157
1157 1158
1157 1158
1158 1157
1158 1158
1159 1157
1159 1157
1159 1158
1161 1161
1161 1164
1162 1161
1162 1166
1162 1166
1162 1166
1162 1162
1163 1165
1165 1162
1165 1165
1166 1164
1166 1165
1167 1170
1167 1168
1167 1168
1167 1167
1167 1169
1168 1169
1168 1168
1168 1168
1168 1169
1168 1172
1172 1168
1172 1168
1172 1168
1172 1170
1173 1174
1173 1177
1175 1176
1175 1175
1175 1175
1176 1177
1176 1177
1177 1177
1177 1173
1177 1178
1179 1183
1179 1180
1180 1179
1182 1183
1182 1179
1183 1183
1183 1182
1183 1183
1186 1187
1186 1187
1186 1186
1186 1187
1186 1186
1186 1187
1186 1186
1186 1186
1187 1187
1191 1191
1192 1191
1192 1194
1194 1194
1194 1190
1194 1192
1195 1197
1195 1195
1195 1195
1195 1197
1197 1199
1197 1197
1197 1197
1197 1195
1199 1199
1199 1197
1202 1204
1202 1202
1202 1204
1204 1204
1204 1204
1204 1202
1205 1205
1205 1207
1205 1205
1205 1207
1207 1207
1207 1205
1207 1206
1210 1210
1211 1214
1211 1211
1213 1213
1214 1214
1214 1214
1214 1211
1215 1215
1216 1219
1216 1218
1217 1217
1217 1216
1217 1216
1218 1215
1218 1215
1219 1216
1220 1221
1221 1223
1222 1223
1223 1221
1223 1221
1226 1228
1228 1229
1228 1228
1228 1229
1229 1226
1229 1226
1230 1231
1230 1232
1230 1232
1230 1231
1230 1231
1230 1230
1230 1230
1230 1233
1230 1231
1230 1230
1231 1232
1231 1232
1231 1232
1231 1233
1231 1230
1231 1230
1231 1233
1232 1233
1232 1233
1232 1231
1232 1230
1232 1230
1232 1233
1232 1230
1233 1233
1233 1230
1233 1233
1233 1230
1233 1231
1233 1233
1233 1232
1236 1235
1236 1236
1236 1236
1236 1236
1236 1236
1237 1237
1237 1237
1239 1237
1240 1240
1240 1240
1240 1241
1240 1242
1240 1242
1240 1242
1240 1242
1240 1242
1241 1241
1242 1242
1242 1241
1243 1243
1243 1245
1243 1243
1245 1243
1246 1247
1247 1247
1248 1247
1248 1246
1250 1250
1250 1250
1250 1251
1253 1252
1253 1254
1254 1253
1255 1257
1257 1257
1257 1255
1258 1258
1259 1258
1259 1260
1260 1259
1260 1260
1260 1258
1260 1259
1261 1263
1261 1261
1262 1263
1263 1261
1263 1263
1263 1261
1264 1264
1264 1264
1264 1264
1264 1264
1267 1267
1267 1269
1267 1269
1267 1269
1270 1270
1270 1270
1271 1271
1271 1270
1272 1273
1272 1272
1274 1275
1275 1275
1276 1276
1277 1277
1278 1278
1279 1279
1280 1280
1280 1280
1283 1282
1283 1282
1285 1285
1285 1284
1287 1287
1288 1288
1288 1288
1289 1289
1289 1289
1290 1290
1290 1290
1290 1290
1291 1291
1292 1292
1293 1293
1293 1293
1293 1293
1294 1294
1295 1295
1296 1296
1297 1297
1298 1298
1299 1299
1299 1299