0 57
0 65
0 82
0 40
0 82
0 117
0 125
0 148
0 69
0 22
0 53
1 92
1 129
1 129
1 82
1 100
1 111
1 40
1 99
1 148
1 82
1 2110
2 62
2 77
2 52
2 21
2 148
2 48
2 157
3 149
4 0
4 142
4 48
4 52
4 100
4 121
4 40
4 6
4 124
4 15
5 157
6 48
6 148
6 6
6 79
6 1046
7 71
9 139
9 82
9 48
9 19
10 149
10 2095
11 52
11 148
11 111
11 157
12 141
12 52
12 356
12 1031
15 48
15 122
15 102
15 5
15 16
15 117
15 77
15 157
15 107
15 574
16 48
17 19
17 6
19 139
19 53
19 158
19 111
19 0
19 2117
21 36
21 44
21 77
21 157
21 77
21 158
21 48
21 154
21 1
21 0
21 56
21 40
21 1268
21 1684
21 1691
22 116
22 9
22 15
22 144
22 101
22 16
23 141
28 82
29 57
30 1
30 116
30 0
30 92
31 115
31 71
33 42
35 40
37 134
37 21
38 116
39 48
40 79
40 1
40 56
40 40
40 161
40 48
40 3
40 57
40 84
40 22
40 0
40 48
41 53
43 28
44 78
44 99
45 148
45 82
48 40
48 150
48 148
48 100
48 148
48 100
48 116
48 116
48 19
48 129
48 123
48 27
48 0
48 40
48 141
48 129
48 77
48 30
48 94
48 97
48 15
48 139
48 21
48 144
48 165
48 1031
48 1032
48 1694
48 1727
51 125
52 1
52 113
52 52
52 830
52 1922
53 93
53 142
53 148
53 144
53 78
53 89
53 148
53 41
53 116
53 111
53 141
53 113
53 48
53 82
53 122
53 148
53 48
53 6
53 48
53 48
53 838
53 1051
58 1031
59 116
60 154
60 201
61 113
62 795
63 116
63 116
63 48
63 74
63 1
63 1718
63 2019
63 2047
64 157
64 1
64 2085
66 37
67 135
67 21
67 48
67 82
67 129
67 21
67 82
67 53
67 28
69 109
69 1263
71 52
73 128
74 21
75 139
75 4
75 157
76 77
76 1029
77 150
77 11
77 37
77 48
77 129
77 15
77 82
77 147
77 124
77 94
77 21
77 1744
77 2594
78 142
78 126
78 37
78 82
79 67
80 157
82 144
82 101
82 1
82 4
82 113
82 89
82 0
82 149
82 144
82 98
82 116
82 9
82 118
82 132
82 141
82 157
82 94
82 148
82 44
82 1046
82 1028
82 1031
82 2141
83 150
84 22
85 135
86 148
88 1
88 98
89 64
91 4
91 96
91 148
91 14
91 75
91 40
92 157
92 82
94 157
94 116
94 43
94 150
94 148
94 150
94 48
94 771
94 1230
97 144
97 1135
98 2119
99 149
100 27
100 157
100 12
100 17
100 116
100 82
100 148
100 1233
101 115
101 4
101 102
101 161
101 94
102 82
102 102
102 116
102 53
102 150
102 116
102 59
103 158
104 61
105 96
109 157
109 21
109 149
110 102
111 116
111 94
111 157
111 22
111 48
111 102
111 116
111 77
111 21
112 111
113 19
113 56
113 111
113 29
113 645
115 94
115 2
115 157
115 21
115 1243
116 129
116 77
116 158
116 6
116 53
116 132
116 97
116 56
116 48
116 123
116 113
116 53
116 157
116 48
116 157
116 134
116 82
116 10
116 81
116 126
116 48
116 873
116 1720
116 1880
117 48
117 53
118 157
118 82
118 82
118 60
120 116
121 148
121 101
121 141
122 51
123 74
123 48
123 15
123 52
123 2057
124 11
125 122
125 71
126 116
126 142
126 62
126 104
128 144
128 111
128 110
128 1
128 63
129 82
129 116
129 149
129 148
129 28
129 0
129 82
129 52
129 144
129 12
131 63
131 100
132 48
132 119
134 47
134 129
134 302
134 1910
135 53
139 77
139 40
139 21
139 116
139 141
139 67
139 0
139 921
141 74
141 52
141 1087
141 1044
141 2602
142 48
144 157
144 150
144 129
144 2579
145 67
148 148
148 116
148 139
148 6
148 78
148 101
148 148
148 109
148 116
148 115
148 3
148 159
148 94
148 48
148 113
148 121
148 72
148 15
148 28
148 100
148 149
148 157
148 82
148 111
148 157
148 2106
149 116
149 23
149 0
149 454
149 2097
149 2627
150 116
150 53
150 59
150 4
150 82
150 149
150 0
150 53
150 148
150 394
150 1037
152 42
153 165
155 111
157 144
157 157
157 52
157 144
157 82
157 116
157 21
157 88
157 111
157 144
157 157
157 67
157 116
157 53
157 4
157 16
157 48
157 157
157 48
157 1214
157 2110
157 2502
158 94
158 53
159 0
159 94
161 48
161 97
161 121
161 148
161 3
161 148
163 116
163 119
164 135
165 116
167 218
167 270
169 184
171 213
171 246
171 281
171 587
171 1594
171 1592
176 444
177 260
178 475
179 873
179 2473
181 200
181 870
183 214
184 241
184 296
184 184
184 200
184 177
184 270
184 218
184 270
184 260
184 269
184 275
184 286
184 236
184 218
184 266
184 195
184 245
184 245
184 201
184 337
184 407
184 661
184 1629
184 1618
184 2495
187 184
189 281
189 274
193 167
195 249
195 218
195 277
195 276
195 236
195 266
195 211
195 266
195 522
195 1087
197 275
197 248
197 199
197 252
197 410
198 428
198 1136
199 271
199 284
199 2301
200 198
200 184
200 275
200 290
200 218
200 218
200 283
200 270
200 214
200 275
200 213
200 444
200 537
200 711
200 2615
201 1773
203 728
204 218
205 462
206 289
206 218
206 270
206 218
208 296
208 212
208 858
208 870
209 200
209 177
209 218
210 246
210 253
211 213
211 236
211 1592
212 257
212 218
212 236
212 1892
213 236
213 275
213 200
213 184
213 218
213 260
213 218
213 296
213 214
213 218
213 266
213 215
213 236
213 2554
214 278
215 283
215 184
215 275
215 462
215 1609
217 245
217 234
218 277
218 266
218 183
218 215
218 268
218 295
218 275
218 180
218 275
218 236
218 270
218 247
218 256
218 200
218 184
218 168
218 236
218 175
218 266
218 1322
218 1385
218 2021
218 2241
218 2334
218 2624
219 281
222 184
223 197
225 219
226 184
230 171
232 201
234 291
234 263
234 275
234 218
234 2428
236 286
236 266
236 200
236 184
236 218
236 236
236 236
236 275
236 289
236 239
236 200
236 266
236 270
236 266
236 281
236 281
236 236
236 213
236 213
236 266
236 270
236 213
236 936
236 1871
236 2071
236 2301
236 2414
237 241
238 228
238 475
239 195
239 270
239 266
240 211
241 194
245 260
245 223
245 475
245 538
246 173
246 184
246 2312
247 213
249 289
249 195
249 238
253 184
253 270
253 407
253 902
254 184
254 283
254 1610
255 270
255 481
256 218
256 218
257 275
259 296
259 195
259 1412
259 2281
260 236
261 173
261 274
261 218
261 218
261 214
261 236
261 268
261 481
261 532
262 925
265 261
266 200
266 236
266 275
266 184
266 213
266 195
266 207
266 277
266 195
266 213
266 205
266 275
266 296
266 236
266 270
266 195
266 734
266 904
266 1178
266 1854
266 1932
266 2368
267 223
268 234
268 270
269 268
269 1239
269 1892
270 253
270 213
270 213
270 266
270 201
270 184
270 275
270 274
270 236
270 167
270 223
270 261
270 275
270 270
270 270
270 253
270 283
270 213
270 220
270 268
270 213
270 266
270 275
270 206
270 205
270 201
270 213
270 218
270 281
270 276
270 274
270 213
270 270
270 184
270 263
270 433
270 1886
270 2112
270 2174
272 234
274 270
274 266
274 184
274 287
274 270
274 277
274 277
274 481
275 261
275 266
275 236
275 218
275 270
275 188
275 241
275 266
275 296
275 213
275 234
275 256
275 266
275 281
275 213
275 270
275 213
275 167
275 283
275 213
275 270
275 200
275 245
275 175
275 244
275 218
275 266
275 184
275 247
275 399
275 406
275 693
275 772
275 873
275 1045
275 1402
275 1559
275 2255
275 2544
276 236
277 282
277 870
277 2530
281 270
281 281
281 214
281 173
281 266
281 180
281 218
281 213
281 627
281 1049
281 2235
281 2621
283 218
283 236
283 487
284 236
284 203
286 215
286 261
286 236
286 218
286 218
288 245
289 184
289 261
293 275
293 266
295 1629
296 204
296 215
296 261
296 266
296 1692
298 394
298 339
298 302
298 316
298 334
298 367
298 394
298 433
301 302
302 333
302 322
302 321
302 337
302 302
302 356
302 383
302 337
302 356
302 356
302 315
302 302
302 367
302 316
302 356
302 399
302 367
302 318
302 318
302 377
302 488
302 407
302 409
302 423
302 802
302 1249
303 333
304 367
304 316
304 873
304 1295
304 1726
306 444
307 329
308 447
310 317
310 422
311 338
313 316
314 324
315 369
316 383
316 338
316 325
316 381
316 318
316 356
316 331
316 393
316 302
316 377
316 298
316 342
316 302
316 339
316 356
316 356
316 383
316 298
316 356
316 353
316 344
316 302
316 342
316 302
316 383
316 407
316 430
317 357
317 368
318 342
318 338
318 316
318 572
319 302
319 348
319 346
319 2207
320 433
321 454
322 356
322 454
323 368
323 369
323 333
323 333
323 316
324 302
324 322
324 319
324 316
325 301
325 356
325 353
328 333
328 340
328 316
329 367
329 333
329 316
329 298
329 407
331 367
331 356
331 367
331 318
331 367
331 454
331 2073
332 300
332 318
333 365
333 344
333 367
333 365
333 492
333 1252
333 1249
334 338
334 1006
337 394
337 369
337 340
337 399
337 367
337 383
337 433
338 321
338 330
338 298
338 302
338 337
338 406
338 407
338 1583
338 2584
339 331
340 358
340 339
340 387
340 367
340 399
340 316
340 325
340 367
340 461
341 384
342 356
344 356
344 362
344 356
344 323
346 498
346 1107
346 2096
347 316
347 365
347 407
352 552
353 302
356 344
356 306
356 302
356 337
356 329
356 348
356 316
356 316
356 365
356 337
356 367
356 371
356 393
356 310
356 317
356 302
356 344
356 356
356 367
356 310
356 302
356 353
356 364
356 345
356 337
356 316
356 407
356 475
356 475
356 2496
360 317
360 388
365 302
365 356
365 329
365 367
365 383
365 383
365 306
365 2626
367 302
367 356
367 367
367 318
367 333
367 323
367 298
367 316
367 369
367 346
367 367
367 356
367 373
367 322
367 302
367 302
367 316
367 318
367 397
367 397
367 316
367 388
367 302
367 337
367 324
367 338
367 333
367 353
367 356
367 407
367 489
367 407
367 454
367 612
367 921
367 1287
367 1246
367 2260
368 365
368 302
368 462
368 878
368 1111
368 1263
371 462
371 426
372 373
373 365
375 338
377 365
377 337
380 340
383 343
383 302
383 312
383 557
383 1538
383 2618
384 456
384 407
386 356
387 1180
389 365
389 340
390 405
390 2040
392 356
393 393
393 302
394 367
394 356
394 338
394 316
394 404
394 462
394 489
395 323
396 365
396 454
398 302
399 318
399 394
399 302
399 316
399 337
399 344
399 492
399 1067
399 1297
402 1732
402 1742
404 407
404 433
404 475
405 481
405 1111
406 454
406 447
406 405
406 494
406 454
406 409
406 419
406 481
406 444
406 491
406 449
406 475
406 462
406 407
406 428
406 428
406 433
406 468
406 455
406 423
406 462
406 478
406 1700
406 2084
407 407
407 433
407 407
407 407
407 425
407 409
407 407
407 406
407 406
407 407
407 462
407 447
407 461
407 495
407 410
407 425
407 407
407 433
407 433
407 433
407 425
407 433
407 492
407 489
407 425
407 407
407 407
407 454
407 487
407 428
407 433
407 452
407 428
407 462
407 454
407 487
407 462
407 487
407 407
407 406
407 468
407 426
407 483
407 433
407 481
407 475
407 407
407 406
407 454
407 442
407 478
407 409
407 487
407 433
407 454
407 481
407 481
407 407
407 454
407 468
407 428
407 462
407 679
407 809
407 870
407 870
407 1111
407 1635
407 1727
407 1700
407 1692
407 2044
407 2061
407 2446
407 2506
408 407
409 494
409 489
409 475
409 432
409 454
409 454
409 869
409 921
409 2253
409 2603
410 475
410 433
410 1692
411 454
411 419
412 407
412 1626
416 410
417 462
419 469
419 433
419 487
420 462
420 922
422 461
422 444
422 433
422 487
422 1727
422 1716
423 406
423 468
423 462
423 429
423 494
423 481
423 433
423 421
423 410
423 433
423 407
423 462
423 1706
425 433
425 406
425 433
425 404
425 461
425 475
425 435
425 454
425 409
425 433
425 433
425 452
425 462
425 487
425 487
425 1103
425 1302
425 1722
425 1707
425 1699
425 2195
426 462
426 407
426 433
426 481
426 447
426 1697
428 416
428 407
428 409
428 481
428 1932
429 407
429 407
429 423
429 407
429 462
429 433
429 1111
433 420
433 434
433 405
433 475
433 461
433 407
433 462
433 444
433 406
433 442
433 410
433 433
433 442
433 494
433 449
433 406
433 462
433 444
433 423
433 481
433 418
433 407
433 462
433 486
433 433
433 478
433 444
433 475
433 433
433 461
433 429
433 454
433 494
433 406
433 461
433 433
433 462
433 444
433 407
433 498
433 433
433 475
433 475
433 468
433 407
433 454
433 412
433 407
433 425
433 407
433 433
433 444
433 489
433 454
433 423
433 454
433 477
433 409
433 454
433 914
433 908
433 1092
433 1635
433 1697
433 1706
433 1692
433 2625
435 462
436 454
438 454
438 407
438 1103
439 406
439 2307
442 454
442 444
442 407
442 444
442 454
444 433
444 426
444 475
444 407
444 478
444 444
444 493
444 486
444 444
444 495
444 406
444 404
444 407
444 407
444 487
444 468
444 427
444 462
444 481
444 462
444 494
444 406
444 454
444 444
444 495
444 1103
444 1632
444 1705
447 423
447 478
447 406
447 433
447 462
447 407
447 423
447 423
447 433
447 444
447 919
447 1700
447 1710
449 407
449 481
449 420
454 425
454 462
454 481
454 489
454 462
454 407
454 488
454 407
454 447
454 494
454 462
454 462
454 478
454 407
454 407
454 454
454 406
454 481
454 407
454 475
454 425
454 478
454 433
454 425
454 423
454 444
454 447
454 462
454 454
454 475
454 407
454 454
454 409
454 921
454 873
454 1700
454 1719
454 2195
454 2301
455 494
457 407
457 468
457 478
457 447
459 488
461 422
461 409
461 462
461 494
461 430
461 425
461 407
461 454
461 475
461 481
461 1727
461 2630
462 433
462 468
462 461
462 425
462 409
462 489
462 487
462 462
462 407
462 433
462 494
462 462
462 425
462 494
462 447
462 433
462 433
462 407
462 481
462 426
462 481
462 475
462 478
462 433
462 433
462 409
462 423
462 407
462 479
462 462
462 494
462 407
462 462
462 423
462 407
462 489
462 462
462 486
462 433
462 475
462 444
462 407
462 433
462 433
462 494
462 421
462 444
462 426
462 411
462 468
462 492
462 487
462 444
462 486
462 475
462 461
462 425
462 433
462 475
462 407
462 433
462 655
462 921
462 913
462 922
462 1143
462 1252
462 1276
462 1509
462 1692
462 1706
462 1975
462 2513
462 2551
463 422
463 433
463 407
465 423
465 1721
467 449
468 454
468 462
468 433
468 462
468 420
468 428
468 420
468 487
468 409
468 433
468 407
468 454
468 462
468 468
468 487
468 407
468 407
468 487
468 462
468 407
468 587
468 1727
468 2624
470 407
473 462
473 419
475 481
475 412
475 486
475 433
475 434
475 478
475 462
475 433
475 410
475 407
475 468
475 454
475 407
475 475
475 454
475 475
475 433
475 433
475 433
475 433
475 478
475 407
475 494
475 487
475 407
475 410
475 612
475 771
475 921
475 867
475 1722
475 1690
475 1706
475 1700
475 1700
475 2490
477 468
478 494
478 478
478 407
478 478
478 492
478 452
478 407
478 425
478 478
478 447
478 492
478 492
478 433
478 410
478 475
478 815
479 462
479 407
480 478
480 475
481 406
481 407
481 433
481 406
481 407
481 481
481 475
481 461
481 487
481 407
481 461
481 494
481 487
481 407
481 454
481 406
481 489
481 433
481 423
481 1214
481 1269
481 1748
481 2243
482 444
483 475
484 487
485 475
486 409
486 405
486 425
486 475
486 407
486 433
486 868
487 468
487 478
487 468
487 475
487 487
487 423
487 425
487 478
487 494
487 462
487 433
487 407
487 454
487 462
487 736
487 1546
487 1700
487 1690
487 1809
487 1888
487 2299
489 433
489 462
489 462
489 409
489 468
489 420
489 423
490 461
490 1103
491 1309
492 425
492 487
492 433
492 425
492 407
492 1719
492 1727
494 475
494 407
494 489
494 422
494 487
494 475
494 407
494 462
494 461
494 445
494 462
494 406
494 462
494 461
494 420
494 462
494 481
494 481
494 481
494 475
494 433
494 1273
494 1610
494 2014
494 2426
495 462
495 462
498 433
498 1629
498 1714
499 587
500 2247
502 537
504 587
508 585
508 537
509 587
509 535
511 537
511 537
513 538
518 1395
520 537
521 587
522 515
522 587
522 557
522 538
523 575
525 592
528 557
529 537
529 859
532 587
532 540
532 687
533 557
534 537
534 587
534 549
534 575
534 1526
535 575
536 557
537 565
537 557
537 589
537 557
537 587
537 538
537 571
537 537
537 582
537 571
537 587
537 583
537 549
537 521
537 586
537 549
537 587
537 1795
537 2111
538 557
538 581
538 578
538 589
538 587
538 572
538 587
540 657
540 2158
541 537
542 508
542 587
542 557
542 562
542 537
543 557
545 500
545 534
545 574
546 1905
549 573
549 576
550 587
551 557
551 508
552 558
552 550
552 590
552 2194
552 2571
553 518
553 537
553 549
555 502
555 560
556 1044
557 546
557 575
557 591
557 587
557 587
557 562
557 734
557 1404
557 1635
559 587
559 509
562 560
562 534
566 587
568 537
569 557
569 532
569 537
570 558
570 522
572 522
572 545
572 859
575 575
575 546
575 587
575 575
575 580
575 538
575 522
575 537
575 592
575 575
575 736
575 1160
575 2054
576 587
577 587
577 1764
581 587
582 527
583 1691
585 508
585 522
586 549
587 587
587 587
587 552
587 527
587 522
587 529
587 537
587 552
587 585
587 534
587 587
587 589
587 586
587 521
587 513
587 553
587 587
587 532
587 587
587 534
587 572
587 549
587 1546
587 1882
589 551
589 587
589 559
589 557
589 537
589 1249
589 2222
590 569
591 532
592 537
592 922
595 671
597 671
597 655
597 657
597 676
597 687
600 643
602 613
602 630
602 643
602 641
603 662
603 2311
604 596
607 654
607 671
607 602
608 603
609 664
610 655
610 633
611 622
611 671
611 1401
612 630
613 661
613 655
613 673
613 638
614 676
614 614
615 657
616 593
616 618
619 655
619 630
620 679
620 638
620 648
621 668
622 673
622 602
622 607
622 2010
623 2181
624 594
625 659
625 612
627 604
627 643
627 655
627 620
627 679
627 669
628 661
629 657
630 650
630 676
630 659
630 650
630 2411
635 655
637 676
639 627
641 659
642 630
642 1302
646 678
646 2301
648 676
651 630
651 643
652 659
655 676
655 655
655 670
655 659
655 630
655 661
655 641
655 617
655 643
655 669
655 2048
656 629
656 627
656 1970
657 659
657 655
657 659
658 676
658 659
658 659
659 596
659 603
659 607
659 676
659 655
659 636
659 667
659 596
659 670
659 903
661 654
661 659
661 636
661 676
662 676
662 2190
664 676
664 656
664 659
666 1802
667 667
668 616
670 655
671 607
671 659
671 675
671 597
671 1852
671 1871
673 659
675 656
676 607
676 659
676 659
676 659
676 608
676 674
676 659
676 623
676 608
676 650
676 846
676 1217
676 2275
677 659
678 596
679 595
679 667
679 655
680 679
683 699
684 743
685 743
685 726
685 702
686 743
686 758
687 703
687 739
688 734
688 763
689 745
689 747
689 734
689 729
689 723
689 2054
691 752
691 743
692 689
692 751
692 693
693 768
693 716
693 734
693 760
693 689
693 743
693 745
693 922
694 757
695 698
698 751
699 708
699 699
699 714
699 689
699 702
699 745
699 751
699 736
699 713
699 2326
702 725
702 751
702 754
702 716
702 692
702 754
702 743
702 702
702 734
702 693
702 713
702 707
703 719
703 751
703 724
703 751
704 700
712 686
712 745
714 736
715 747
715 754
715 761
715 745
716 735
719 699
720 750
720 751
723 751
723 732
724 754
725 683
725 751
725 751
726 734
726 751
726 726
726 692
729 687
730 699
732 689
732 751
732 746
734 689
734 725
734 703
734 743
734 757
734 743
735 740
735 687
736 761
736 689
736 692
736 751
736 2417
737 716
737 701
738 758
739 752
739 720
739 687
743 754
743 691
743 855
745 698
745 1370
745 1912
746 699
746 734
747 734
747 699
747 734
747 693
747 744
749 747
751 702
751 734
751 687
751 687
751 725
751 690
751 732
751 699
751 751
751 685
751 713
751 751
751 745
751 743
751 702
751 745
751 734
751 2317
751 2550
754 694
754 706
754 713
754 1871
756 2562
759 746
763 690
767 752
767 751
770 829
770 774
770 2589
771 844
771 807
771 838
771 809
771 840
771 820
771 789
771 851
771 793
771 779
771 853
771 996
771 1177
772 770
773 809
773 825
773 801
773 821
773 791
773 807
773 791
773 1945
774 1692
775 783
775 795
775 837
775 774
775 786
775 802
775 816
775 793
775 1280
775 1727
778 827
778 788
778 809
778 771
778 776
778 2246
778 2504
782 849
783 824
783 809
783 783
783 1220
784 844
784 796
784 1104
786 822
786 822
786 844
786 795
786 795
786 796
786 852
787 789
788 832
788 850
788 852
788 798
789 789
789 789
789 775
789 796
789 789
789 837
789 770
789 825
789 838
789 802
789 785
789 789
789 786
789 825
789 834
789 819
789 790
789 1150
789 1113
789 1188
789 1186
789 1724
789 1747
790 855
790 855
791 822
791 796
791 784
793 826
793 805
793 2021
793 2607
794 824
795 783
795 816
795 789
795 789
795 789
796 815
796 773
796 790
796 816
796 816
796 822
796 855
796 808
797 843
797 2061
798 807
799 822
801 1724
802 776
802 776
802 810
802 775
803 808
803 792
803 831
803 786
805 806
805 783
807 834
807 795
807 773
807 2195
808 844
808 789
809 823
809 796
809 809
809 796
809 789
809 1696
809 2087
810 776
810 785
810 1724
812 807
814 847
815 825
815 847
815 840
816 790
816 789
816 819
816 779
816 843
816 809
816 822
817 816
819 809
819 1194
822 838
823 846
823 796
823 1198
823 1198
824 804
824 807
825 843
825 855
825 847
825 825
826 778
826 838
826 822
826 801
826 810
827 775
827 1211
828 799
828 775
830 796
830 1796
831 809
831 775
832 775
832 836
832 1205
833 825
835 1142
836 816
836 2580
837 854
837 832
837 783
837 776
838 807
838 786
838 822
838 796
838 789
838 816
838 1200
838 1727
839 850
840 838
841 789
842 816
842 795
842 771
842 1103
842 2402
843 789
843 805
844 816
844 855
844 853
844 776
844 783
844 816
844 797
844 1370
844 2143
845 809
845 775
845 808
845 833
845 1932
846 1214
849 822
850 805
851 789
853 839
854 805
855 783
855 793
855 827
855 775
855 838
855 855
855 826
855 855
855 779
855 783
855 822
855 1178
857 873
859 870
860 872
861 870
861 909
861 905
862 2550
866 870
866 921
866 2307
867 921
868 891
868 921
868 870
868 857
868 1882
869 913
869 883
869 873
869 870
869 922
870 936
870 870
870 870
870 870
870 859
870 902
870 870
870 873
870 914
870 914
870 897
870 933
870 891
870 921
870 873
870 869
870 869
870 914
870 873
870 921
870 870
870 916
870 2482
870 2502
873 870
873 926
873 900
873 891
873 864
873 873
873 916
873 1417
873 1932
874 907
874 862
874 922
874 1581
876 921
876 927
879 870
880 922
880 870
884 928
885 867
886 921
889 921
891 902
891 870
891 870
891 870
891 873
891 870
891 1082
891 2181
891 2492
892 870
893 922
894 891
894 883
895 870
897 921
897 905
897 926
897 1772
897 1878
898 868
898 916
898 921
900 926
900 1888
905 873
905 905
905 870
908 922
912 922
912 914
913 870
914 922
914 870
914 868
914 913
914 869
914 2414
915 921
916 905
916 922
916 870
916 870
916 922
916 920
916 2568
917 928
917 921
918 2301
919 873
920 870
920 870
920 921
920 2034
921 877
921 921
921 917
921 856
921 891
921 871
921 921
921 922
921 891
921 891
921 870
921 891
921 862
921 859
921 868
921 884
922 873
922 916
922 928
922 922
922 885
922 921
922 870
922 873
922 870
922 884
922 916
922 906
922 921
922 870
922 888
922 873
922 922
922 870
922 921
923 897
923 891
925 870
926 922
926 905
926 922
926 921
926 921
926 859
926 1233
928 916
928 902
928 926
936 922
936 868
936 870
937 894
939 970
940 958
946 996
951 1006
951 996
953 940
953 996
955 1011
955 1006
959 1011
961 1006
962 996
962 1006
962 996
962 1006
966 996
968 1006
968 996
968 996
969 996
974 1006
975 1013
975 996
985 1006
987 996
987 1006
992 999
992 1006
992 1422
993 1007
994 996
994 1230
995 996
996 1006
996 1006
996 994
996 999
996 1006
996 996
996 996
996 1006
996 1006
996 996
996 996
996 982
996 1006
996 940
996 1013
996 996
996 952
996 1015
996 940
996 950
996 998
996 1006
996 996
996 1006
996 1141
996 1727
996 2402
997 1013
999 982
999 1009
999 963
999 1006
999 1003
999 1006
1002 970
1004 1006
1005 940
1006 994
1006 1006
1006 1006
1006 1009
1006 1006
1006 1016
1006 940
1006 996
1006 1006
1006 989
1006 987
1006 977
1006 939
1006 996
1006 960
1006 1006
1006 996
1006 1006
1006 996
1006 1013
1006 1006
1006 1444
1006 2384
1008 1000
1009 996
1010 962
1011 1670
1012 987
1013 996
1014 996
1018 1046
1018 1066
1018 1048
1019 1021
1020 1046
1021 1052
1021 1026
1021 1078
1021 1046
1021 1078
1021 1046
1021 1033
1023 1037
1023 1023
1026 1048
1029 1087
1029 1084
1029 1088
1029 1031
1029 1086
1029 1040
1029 1044
1029 1029
1030 1037
1030 1091
1031 1046
1031 1043
1031 1049
1031 1031
1031 1044
1031 1046
1031 1037
1031 1029
1031 1020
1031 1037
1031 1088
1031 1031
1031 1046
1031 1040
1031 1021
1031 1021
1031 1061
1031 1087
1031 1033
1031 1046
1031 1032
1031 2018
1031 2330
1031 2492
1031 2632
1032 1048
1032 1033
1032 2095
1033 1029
1035 1031
1036 1037
1037 1040
1037 1091
1037 1033
1037 1039
1038 1026
1038 1083
1039 1021
1039 2244
1040 1020
1040 1046
1040 1040
1040 1079
1040 1059
1040 1029
1040 1058
1040 1031
1040 1046
1040 1046
1040 1031
1040 1092
1040 1048
1040 2112
1043 1046
1043 1040
1043 2568
1044 1046
1044 1031
1044 1021
1045 1049
1045 1046
1046 1038
1046 1040
1046 1031
1046 1075
1046 1046
1046 1040
1046 1032
1046 1031
1046 1087
1046 1033
1046 1031
1046 1040
1046 1049
1046 1091
1046 1028
1046 1089
1046 1069
1046 1078
1046 1085
1046 1033
1046 1046
1046 1029
1046 1018
1046 1031
1047 1088
1048 1072
1048 1017
1048 1046
1048 1021
1048 1049
1048 2440
1049 1039
1049 1029
1050 1046
1051 1031
1051 1079
1051 1052
1051 1872
1052 1071
1054 1037
1054 1076
1054 1046
1055 1736
1056 1077
1056 1079
1056 1089
1057 1029
1059 1031
1062 1046
1062 1057
1063 1033
1065 1046
1066 1021
1066 1019
1066 1031
1067 1045
1067 1031
1070 1031
1071 1060
1072 1029
1072 1045
1072 1088
1072 1046
1072 1033
1073 1031
1076 1049
1076 1930
1077 1066
1078 1043
1078 1087
1079 1091
1081 1029
1081 1031
1082 1029
1084 1031
1084 1018
1084 1028
1085 1026
1086 1044
1086 1040
1087 1049
1087 1046
1087 1044
1087 1040
1087 1076
1087 1031
1087 1065
1087 2410
1088 1052
1088 1019
1088 1032
1088 1043
1088 1404
1089 1033
1089 1071
1090 1033
1090 1072
1091 1046
1091 1040
1091 1029
1094 1111
1095 1146
1097 1128
1097 1130
1099 1130
1099 1107
1099 1111
1099 1201
1101 1148
1103 1113
1103 1113
1103 1110
1103 1120
1103 1123
1103 1103
1103 1128
1103 1113
1103 1107
1103 1113
1103 1148
1103 1103
1103 1158
1103 1149
1103 1111
1103 1103
1103 1128
1103 1177
1103 1690
1103 1720
1103 1723
1103 2021
1103 2164
1103 2216
1103 2342
1103 2394
1104 1099
1104 1111
1106 1742
1107 1130
1107 1103
1107 1129
1107 1162
1107 1129
1107 1162
1107 1111
1107 1099
1107 1162
1107 1475
1108 1103
1110 1144
1111 1093
1111 1113
1111 1155
1111 1130
1111 1157
1111 1113
1111 1103
1111 1129
1111 1111
1111 1130
1111 1111
1111 1110
1111 1094
1111 1107
1111 1107
1111 1706
1111 1996
1112 1103
1113 1111
1113 1133
1113 1128
1113 1119
1113 1103
1113 1130
1113 1107
1113 1146
1113 1103
1113 1146
1113 1099
1113 1205
1113 2471
1116 1136
1117 1111
1118 1111
1118 1111
1119 1146
1120 1138
1120 1146
1121 1107
1121 1111
1121 2053
1124 1099
1128 1149
1128 1110
1128 1113
1128 1143
1128 1144
1128 1151
1128 1143
1128 1230
1128 1188
1129 2242
1130 1113
1130 1111
1130 1157
1130 2380
1131 1111
1131 1162
1136 1128
1138 1152
1142 1113
1143 1113
1143 1201
1144 1120
1144 1129
1144 1103
1145 1162
1145 1146
1146 1143
1146 1111
1146 1103
1148 1107
1150 1099
1153 1783
1155 1096
1155 1113
1156 1973
1157 1113
1157 1097
1161 1104
1162 1148
1162 1111
1162 1099
1162 1113
1162 1119
1164 1167
1165 1233
1165 1699
1166 1189
1166 1217
1166 1944
1166 2466
1167 1169
1167 1178
1167 1178
1167 1195
1167 1186
1167 1167
1167 1214
1167 1220
1167 1175
1167 1177
1167 2000
1167 2609
1169 1186
1169 1167
1171 1233
1171 1187
1172 1194
1174 1211
1174 1170
1174 1214
1174 1220
1174 1167
1175 1177
1175 1220
1175 1230
1175 1229
1175 1214
1177 1218
1177 1220
1177 1214
1177 1191
1177 1178
1177 1233
1177 1220
1177 1228
1177 1187
1177 1165
1177 1220
1177 1187
1177 1207
1177 1187
1177 1207
1177 1193
1177 1167
1177 1200
1177 2284
1178 1181
1178 1209
1178 1219
1178 1670
1180 1214
1184 1214
1184 1175
1184 2073
1186 1167
1186 1167
1186 1171
1186 1178
1186 1220
1186 1220
1186 1201
1186 1700
1186 2538
1187 1167
1187 1165
1187 1230
1187 1200
1187 1165
1187 1196
1187 1230
1187 1189
1187 1198
1187 1187
1187 1195
1188 1189
1188 1230
1188 1200
1188 1177
1188 1233
1188 1214
1188 1200
1189 1233
1189 1200
1189 1214
1189 1177
1189 1194
1189 1220
1190 1214
1190 1179
1191 1198
1191 1220
1193 1166
1194 1194
1194 1177
1194 1188
1194 1166
1194 1206
1194 1182
1195 1214
1195 1230
1195 1217
1195 1188
1196 1217
1198 1214
1198 1222
1198 1187
1198 1716
1199 1177
1199 1198
1200 1189
1200 1222
1200 1214
1200 1226
1200 1175
1201 1207
1201 1175
1205 1166
1207 1230
1207 1220
1207 1230
1207 1178
1210 1783
1211 1214
1211 1228
1212 1214
1213 1192
1214 1167
1214 1217
1214 1220
1214 1179
1214 1179
1214 1228
1214 1177
1214 1165
1214 1218
1214 1175
1214 1167
1214 1166
1214 1214
1214 1230
1214 1199
1214 1741
1215 1230
1217 1187
1217 1187
1217 1188
1217 1230
1217 1167
1217 1166
1217 1171
1217 1175
1217 1217
1217 1286
1218 1169
1218 1165
1220 1190
1220 1229
1220 1174
1220 1228
1220 1187
1220 1192
1220 1179
1220 1230
1220 1178
1220 1167
1220 1194
1220 1223
1220 1167
1220 1186
1220 1198
1220 1166
1220 1186
1220 1167
1220 1194
1220 1188
1220 1483
1220 1690
1222 1233
1222 1220
1222 1200
1222 1230
1223 1224
1224 1185
1225 1230
1228 1200
1228 1195
1228 1174
1228 1166
1228 1214
1229 1171
1229 1175
1229 1230
1229 1233
1230 1187
1230 1233
1230 1164
1230 1165
1230 1188
1230 1234
1230 1203
1230 1166
1230 1166
1230 1183
1230 1209
1230 1200
1230 1167
1230 1228
1230 1217
1230 1167
1230 1220
1230 1188
1230 1214
1230 1174
1230 1177
1230 1942
1231 2381
1233 1197
1233 1181
1233 1166
1233 1217
1233 1217
1233 1206
1233 1172
1233 1167
1233 1187
1233 1220
1233 1195
1233 1186
1233 1195
1233 1194
1233 1230
1233 2458
1233 2597
1235 1297
1235 1268
1236 1279
1236 1249
1238 1275
1239 1266
1239 1257
1239 1297
1239 1244
1239 1252
1239 1263
1239 1259
1239 1273
1239 1251
1239 1251
1239 1302
1239 1285
1239 1239
1239 1297
1239 1302
1239 1238
1239 2613
1241 1262
1241 1276
1242 1285
1243 1287
1243 1242
1243 1302
1243 1243
1243 1239
1243 1244
1243 1297
1243 1276
1243 1276
1243 1252
1243 1251
1243 1263
1243 1252
1244 1302
1244 1242
1244 1299
1244 1268
1244 1269
1244 1259
1244 1276
1244 1257
1244 1249
1244 1252
1244 1254
1244 1237
1246 1268
1246 1257
1247 1249
1249 1268
1249 1288
1249 1256
1249 1259
1249 1269
1249 1302
1249 1246
1249 1286
1249 1302
1249 1295
1249 1302
1249 1292
1249 1302
1249 1249
1249 1251
1249 1259
1249 1266
1249 1259
1249 1268
1249 1269
1249 1299
1249 1248
1249 1252
1249 1257
1249 1284
1249 1263
1249 1285
1249 1251
1249 1302
1249 1263
1249 1296
1249 1252
1249 1273
1249 1297
1249 1252
1250 1251
1250 1251
1251 1272
1251 1243
1251 1243
1251 1243
1251 1291
1251 1285
1251 1276
1251 1302
1251 1291
1251 1297
1251 1299
1251 1295
1251 1277
1251 1261
1251 1263
1251 1273
1251 1259
1251 1261
1251 1295
1251 1269
1251 1276
1251 1239
1251 1286
1251 1239
1251 1276
1251 1269
1251 1302
1251 1286
1251 1276
1252 1249
1252 1248
1252 1285
1252 1243
1252 1297
1252 1269
1252 1251
1252 1243
1252 1302
1252 1251
1252 1252
1252 1302
1252 1251
1252 1251
1252 1257
1252 1269
1252 1251
1252 1266
1252 1266
1252 1297
1252 1302
1252 1256
1252 1285
1252 1798
1253 1286
1256 1249
1256 1259
1256 1256
1256 1239
1256 1250
1256 1249
1257 1302
1257 1269
1257 1259
1257 1302
1257 1246
1257 1272
1257 1287
1257 1295
1257 1263
1257 1285
1257 1256
1257 1249
1257 1256
1257 1276
1257 1249
1257 1244
1257 1281
1257 1295
1257 1285
1259 1302
1259 1269
1259 1269
1259 1257
1259 1248
1259 1244
1259 1252
1259 1252
1259 1269
1259 1272
1259 1249
1259 1269
1259 1252
1259 1249
1259 1239
1259 1297
1259 1268
1259 2517
1261 1249
1261 1244
1262 1249
1262 1243
1262 1286
1262 1252
1262 1302
1263 1297
1263 1252
1263 1295
1263 1302
1263 1239
1263 1286
1263 1302
1263 1252
1263 1244
1263 1268
1263 1249
1263 1251
1263 1285
1263 1263
1263 1252
1263 1287
1264 1299
1264 1249
1264 1302
1264 1286
1264 1302
1264 1299
1265 1249
1266 1257
1266 1295
1266 1276
1266 1268
1266 1266
1266 1286
1268 1251
1268 1297
1268 1252
1268 1259
1268 1259
1268 1268
1268 1302
1268 1297
1268 1286
1268 1263
1269 1251
1269 1266
1269 1256
1269 1297
1269 1243
1269 1302
1269 1297
1269 1251
1269 1243
1269 1269
1269 1297
1269 1287
1269 1302
1269 1257
1269 1249
1269 1251
1270 1263
1271 1259
1271 1267
1272 1299
1272 1261
1272 1252
1275 1295
1275 1276
1276 1243
1276 1259
1276 1252
1276 1295
1276 1249
1276 1279
1276 1251
1276 1285
1276 1252
1276 1238
1276 1269
1276 1262
1278 1268
1280 1267
1280 1251
1280 1263
1281 1295
1281 1287
1283 1273
1285 1299
1285 1249
1285 1295
1285 1252
1285 1286
1285 1263
1285 1263
1285 1276
1285 1243
1285 1251
1285 1263
1285 1254
1285 1295
1286 1295
1286 1297
1286 1286
1286 1270
1286 1259
1286 1243
1286 1287
1287 1257
1287 1252
1287 1252
1287 1285
1287 1251
1287 1235
1287 1251
1287 1276
1287 1263
1287 1276
1287 1285
1287 1302
1287 1286
1287 1285
1287 1302
1287 1259
1288 1259
1289 1243
1290 1302
1291 1276
1291 1297
1291 1302
1291 1239
1291 1250
1291 1295
1292 1273
1292 1283
1293 1269
1295 1266
1295 1263
1295 1249
1295 1252
1295 1286
1295 1282
1295 1269
1295 1264
1295 1249
1295 1297
1295 1269
1295 1270
1295 1270
1295 1263
1297 1285
1297 1252
1297 1257
1297 1302
1297 1257
1297 1270
1297 1269
1297 1251
1297 1269
1297 1287
1297 1270
1297 1252
1299 1262
1299 1273
1299 1276
1299 1273
1299 1295
1299 1287
1299 1269
1299 1257
1299 1249
1299 1257
1299 1261
1299 1302
1299 1251
1299 1257
1299 1239
1299 1264
1299 1921
1301 1243
1301 1295
1302 1302
1302 1246
1302 1247
1302 1257
1302 1252
1302 1276
1302 1297
1302 1263
1302 1295
1302 1259
1302 1263
1302 1276
1302 1276
1302 1250
1302 1259
1302 1276
1302 1249
1302 1276
1302 1281
1302 1243
1302 1270
1302 1285
1302 1276
1302 1256
1302 1269
1302 1259
1302 1268
1302 1287
1302 1302
1302 1249
1302 1285
1302 1444
1309 1309
1309 1367
1309 1309
1309 1354
1309 1367
1309 1354
1309 1339
1309 1354
1309 1313
1309 1354
1309 1309
1309 1351
1309 1309
1309 1341
1309 1354
1309 1367
1309 1367
1309 1367
1309 1348
1309 1367
1309 1309
1309 1361
1309 1309
1309 1367
1309 1367
1309 1411
1309 1483
1309 1498
1309 1546
1309 2343
1313 1309
1313 1363
1313 1354
1313 1309
1314 1367
1318 1309
1319 1309
1319 1313
1321 1367
1321 1344
1322 1357
1325 1309
1326 1308
1326 1354
1326 1360
1333 1354
1335 2222
1337 1354
1342 1367
1342 1367
1342 1322
1343 1367
1347 1309
1347 1348
1348 1309
1348 1367
1349 1308
1354 1309
1354 1309
1354 1367
1354 1305
1354 1342
1354 1354
1354 1367
1354 1354
1354 1367
1354 1308
1354 1309
1354 1333
1359 1309
1360 1308
1367 1305
1367 1367
1367 1309
1367 1346
1367 1354
1367 1367
1367 1362
1367 1326
1367 1367
1367 1309
1367 1367
1367 1348
1367 1367
1367 1309
1367 1309
1367 1348
1370 1384
1371 1391
1371 1421
1372 1409
1373 1385
1373 1370
1373 1405
1373 1385
1374 1384
1374 1412
1375 1404
1377 1413
1377 1426
1378 1380
1378 1404
1382 1407
1383 1377
1383 1385
1384 1421
1384 1405
1384 1401
1385 1407
1385 1422
1385 1407
1385 1405
1385 1384
1385 1385
1385 1406
1386 2513
1387 1391
1387 1403
1387 1378
1387 1370
1387 2142
1388 2478
1389 1429
1389 1386
1390 1391
1391 1391
1391 1425
1391 1393
1391 1421
1391 1407
1393 1405
1393 1391
1394 1395
1395 1406
1395 1384
1395 1430
1395 1395
1395 1391
1395 1395
1395 1415
1395 1411
1395 1500
1395 1700
1395 1763
1395 2267
1396 1383
1399 1373
1400 1406
1401 1384
1402 1396
1403 1407
1404 1407
1405 1420
1405 1382
1406 1411
1406 1411
1406 1421
1406 1377
1406 1559
1406 2341
1407 1425
1407 1405
1407 1395
1408 1419
1409 1389
1411 1412
1411 1403
1411 1385
1411 1370
1411 1371
1411 2227
1412 1406
1412 1407
1412 1425
1412 1421
1413 1391
1413 1397
1413 1376
1413 1395
1413 2358
1414 1405
1414 2047
1415 1422
1415 1406
1416 1384
1416 1403
1416 1427
1417 1383
1418 1395
1418 1422
1419 1379
1419 1371
1419 1635
1422 1373
1422 1370
1426 1375
1426 1384
1426 1383
1426 1385
1426 1401
1427 1427
1427 1405
1427 1391
1427 1373
1427 1394
1427 1396
1429 2410
1430 1370
1430 1406
1431 1459
1431 1431
1431 1440
1431 1461
1431 1440
1431 1475
1431 1481
1431 1434
1431 1440
1431 1431
1433 1454
1439 1440
1439 1445
1440 1481
1440 1444
1440 1478
1440 1440
1440 1461
1440 1472
1440 1440
1440 1431
1440 1461
1440 2469
1441 1461
1441 1451
1443 1483
1444 1449
1445 1478
1450 1440
1451 1461
1451 1483
1451 2383
1452 1474
1458 1440
1459 1431
1459 1431
1459 1483
1459 1440
1461 1461
1461 1461
1461 1454
1461 1483
1461 1461
1461 1479
1461 1484
1461 1439
1461 1479
1461 1483
1461 1431
1461 1440
1461 1440
1462 1483
1463 1483
1464 1431
1465 1440
1471 1472
1471 1440
1472 1431
1472 1483
1472 1483
1473 1440
1473 1461
1474 1440
1478 1461
1481 1451
1482 1483
1483 1461
1483 1461
1483 1459
1483 1448
1483 1461
1483 1459
1483 1526
1484 1483
1488 1517
1491 1558
1493 1522
1493 1487
1500 1526
1502 1538
1502 1539
1505 1526
1505 1538
1506 1538
1507 1538
1512 1538
1515 1538
1515 1507
1517 2341
1519 1526
1520 1526
1523 1526
1524 1510
1526 1526
1526 1526
1526 1526
1526 1500
1526 1538
1526 1538
1526 1538
1526 1526
1526 1526
1526 1509
1526 1497
1526 1538
1526 1529
1526 1526
1526 1519
1526 1524
1526 1538
1526 1491
1526 1519
1526 1526
1526 1491
1526 1513
1526 1526
1526 1526
1526 1538
1526 1526
1526 1506
1527 1538
1530 1500
1533 1526
1535 1489
1535 1526
1537 1538
1538 1518
1538 1491
1538 1498
1538 1526
1538 1520
1538 1538
1538 1498
1538 1526
1538 1526
1538 1526
1538 1526
1538 1538
1538 1518
1538 1497
1538 1515
1538 1506
1538 1526
1541 1559
1541 1561
1542 1550
1542 1555
1542 1576
1542 1580
1542 1542
1546 1582
1546 1560
1546 1571
1546 1551
1546 1586
1546 1590
1546 1552
1546 1561
1546 1550
1546 1548
1546 1550
1546 1550
1546 1582
1546 1546
1546 1558
1546 1558
1546 1546
1546 1559
1547 1583
1549 1546
1550 1582
1550 1546
1550 1546
1550 1546
1550 2164
1551 1550
1551 1577
1552 1577
1552 1548
1555 1546
1555 1583
1555 1583
1557 2471
1558 1546
1558 1546
1558 1577
1558 1579
1558 1583
1559 1558
1559 1583
1559 1571
1560 2348
1561 1546
1561 1546
1562 1551
1563 1577
1568 1542
1569 1546
1569 1583
1571 1583
1571 1542
1571 1583
1571 1583
1572 1583
1573 1552
1576 1552
1576 1542
1577 1583
1581 1583
1582 1583
1582 1546
1583 1559
1583 1546
1583 1560
1583 1546
1583 1546
1583 1550
1583 1577
1583 1542
1583 1577
1584 1542
1586 1584
1587 1580
1590 1558
1592 1629
1592 1606
1592 1634
1592 1635
1592 1593
1592 1610
1593 1609
1593 1610
1593 1611
1593 1633
1593 1635
1593 1614
1593 1626
1594 1618
1594 1594
1594 1635
1596 1610
1597 1626
1597 1635
1598 1605
1598 1598
1599 1629
1601 1594
1606 1594
1606 1635
1606 1634
1606 1635
1610 1598
1610 1610
1610 1593
1610 1620
1610 1635
1610 1626
1610 1635
1610 1613
1610 1596
1610 1618
1610 1613
1610 1635
1610 1749
1611 1611
1611 1603
1611 1613
1612 1784
1613 1592
1613 1610
1613 1609
1613 1592
1613 1629
1613 1594
1614 1614
1614 1617
1614 1635
1614 1613
1614 2258
1615 1623
1615 1592
1615 1635
1615 1592
1617 1606
1617 1624
1618 1613
1618 1626
1618 1635
1618 1626
1618 1593
1618 1593
1618 1635
1621 1635
1621 1605
1621 1610
1621 2486
1623 1618
1624 1615
1624 1598
1625 1593
1626 1595
1626 1635
1626 1610
1626 1635
1626 1621
1626 1632
1626 1632
1626 1635
1626 1629
1628 1619
1629 1618
1629 1613
1629 1629
1629 1638
1629 1634
1630 1635
1631 1610
1632 1634
1632 1610
1634 1618
1634 1621
1635 1592
1635 1593
1635 1635
1635 1635
1635 1618
1635 1639
1635 2494
1637 1606
1641 1670
1641 1678
1643 1663
1643 1670
1647 1670
1649 1670
1654 1670
1658 1670
1661 1662
1662 1662
1662 1670
1662 1670
1662 1670
1662 1670
1662 1684
1662 1662
1662 1684
1662 1641
1664 1670
1664 1658
1665 1669
1668 1652
1669 1670
1670 1664
1670 1662
1670 1678
1670 1641
1670 1650
1670 1662
1670 1684
1670 1670
1670 1684
1670 1670
1670 1650
1670 1665
1670 1651
1670 1680
1670 1671
1670 1670
1670 1662
1670 1641
1670 1670
1670 1987
1671 1670
1672 1670
1672 1641
1672 1645
1676 1670
1676 1679
1678 1662
1678 1672
1680 1665
1684 1662
1684 1676
1684 1670
1684 1641
1684 1670
1685 1662
1686 1670
1687 1670
1688 1692
1688 1696
1688 1727
1688 1707
1690 1697
1690 1696
1690 1706
1690 1690
1690 1699
1690 1692
1690 1719
1690 1714
1690 1699
1690 1692
1690 1727
1690 1724
1690 1727
1691 1692
1691 1716
1691 1700
1691 1724
1691 1700
1691 2523
1692 1694
1692 1699
1692 1722
1692 1714
1694 1716
1694 1700
1695 1727
1696 1700
1696 1724
1697 1723
1697 1727
1697 1699
1697 1716
1697 1690
1697 1706
1697 1699
1697 1724
1697 1727
1697 1695
1697 1724
1697 2053
1697 2578
1699 1699
1699 1716
1699 1691
1699 1727
1699 1690
1699 1716
1699 1716
1700 1707
1700 1697
1700 1697
1700 1703
1700 1700
1700 1727
1700 1699
1700 1726
1700 1721
1700 1690
1700 1716
1700 1720
1700 1716
1700 1730
1700 1690
1700 1716
1700 1700
1700 1714
1700 1723
1700 1730
1700 1700
1700 1725
1700 1700
1702 1724
1703 1700
1703 1719
1706 1723
1706 1727
1706 1700
1706 1714
1706 1721
1706 1688
1706 1733
1706 1697
1706 1716
1706 1700
1706 1706
1706 1690
1706 1707
1706 1819
1707 1700
1707 1695
1707 1727
1707 1700
1707 1727
1707 1688
1707 1728
1707 1700
1707 1727
1707 1707
1707 1700
1707 1697
1707 1727
1707 1699
1707 2394
1709 1724
1710 1716
1710 1691
1712 1700
1714 1727
1714 1690
1714 1716
1714 1690
1714 1694
1714 1700
1714 1727
1714 1699
1714 1697
1714 1707
1714 1707
1714 1692
1716 1696
1716 1690
1716 1714
1716 1697
1716 1706
1716 1691
1716 1727
1716 1716
1716 1724
1716 1727
1716 1720
1716 1727
1716 1700
1716 1697
1716 1720
1716 1724
1720 1727
1721 1707
1721 1722
1721 1694
1721 1727
1722 1727
1722 1727
1722 1723
1723 1706
1723 1707
1723 1707
1723 1706
1723 1719
1723 1697
1723 1716
1723 1700
1723 1697
1723 1700
1723 1718
1724 1697
1724 1723
1724 1723
1724 1727
1724 1723
1724 1723
1724 1727
1724 1692
1724 1722
1724 1706
1724 1700
1724 1700
1724 1727
1724 1700
1724 1700
1724 1699
1724 1707
1726 1707
1727 1723
1727 1723
1727 1715
1727 1723
1727 1700
1727 1716
1727 1695
1727 1700
1727 1716
1727 1732
1727 1714
1727 1716
1727 1700
1727 1727
1727 1716
1727 1714
1727 1694
1727 1727
1727 1723
1727 1700
1727 1727
1727 1716
1727 1700
1727 1690
1727 1727
1727 1690
1727 1721
1727 1706
1727 1700
1727 1727
1728 1707
1729 1727
1729 1700
1730 1720
1732 1697
1734 1736
1734 1741
1734 1738
1735 1761
1736 1755
1736 1747
1736 1776
1736 1736
1737 1761
1737 1738
1738 1747
1738 1741
1738 1738
1738 1766
1738 1760
1738 1761
1738 1754
1738 1777
1738 1752
1738 1736
1740 1747
1740 1745
1741 1769
1741 1748
1741 1761
1741 1779
1742 1779
1743 1736
1744 1743
1744 1736
1746 1741
1747 1762
1748 1752
1752 1757
1752 1755
1752 1734
1752 1752
1753 1767
1754 1741
1755 1776
1757 1769
1761 1747
1761 1769
1761 1773
1761 1776
1761 2035
1762 1736
1762 1776
1762 1734
1764 1774
1764 1777
1765 2266
1766 1771
1770 1752
1771 1738
1774 1768
1775 1764
1776 1754
1777 1761
1777 1736
1778 1747
1779 1743
1779 1741
1779 1771
1781 1820
1781 1815
1782 1784
1782 1809
1784 1801
1786 1841
1787 1815
1787 1801
1787 2009
1789 1821
1790 1794
1792 1782
1793 1793
1793 1788
1793 1793
1794 1823
1794 1820
1794 2199
1795 1794
1795 1793
1795 1811
1795 1798
1797 1809
1797 1809
1797 1798
1797 1877
1800 1809
1800 1793
1800 1809
1801 1807
1801 1780
1801 1818
1801 1784
1801 1800
1801 2163
1802 1820
1802 1809
1802 1793
1803 1793
1807 1811
1808 1809
1809 1813
1809 1787
1809 1807
1809 1806
1809 1809
1809 1794
1809 1787
1809 1811
1809 1809
1809 1791
1809 1787
1809 1809
1809 1786
1809 1819
1809 1809
1809 1801
1809 1789
1810 1820
1811 1805
1811 1809
1812 1812
1814 1789
1814 1787
1814 1820
1815 1791
1816 1787
1817 1793
1817 1801
1818 1797
1818 1781
1818 1820
1819 1790
1819 1792
1820 1821
1820 1809
1820 1793
1820 1963
1821 1784
1821 1809
1821 1816
1821 2444
1822 1809
1824 1852
1824 1860
1824 1850
1824 1846
1825 1842
1825 1831
1825 1858
1825 1842
1829 1858
1829 1845
1829 1854
1831 1850
1831 1844
1832 1850
1832 1854
1832 1846
1834 1837
1834 1841
1834 1825
1835 1854
1839 1850
1839 1865
1841 1857
1842 1826
1842 1857
1842 1839
1842 1857
1842 1840
1843 1857
1844 1839
1844 1842
1846 1857
1846 1859
1846 1854
1846 1857
1846 1844
1846 1845
1847 1860
1847 1853
1847 1852
1847 1847
1847 1825
1847 1852
1850 1857
1850 1839
1852 1859
1852 1832
1853 1842
1854 1858
1854 1861
1854 1841
1854 1857
1854 1857
1854 2170
1855 1840
1857 1835
1857 1839
1857 1855
1857 1824
1857 2009
1858 1825
1858 1834
1858 1860
1860 1839
1861 1824
1864 1842
1864 1846
1865 1863
1865 1839
1867 1873
1867 1867
1867 1867
1868 1873
1871 1883
1871 1904
1871 1871
1871 1888
1871 1893
1871 1895
1871 1873
1871 1894
1871 1894
1871 1894
1871 2333
1873 1904
1876 1894
1877 1888
1877 1891
1877 1904
1877 1871
1879 1904
1880 1885
1880 1878
1882 1888
1884 1886
1885 1871
1885 1894
1885 1888
1886 1872
1886 1888
1887 1904
1887 1901
1887 1871
1887 1877
1888 1871
1892 1904
1892 1880
1892 1885
1893 1871
1893 1883
1894 1891
1894 1896
1894 1871
1894 1888
1894 1888
1894 1885
1894 1894
1894 1894
1896 1871
1896 1873
1897 1872
1899 1890
1899 1883
1899 1880
1899 2426
1902 2440
1904 1888
1904 1871
1904 1873
1904 1894
1904 1894
1904 1882
1905 1905
1905 1940
1905 1932
1905 1911
1905 1940
1905 1905
1905 1905
1905 1905
1905 1905
1905 1905
1905 1905
1905 1905
1905 1905
1905 1910
1905 2242
1906 1912
1907 1936
1908 1909
1909 1905
1910 1923
1910 1932
1916 1932
1917 1918
1918 1932
1920 1917
1920 1940
1921 1940
1921 1927
1922 1905
1922 1917
1923 1905
1923 1940
1925 1905
1927 1905
1927 1905
1928 1935
1929 1934
1932 1932
1932 1932
1932 1917
1932 1937
1932 1905
1932 1932
1932 1930
1932 1937
1932 1905
1932 1934
1932 1932
1932 2049
1932 2136
1933 1905
1933 1926
1936 1905
1939 1927
1939 1905
1939 1914
1940 1905
1940 1932
1940 1915
1940 1905
1940 1932
1941 1932
1942 1927
1942 1918
1942 2095
1945 1953
1945 1974
1946 1975
1948 1975
1949 1953
1949 1947
1950 1961
1951 1964
1953 1976
1954 1965
1954 1950
1961 1977
1961 1964
1961 1957
1961 1979
1961 2383
1962 1946
1963 1949
1964 1977
1964 1949
1964 1962
1964 1947
1965 1950
1965 1977
1966 1975
1967 1950
1967 1957
1968 1977
1969 1973
1969 1969
1969 2015
1971 1976
1971 1967
1971 1975
1971 1947
1971 1972
1974 1977
1974 1949
1974 1975
1975 1949
1975 1959
1975 1955
1975 1972
1977 1967
1977 1960
1980 1992
1980 1980
1981 1996
1982 1996
1983 1992
1986 1980
1993 1992
1994 1986
1994 2015
1995 1992
1996 1997
1996 2000
1997 2005
1998 1992
1998 1988
1998 1999
1998 1988
1998 1999
1999 2000
2000 2012
2000 2011
2000 1996
2002 2011
2004 1992
2004 1996
2004 2010
2005 1999
2005 1988
2005 2009
2005 1990
2006 1996
2006 1996
2007 1995
2007 1984
2008 1999
2009 1990
2009 2011
2011 2003
2013 2011
2013 2002
2017 2040
2021 2034
2021 2021
2021 2021
2022 2016
2022 2016
2024 2026
2024 2045
2024 2046
2024 2034
2025 2021
2026 2017
2028 2024
2028 2034
2029 2016
2032 2024
2033 2021
2033 2034
2033 2049
2033 2026
2033 2024
2033 2043
2033 2047
2033 2029
2033 2040
2033 2040
2034 2040
2034 2040
2034 2016
2034 2049
2034 2023
2038 2024
2038 2438
2039 2047
2040 2034
2040 2021
2040 2021
2040 2026
2040 2043
2040 2024
2040 2021
2040 2040
2041 2033
2043 2040
2045 2021
2047 2048
2048 2021
2049 2025
2049 2016
2050 2054
2052 2071
2052 2071
2053 2061
2053 2071
2053 2067
2053 2053
2054 2065
2054 2060
2054 2061
2054 2071
2054 2061
2054 2056
2056 2062
2058 2055
2061 2071
2061 2070
2061 2065
2061 2071
2061 2069
2061 2067
2062 2057
2064 2073
2065 2073
2065 2076
2065 2070
2065 2061
2066 2061
2067 2071
2068 2065
2069 2056
2069 2077
2069 2061
2070 2053
2071 2073
2071 2053
2071 2053
2071 2053
2071 2071
2071 2073
2071 2073
2071 2053
2071 2074
2071 2081
2071 2053
2071 2071
2071 2057
2071 2054
2071 2053
2071 2056
2071 2053
2071 2053
2071 2056
2072 2067
2073 2053
2073 2053
2073 2061
2074 2054
2074 2071
2075 2062
2076 2061
2078 2061
2078 2051
2081 2070
2082 2102
2083 2090
2084 2112
2085 2107
2085 2083
2086 2095
2086 2094
2086 2089
2088 2113
2089 2087
2089 2093
2090 2112
2091 2082
2092 2112
2093 2093
2093 2112
2093 2092
2094 2097
2094 2088
2094 2083
2095 2104
2095 2095
2095 2083
2095 2105
2095 2112
2095 2089
2096 2112
2096 2086
2097 2096
2097 2095
2097 2082
2098 2106
2099 2106
2100 2090
2104 2095
2104 2094
2105 2102
2106 2084
2106 2096
2107 2111
2107 2107
2108 2092
2108 2087
2108 2102
2109 2095
2111 2086
2112 2095
2112 2112
2112 2095
2112 2106
2112 2083
2112 2082
2113 2097
2115 2123
2115 2118
2115 2135
2117 2120
2117 2127
2117 2119
2118 2119
2118 2117
2118 2139
2118 2115
2118 2123
2118 2139
2118 2172
2119 2115
2119 2138
2119 2132
2119 2121
2119 2118
2119 2120
2119 2119
2119 2140
2119 2129
2119 2120
2119 2120
2119 2122
2120 2133
2120 2139
2120 2119
2120 2119
2120 2132
2120 2119
2121 2119
2121 2129
2121 2119
2121 2120
2121 2121
2121 2123
2122 2121
2123 2120
2123 2121
2123 2119
2123 2118
2123 2120
2123 2117
2123 2123
2123 2115
2123 2121
2123 2117
2123 2120
2123 2139
2123 2117
2123 2119
2124 2119
2124 2139
2124 2123
2126 2119
2126 2119
2127 2141
2129 2124
2129 2120
2130 2120
2131 2117
2131 2137
2134 2124
2134 2120
2135 2117
2137 2141
2137 2120
2138 2123
2138 2128
2138 2141
2138 2139
2138 2121
2138 2129
2139 2138
2139 2119
2139 2119
2139 2124
2139 2119
2139 2123
2140 2139
2141 2123
2141 2124
2141 2117
2141 2129
2141 2119
2141 2121
2141 2124
2141 2131
2141 2123
2142 2158
2142 2157
2142 2149
2142 2149
2142 2142
2142 2142
2142 2149
2143 2164
2143 2165
2143 2157
2143 2150
2144 2159
2145 2163
2146 2142
2146 2158
2147 2165
2147 2165
2147 2148
2148 2165
2148 2149
2149 2142
2149 2161
2149 2153
2149 2147
2150 2165
2150 2142
2150 2150
2150 2143
2150 2160
2150 2143
2150 2150
2150 2158
2150 2165
2150 2142
2155 2142
2155 2164
2155 2150
2155 2158
2156 2155
2157 2143
2158 2165
2158 2158
2158 2158
2158 2164
2158 2146
2158 2150
2162 2165
2163 2158
2163 2163
2163 2164
2164 2165
2164 2150
2164 2155
2164 2147
2164 2165
2164 2148
2164 2165
2164 2148
2165 2148
2165 2142
2165 2148
2165 2142
2165 2143
2165 2149
2165 2164
2165 2256
2166 2164
2169 2178
2170 2185
2171 2181
2172 2183
2172 2175
2172 2183
2172 2186
2172 2172
2173 2178
2174 2168
2176 2172
2178 2183
2178 2183
2180 2181
2181 2181
2181 2183
2181 2178
2181 2172
2181 2174
2183 2175
2183 2172
2185 2172
2185 2172
2186 2172
2189 2182
2189 2168
2190 2195
2190 2201
2190 2194
2190 2206
2191 2205
2193 2192
2193 2195
2193 2195
2193 2205
2194 2201
2194 2199
2195 2195
2195 2200
2195 2205
2195 2207
2195 2200
2195 2204
2195 2195
2197 2193
2197 2202
2198 2201
2198 2199
2199 2206
2201 2193
2201 2209
2201 2202
2202 2198
2202 2194
2202 2199
2202 2194
2202 2190
2203 2194
2206 2195
2206 2194
2207 2200
2210 2216
2210 2219
2212 2214
2212 2210
2213 2215
2214 2212
2214 2224
2215 2223
2215 2216
2215 2211
2217 2211
2219 2220
2219 2224
2220 2214
2221 2219
2222 2219
2223 2219
2224 2224
2225 2220
2225 2210
2226 2227
2227 2223
2227 2220
2227 2217
2228 2214
2232 2234
2232 2245
2232 2233
2232 2245
2232 2242
2232 2233
2232 2241
2232 2244
2232 2241
2232 2232
2232 2238
2232 2238
2232 2243
2233 2239
2233 2235
2233 2235
2233 2241
2233 2244
2233 2233
2234 2244
2235 2235
2235 2232
2235 2232
2235 2242
2235 2232
2235 2238
2235 2235
2235 2241
2235 2242
2235 2242
2235 2244
2235 2229
2235 2235
2235 2235
2235 2243
2237 2245
2238 2239
2238 2232
2238 2235
2238 2239
2238 2244
2241 2235
2241 2235
2241 2235
2241 2233
2241 2236
2241 2232
2241 2235
2241 2233
2241 2238
2241 2242
2242 2239
2242 2235
2243 2238
2243 2232
2243 2232
2244 2235
2244 2232
2244 2235
2244 2235
2244 2238
2245 2238
2245 2244
2245 2241
2245 2242
2245 2241
2248 2247
2249 2249
2249 2251
2249 2504
2250 2256
2250 2261
2250 2249
2250 2254
2251 2249
2253 2251
2253 2263
2254 2253
2254 2254
2254 2248
2255 2248
2256 2248
2257 2261
2258 2248
2260 2249
2260 2249
2260 2250
2261 2257
2261 2248
2261 2261
2261 2250
2261 2261
2261 2251
2263 2261
2263 2249
2263 2249
2263 2254
2263 2260
2264 2266
2264 2273
2266 2273
2266 2268
2266 2279
2266 2278
2267 2270
2268 2269
2268 2264
2268 2272
2269 2266
2270 2272
2271 2264
2271 2279
2271 2269
2272 2272
2272 2273
2272 2266
2272 2277
2272 2274
2273 2276
2273 2267
2273 2277
2273 2276
2274 2267
2275 2275
2275 2267
2275 2275
2275 2267
2277 2276
2277 2278
2278 2275
2278 2272
2279 2267
2279 2264
2280 2294
2280 2295
2280 2284
2280 2287
2280 2286
2280 2284
2281 2288
2281 2280
2284 2288
2284 2286
2284 2281
2284 2293
2288 2282
2288 2284
2288 2286
2289 2287
2289 2293
2290 2291
2290 2284
2290 2293
2291 2282
2292 2293
2292 2288
2292 2280
2293 2280
2293 2291
2293 2283
2294 2293
2296 2298
2297 2300
2298 2301
2299 2300
2299 2301
2299 2301
2299 2299
2299 2306
2299 2309
2299 2301
2299 2305
2300 2309
2300 2306
2300 2301
2300 2304
2301 2301
2301 2299
2301 2299
2301 2309
2301 2301
2301 2300
2301 2309
2301 2299
2301 2309
2301 2301
2301 2303
2301 2301
2301 2308
2301 2306
2301 2310
2302 2302
2302 2302
2303 2301
2303 2304
2304 2299
2305 2297
2305 2301
2305 2299
2308 2303
2308 2308
2308 2301
2309 2301
2309 2299
2309 2301
2309 2307
2310 2301
2310 2301
2311 2318
2311 2315
2311 2315
2312 2311
2312 2324
2314 2311
2314 2324
2314 2321
2314 2317
2314 2314
2315 2312
2319 2318
2319 2321
2321 2312
2321 2318
2321 2314
2321 2321
2323 2317
2324 2319
2325 2333
2326 2334
2326 2334
2326 2326
2328 2337
2329 2326
2329 2334
2330 2326
2332 2333
2333 2328
2333 2326
2333 2334
2334 2337
2334 2326
2334 2326
2334 2338
2334 2334
2334 2334
2334 2329
2336 2332
2337 2326
2339 2349
2340 2341
2340 2342
2341 2349
2341 2344
2341 2343
2341 2346
2341 2342
2341 2341
2342 2344
2342 2340
2342 2346
2343 2341
2343 2348
2345 2343
2345 2341
2347 2341
2348 2341
2348 2349
2348 2342
2348 2347
2349 2342
2349 2342
2351 2342
2353 2357
2354 2354
2354 2360
2354 2352
2354 2359
2354 2352
2354 2359
2356 2359
2356 2359
2356 2360
2356 2358
2358 2359
2358 2362
2358 2358
2359 2353
2359 2358
2359 2360
2359 2358
2359 2359
2359 2359
2359 2358
2360 2360
2360 2360
2360 2359
2360 2358
2360 2356
2360 2363
2360 2354
2363 2354
2364 2368
2365 2368
2365 2371
2366 2373
2366 2366
2366 2365
2367 2366
2368 2365
2368 2367
2368 2371
2368 2371
2368 2370
2368 2371
2369 2371
2369 2372
2370 2371
2371 2374
2371 2371
2371 2368
2373 2365
2376 2380
2377 2379
2378 2380
2379 2377
2379 2381
2380 2380
2380 2381
2381 2383
2381 2385
2382 2377
2384 2376
2384 2383
2384 2377
2385 2381
2385 2385
2387 2376
2391 2394
2392 2394
2394 2396
2394 2397
2394 2394
2394 2396
2394 2394
2394 2394
2394 2394
2394 2394
2394 2394
2394 2394
2396 2394
2396 2394
2397 2394
2397 2394
2397 2394
2397 2394
2399 2401
2400 2406
2402 2408
2403 2402
2404 2407
2404 2404
2405 2407
2407 2400
2408 2404
2408 2404
2408 2400
2408 2399
2408 2402
2410 2414
2410 2419
2410 2419
2411 2415
2413 2411
2413 2418
2414 2411
2414 2413
2414 2411
2414 2419
2415 2418
2416 2419
2417 2411
2418 2411
2418 2414
2418 2411
2419 2420
2419 2413
2419 2413
2419 2418
2420 2411
2426 2426
2426 2424
2426 2427
2426 2426
2426 2427
2427 2426
2427 2425
2427 2426
2427 2427
2427 2426
2427 2428
2427 2427
2427 2428
2431 2436
2431 2434
2431 2431
2432 2439
2432 2440
2433 2440
2434 2440
2434 2438
2437 2440
2438 2437
2438 2435
2440 2438
2440 2434
2440 2431
2441 2445
2442 2447
2442 2443
2442 2446
2442 2450
2442 2442
2442 2447
2443 2446
2444 2442
2444 2448
2446 2442
2446 2444
2448 2444
2448 2442
2451 2457
2451 2454
2452 2460
2452 2459
2452 2455
2452 2452
2453 2456
2453 2458
2453 2451
2453 2452
2454 2452
2455 2453
2456 2460
2457 2459
2457 2452
2458 2453
2459 2455
2460 2452
2463 2466
2466 2469
2466 2466
2466 2467
2466 2467
2467 2466
2469 2469
2469 2467
2469 2469
2469 2466
2471 2475
2471 2471
2471 2478
2472 2475
2472 2476
2472 2476
2473 2472
2476 2478
2476 2475
2476 2471
2476 2475
2477 2478
2478 2473
2481 2481
2481 2489
2481 2486
2481 2488
2481 2482
2481 2486
2481 2487
2481 2483
2482 2481
2482 2482
2482 2487
2482 2486
2482 2486
2482 2488
2482 2486
2483 2482
2483 2481
2483 2482
2483 2484
2483 2487
2483 2483
2483 2489
2484 2487
2484 2485
2484 2482
2484 2487
2484 2484
2484 2484
2485 2483
2485 2488
2485 2481
2485 2485
2486 2484
2486 2486
2486 2488
2486 2485
2486 2483
2486 2487
2486 2486
2486 2481
2486 2488
2487 2485
2487 2489
2487 2487
2487 2485
2487 2487
2487 2487
2487 2485
2487 2487
2488 2489
2488 2486
2488 2484
2488 2487
2488 2484
2488 2483
2488 2488
2489 2485
2489 2484
2489 2487
2489 2481
2489 2489
2489 2483
2489 2486
2490 2496
2490 2494
2492 2490
2492 2494
2492 2493
2494 2494
2494 2496
2494 2490
2496 2494
2496 2496
2497 2500
2497 2501
2497 2497
2497 2501
2497 2497
2499 2501
2502 2501
2504 2505
2504 2510
2504 2504
2504 2510
2504 2505
2504 2504
2505 2505
2505 2504
2505 2504
2505 2505
2505 2505
2505 2507
2505 2504
2506 2509
2506 2504
2507 2505
2509 2509
2509 2505
2509 2504
2509 2504
2509 2508
2509 2504
2509 2505
2511 2514
2512 2513
2513 2513
2513 2515
2515 2512
2515 2516
2515 2512
2516 2516
2517 2522
2517 2521
2517 2522
2517 2519
2518 2517
2520 2517
2521 2522
2521 2522
2523 2527
2523 2527
2523 2527
2527 2523
2527 2525
2528 2527
2529 2530
2529 2529
2530 2529
2530 2533
2531 2530
2533 2530
2534 2534
2537 2538
2538 2539
2539 2538
2540 2535
2540 2537
2540 2539
2541 2545
2542 2544
2543 2542
2543 2544
2544 2545
2544 2544
2544 2544
2544 2544
2545 2543
2545 2543
2545 2544
2545 2542
2546 2545
2546 2544
2546 2544
2547 2551
2547 2547
2547 2548
2548 2549
2549 2550
2550 2547
2550 2549
2550 2550
2551 2549
2551 2547
2551 2552
2551 2551
2554 2558
2554 2554
2554 2554
2554 2554
2556 2558
2558 2555
2558 2558
2558 2554
2559 2563
2559 2560
2559 2559
2560 2562
2562 2559
2562 2564
2562 2560
2564 2560
2564 2559
2566 2568
2567 2568
2567 2565
2568 2568
2568 2565
2569 2568
2569 2569
2569 2565
2570 2570
2571 2572
2571 2571
2573 2573
2573 2570
2576 2576
2578 2577
2578 2578
2578 2578
2580 2581
2581 2581
2581 2582
2582 2579
2584 2584
2584 2586
2585 2583
2586 2585
2586 2586
2587 2589
2588 2590
2589 2587
2590 2589
2591 2594
2592 2594
2592 2594
2592 2594
2594 2593
2595 2597
2597 2597
2597 2597
2598 2596
2599 2602
2601 2599
2602 2599
2603 2603
2604 2604
2605 2605
2605 2604
2606 2607
2607 2607
2607 2606
2607 2606
2609 2610
2609 2609
2609 2610
2609 2611
2609 2609
2611 2611
2612 2614
2612 2612
2613 2614
2615 2616
2617 2616
2618 2618
2618 2618
2618 2620
2618 2620
2620 2618
2620 2619
2622 2622
2622 2622
2624 2624
2624 2624
2625 2626
2625 2626
2626 2625
2628 2628
2628 2627
2629 2630
2629 2629
2630 2630
2631 2632
2631 2632
2631 2632
2632 2631
2632 2631