0 36
0 41
1 6
1 14
1 21
1 58
1 75
2 3
2 26
2 44
2 88
3 42
3 70
4 49
4 52
4 59
4 61
4 71
4 73
4 103
4 431
5 34
5 37
5 104
5 107
6 7
6 67
6 83
7 61
7 85
8 10
8 12
8 39
8 49
8 65
8 90
9 12
9 22
9 71
9 102
9 103
10 14
10 20
10 95
10 97
11 16
11 26
11 73
11 75
11 79
11 89
11 113
12 24
12 101
13 16
13 41
13 80
13 91
14 66
14 73
14 540
15 24
15 26
15 109
16 19
16 29
16 37
16 60
16 68
16 81
17 46
17 80
17 99
18 32
18 59
18 111
19 25
19 27
19 41
19 58
19 106
20 29
20 51
20 56
21 32
22 45
22 75
22 87
22 91
23 82
23 91
23 111
23 273
24 82
24 106
24 149
25 57
25 68
25 73
25 108
26 54
26 83
26 88
26 102
26 113
27 31
27 83
28 86
28 135
29 34
29 47
29 66
29 85
29 97
29 113
30 47
30 60
30 72
30 103
32 95
32 98
32 100
34 65
34 80
34 92
35 75
35 99
35 962
36 40
36 53
36 62
37 47
37 86
38 88
39 57
39 62
39 65
39 80
39 86
40 45
40 85
41 73
41 94
42 43
42 59
42 67
42 75
43 55
43 84
43 92
43 100
45 47
45 50
45 84
46 86
46 90
46 93
46 111
47 689
48 75
48 91
48 102
48 106
49 73
50 99
51 67
52 90
53 69
53 99
53 262
56 57
56 60
56 72
56 73
57 59
57 97
57 101
58 74
60 69
61 78
61 111
62 82
63 67
63 91
63 108
64 66
66 78
66 79
66 97
66 104
66 110
67 74
68 78
69 86
70 110
71 104
71 402
72 100
75 96
75 128
76 94
76 97
76 108
77 99
77 429
78 89
78 91
78 104
79 93
79 95
80 107
80 111
82 90
83 109
84 89
84 91
86 93
86 105
86 106
87 107
92 113
92 230
93 96
96 101
98 102
98 109
99 1181
100 101
100 105
101 113
102 106
106 110
106 346
112 819
114 117
114 126
114 304
114 330
114 368
114 371
114 395
114 495
114 525
114 546
114 557
115 133
115 173
115 189
115 213
115 244
115 304
115 322
115 362
115 376
115 410
115 433
115 505
115 534
115 548
116 203
116 247
116 278
116 359
116 364
116 380
116 427
116 438
116 486
116 521
116 548
117 229
117 258
117 264
117 277
117 338
117 383
117 394
117 440
117 446
117 490
118 151
118 226
118 398
118 417
118 433
118 558
119 180
119 188
119 232
119 305
119 335
119 444
119 476
120 184
120 192
120 232
120 292
120 299
120 306
120 359
120 371
120 384
120 388
120 389
120 404
120 415
120 432
120 473
121 131
121 233
121 266
121 267
121 298
121 311
121 337
121 353
121 385
121 392
121 442
121 452
121 467
121 485
121 500
121 535
122 141
122 157
122 159
122 184
122 193
122 299
122 310
122 313
122 318
122 322
122 363
122 400
122 422
122 455
122 529
122 539
122 543
123 159
123 166
123 179
123 227
123 259
123 271
123 273
123 286
123 341
123 353
123 384
123 387
123 482
124 233
124 356
124 388
124 403
124 543
125 142
125 231
125 287
125 292
125 301
125 327
125 333
125 346
125 399
125 406
125 424
125 476
125 489
125 497
126 147
126 219
126 227
126 274
126 291
126 348
126 351
126 364
126 394
126 410
126 445
126 463
127 175
127 239
127 301
127 329
127 391
127 443
127 497
127 499
128 179
128 299
128 353
128 432
129 178
129 194
129 198
129 219
129 245
129 287
129 306
129 340
129 386
129 396
129 404
129 436
129 441
129 520
129 549
129 555
130 167
130 195
130 259
130 313
130 329
130 336
130 344
130 392
130 394
130 398
131 140
131 171
131 189
131 233
131 311
131 324
131 369
131 391
131 394
131 440
131 450
131 456
131 457
131 472
131 511
132 134
132 193
132 212
132 215
132 313
132 326
132 333
132 361
132 386
132 414
132 420
132 439
132 483
133 147
133 150
133 151
133 168
133 185
133 287
133 337
133 369
134 143
134 165
134 226
134 239
134 269
134 316
134 320
134 354
134 358
134 387
134 445
134 470
134 546
135 137
135 236
135 248
135 269
135 293
135 303
135 322
135 378
135 411
135 439
135 465
135 477
135 526
135 529
136 199
136 250
136 257
136 330
136 334
136 348
136 436
136 439
136 460
136 474
136 477
136 486
136 504
136 510
136 535
137 189
137 205
137 219
137 264
137 328
137 407
137 423
137 426
137 491
138 225
138 301
138 319
138 403
138 405
138 446
138 456
138 497
139 174
139 300
139 366
139 385
139 397
139 404
139 423
139 443
139 453
139 454
139 477
139 559
140 189
140 213
140 274
140 308
140 382
140 405
140 426
140 427
140 443
140 462
140 481
140 535
140 554
140 557
141 317
141 372
141 442
141 532
142 149
142 270
142 352
142 353
142 362
142 370
142 431
142 442
143 144
143 152
143 258
143 276
143 324
143 334
143 376
143 401
143 403
143 424
143 428
143 438
143 549
144 160
144 188
144 208
144 399
144 498
144 551
145 151
145 335
145 404
145 415
145 452
146 152
146 239
146 278
146 296
146 438
146 463
146 538
147 172
147 228
147 239
147 260
147 298
147 320
147 348
147 371
147 373
147 427
147 466
147 508
147 517
148 177
148 206
148 268
148 297
148 381
148 422
148 452
149 165
149 198
149 203
149 282
149 314
149 348
149 451
149 452
149 472
150 154
150 172
150 187
150 208
150 266
150 339
150 440
150 469
150 533
150 536
151 153
151 166
151 196
151 242
151 246
151 272
151 275
151 298
151 302
151 303
151 373
151 486
151 489
151 494
151 501
151 506
152 177
152 330
152 373
152 377
152 393
152 421
152 431
152 463
152 482
152 497
152 549
153 161
153 165
153 186
153 194
153 198
153 265
153 320
153 369
153 411
153 448
153 506
153 534
153 535
154 166
154 208
154 297
154 304
154 319
154 334
154 360
154 408
154 429
154 437
154 445
154 477
154 484
154 526
154 558
155 203
155 224
155 296
155 425
156 303
156 339
156 350
156 352
156 358
156 419
156 452
156 526
157 160
157 204
157 319
157 332
157 340
157 366
157 367
157 403
157 434
157 440
157 503
157 504
157 537
157 561
158 166
158 181
158 223
158 328
158 345
158 371
158 381
158 431
159 363
159 410
159 439
159 443
159 454
159 492
159 494
160 166
160 185
160 247
160 385
160 417
160 510
160 553
161 214
161 222
161 244
161 387
161 412
161 468
161 470
161 474
161 479
161 520
162 242
162 265
162 282
162 340
162 496
162 511
163 203
163 264
163 395
163 449
163 463
164 167
164 263
164 363
164 364
164 367
164 400
164 484
165 168
165 172
165 192
165 232
165 314
165 417
165 540
166 178
166 199
166 259
166 325
166 331
166 429
167 186
167 199
167 208
167 238
167 347
167 369
167 389
167 417
167 459
167 546
167 549
168 172
168 179
168 195
168 240
168 276
168 435
168 449
168 458
168 488
168 508
168 518
168 542
169 211
169 230
169 307
169 367
169 468
169 496
169 516
169 534
170 225
170 244
170 245
170 274
170 300
170 319
170 418
170 421
170 440
170 441
170 525
170 545
170 559
171 215
171 274
171 297
171 372
171 397
171 415
171 495
171 538
171 547
172 202
172 238
172 259
172 326
172 352
172 360
172 393
172 449
172 499
173 216
173 238
173 263
173 330
173 369
173 411
173 456
173 474
173 497
173 510
173 531
173 532
173 555
174 222
174 229
174 237
174 368
174 390
174 431
174 470
174 474
174 477
175 202
175 208
175 238
175 264
175 268
175 378
175 404
175 444
175 445
175 448
176 178
176 198
176 212
176 233
176 305
176 351
176 370
176 456
176 527
177 180
177 219
177 240
177 261
177 262
177 356
177 393
177 420
177 457
177 531
177 1117
178 179
178 333
178 352
178 368
178 374
178 456
178 537
178 550
179 182
179 230
179 247
179 261
179 321
179 323
179 376
179 387
179 460
180 246
180 313
180 431
180 465
180 500
180 525
181 189
181 228
181 275
181 292
181 333
181 335
181 350
181 368
181 397
181 411
181 463
181 489
181 527
181 537
181 552
182 233
182 257
182 262
182 272
182 300
182 512
182 513
182 530
182 539
182 547
182 552
183 245
183 377
183 384
183 390
183 532
183 548
184 210
184 246
184 298
184 334
184 351
184 382
184 428
184 477
184 513
184 524
185 220
185 252
185 269
185 378
185 408
185 483
185 497
185 505
185 538
186 213
186 255
186 276
186 317
186 381
186 426
186 542
187 189
187 274
187 291
187 316
187 373
187 431
187 504
188 191
188 255
188 275
188 278
188 324
188 370
188 374
188 410
188 423
188 425
188 431
188 475
188 521
188 523
188 534
188 552
189 225
189 226
189 289
189 297
189 311
189 356
189 373
189 409
189 457
189 540
190 196
190 220
190 231
190 285
190 295
190 351
190 377
190 445
191 285
191 465
191 472
191 475
191 527
191 561
192 219
192 315
192 324
192 334
192 342
192 377
192 413
192 428
192 468
192 494
193 276
193 291
193 294
193 318
193 334
193 388
193 389
193 419
193 459
193 463
193 791
194 253
194 257
194 314
194 321
194 349
194 376
194 396
194 438
194 455
194 464
194 518
195 199
195 221
195 339
195 411
195 557
196 215
196 232
196 245
196 297
196 298
196 404
196 446
196 486
196 492
197 211
197 301
197 347
197 362
197 382
197 399
197 439
197 487
197 558
198 280
198 421
198 469
198 482
199 245
199 363
199 392
199 407
199 409
199 428
199 484
199 485
200 265
200 279
200 343
200 392
200 418
200 445
200 484
201 205
201 238
201 244
201 335
201 360
201 376
201 533
201 536
202 237
202 329
202 345
202 355
202 404
202 428
202 452
202 480
202 552
203 233
203 356
203 366
203 381
203 419
203 470
203 494
203 507
203 559
204 279
204 314
204 323
204 332
204 358
204 366
204 433
204 452
204 495
204 537
204 554
205 210
205 295
205 312
205 340
205 343
205 449
205 545
205 553
206 211
206 244
206 377
206 380
206 396
206 453
206 457
206 488
206 499
207 218
207 230
207 231
207 260
207 292
207 480
207 538
208 379
208 427
208 434
208 528
208 529
209 214
209 227
209 284
209 348
209 356
209 420
209 421
209 454
209 474
209 497
210 361
210 430
210 474
210 504
210 539
211 243
211 258
211 330
211 337
211 338
211 345
211 435
211 442
211 495
211 509
211 530
211 533
212 229
212 285
212 329
212 357
212 362
213 304
213 348
213 389
213 414
213 473
213 492
213 515
213 552
214 242
214 261
214 373
214 407
214 470
214 560
215 230
215 250
215 283
215 458
215 480
215 509
216 281
216 437
216 449
216 494
216 499
217 231
217 269
217 318
217 324
217 347
217 380
217 390
217 411
218 241
218 248
218 283
218 306
218 323
218 378
218 412
218 440
218 442
218 445
218 523
218 542
219 229
219 297
219 355
219 410
219 442
219 549
220 225
220 299
220 391
220 397
220 452
220 505
220 522
221 252
221 300
221 350
221 383
221 399
221 413
221 496
221 509
221 552
222 293
222 338
222 339
222 357
222 370
222 401
222 402
222 423
222 450
222 480
222 497
223 314
223 370
223 401
223 482
223 487
224 254
224 303
224 356
224 371
224 409
224 445
225 233
225 242
225 306
225 317
225 362
225 412
225 544
225 545
225 548
226 252
226 277
226 456
226 472
226 514
226 544
227 235
227 301
227 332
227 438
227 494
227 530
228 254
228 352
229 236
229 332
229 393
229 416
229 438
229 442
229 492
229 519
229 542
230 252
230 257
230 451
230 474
230 477
231 270
231 301
231 327
231 414
231 453
231 483
231 489
231 493
231 532
231 558
232 296
232 344
232 355
232 365
232 369
232 403
232 446
232 451
232 457
232 478
232 507
232 520
233 251
233 278
233 295
233 300
233 343
233 349
233 392
233 398
233 409
233 480
233 494
234 259
234 264
234 316
234 438
234 515
235 267
235 295
235 347
235 380
235 383
235 396
235 455
235 480
235 506
236 288
236 330
236 349
236 410
236 422
236 523
236 525
236 537
236 542
236 559
237 253
237 318
237 331
237 403
237 533
238 319
238 371
238 381
238 387
238 432
238 467
238 496
238 558
239 385
239 432
239 465
240 288
240 306
240 308
240 340
240 404
240 405
240 423
240 424
240 453
240 469
240 483
240 504
240 511
240 520
241 317
241 335
241 367
241 420
241 459
241 489
242 296
242 367
242 379
242 387
242 476
242 493
242 520
242 538
243 252
243 298
243 333
243 336
243 359
243 381
243 525
243 535
244 311
244 374
244 455
244 502
244 552
245 270
245 322
245 398
245 423
245 457
245 490
245 521
245 544
246 293
246 306
246 321
246 360
246 451
246 496
246 545
247 286
247 301
247 383
247 385
247 399
247 420
247 439
248 381
248 392
248 529
249 264
249 318
249 373
249 393
249 412
249 469
249 514
249 544
249 555
250 344
250 346
250 347
250 356
250 376
250 477
250 532
251 272
251 308
251 355
251 362
251 398
251 473
251 488
251 500
251 546
252 398
252 463
252 491
253 287
253 335
253 380
253 415
253 425
253 531
254 313
254 331
254 349
254 431
254 439
254 462
254 494
254 534
255 385
255 443
256 305
256 342
256 368
256 369
256 374
256 398
256 401
256 431
256 452
256 472
256 480
257 344
257 381
257 414
257 515
258 309
258 331
258 482
258 540
258 546
259 273
259 282
259 289
259 315
259 324
259 366
259 401
259 409
259 456
259 520
260 281
260 291
260 331
260 364
260 373
260 374
260 396
260 428
261 276
261 281
261 302
261 365
261 397
261 456
261 473
261 483
261 547
262 280
262 325
262 387
262 460
262 488
262 560
263 277
263 313
263 359
263 370
263 376
263 383
263 422
263 445
263 500
263 542
264 273
264 294
264 452
264 510
265 460
265 466
265 521
266 295
266 346
266 349
266 377
266 383
266 425
266 495
267 411
267 423
267 450
267 493
267 537
268 368
268 414
268 477
268 488
268 534
268 557
269 274
269 386
269 393
269 395
269 416
270 292
270 311
270 313
270 319
270 388
270 405
270 416
270 501
270 517
270 534
270 555
270 560
271 311
271 333
271 429
271 451
271 471
271 513
271 548
272 336
272 352
272 356
272 357
272 419
272 431
272 490
272 522
272 542
272 555
273 306
273 350
273 365
273 401
273 471
273 478
273 499
273 513
273 526
274 289
274 301
274 316
274 366
274 384
274 403
274 406
274 423
274 458
274 461
274 470
274 546
275 280
275 286
275 290
275 295
275 300
275 306
275 331
275 455
275 493
275 501
275 502
276 279
276 288
276 335
276 354
276 363
276 382
276 386
276 524
276 549
277 378
277 442
278 335
278 355
278 425
278 462
278 485
279 284
279 315
279 330
279 372
279 378
279 389
279 455
279 462
279 526
279 537
280 307
280 310
280 390
280 411
280 475
280 533
281 359
281 468
281 482
281 504
281 517
281 518
281 525
282 285
282 286
282 305
282 358
282 409
282 426
282 533
282 559
283 292
283 309
283 325
283 459
283 486
283 487
283 502
284 303
284 367
284 442
284 518
284 553
285 333
285 346
285 350
285 434
285 493
285 504
285 560
286 305
286 319
286 341
286 361
286 389
286 408
286 433
287 293
287 315
287 363
287 378
287 383
287 421
287 559
288 328
288 429
288 449
289 367
289 459
289 540
289 541
289 552
290 294
290 328
290 333
291 302
291 332
291 424
291 447
291 468
291 471
291 518
292 313
292 347
292 374
292 388
292 458
292 504
292 548
293 348
293 374
293 396
293 455
293 485
293 527
293 548
294 314
294 352
294 411
294 450
294 452
295 303
295 345
295 365
295 392
295 421
295 438
295 447
295 459
295 521
296 324
296 362
296 367
296 369
296 398
296 411
296 415
296 448
296 455
297 457
297 491
297 513
298 334
298 438
298 501
298 537
299 329
299 330
299 335
299 466
299 506
300 327
300 333
300 401
300 478
300 501
300 552
301 424
301 492
301 495
301 507
301 545
301 546
301 551
302 390
302 398
302 450
302 451
302 551
303 317
303 342
303 343
303 461
304 328
304 350
304 355
304 384
304 387
304 473
304 539
305 414
305 434
305 504
305 524
305 535
306 403
306 424
306 459
307 352
307 395
307 404
307 409
307 413
307 473
307 480
308 367
308 493
308 496
308 513
308 557
309 352
309 355
309 433
309 491
309 496
309 505
309 506
309 511
310 323
310 324
310 360
310 420
310 457
310 522
310 526
310 529
310 536
311 316
311 443
311 518
311 520
311 523
311 546
311 549
312 406
312 415
312 488
312 521
312 539
313 333
313 334
313 496
313 519
313 555
313 557
314 385
314 451
314 459
314 468
314 546
314 558
315 335
315 346
315 416
315 432
315 482
315 517
315 525
316 333
316 352
316 355
316 382
316 454
316 486
316 495
316 526
316 551
317 343
317 360
317 404
317 473
317 487
317 547
318 383
318 456
318 477
318 528
319 333
319 398
319 418
319 454
319 465
319 487
319 489
319 510
319 515
319 577
320 380
320 473
320 498
320 504
320 511
321 324
321 370
321 401
321 423
321 434
321 512
321 523
321 544
322 353
322 384
322 385
322 403
322 414
322 511
322 556
323 405
324 346
324 373
325 485
325 505
325 523
326 382
326 406
326 434
326 441
326 469
326 522
326 524
327 372
327 376
327 390
327 442
327 530
328 381
328 457
328 534
329 396
329 421
329 508
329 512
329 532
329 537
329 554
330 364
330 435
331 352
331 427
331 446
331 488
332 351
332 354
332 399
332 434
332 439
332 443
332 448
332 538
333 355
333 359
333 420
333 456
333 493
333 544
333 556
334 474
334 489
334 530
335 435
335 471
336 361
336 443
336 475
336 552
337 415
337 419
337 438
337 457
337 527
337 551
337 560
338 354
338 384
338 424
338 558
339 364
339 368
339 503
339 504
339 510
340 381
340 432
340 472
340 498
341 412
341 429
341 449
341 463
341 546
342 348
342 381
342 423
342 431
342 437
342 451
342 473
342 477
342 495
342 502
342 547
342 555
343 369
343 408
343 420
343 441
343 455
343 459
343 499
344 417
344 465
344 467
344 488
344 489
344 559
345 356
345 381
345 404
345 421
345 445
345 461
345 520
345 546
346 403
348 360
348 379
348 512
348 517
348 531
349 374
349 398
349 431
349 453
349 477
349 555
350 482
350 501
350 539
351 445
351 524
351 555
353 363
353 439
353 488
353 513
353 551
354 381
354 382
354 397
354 420
354 430
354 481
354 488
354 553
355 408
355 468
355 474
355 487
356 380
356 456
356 470
356 510
356 514
356 540
356 549
357 376
357 385
357 460
357 468
357 481
357 519
357 534
358 477
358 482
358 497
358 552
359 386
359 451
359 481
359 494
359 538
359 547
360 432
360 436
360 495
361 400
361 411
361 493
361 522
361 531
362 469
363 374
363 400
363 402
363 423
363 430
363 435
363 446
363 547
363 556
363 558
364 553
364 556
365 381
365 419
365 439
365 454
365 535
366 380
366 399
366 410
366 437
367 446
367 468
367 496
367 509
368 379
368 395
368 403
368 405
368 421
369 422
369 442
369 463
369 510
370 481
370 509
370 535
370 547
371 376
371 385
371 399
371 413
371 415
371 561
372 392
372 410
372 413
372 433
372 482
372 548
372 556
373 393
373 488
373 531
374 388
374 397
374 456
374 468
374 489
375 449
375 452
376 424
376 428
376 441
376 474
377 458
377 484
377 492
377 505
377 558
377 561
378 431
378 444
379 388
379 409
379 424
379 440
379 446
379 457
379 478
379 547
380 382
380 515
381 397
381 462
381 542
381 546
382 385
382 488
382 556
382 560
383 497
383 515
383 536
383 549
383 559
383 561
384 434
384 523
384 544
384 560
385 395
385 423
385 478
385 521
385 536
385 541
385 547
386 405
386 465
386 502
386 516
387 524
387 550
387 561
388 441
388 524
388 549
389 412
389 432
389 503
389 533
389 561
390 404
391 393
391 394
391 420
391 469
391 539
392 428
392 429
392 443
392 476
392 493
393 431
393 474
393 501
393 510
393 528
393 559
394 408
394 435
394 458
394 475
394 477
394 479
394 504
394 518
394 529
394 540
395 423
395 441
395 483
395 484
395 539
395 545
395 565
396 404
396 432
396 453
396 470
396 529
396 544
397 423
397 430
397 453
397 468
397 545
398 490
398 554
398 556
399 488
399 544
400 464
400 495
401 415
401 509
401 537
402 460
402 472
402 482
402 556
403 409
403 415
403 449
403 451
403 495
403 525
403 538
404 454
404 480
404 514
405 505
405 522
406 460
406 485
406 573
407 464
407 481
407 512
408 434
409 416
409 421
409 433
409 444
409 453
409 486
410 423
410 437
410 458
410 502
410 529
410 553
411 455
411 457
411 472
411 559
412 421
412 454
412 475
413 437
413 445
413 468
413 475
413 534
413 558
415 485
415 488
415 517
416 534
417 489
417 533
417 552
418 460
418 496
418 500
418 540
418 556
419 427
419 433
419 464
419 468
419 477
419 518
419 538
419 556
420 426
420 461
420 482
420 559
421 489
421 500
421 541
421 557
421 560
422 429
422 436
422 438
422 451
423 440
423 524
424 532
425 447
425 468
425 531
425 556
426 453
426 455
426 467
426 540
427 522
428 558
429 453
430 531
430 560
432 453
432 480
432 485
432 518
432 527
432 538
433 540
434 456
434 469
434 495
435 527
435 528
436 483
436 492
436 495
436 499
436 544
436 553
436 558
437 443
437 498
437 508
437 511
437 539
437 551
439 461
439 509
439 521
440 500
442 538
443 506
443 509
444 447
444 488
444 503
444 532
445 455
445 495
445 512
445 534
445 541
445 554
446 493
446 495
446 505
448 559
449 536
449 548
449 560
450 464
450 495
450 517
450 520
451 499
451 504
451 509
451 545
452 508
452 529
454 476
454 500
454 511
454 552
455 535
455 544
456 465
456 509
456 512
457 469
457 494
457 537
458 518
458 523
458 524
458 552
458 559
459 528
460 463
460 467
460 475
460 494
461 501
461 505
462 482
462 485
462 499
462 509
462 510
462 547
462 549
463 471
464 526
465 469
465 508
465 521
466 508
467 475
467 513
468 486
468 513
469 484
470 483
470 519
470 533
472 492
472 518
472 555
473 513
474 480
474 483
476 480
476 558
477 530
478 532
479 522
479 533
480 482
480 489
480 496
481 505
482 491
482 538
483 556
484 500
484 559
485 532
486 497
486 523
486 536
487 553
488 493
488 499
488 503
488 551
489 508
490 497
491 545
492 522
493 559
495 504
495 522
495 540
496 529
497 522
498 516
498 525
499 514
500 511
500 547
501 521
501 534
502 524
504 515
505 533
508 524
510 553
512 525
512 548
513 521
513 560
514 522
514 532
514 535
515 533
516 517
516 559
517 526
517 528
517 559
518 537
518 545
519 558
520 556
522 533
523 527
526 544
527 559
531 542
531 546
531 548
531 843
532 538
532 552
534 541
535 559
539 555
545 560
547 554
549 557
555 557
562 595
562 613
562 674
562 681
562 684
562 702
562 707
562 758
562 759
562 772
562 982
563 566
563 587
563 592
563 646
563 648
563 665
563 719
563 778
563 781
563 792
563 795
564 590
564 612
564 640
564 670
565 603
565 647
565 701
565 721
565 722
565 727
565 746
565 751
565 752
565 783
565 789
565 797
566 568
566 598
566 604
566 670
566 687
566 750
566 754
566 821
567 581
567 586
567 592
567 597
567 625
567 630
567 654
567 659
567 664
567 797
568 642
568 673
568 694
568 715
568 724
568 774
568 802
569 596
569 643
569 644
569 664
569 678
569 711
569 712
569 717
569 718
569 733
569 737
569 804
570 583
570 592
570 596
570 624
570 648
570 680
570 798
571 597
571 623
571 631
571 648
571 659
571 683
571 687
571 693
571 713
571 725
571 741
572 598
572 602
572 669
572 710
572 734
572 778
572 785
572 792
572 806
573 579
573 655
573 701
573 703
573 739
573 742
573 792
573 795
574 577
574 639
574 656
574 669
574 733
574 805
574 822
575 589
575 618
575 664
575 699
575 724
575 750
575 800
575 807
575 818
576 607
576 642
576 722
576 747
576 758
576 785
576 796
576 804
577 651
577 733
577 785
577 787
577 803
577 811
577 814
578 622
578 629
578 634
578 692
578 737
578 771
578 793
578 818
579 589
579 611
579 629
579 644
579 728
579 730
579 759
579 799
580 590
580 603
580 658
580 718
580 793
580 817
581 605
581 640
581 673
581 746
581 788
581 813
582 609
582 610
582 615
582 664
582 732
582 772
582 813
583 593
583 600
583 656
583 692
583 747
583 792
583 817
584 762
584 820
585 636
585 640
585 776
585 809
586 594
586 629
586 630
586 647
586 767
587 591
587 619
587 711
587 721
587 728
587 730
587 764
587 785
588 616
588 628
588 709
588 746
588 761
588 769
588 772
588 774
588 788
588 801
589 612
589 620
589 727
589 737
589 820
590 637
590 656
590 669
590 702
590 735
590 736
590 752
590 788
590 808
591 599
591 662
591 670
591 689
591 696
591 699
591 701
591 709
591 711
591 741
591 771
591 792
592 647
592 651
592 665
592 753
592 785
592 802
592 809
592 811
593 597
593 599
593 690
593 784
593 819
594 626
594 646
594 684
594 696
594 731
594 733
594 734
594 736
594 741
594 779
594 797
595 601
595 669
595 675
595 696
595 749
595 751
595 817
596 661
596 694
596 731
596 767
596 796
597 599
597 694
597 704
597 720
597 722
597 725
597 727
597 821
597 822
598 600
598 615
598 623
598 642
598 643
598 657
598 661
598 689
598 713
598 760
598 764
598 788
599 612
599 648
599 662
599 666
599 699
599 751
600 629
600 630
600 648
600 650
600 655
600 795
600 804
601 605
601 652
601 666
601 684
601 705
601 725
601 801
602 629
602 678
602 788
602 815
603 659
603 679
603 700
603 714
603 746
603 807
603 815
603 819
604 647
604 653
604 675
604 681
604 687
604 742
604 760
604 797
604 808
605 613
605 651
605 716
605 719
605 735
605 760
605 764
605 768
605 770
605 789
606 635
606 638
606 658
606 667
606 689
606 695
606 713
606 745
606 758
607 710
607 771
608 654
608 670
608 711
608 781
608 790
608 800
608 812
608 821
609 643
609 644
609 665
609 670
609 696
609 700
609 707
609 724
609 755
610 612
610 691
610 703
610 759
610 820
611 612
611 617
611 630
611 674
611 719
611 731
611 766
611 801
612 613
612 669
612 713
612 718
612 768
612 780
613 644
613 665
613 684
613 697
613 703
613 715
613 804
613 822
614 638
614 717
614 721
614 729
614 742
614 767
614 768
614 792
615 712
615 713
615 746
615 792
615 805
616 654
616 671
616 682
616 743
616 788
616 799
617 628
617 673
617 703
617 712
617 747
617 763
617 781
618 645
618 666
618 725
618 738
618 776
618 805
619 620
619 653
619 662
619 705
619 729
619 758
619 771
619 788
619 796
619 808
620 634
620 653
620 717
620 739
620 746
620 790
620 802
621 667
621 725
622 629
622 630
622 631
622 702
622 709
622 742
622 786
622 810
622 818
623 648
623 654
623 659
623 712
623 722
623 735
623 744
623 757
623 775
623 797
623 804
624 633
624 635
624 678
624 685
624 735
624 740
624 785
625 639
625 676
625 693
625 760
625 775
625 817
626 640
626 728
626 754
626 773
626 776
626 780
626 798
626 821
627 644
627 705
627 731
627 758
627 809
628 663
628 677
628 696
628 705
628 767
628 768
628 788
629 648
629 680
629 697
629 813
630 662
630 673
630 698
630 701
630 719
630 723
630 741
630 742
630 751
630 752
630 754
630 757
630 794
631 675
631 681
631 689
631 736
631 766
631 789
631 803
632 634
632 686
632 707
632 764
632 794
632 809
632 818
633 637
633 688
633 697
633 702
633 750
633 816
633 820
634 637
634 655
634 666
634 701
634 759
634 785
634 811
635 694
635 737
635 741
635 743
635 805
635 806
635 819
636 680
636 710
636 750
636 777
636 808
636 809
636 816
637 647
637 733
637 739
637 779
638 662
638 664
638 669
638 680
638 682
638 742
638 748
638 757
638 784
639 684
639 688
639 703
639 708
639 734
639 782
639 811
640 650
640 669
640 671
640 732
640 747
640 770
641 731
641 734
641 751
641 752
641 753
641 797
642 658
642 787
642 788
642 795
642 797
642 799
643 672
643 676
643 678
643 688
643 695
643 764
644 719
644 743
644 765
644 792
644 818
645 707
645 734
645 735
645 758
645 807
646 653
646 681
646 777
646 820
647 651
647 661
647 678
647 715
647 771
648 655
648 700
649 656
649 696
649 728
649 735
649 756
649 780
649 795
650 688
650 704
650 713
650 715
650 763
651 656
651 776
652 664
652 689
652 695
652 721
652 729
652 808
652 815
653 668
653 685
653 688
653 696
653 729
653 743
653 819
654 720
655 659
655 672
655 693
655 705
655 752
655 756
655 776
655 786
655 787
655 818
656 722
656 736
656 750
656 763
656 765
656 773
656 819
657 701
657 744
657 775
658 669
658 742
658 766
658 798
659 708
659 731
659 805
660 669
660 732
660 787
660 794
661 770
662 676
662 699
662 705
662 723
662 735
662 767
662 770
662 784
662 799
662 815
663 680
663 683
663 717
663 749
663 807
664 778
664 782
664 798
665 732
665 743
665 766
666 678
666 763
666 767
666 777
667 671
667 677
667 683
667 700
667 748
667 751
667 757
667 758
667 765
667 778
668 779
668 804
668 812
669 676
669 688
669 705
669 769
669 778
670 721
670 742
670 750
670 792
670 813
671 684
671 694
671 699
671 731
671 762
671 806
671 822
672 760
672 765
672 799
673 678
673 685
673 707
673 727
673 745
674 769
674 781
674 796
674 822
675 685
675 723
675 728
675 731
675 761
676 679
676 725
676 765
676 773
676 784
677 715
677 726
677 775
677 791
678 687
678 691
678 693
678 708
678 711
678 754
678 771
678 796
678 798
678 808
678 810
679 718
679 726
679 731
680 697
680 783
680 793
680 805
681 753
681 767
682 711
682 742
682 750
682 782
682 792
683 720
683 768
683 777
683 781
683 815
684 705
684 718
684 758
685 753
685 818
686 699
686 741
686 766
686 822
687 689
687 729
687 743
687 761
687 766
687 801
688 701
688 800
689 707
689 796
690 709
690 716
690 722
690 750
690 756
690 765
690 776
690 806
691 712
691 724
691 741
691 789
691 797
692 748
692 754
692 771
693 722
693 740
693 808
694 750
694 757
694 776
694 783
695 725
695 754
695 801
696 697
696 814
697 778
698 728
699 710
699 734
699 758
699 764
699 771
700 714
700 726
700 788
700 917
701 705
701 729
701 802
702 737
702 783
702 789
703 788
704 786
704 813
705 732
705 736
705 753
705 769
705 771
705 800
705 814
705 818
706 720
706 721
706 776
706 780
706 805
707 755
707 817
708 719
708 745
708 749
708 760
708 796
708 804
708 814
709 728
709 766
709 768
709 795
710 719
710 721
710 731
710 763
711 712
711 731
711 756
711 769
711 817
711 822
712 762
712 794
713 746
713 756
713 771
713 776
713 794
713 819
714 721
714 731
714 741
714 747
714 752
714 780
715 774
715 776
715 781
715 814
716 780
716 810
717 727
717 744
717 770
717 801
717 818
718 780
718 892
719 765
719 776
719 807
719 818
720 736
720 746
720 777
720 783
720 797
721 741
721 749
721 798
721 816
722 732
722 736
722 813
724 726
724 819
727 750
727 777
727 791
727 800
727 801
727 808
729 740
729 773
729 781
729 820
729 1157
730 767
730 789
730 790
730 801
730 820
731 743
731 748
731 755
731 780
732 742
732 746
732 759
732 777
732 814
732 820
733 765
733 780
733 798
733 806
735 743
735 792
735 800
735 815
736 739
736 783
737 773
737 781
737 790
737 814
738 745
738 796
738 804
739 765
739 771
739 778
740 785
741 763
741 794
741 818
742 785
742 804
743 776
744 761
744 816
745 776
745 786
746 755
746 759
746 762
746 791
746 804
747 810
748 810
748 817
750 759
750 790
750 810
751 762
751 812
752 809
753 755
753 804
753 808
754 759
754 764
754 822
755 822
756 795
757 793
757 795
757 799
757 810
757 814
757 822
760 766
760 789
760 795
761 772
761 777
761 786
761 815
762 821
764 767
764 808
764 814
765 766
765 772
765 782
765 797
765 813
766 798
766 819
767 789
768 795
768 822
769 788
769 817
770 795
770 820
771 781
771 821
772 773
772 789
772 800
773 806
774 776
774 777
774 791
774 810
774 814
775 781
775 789
775 796
775 797
775 798
776 790
777 787
779 804
779 813
780 810
780 812
780 819
781 794
782 786
784 793
784 801
785 791
785 793
785 798
785 805
786 814
787 790
787 820
788 791
788 816
789 798
791 819
791 822
792 811
797 809
797 819
799 807
800 814
800 821
801 812
802 820
802 988
805 821
809 820
811 821
823 848
823 877
823 1038
824 827
824 842
824 858
824 861
824 868
825 844
825 849
825 862
825 876
825 889
826 829
826 837
826 842
826 855
826 870
826 875
826 878
826 881
827 864
827 867
827 890
828 847
829 865
829 878
830 843
830 867
830 881
831 845
831 848
831 867
831 869
831 883
832 842
832 848
832 864
832 874
833 843
833 862
833 868
833 873
833 878
834 872
835 846
835 860
835 875
835 884
835 886
835 889
836 856
836 858
836 872
837 844
837 857
837 862
837 865
837 875
837 884
838 851
838 853
838 881
838 884
838 1131
839 859
839 861
839 876
839 887
840 868
840 1033
841 848
841 850
841 857
841 868
841 871
841 873
841 880
842 848
842 888
843 863
843 874
844 851
845 860
845 866
845 876
846 853
846 865
846 889
847 851
847 879
848 852
848 880
849 853
849 862
849 886
849 889
850 851
850 864
850 865
850 885
851 872
851 881
852 860
852 865
852 887
853 859
853 868
854 857
854 861
854 866
855 858
855 867
855 872
856 857
856 858
856 876
856 881
857 876
857 886
859 882
860 865
860 866
860 872
862 863
863 864
863 866
863 886
865 869
865 874
866 890
867 881
867 887
868 876
868 879
869 872
869 881
869 886
869 889
870 879
870 889
871 876
871 878
871 887
871 890
874 880
875 890
876 887
876 888
876 889
878 888
880 882
881 883
881 889
883 888
884 886
884 887
886 887
1024 1041
1024 1045
1024 1047
1024 1050
1024 1083
1024 1093
1024 1129
1024 930
1024 932
1024 950
1024 955
1024 958
1024 974
1024 982
1024 1016
1025 1053
1025 1062
1025 1067
1025 1083
1025 1099
1025 1128
1025 1137
1025 894
1025 906
1025 907
1025 908
1025 920
1025 948
1025 980
1025 981
1025 1002
1026 1070
1026 1071
1026 1082
1026 1111
1026 1121
1026 1127
1026 1139
1026 1140
1026 908
1026 923
1026 955
1026 976
1026 983
1026 991
1026 1007
1026 1012
1026 1015
1027 1040
1027 1071
1027 1073
1027 1080
1027 1089
1027 1108
1027 1126
1027 915
1027 916
1027 931
1027 943
1027 944
1027 952
1027 957
1027 960
1027 967
1027 972
1027 976
1027 986
1027 990
1027 1013
1028 1040
1028 1045
1028 1052
1028 1064
1028 1067
1028 1090
1028 1093
1028 1139
1028 941
1028 943
1028 958
1028 969
1028 989
1028 990
1028 993
1028 996
1028 1009
1028 1016
1028 1022
1029 1044
1029 1045
1029 1062
1029 1090
1029 1124
1029 892
1029 903
1029 923
1029 945
1029 950
1029 962
1029 963
1029 967
1029 976
1029 989
1029 998
1029 1008
1030 1038
1030 1039
1030 1051
1030 1066
1030 1068
1030 1080
1030 1085
1030 1121
1030 1135
1030 1139
1030 891
1030 896
1030 899
1030 903
1030 904
1030 921
1030 948
1030 963
1030 987
1030 999
1031 1037
1031 1050
1031 1084
1031 1091
1031 1107
1031 1108
1031 1110
1031 1112
1031 1119
1031 1130
1031 910
1031 937
1031 941
1031 945
1031 986
1031 994
1031 995
1031 1004
1031 1017
1032 1052
1032 1091
1032 1110
1032 1116
1032 1117
1032 1121
1032 1130
1032 1134
1032 892
1032 910
1032 920
1032 923
1032 933
1032 953
1032 976
1032 987
1032 1000
1032 1012
1032 1015
1033 1048
1033 1098
1033 1112
1033 1118
1033 914
1033 925
1033 950
1033 954
1033 974
1033 1005
1033 1013
1033 1014
1034 1072
1034 1090
1034 1098
1034 1116
1034 1131
1034 896
1034 924
1034 928
1034 930
1034 933
1034 939
1034 950
1034 955
1034 979
1034 981
1034 987
1034 999
1034 1017
1035 1047
1035 1060
1035 1063
1035 1064
1035 1069
1035 1072
1035 1075
1035 1106
1035 1111
1035 1122
1035 1132
1035 1138
1035 911
1035 950
1035 966
1035 970
1035 996
1036 1065
1036 1069
1036 1082
1036 1095
1036 1135
1036 897
1036 907
1036 911
1036 914
1036 929
1036 971
1036 981
1036 992
1036 999
1036 1009
1037 1049
1037 1053
1037 1054
1037 1110
1037 1111
1037 1116
1037 1123
1037 1125
1037 894
1037 903
1037 909
1037 916
1037 918
1037 920
1037 951
1037 959
1037 1013
1037 1015
1038 1045
1038 1058
1038 1070
1038 1074
1038 893
1038 896
1038 905
1038 908
1038 914
1038 924
1038 939
1038 952
1038 963
1038 971
1038 972
1038 994
1038 998
1038 1005
1038 1011
1038 1014
1038 1015
1038 1018
1038 1022
1039 1113
1039 1115
1039 1124
1039 1129
1039 1136
1039 895
1039 940
1039 943
1039 958
1040 1053
1040 1070
1040 1072
1040 1098
1040 1101
1040 1128
1040 915
1040 920
1040 924
1040 955
1040 962
1040 988
1040 1001
1041 1077
1041 1089
1041 1117
1041 903
1041 929
1041 936
1041 943
1041 982
1041 996
1041 1012
1042 1046
1042 1068
1042 1078
1042 1082
1042 1085
1042 1088
1042 1109
1042 1130
1042 909
1042 920
1042 944
1042 962
1042 1001
1042 1005
1043 1055
1043 1079
1043 1128
1043 901
1043 907
1043 927
1043 929
1043 934
1043 937
1043 942
1043 952
1043 996
1043 998
1044 1065
1044 1085
1044 1090
1044 1098
1044 1126
1044 1129
1044 1130
1044 1136
1044 1140
1044 912
1044 916
1044 941
1044 955
1044 968
1044 975
1044 990
1044 1008
1044 1011
1044 1023
1045 1047
1045 1086
1045 1103
1045 1104
1045 1112
1045 895
1045 898
1045 901
1045 908
1045 915
1045 943
1045 1012
1045 1013
1046 1048
1046 1057
1046 1065
1046 1069
1046 1083
1046 1088
1046 1118
1046 899
1046 902
1046 909
1046 942
1046 950
1046 964
1046 969
1046 975
1046 1018
1046 1023
1047 1066
1047 1073
1047 1076
1047 1090
1047 1104
1047 1107
1047 1124
1047 1127
1047 929
1047 950
1047 973
1047 985
1047 987
1047 988
1047 990
1047 1022
1048 1057
1048 1086
1048 1103
1048 1119
1048 1137
1048 1138
1048 894
1048 929
1048 930
1048 947
1048 957
1048 965
1048 997
1048 1000
1048 1003
1048 1007
1048 1017
1048 1019
1049 1056
1049 1092
1049 1108
1049 1140
1049 892
1049 896
1049 905
1049 908
1049 931
1049 957
1049 974
1049 988
1049 1017
1050 1059
1050 1064
1050 1072
1050 1073
1050 1133
1050 923
1050 928
1050 935
1050 937
1050 944
1050 957
1050 975
1050 981
1050 992
1050 999
1050 1017
1050 1018
1050 1023
1051 1075
1051 1087
1051 1111
1051 1117
1051 1120
1051 1122
1051 1124
1051 1129
1051 1137
1051 905
1051 922
1051 949
1051 953
1051 974
1051 985
1051 1004
1051 1013
1051 1017
1051 1022
1052 1057
1052 1063
1052 1072
1052 1080
1052 1085
1052 1087
1052 1093
1052 1110
1052 1130
1052 1132
1052 894
1052 896
1052 919
1052 940
1052 982
1052 988
1052 989
1052 990
1052 999
1052 1008
1052 1015
1052 1022
1053 1065
1053 1069
1053 1079
1053 1081
1053 1084
1053 1100
1053 1103
1053 1106
1053 1116
1053 1128
1053 1136
1053 912
1053 920
1053 934
1053 936
1053 975
1053 983
1053 987
1053 1016
1054 1065
1054 1067
1054 1068
1054 1080
1054 1082
1054 1089
1054 1094
1054 1095
1054 1115
1054 1116
1054 1126
1054 911
1054 922
1054 923
1054 938
1054 946
1054 952
1054 957
1054 977
1054 992
1054 1005
1055 1105
1055 1107
1055 1109
1055 892
1055 901
1055 903
1055 908
1055 917
1055 926
1055 968
1055 971
1055 977
1055 1016
1056 1067
1056 1068
1056 1102
1056 1118
1056 1125
1056 1130
1056 1131
1056 1137
1056 891
1056 893
1056 904
1056 932
1056 936
1056 939
1056 941
1056 943
1056 946
1056 994
1056 999
1057 1067
1057 1077
1057 1083
1057 1091
1057 1097
1057 1098
1057 1102
1057 1111
1057 1128
1057 1136
1057 893
1057 897
1057 913
1057 914
1057 945
1057 949
1057 960
1057 965
1057 992
1057 1000
1057 1010
1057 1016
1057 1023
1058 1061
1058 1074
1058 1129
1058 1130
1058 891
1058 903
1058 906
1058 910
1058 937
1058 942
1058 946
1058 953
1058 964
1058 985
1058 991
1058 1003
1058 1011
1058 1012
1058 1016
1059 1078
1059 1114
1059 901
1059 906
1059 910
1059 916
1059 918
1059 924
1059 975
1059 1003
1059 1021
1060 1064
1060 1070
1060 1115
1060 1124
1060 1127
1060 1130
1060 1133
1060 1135
1060 1139
1060 893
1060 898
1060 905
1060 929
1060 966
1060 968
1060 977
1060 985
1060 996
1060 1000
1060 1017
1060 1021
1060 1023
1061 1068
1061 1084
1061 1090
1061 1100
1061 1108
1061 1110
1061 1125
1061 891
1061 892
1061 937
1061 947
1061 969
1061 988
1062 1064
1062 1065
1062 1072
1062 1075
1062 1119
1062 1133
1062 1136
1062 893
1062 907
1062 955
1062 962
1062 970
1062 974
1062 987
1062 1009
1062 1011
1062 1015
1063 1077
1063 1103
1063 1109
1063 1110
1063 1115
1063 1123
1063 913
1063 923
1063 926
1063 948
1063 961
1063 964
1063 972
1063 976
1063 1000
1064 1069
1064 1079
1064 1084
1064 1088
1064 1093
1064 1100
1064 1102
1064 1110
1064 1113
1064 899
1064 905
1064 913
1064 914
1064 915
1064 923
1064 965
1064 968
1064 972
1064 980
1064 985
1064 995
1064 1011
1065 1073
1065 1076
1065 1103
1065 1104
1065 1105
1065 1125
1065 892
1065 908
1065 909
1065 910
1065 920
1065 926
1065 944
1065 960
1065 971
1065 988
1065 994
1065 996
1065 1012
1066 1099
1066 1111
1066 1113
1066 1124
1066 1128
1066 1137
1066 892
1066 919
1066 929
1066 930
1066 950
1066 951
1066 955
1066 956
1066 967
1066 978
1066 991
1067 1071
1067 1087
1067 1115
1067 1122
1067 891
1067 894
1067 908
1067 922
1067 925
1067 933
1067 937
1067 946
1067 974
1067 985
1068 1085
1068 1093
1068 1094
1068 1125
1068 1130
1068 1132
1068 904
1068 915
1068 935
1068 936
1068 953
1068 988
1068 1001
1068 1003
1068 1023
1069 1080
1069 1111
1069 1112
1069 1117
1069 1118
1069 1125
1069 1140
1069 895
1069 899
1069 915
1069 919
1069 940
1069 943
1069 944
1069 953
1069 982
1069 1012
1070 892
1070 896
1070 903
1070 930
1070 945
1070 958
1070 964
1070 998
1070 1016
1071 1080
1071 1085
1071 1090
1071 1095
1071 1096
1071 1131
1071 918
1071 921
1071 923
1071 969
1071 994
1071 1008
1071 1015
1072 1101
1072 1103
1072 1129
1072 892
1072 898
1072 901
1072 914
1072 937
1072 939
1072 945
1072 946
1072 949
1072 956
1072 970
1072 978
1072 983
1072 1002
1072 1023
1073 1074
1073 893
1073 919
1073 933
1073 942
1073 948
1073 953
1073 976
1073 998
1073 1014
1073 1016
1074 1082
1074 1085
1074 912
1074 916
1074 962
1074 968
1074 972
1074 994
1074 997
1074 1023
1075 1076
1075 1085
1075 1088
1075 1092
1075 1093
1075 1115
1075 1118
1075 1133
1075 1135
1075 923
1075 936
1075 952
1075 965
1075 994
1075 1017
1075 1022
1076 1094
1076 1099
1076 1102
1076 1106
1076 1112
1076 919
1076 928
1076 960
1076 969
1076 971
1076 1012
1076 1021
1077 1079
1077 1103
1077 1114
1077 1115
1077 1130
1077 1140
1077 903
1077 914
1077 955
1077 965
1077 989
1078 1119
1078 1122
1078 1137
1078 903
1078 910
1078 925
1078 936
1078 965
1078 970
1078 1012
1078 1013
1078 1021
1079 1082
1079 1112
1079 1119
1079 1137
1079 913
1079 920
1079 927
1079 951
1079 964
1079 969
1079 982
1079 985
1079 986
1079 998
1079 1013
1080 1132
1080 895
1080 897
1080 906
1080 913
1080 921
1080 930
1080 932
1080 936
1080 957
1080 966
1080 972
1080 980
1080 984
1080 1010
1080 1015
1080 1017
1081 1084
1081 1087
1081 1096
1081 1103
1081 1105
1081 1131
1081 891
1081 901
1081 921
1081 937
1081 945
1081 950
1081 975
1081 984
1082 1083
1082 1088
1082 1114
1082 1119
1082 1121
1082 1134
1082 936
1082 955
1082 972
1082 976
1082 982
1082 991
1082 998
1083 1089
1083 1097
1083 1099
1083 1100
1083 1101
1083 1129
1083 1135
1083 1138
1083 1140
1083 911
1083 938
1083 954
1083 968
1083 998
1083 1003
1083 1018
1084 1088
1084 1093
1084 1128
1084 1134
1084 1135
1084 1137
1084 893
1084 900
1084 907
1084 917
1084 919
1084 926
1084 945
1084 957
1084 970
1084 977
1084 1000
1084 1006
1084 1007
1084 1017
1085 1097
1085 1109
1085 1124
1085 1138
1085 1139
1085 897
1085 909
1085 913
1085 914
1085 916
1085 922
1085 925
1085 930
1085 933
1085 958
1085 964
1085 971
1085 986
1085 1013
1085 1019
1085 1021
1086 1097
1086 1123
1086 1137
1086 964
1086 967
1086 968
1086 972
1086 974
1086 987
1086 1016
1087 1093
1087 1106
1087 1107
1087 1109
1087 1120
1087 1134
1087 891
1087 910
1087 934
1087 948
1087 949
1087 961
1087 975
1087 979
1087 985
1088 1097
1088 1103
1088 1108
1088 1127
1088 892
1088 914
1088 921
1088 931
1088 935
1088 939
1088 954
1088 961
1088 963
1088 980
1088 982
1088 983
1088 990
1088 1008
1088 1013
1088 1015
1088 1022
1089 1097
1089 1101
1089 1103
1089 1116
1089 1138
1089 909
1089 920
1089 924
1089 931
1089 947
1089 948
1089 952
1089 961
1089 977
1089 985
1089 1013
1090 1116
1090 1117
1090 1124
1090 1134
1090 932
1090 947
1090 956
1090 971
1090 1015
1091 1100
1091 1106
1091 1111
1091 1112
1091 1120
1091 911
1091 914
1091 915
1091 924
1091 944
1091 948
1091 951
1091 969
1091 972
1092 1095
1092 1103
1092 1138
1092 913
1092 926
1092 951
1092 970
1092 973
1092 998
1092 999
1093 1099
1093 1108
1093 1109
1093 909
1093 911
1093 919
1093 930
1093 933
1093 935
1093 936
1093 959
1093 971
1093 978
1093 987
1093 1000
1093 1018
1093 1023
1094 1112
1094 1134
1094 1139
1094 900
1094 924
1094 934
1094 943
1094 984
1094 1001
1094 1006
1094 1007
1094 1009
1094 1022
1095 1105
1095 1123
1095 915
1095 939
1095 950
1095 955
1095 956
1095 974
1095 977
1095 1000
1095 1021
1096 1098
1096 905
1096 906
1096 917
1096 925
1096 943
1096 955
1096 980
1096 1004
1096 1011
1096 1019
1097 1112
1097 1118
1097 1128
1097 1132
1097 1133
1097 891
1097 962
1097 983
1097 1000
1097 1015
1098 1102
1098 1129
1098 1134
1098 893
1098 916
1098 919
1098 925
1098 935
1098 942
1098 950
1098 960
1098 962
1098 963
1098 975
1098 985
1098 992
1098 997
1098 998
1098 1020
1099 1109
1099 1126
1099 917
1099 924
1099 940
1099 978
1099 1010
1099 1014
1099 1019
1100 1115
1100 1121
1100 1123
1100 1136
1100 906
1100 913
1100 914
1100 915
1100 936
1100 946
1100 951
1100 952
1100 958
1100 978
1100 979
1100 985
1100 990
1100 992
1100 994
1100 1013
1101 1120
1101 1125
1101 972
1101 976
1101 1005
1101 1006
1101 1007
1101 1008
1101 1011
1101 1015
1102 1107
1102 1118
1102 909
1102 922
1102 924
1102 954
1102 959
1102 968
1102 992
1102 993
1102 998
1102 1021
1103 1121
1103 953
1103 967
1103 974
1103 994
1103 1020
1103 1021
1104 1105
1104 1111
1104 1118
1104 1135
1104 903
1104 920
1104 942
1104 948
1104 959
1104 978
1104 981
1104 1011
1105 1108
1105 1120
1105 1127
1105 1135
1105 902
1105 939
1105 943
1105 951
1105 971
1105 991
1106 1109
1106 1122
1106 1129
1106 897
1106 929
1106 931
1106 934
1106 936
1106 949
1106 951
1106 969
1106 978
1106 979
1106 1003
1106 1017
1107 1125
1107 892
1107 909
1107 910
1107 917
1107 919
1107 929
1107 947
1107 957
1107 959
1107 970
1107 972
1107 973
1107 989
1107 1010
1107 1013
1107 1018
1107 1022
1107 1160
1108 1124
1108 1127
1108 892
1108 901
1108 908
1108 909
1108 912
1108 913
1108 920
1108 924
1108 933
1108 963
1108 964
1108 969
1108 993
1108 999
1108 1007
1109 1119
1109 1124
1109 1140
1109 911
1109 940
1109 944
1109 946
1109 947
1109 978
1109 981
1109 982
1109 985
1109 995
1109 997
1110 1125
1110 1129
1110 1133
1110 957
1110 973
1110 988
1111 1135
1111 893
1111 895
1111 923
1111 935
1111 960
1111 963
1111 968
1111 975
1111 987
1111 1009
1112 1116
1112 1128
1112 943
1112 971
1112 978
1112 985
1112 996
1112 1004
1112 1007
1113 1118
1113 1119
1113 892
1113 893
1113 920
1113 925
1113 932
1113 943
1113 948
1113 961
1113 970
1113 998
1113 1005
1113 1013
1113 1016
1114 1123
1114 1128
1114 1130
1114 894
1114 905
1114 926
1114 928
1114 929
1114 944
1114 963
1114 966
1114 967
1114 969
1114 980
1114 989
1114 991
1114 997
1115 1124
1115 1137
1115 899
1115 902
1115 911
1115 944
1115 959
1115 977
1115 1005
1115 1008
1115 1019
1116 1139
1116 891
1116 892
1116 914
1116 929
1116 931
1116 938
1116 948
1116 961
1116 995
1116 1009
1116 1019
1117 913
1117 919
1117 934
1117 944
1117 950
1117 966
1117 1002
1117 1008
1117 1022
1118 1119
1118 1127
1118 904
1118 926
1118 947
1118 966
1118 970
1118 973
1118 1007
1118 1020
1118 1021
1119 1120
1119 894
1119 897
1119 899
1119 903
1119 905
1119 914
1119 928
1119 930
1119 935
1119 939
1119 940
1119 954
1119 966
1119 979
1119 990
1119 995
1119 1008
1119 1021
1119 1023
1120 1125
1120 1130
1120 1136
1120 1137
1120 893
1120 900
1120 922
1120 930
1120 943
1120 944
1120 947
1120 974
1120 985
1120 996
1120 1005
1120 1019
1120 1021
1121 891
1121 902
1121 912
1121 927
1121 931
1121 941
1121 954
1121 969
1121 989
1121 993
1121 997
1121 1005
1121 1015
1121 1019
1122 1125
1122 1136
1122 920
1122 932
1122 937
1122 940
1122 941
1122 942
1122 949
1122 986
1122 999
1122 1018
1123 1129
1123 1131
1123 914
1123 919
1123 923
1123 930
1123 953
1123 998
1123 1001
1123 1008
1123 1016
1123 1019
1124 1129
1124 898
1124 904
1124 905
1124 915
1124 959
1124 967
1124 968
1124 969
1124 974
1124 984
1124 985
1124 986
1124 991
1124 994
1124 1003
1124 1019
1124 1021
1125 898
1125 901
1125 912
1125 928
1125 931
1125 936
1125 944
1125 974
1125 978
1125 995
1125 998
1126 891
1126 921
1126 927
1126 935
1126 940
1126 948
1126 949
1126 954
1126 965
1126 970
1126 979
1126 981
1126 1002
1126 1003
1126 1020
1127 1130
1127 1138
1127 927
1127 945
1127 966
1127 985
1128 1135
1128 896
1128 898
1128 902
1128 905
1128 907
1128 917
1128 920
1128 957
1128 972
1128 980
1128 989
1128 998
1128 1002
1128 1014
1129 893
1129 902
1129 922
1129 929
1129 936
1129 938
1129 948
1129 954
1129 1000
1129 1005
1130 1134
1130 1139
1130 901
1130 914
1130 932
1130 943
1130 974
1130 988
1130 1004
1130 1006
1130 1015
1131 1132
1131 1135
1131 897
1131 902
1131 907
1131 912
1131 917
1131 927
1131 940
1131 942
1131 946
1131 959
1131 991
1131 1004
1131 1006
1131 1020
1132 900
1132 906
1132 910
1132 934
1132 936
1132 947
1132 954
1132 985
1132 1004
1133 1134
1133 1136
1133 895
1133 907
1133 913
1133 942
1133 949
1133 953
1133 957
1133 960
1133 962
1133 966
1133 993
1133 1002
1133 1023
1134 1135
1134 891
1134 911
1134 933
1134 977
1134 1001
1134 1003
1135 1140
1135 900
1135 970
1135 977
1135 1000
1135 1022
1136 926
1136 949
1136 962
1136 974
1136 1013
1136 1017
1137 901
1137 938
1137 943
1137 954
1137 958
1137 962
1137 979
1137 986
1137 994
1138 924
1138 930
1138 942
1138 965
1138 995
1138 1022
1139 919
1139 927
1139 932
1139 945
1139 957
1139 980
1139 985
1139 995
1139 1001
1139 1018
1140 894
1140 903
1140 914
1140 920
1140 927
1140 966
1140 981
1140 1000
1140 1005
1140 1006
1140 1021
1140 1023
891 893
891 904
891 907
891 911
891 912
891 925
891 943
891 944
891 946
891 957
891 962
891 966
891 974
891 976
891 980
891 988
891 1002
892 895
892 898
892 913
892 921
892 926
892 929
892 958
892 959
892 962
892 964
892 973
892 985
892 997
892 1001
892 1018
893 925
893 931
893 968
893 1003
893 1009
893 1015
893 1020
894 914
894 947
894 965
894 998
894 1018
895 901
895 968
895 983
896 936
896 967
896 973
896 996
897 910
897 956
897 968
897 969
897 975
898 904
898 918
898 936
898 947
898 967
898 972
898 980
898 988
898 989
898 995
898 999
898 1003
898 1007
898 1013
898 1019
899 905
899 906
899 932
899 960
899 963
899 965
899 968
899 976
899 992
899 997
899 1002
899 1008
899 1016
900 918
900 950
900 959
900 987
900 994
901 908
901 912
901 919
901 941
901 973
901 974
901 988
902 951
902 967
902 995
902 1004
903 909
903 914
903 928
903 939
903 946
903 949
903 958
903 990
903 997
903 1018
904 908
904 911
904 914
904 928
904 949
904 966
904 982
904 995
904 999
904 1002
904 1006
905 910
905 952
906 938
906 949
906 961
906 967
906 969
906 970
906 973
906 1007
907 939
907 961
907 976
907 977
907 980
907 995
907 1019
908 929
908 944
908 948
908 957
908 998
908 1018
909 918
909 939
909 958
909 967
909 977
909 982
909 1006
910 916
910 918
910 931
910 941
910 948
910 974
910 975
910 980
910 1002
910 1014
911 954
911 960
911 971
911 992
911 993
911 996
911 1009
912 913
912 925
912 932
912 953
912 961
912 992
912 998
912 1002
913 966
913 970
913 975
913 978
913 987
913 1003
913 1008
913 1012
913 1013
913 1019
913 1022
914 928
914 932
914 954
914 958
914 968
914 969
914 981
914 1001
915 934
915 963
915 964
915 976
915 980
915 983
915 984
915 1007
915 1013
915 1015
915 1020
916 929
916 934
916 937
916 938
916 947
916 978
916 988
917 919
917 921
917 941
917 945
917 954
917 963
917 975
917 1012
918 926
918 948
918 951
918 955
918 970
918 981
919 969
919 980
919 982
919 1003
919 1023
920 926
920 930
920 976
920 988
920 1003
920 1008
920 1023
921 922
921 929
921 931
921 979
921 980
921 987
921 990
921 997
921 1010
922 957
922 960
922 967
922 968
922 987
922 991
922 992
922 1002
922 1004
922 1007
922 1014
923 978
923 979
923 986
923 1018
923 1019
923 1020
924 933
924 946
924 953
924 979
924 988
924 994
924 1001
925 929
925 957
925 974
925 978
925 987
925 997
925 1006
925 1011
926 945
926 947
926 955
926 983
926 987
926 994
926 1019
926 1021
927 949
927 957
927 961
927 965
927 986
927 987
927 992
927 999
927 1016
927 1023
928 930
928 943
928 949
928 961
928 970
928 974
928 997
928 1004
929 934
929 940
929 943
929 964
929 971
929 986
929 1001
930 931
930 954
930 969
930 970
930 990
930 995
930 1015
931 943
931 952
931 957
931 971
931 981
931 997
931 998
931 1011
931 1016
931 1022
932 947
932 951
932 968
932 971
932 982
932 984
932 1014
933 942
933 990
933 1009
933 1017
933 1019
934 938
934 966
934 984
934 990
934 992
934 1000
934 1010
934 1019
935 982
935 983
936 939
936 941
936 950
936 952
936 994
936 1022
936 1023
937 962
937 983
937 987
937 988
937 1011
938 952
938 954
938 957
938 959
938 972
938 988
938 1002
938 1018
938 1020
939 975
939 1010
939 1023
940 983
940 986
940 1002
940 1016
941 955
941 988
941 995
941 1001
941 1013
941 1023
942 995
942 1001
942 1002
942 1003
943 945
943 951
943 959
943 968
943 970
943 980
943 992
943 1021
944 948
944 951
944 966
944 971
944 975
944 991
944 1001
945 949
945 963
945 965
945 966
945 977
945 985
945 989
945 1020
946 949
946 968
946 986
946 990
946 1022
947 948
947 960
947 976
947 1005
947 1021
948 988
948 1002
948 1012
949 955
949 978
949 985
949 987
949 1009
949 1014
949 1018
950 955
950 975
950 1006
951 954
951 969
951 975
951 1015
952 980
952 1002
952 1022
953 959
953 974
953 987
953 992
954 969
954 983
954 1003
954 1009
955 962
955 967
955 986
955 996
955 1003
955 1014
956 959
956 964
956 965
956 974
956 991
956 995
957 961
957 972
957 983
957 994
957 998
957 1021
958 987
958 991
958 992
958 999
958 1012
959 966
959 986
959 995
959 996
959 1005
959 1012
959 1176
960 974
960 1015
961 973
961 993
962 983
962 1014
962 1017
963 969
963 983
963 987
963 988
963 1002
963 1020
963 1021
964 967
964 990
964 996
964 999
964 1000
964 1003
964 1008
964 1014
964 1020
965 1000
966 982
966 986
967 973
967 978
967 1006
967 1007
968 970
968 982
968 997
968 1007
969 981
969 1005
970 971
970 982
970 989
970 990
970 995
970 997
970 1013
970 1017
971 978
971 991
971 993
971 1011
973 1007
974 980
974 983
974 984
974 1000
974 1006
974 1009
974 1012
976 982
976 997
977 994
977 995
977 1002
977 1005
977 1006
977 1023
978 1014
979 981
979 1000
979 1014
980 981
980 985
980 991
980 1009
981 1003
982 1001
982 1015
982 1018
983 994
983 997
983 999
983 1021
983 1023
984 1004
985 992
985 993
985 1002
985 1013
985 1018
985 1021
986 1003
987 988
987 1005
988 989
989 992
989 1019
990 996
991 1001
991 1009
991 1023
992 995
992 999
992 1022
993 1004
993 1019
993 1020
994 1000
994 1018
995 1000
995 1004
995 1023
996 1005
998 1001
998 1007
998 1009
998 1013
998 1018
1000 1013
1001 1017
1003 1006
1003 1021
1005 1023
1007 1017
1008 1009
1008 1015
1010 1016
1011 1014
1012 1020
1013 1019
1013 1022
1019 1023
1141 1152
1141 1153
1141 1211
1141 1223
1141 1258
1141 1261
1141 1262
1142 1204
1142 1210
1142 1237
1142 1253
1142 1272
1142 1302
1142 1322
1143 1159
1143 1162
1143 1163
1143 1176
1143 1217
1143 1222
1143 1227
1143 1252
1143 1255
1144 1236
1145 1185
1145 1213
1145 1214
1145 1218
1145 1269
1146 1176
1146 1194
1146 1287
1146 1288
1146 1290
1146 1300
1146 1302
1147 1168
1147 1183
1147 1280
1147 1295
1147 1319
1148 1187
1148 1219
1148 1222
1148 1229
1148 1238
1148 1297
1148 1313
1149 1202
1149 1204
1149 1251
1149 1280
1150 1251
1150 1265
1151 1213
1151 1220
1151 1236
1152 1185
1152 1259
1152 1285
1152 1297
1152 1310
1153 1163
1153 1166
1153 1202
1153 1253
1153 1266
1153 1278
1153 1283
1154 1167
1154 1234
1154 1256
1154 1275
1155 1219
1155 1301
1155 1314
1156 1199
1156 1263
1156 1312
1156 1322
1157 1176
1157 1230
1157 1261
1158 1252
1159 1161
1159 1164
1159 1198
1159 1274
1159 1296
1160 1186
1160 1209
1160 1246
1160 1286
1161 1186
1161 1195
1162 1176
1162 1250
1162 1266
1162 1303
1162 1311
1163 1177
1163 1181
1163 1193
1163 1206
1163 1218
1163 1233
1164 1178
1164 1195
1164 1221
1164 1245
1164 1290
1164 1314
1165 1202
1166 1202
1166 1216
1166 1264
1167 1188
1167 1261
1167 1290
1168 1238
1168 1245
1168 1320
1169 1182
1169 1310
1170 1183
1170 1196
1171 1184
1171 1280
1172 1254
1172 1280
1173 1203
1173 1231
1173 1237
1173 1311
1173 1313
1174 1248
1174 1265
1174 1266
1174 1296
1175 1189
1175 1215
1175 1255
1175 1274
1175 1281
1175 1287
1175 1297
1175 1315
1176 1200
1176 1216
1176 1259
1176 1282
1176 1284
1176 1291
1176 1292
1177 1256
1177 1268
1177 1317
1178 1183
1178 1222
1178 1230
1178 1239
1178 1287
1178 1319
1179 1209
1179 1243
1179 1270
1179 1271
1179 1284
1180 1187
1180 1196
1181 1209
1181 1213
1181 1229
1181 1266
1181 1285
1182 1206
1182 1221
1182 1253
1182 1276
1182 1277
1183 1195
1183 1197
1183 1222
1183 1305
1184 1186
1184 1261
1185 1194
1185 1197
1185 1252
1185 1253
1186 1205
1186 1274
1186 1296
1186 1307
1187 1229
1187 1273
1187 1304
1188 1195
1188 1203
1188 1260
1188 1315
1189 1205
1189 1265
1189 1284
1190 1202
1190 1206
1190 1215
1190 1236
1190 1306
1190 1319
1190 1321
1191 1219
1191 1302
1192 1221
1192 1322
1193 1237
1193 1269
1193 1310
1193 1317
1194 1273
1195 1280
1196 1209
1196 1235
1196 1241
1196 1246
1196 1310
1198 1209
1198 1279
1199 1272
1200 1232
1200 1294
1200 1302
1201 1213
1201 1232
1201 1252
1202 1280
1202 1304
1202 1322
1203 1237
1203 1240
1204 1261
1204 1274
1204 1276
1204 1297
1204 1320
1205 1229
1205 1319
1207 1313
1208 1230
1208 1281
1208 1306
1208 1313
1209 1237
1209 1246
1209 1254
1209 1269
1209 1275
1209 1308
1210 1222
1210 1235
1211 1214
1212 1222
1212 1225
1212 1249
1212 1305
1213 1221
1213 1228
1213 1256
1213 1259
1213 1263
1214 1266
1215 1239
1215 1265
1215 1281
1215 1285
1215 1302
1215 1314
1216 1279
1216 1321
1217 1259
1217 1268
1218 1283
1218 1285
1219 1243
1219 1304
1220 1253
1220 1259
1220 1260
1221 1229
1221 1307
1222 1239
1222 1248
1222 1293
1222 1294
1223 1247
1223 1293
1223 1313
1224 1243
1224 1257
1224 1266
1225 1250
1225 1302
1225 1305
1227 1259
1227 1295
1227 1297
1227 1314
1228 1306
1228 1310
1229 1251
1229 1305
1230 1247
1230 1285
1230 1296
1230 1316
1231 1233
1231 1235
1231 1258
1231 1279
1232 1233
1234 1241
1234 1263
1234 1267
1234 1301
1234 1319
1235 1240
1236 1273
1238 1240
1239 1243
1239 1279
1239 1302
1240 1280
1241 1277
1242 1264
1243 1306
1244 1261
1244 1273
1245 1291
1245 1305
1246 1286
1246 1287
1246 1290
1250 1252
1250 1264
1251 1255
1251 1282
1251 1295
1251 1304
1251 1315
1252 1302
1253 1292
1255 1302
1257 1267
1257 1279
1257 1310
1258 1272
1258 1312
1259 1318
1261 1300
1262 1274
1262 1282
1262 1295
1263 1291
1264 1291
1265 1299
1266 1274
1266 1311
1268 1308
1268 1312
1269 1297
1269 1315
1270 1295
1273 1279
1273 1300
1274 1280
1274 1300
1275 1309
1278 1284
1279 1302
1280 1302
1280 1319
1283 1290
1286 1289
1286 1297
1286 1301
1290 1301
1291 1306
1292 1297
1293 1294
1294 1319
1297 1320
1299 1317
1300 1306
1301 1308
1302 1321
1303 1304
1307 1308
1314 1322
1323 1337
1325 1326
1326 1335
1328 1339
1330 1335
1331 1336
1331 1342
1333 1337
1333 1339
1334 1342
1335 1337
1336 1339