0 59
0 67
1 17
1 33
1 41
2 9
2 19
2 57
2 58
3 64
4 38
4 47
4 73
5 76
6 46
6 72
7 8
7 29
7 52
7 75
8 61
8 67
9 64
10 12
10 65
10 72
11 60
12 15
13 19
13 56
13 70
14 15
14 20
14 48
14 54
14 57
15 21
16 17
17 20
17 28
17 58
17 65
18 19
18 53
18 55
18 71
20 74
22 32
22 35
22 70
23 26
23 39
24 43
24 57
25 34
25 45
25 46
25 56
26 32
26 43
26 66
26 75
27 31
27 40
27 43
27 65
28 46
28 48
28 62
29 32
29 33
29 67
30 31
30 40
32 38
32 46
32 66
33 36
33 38
33 39
35 44
36 38
36 44
37 40
37 41
37 51
38 44
39 40
40 65
64 53
64 59
64 62
47 49
47 53
47 54
47 56
47 58
47 61
47 63
48 49
48 52
48 53
48 55
48 58
48 59
48 62
49 56
49 58
49 60
49 68
50 56
50 57
50 58
50 59
50 60
50 67
51 52
51 55
51 59
51 65
52 53
53 59
53 63
54 55
54 58
54 63
55 71
56 57
56 59
57 58
58 59
58 79
59 62
60 74
65 78
66 68
66 70
66 73
66 75
67 68
67 69
69 78
70 74
73 75
73 77
77 79
78 79