0 3
0 4
1 2
1 3
2 3
2 4
5 33
5 179
5 218
5 259
5 303
6 72
6 182
6 253
6 256
7 11
7 71
7 254
8 10
8 20
8 121
8 278
9 85
9 164
9 175
9 249
9 256
9 307
10 78
11 43
11 51
11 170
11 243
12 72
12 76
12 166
12 309
13 44
13 140
13 280
13 325
14 76
14 307
15 119
15 262
17 27
17 84
17 150
17 195
17 279
18 221
19 149
19 188
20 41
20 44
20 137
20 169
21 24
21 114
21 162
22 105
23 52
23 87
23 101
23 128
23 155
23 238
23 284
24 28
24 136
24 257
24 319
25 47
25 77
25 97
25 182
25 188
25 197
26 136
26 139
26 163
26 293
26 325
27 45
27 125
27 156
27 234
27 288
28 44
28 116
29 34
29 115
29 242
29 277
29 304
30 159
30 165
30 178
30 284
31 43
31 49
32 182
33 75
33 230
34 76
35 39
35 53
35 131
35 136
35 220
35 318
36 279
37 87
37 137
37 225
38 49
38 72
38 172
38 205
38 279
39 77
39 169
39 171
41 114
41 146
41 301
42 234
42 306
43 110
43 203
44 122
45 222
45 250
47 221
48 134
48 138
48 159
48 577
49 209
49 258
49 286
50 71
50 141
51 104
51 153
51 275
52 56
52 78
52 143
52 250
52 309
53 55
53 173
53 254
53 323
54 140
54 143
54 161
54 178
56 99
56 112
56 193
56 227
56 231
57 275
58 195
58 233
59 245
60 102
60 116
60 152
60 177
60 271
61 62
61 205
61 221
62 255
62 273
63 91
63 144
63 185
64 211
64 230
64 298
64 299
65 191
66 121
66 144
66 182
67 214
68 168
68 325
69 147
69 148
69 671
70 106
70 212
70 230
70 278
70 288
71 97
71 99
71 301
72 255
74 165
74 213
74 328
75 161
76 132
76 322
77 91
77 129
77 179
77 204
77 470
78 97
78 199
78 261
79 124
79 195
81 223
81 256
82 262
82 291
83 109
83 139
83 232
83 258
83 288
83 289
84 114
84 227
84 230
85 236
85 299
85 327
86 126
86 145
86 212
87 94
87 149
87 198
88 122
88 203
88 299
89 163
89 192
89 232
89 281
90 146
92 155
92 202
92 204
92 210
92 271
92 304
93 180
94 125
94 152
94 219
94 289
95 120
95 135
95 177
95 299
95 325
96 102
96 152
98 99
98 103
98 227
99 596
100 112
101 161
101 186
101 244
101 294
102 211
103 216
104 157
104 288
105 132
106 206
107 189
107 209
108 213
109 116
109 296
111 114
111 127
112 170
112 283
114 181
114 276
116 172
116 273
117 136
117 257
118 151
118 165
118 211
119 183
119 201
119 281
120 124
120 225
120 292
120 318
122 155
123 189
123 207
123 230
123 264
124 137
124 144
124 152
124 283
125 181
125 188
125 299
126 162
126 272
127 137
127 140
127 275
127 310
128 227
128 246
129 300
129 322
130 217
130 318
131 194
131 225
132 182
132 201
133 217
133 282
134 161
134 300
136 265
136 299
137 142
137 211
137 250
138 164
138 166
138 199
138 228
139 292
139 320
141 156
141 182
141 190
141 195
142 224
143 271
144 268
145 169
145 284
146 227
146 569
147 297
148 242
148 287
149 223
150 307
151 326
152 218
152 317
152 325
153 252
153 315
153 316
154 204
154 271
154 288
156 159
156 224
156 234
156 290
156 316
159 261
159 271
160 188
160 215
160 311
160 497
161 162
161 170
161 241
161 322
162 305
162 320
163 181
163 251
163 252
163 326
165 277
166 176
166 193
168 192
169 201
169 218
169 283
169 284
170 231
172 223
172 315
175 243
176 228
177 194
177 238
177 240
178 306
178 320
179 234
179 283
180 187
180 307
181 192
181 289
181 314
182 183
184 220
184 279
184 303
187 223
187 298
187 311
188 222
189 194
190 236
190 278
191 254
193 239
193 285
194 286
194 302
195 225
196 223
196 253
200 251
201 224
201 225
202 277
203 215
203 216
203 249
203 269
203 292
206 313
207 245
207 260
208 218
208 226
208 316
209 291
210 220
214 221
215 251
221 247
221 269
221 298
224 315
226 277
226 300
227 241
229 241
229 316
230 272
230 306
231 319
233 242
234 260
235 305
235 322
237 303
239 323
240 282
241 244
244 268
245 261
245 292
245 293
245 314
248 297
249 304
252 260
254 264
254 300
257 289
258 313
260 310
261 281
262 352
264 303
265 311
267 308
269 293
270 290
270 326
271 325
273 310
277 312
280 319
280 359
281 316
283 304
283 327
284 328
289 312
290 296
293 311
298 329
299 329
305 312
307 326
308 315
308 319
309 430
310 314
312 327
313 317
316 325
317 331
330 643
331 685
332 422
333 481
333 499
333 564
334 519
334 632
336 416
336 612
336 619
336 628
337 677
338 383
338 509
338 632
339 505
339 598
341 368
341 486
341 499
341 553
342 529
342 545
343 628
344 370
344 425
344 566
344 596
345 537
346 356
347 506
347 599
347 634
348 520
348 665
349 508
350 380
350 449
351 441
351 639
352 570
352 647
353 513
353 660
354 464
354 580
355 459
356 507
356 627
356 676
359 433
360 596
360 670
361 374
361 527
362 374
362 401
362 583
362 637
363 545
363 580
364 504
364 576
364 635
365 677
365 689
366 458
366 468
367 396
368 508
369 370
369 440
369 477
369 500
369 612
369 669
369 686
370 555
371 388
371 661
372 387
372 426
372 446
372 499
373 575
374 646
376 570
377 440
377 603
378 641
378 700
379 381
379 620
380 442
380 463
382 416
382 470
382 508
384 446
386 532
387 392
387 648
388 516
389 427
389 435
389 487
389 588
389 638
392 396
393 466
393 544
394 528
394 700
395 630
396 432
396 469
396 702
397 502
397 635
398 535
399 433
399 450
400 407
400 696
401 455
402 437
403 461
403 506
405 675
408 447
408 465
408 618
408 646
409 493
410 438
411 551
412 519
412 594
415 458
417 505
417 663
418 610
419 465
419 472
420 532
420 666
421 494
421 530
421 559
421 604
421 683
421 695
422 435
422 678
423 693
427 584
429 543
430 496
430 534
430 595
431 516
432 654
433 616
435 678
436 689
437 451
437 479
439 488
440 611
441 672
442 573
445 466
447 569
447 616
448 630
448 645
449 530
451 490
451 695
452 629
452 650
452 677
454 474
455 498
457 546
457 675
457 689
458 697
459 484
459 500
459 550
460 612
461 467
462 580
462 674
463 602
464 565
465 505
465 516
468 533
468 608
469 536
469 701
470 539
470 615
470 617
471 487
471 693
473 545
473 574
475 601
475 651
476 485
476 549
477 543
477 592
479 550
481 618
482 633
483 594
484 672
486 488
486 551
486 560
486 628
486 668
491 611
494 547
494 593
494 665
494 686
495 664
496 509
498 516
498 661
499 644
500 506
501 517
501 569
502 615
502 642
503 631
504 584
504 647
504 693
506 523
508 632
509 581
510 700
511 518
511 595
511 655
515 698
518 676
519 575
523 651
525 551
525 602
526 578
526 652
526 666
530 697
531 549
531 587
532 633
532 637
534 596
535 579
535 600
535 609
536 614
537 538
538 572
539 576
539 662
541 614
545 628
547 585
554 670
555 586
558 561
564 616
565 674
566 594
567 695
571 590
571 646
572 637
573 703
574 694
577 631
578 601
578 639
578 657
583 632
583 655
584 676
585 675
586 683
588 667
589 693
594 662
594 703
595 609
596 659
600 659
601 677
603 643
605 661
608 630
609 696
611 631
611 693
612 647
612 694
618 668
620 655
628 634
632 699
636 637
636 688
638 693
640 671
645 652
647 660
657 693
658 666
675 703
677 678
677 696
679 685
684 695