0 36
0 41
0 53
0 98
0 113
0 118
0 125
0 126
0 133
0 142
0 153
0 170
0 173
0 187
0 200
0 218
0 226
0 238
0 287
0 564
0 614
0 669
0 726
0 729
0 749
0 802
0 893
1 9
1 10
1 16
1 27
1 34
1 43
1 46
1 67
1 68
1 70
1 71
1 85
1 94
1 121
1 129
1 130
1 132
1 134
1 135
1 163
1 167
1 173
1 178
1 179
1 190
1 193
1 226
1 227
1 315
1 327
1 653
1 684
1 695
2 12
2 15
2 19
2 20
2 22
2 24
2 27
2 34
2 36
2 64
2 66
2 67
2 68
2 75
2 79
2 105
2 108
2 124
2 135
2 170
2 173
2 175
2 178
2 180
2 185
2 186
2 216
2 219
2 221
2 325
2 542
2 744
3 5
3 7
3 23
3 24
3 37
3 39
3 42
3 47
3 53
3 57
3 107
3 112
3 131
3 146
3 147
3 161
3 163
3 164
3 167
3 168
3 186
3 190
3 200
3 206
3 216
3 218
3 241
3 400
3 646
3 654
3 665
4 6
4 30
4 40
4 42
4 89
4 102
4 120
4 121
4 129
4 135
4 138
4 141
4 145
4 158
4 164
4 166
4 173
4 186
4 189
4 192
4 206
4 216
4 218
4 222
4 225
4 230
4 231
4 239
4 420
4 545
4 672
4 696
5 13
5 18
5 19
5 30
5 34
5 49
5 60
5 62
5 66
5 69
5 76
5 84
5 100
5 104
5 110
5 112
5 149
5 189
5 204
5 217
5 229
5 236
5 259
5 254
5 289
5 312
5 423
5 461
5 560
5 841
6 18
6 19
6 33
6 44
6 53
6 108
6 116
6 118
6 125
6 128
6 174
6 176
6 190
6 196
6 228
6 272
6 357
6 367
6 384
6 592
6 646
6 656
6 695
6 722
7 25
7 32
7 39
7 42
7 50
7 68
7 73
7 81
7 94
7 102
7 131
7 136
7 148
7 155
7 164
7 189
7 198
7 208
7 228
7 235
7 236
7 238
7 250
7 352
7 363
7 398
7 860
8 19
8 22
8 30
8 73
8 77
8 82
8 90
8 92
8 106
8 121
8 123
8 142
8 169
8 170
8 171
8 180
8 184
8 187
8 196
8 209
8 211
8 213
8 214
8 226
8 232
8 238
8 369
8 388
8 510
8 801
8 861
9 12
9 29
9 35
9 42
9 50
9 60
9 115
9 120
9 131
9 154
9 178
9 184
9 196
9 200
9 203
9 220
9 234
9 272
9 246
9 374
9 385
9 442
9 458
9 589
9 632
9 846
10 15
10 22
10 50
10 59
10 70
10 79
10 96
10 116
10 121
10 139
10 149
10 159
10 163
10 193
10 202
10 213
10 218
10 294
10 305
10 404
10 538
10 548
10 614
10 706
10 733
11 16
11 23
11 56
11 85
11 90
11 99
11 104
11 106
11 114
11 115
11 119
11 127
11 128
11 157
11 160
11 168
11 171
11 182
11 191
11 195
11 205
11 209
11 210
11 211
11 215
11 220
11 221
11 237
11 239
11 333
11 360
11 362
11 686
11 756
11 757
11 787
11 798
11 828
11 995
12 30
12 62
12 70
12 75
12 94
12 113
12 125
12 138
12 141
12 158
12 168
12 171
12 183
12 186
12 214
12 217
12 221
12 269
12 349
12 388
12 392
12 426
12 553
12 505
12 643
12 731
12 786
12 849
13 20
13 35
13 62
13 68
13 97
13 101
13 127
13 141
13 144
13 146
13 149
13 165
13 172
13 219
13 220
13 311
13 335
13 357
13 373
13 608
14 27
14 38
14 43
14 58
14 70
14 103
14 131
14 137
14 155
14 156
14 163
14 173
14 175
14 186
14 195
14 196
14 223
14 231
14 242
14 322
14 366
14 386
14 387
14 695
15 30
15 40
15 69
15 71
15 77
15 94
15 105
15 112
15 114
15 116
15 146
15 162
15 189
15 194
15 197
15 200
15 212
15 218
15 238
15 271
15 454
15 479
15 667
15 760
15 1001
16 18
16 25
16 65
16 99
16 102
16 106
16 116
16 125
16 130
16 146
16 151
16 155
16 161
16 166
16 182
16 190
16 198
16 210
16 235
16 282
16 462
16 472
16 572
16 576
16 796
16 955
17 24
17 53
17 61
17 69
17 105
17 136
17 153
17 156
17 170
17 190
17 204
17 209
17 217
17 224
17 339
17 341
17 344
17 419
17 471
17 480
17 521
18 36
18 40
18 43
18 44
18 53
18 55
18 61
18 66
18 80
18 100
18 152
18 156
18 157
18 172
18 181
18 183
18 187
18 208
18 218
18 232
18 325
18 533
18 670
18 839
18 852
19 37
19 44
19 82
19 85
19 96
19 111
19 115
19 129
19 136
19 148
19 153
19 160
19 174
19 183
19 189
19 199
19 205
19 209
19 216
19 226
19 230
19 232
19 233
19 238
19 317
19 400
19 458
19 461
19 571
19 646
19 652
19 745
19 778
20 21
20 35
20 45
20 47
20 54
20 55
20 64
20 78
20 89
20 97
20 130
20 137
20 141
20 172
20 173
20 179
20 182
20 194
20 195
20 217
20 231
20 237
20 265
20 392
20 536
20 558
20 632
20 782
21 55
21 59
21 87
21 109
21 113
21 117
21 131
21 141
21 189
21 213
21 215
21 243
21 330
21 596
21 761
21 798
21 867
22 31
22 35
22 48
22 64
22 74
22 86
22 98
22 114
22 121
22 145
22 147
22 148
22 151
22 158
22 162
22 163
22 169
22 177
22 185
22 219
22 314
22 401
22 422
22 447
22 449
22 453
22 582
22 602
22 752
22 767
23 28
23 32
23 39
23 58
23 59
23 62
23 63
23 66
23 67
23 68
23 71
23 77
23 84
23 89
23 90
23 100
23 111
23 114
23 126
23 149
23 150
23 161
23 191
23 201
23 214
23 215
23 301
23 395
23 421
23 440
23 936
23 952
24 45
24 51
24 85
24 87
24 124
24 135
24 148
24 160
24 161
24 162
24 200
24 210
24 218
24 237
24 287
24 304
24 365
24 366
24 406
24 417
24 570
25 31
25 35
25 56
25 59
25 63
25 70
25 97
25 109
25 113
25 122
25 124
25 137
25 138
25 160
25 162
25 167
25 177
25 178
25 203
25 207
25 211
25 224
25 400
25 402
25 818
25 842
26 38
26 44
26 58
26 79
26 87
26 96
26 98
26 105
26 145
26 155
26 167
26 168
26 171
26 195
26 209
26 210
26 229
26 454
26 635
26 817
26 923
26 942
27 42
27 56
27 65
27 67
27 69
27 72
27 102
27 105
27 113
27 159
27 164
27 168
27 171
27 179
27 183
27 196
27 203
27 204
27 210
27 222
27 223
27 226
27 301
27 375
27 437
27 471
27 475
27 482
27 542
27 699
28 30
28 33
28 36
28 37
28 40
28 56
28 75
28 112
28 116
28 118
28 124
28 130
28 133
28 146
28 165
28 171
28 203
28 205
28 393
28 464
28 608
28 794
29 41
29 99
29 101
29 113
29 115
29 125
29 129
29 163
29 166
29 167
29 178
29 179
29 190
29 211
29 279
29 356
29 360
29 447
29 592
29 630
29 830
30 63
30 79
30 100
30 109
30 115
30 130
30 132
30 136
30 141
30 142
30 163
30 170
30 175
30 182
30 203
30 219
30 222
30 232
30 365
30 429
30 571
30 783
31 33
31 42
31 62
31 64
31 73
31 88
31 91
31 96
31 124
31 126
31 129
31 142
31 175
31 182
31 192
31 194
31 195
31 196
31 199
31 200
31 202
31 206
31 215
31 220
31 230
31 290
31 304
31 369
31 379
31 408
31 631
31 633
31 642
32 36
32 44
32 97
32 101
32 116
32 135
32 142
32 145
32 158
32 159
32 172
32 182
32 196
32 207
32 208
32 213
32 222
32 238
32 380
32 393
32 462
32 608
32 786
33 51
33 55
33 59
33 67
33 81
33 88
33 95
33 96
33 109
33 126
33 179
33 190
33 192
33 196
33 207
33 212
33 227
33 228
33 323
33 360
33 395
33 398
33 833
33 836
34 55
34 68
34 70
34 79
34 94
34 109
34 127
34 135
34 149
34 151
34 162
34 188
34 189
34 203
34 212
34 222
34 237
34 302
34 325
34 397
34 733
34 792
34 860
34 984
35 48
35 54
35 60
35 69
35 70
35 87
35 92
35 107
35 108
35 111
35 115
35 118
35 121
35 128
35 133
35 137
35 143
35 156
35 167
35 183
35 187
35 189
35 196
35 217
35 224
35 273
35 284
35 335
35 387
35 633
35 757
35 842
35 899
36 40
36 57
36 68
36 91
36 99
36 114
36 119
36 120
36 141
36 142
36 157
36 164
36 173
36 184
36 197
36 299
36 351
36 354
36 445
36 733
37 47
37 50
37 60
37 64
37 71
37 74
37 92
37 103
37 114
37 124
37 139
37 156
37 163
37 166
37 176
37 177
37 190
37 226
37 232
37 405
37 410
37 600
37 749
37 793
38 50
38 68
38 90
38 108
38 110
38 113
38 126
38 127
38 143
38 156
38 199
38 214
38 232
38 295
38 321
38 384
38 385
38 411
38 421
38 460
38 625
38 803
38 840
39 63
39 66
39 74
39 116
39 119
39 122
39 130
39 138
39 141
39 143
39 168
39 181
39 182
39 184
39 212
39 218
39 419
39 484
39 555
39 596
39 707
39 834
40 42
40 54
40 70
40 84
40 99
40 110
40 119
40 125
40 133
40 170
40 184
40 188
40 193
40 199
40 225
40 237
40 238
40 241
40 430
40 446
40 547
40 595
40 826
40 984
41 54
41 56
41 95
41 105
41 114
41 119
41 146
41 174
41 181
41 182
41 196
41 201
41 213
41 222
41 231
41 237
41 271
41 324
41 424
41 468
41 532
41 651
41 710
41 794
41 843
42 56
42 83
42 90
42 97
42 110
42 123
42 128
42 150
42 153
42 157
42 159
42 162
42 173
42 175
42 179
42 180
42 195
42 196
42 206
42 223
42 411
42 447
42 470
42 670
42 940
43 57
43 66
43 80
43 90
43 92
43 120
43 131
43 139
43 147
43 160
43 164
43 178
43 188
43 221
43 239
43 295
43 309
43 320
43 361
43 385
43 415
43 447
43 448
43 461
43 536
43 566
43 618
43 668
43 744
43 809
44 55
44 69
44 70
44 81
44 102
44 103
44 116
44 117
44 134
44 142
44 147
44 149
44 150
44 153
44 173
44 179
44 189
44 194
44 195
44 196
44 198
44 221
44 228
44 234
44 240
44 241
44 313
44 378
44 442
44 447
44 689
44 691
45 50
45 61
45 82
45 92
45 96
45 107
45 125
45 126
45 140
45 159
45 161
45 175
45 177
45 181
45 194
45 213
45 220
45 236
45 238
45 253
45 284
45 308
45 326
45 327
45 392
45 442
45 803
45 827
46 67
46 68
46 77
46 112
46 113
46 135
46 139
46 143
46 152
46 155
46 159
46 182
46 183
46 186
46 194
46 197
46 202
46 206
46 210
46 213
46 215
46 220
46 221
46 235
46 237
46 465
46 584
46 624
46 626
46 861
46 916
47 53
47 80
47 90
47 94
47 101
47 112
47 145
47 179
47 181
47 201
47 208
47 219
47 225
47 229
47 233
47 438
47 525
47 529
48 72
48 84
48 94
48 98
48 101
48 114
48 153
48 162
48 164
48 194
48 205
48 206
48 208
48 211
48 221
48 232
48 306
48 328
48 345
48 399
48 433
48 567
48 612
48 615
48 689
49 62
49 76
49 84
49 91
49 93
49 96
49 103
49 106
49 125
49 127
49 129
49 130
49 134
49 139
49 174
49 182
49 195
49 212
49 220
49 225
49 226
49 228
49 230
49 252
49 289
49 337
49 399
49 472
49 553
49 652
49 692
49 846
50 57
50 123
50 127
50 153
50 154
50 165
50 184
50 217
50 222
50 233
50 255
50 305
50 517
50 625
50 782
50 869
51 60
51 129
51 138
51 155
51 185
51 187
51 189
51 201
51 202
51 215
51 221
51 233
51 295
51 308
51 353
51 464
51 648
51 705
51 722
51 727
52 112
52 129
52 130
52 131
52 148
52 153
52 155
52 171
52 188
52 239
52 350
52 429
52 465
52 599
52 616
52 666
52 690
52 860
53 70
53 89
53 103
53 109
53 142
53 145
53 150
53 159
53 172
53 177
53 178
53 185
53 190
53 191
53 204
53 209
53 220
53 222
53 233
53 235
53 240
53 241
53 279
53 318
53 610
53 741
53 912
54 70
54 75
54 77
54 84
54 95
54 96
54 121
54 128
54 146
54 147
54 150
54 152
54 160
54 167
54 168
54 173
54 222
54 223
54 224
54 237
54 302
54 361
54 399
54 669
54 770
54 835
54 845
55 56
55 61
55 67
55 78
55 102
55 127
55 134
55 139
55 147
55 153
55 155
55 163
55 181
55 190
55 194
55 199
55 211
55 450
55 601
55 678
55 756
55 793
55 824
55 830
55 860
56 83
56 85
56 86
56 92
56 99
56 129
56 134
56 136
56 145
56 180
56 198
56 206
56 210
56 215
56 217
56 239
56 331
56 360
56 411
56 425
56 455
56 475
56 570
56 648
56 796
56 811
56 858
57 66
57 70
57 96
57 97
57 108
57 147
57 160
57 183
57 185
57 224
57 226
57 235
57 236
57 240
57 409
57 696
57 789
57 801
57 818
58 83
58 84
58 103
58 125
58 131
58 133
58 154
58 164
58 174
58 193
58 204
58 230
58 238
58 283
58 294
58 332
58 434
58 438
58 622
58 812
59 63
59 66
59 97
59 111
59 115
59 117
59 118
59 119
59 149
59 152
59 153
59 158
59 159
59 174
59 184
59 200
59 212
59 226
59 232
59 240
59 358
59 364
59 374
59 376
59 441
59 475
59 575
59 883
60 79
60 102
60 106
60 121
60 126
60 129
60 132
60 141
60 156
60 159
60 160
60 171
60 175
60 181
60 189
60 199
60 225
60 228
60 322
60 475
60 480
60 707
60 803
60 881
61 79
61 92
61 102
61 104
61 109
61 111
61 116
61 124
61 161
61 202
61 220
61 268
61 445
61 545
61 649
62 70
62 119
62 123
62 133
62 139
62 141
62 143
62 164
62 190
62 205
62 232
62 237
62 311
62 856
63 72
63 73
63 77
63 88
63 95
63 103
63 107
63 110
63 115
63 116
63 134
63 147
63 152
63 153
63 163
63 167
63 171
63 203
63 208
63 219
63 223
63 380
63 534
63 616
63 653
63 698
63 744
63 831
64 66
64 86
64 108
64 110
64 139
64 143
64 145
64 146
64 149
64 153
64 163
64 188
64 204
64 214
64 216
64 221
64 225
64 227
64 231
64 342
64 359
64 361
64 476
64 482
64 823
65 66
65 82
65 104
65 117
65 133
65 134
65 138
65 151
65 157
65 158
65 160
65 169
65 174
65 181
65 185
65 189
65 190
65 202
65 231
65 237
65 239
65 311
65 360
65 414
65 472
65 745
65 850
66 68
66 73
66 77
66 83
66 89
66 104
66 125
66 136
66 170
66 196
66 204
66 222
66 225
66 229
66 236
66 240
66 247
66 353
66 401
66 705
67 89
67 97
67 104
67 115
67 118
67 125
67 138
67 150
67 159
67 160
67 162
67 165
67 181
67 191
67 226
67 234
67 237
67 240
67 282
67 299
67 595
67 672
67 707
67 727
67 754
68 70
68 77
68 92
68 98
68 122
68 125
68 127
68 129
68 132
68 142
68 144
68 147
68 193
68 202
68 203
68 209
68 210
68 221
68 224
68 225
68 233
68 419
68 627
68 705
68 782
69 78
69 87
69 92
69 95
69 106
69 107
69 134
69 135
69 142
69 144
69 162
69 180
69 194
69 203
69 204
69 211
69 218
69 220
69 222
69 225
69 325
69 445
69 504
69 738
69 946
70 85
70 94
70 112
70 119
70 124
70 128
70 132
70 152
70 155
70 165
70 172
70 180
70 195
70 196
70 198
70 200
70 209
70 210
70 216
70 224
70 225
70 433
70 440
70 476
70 530
71 73
71 83
71 89
71 93
71 106
71 108
71 141
71 152
71 154
71 182
71 193
71 206
71 214
71 217
71 220
71 238
71 239
71 293
71 329
71 368
71 908
71 941
72 75
72 78
72 79
72 89
72 96
72 107
72 108
72 113
72 138
72 146
72 159
72 162
72 181
72 183
72 187
72 208
72 215
72 226
72 435
72 784
73 76
73 87
73 88
73 97
73 129
73 144
73 178
73 207
73 220
73 227
73 360
73 430
74 83
74 92
74 131
74 142
74 143
74 144
74 149
74 160
74 163
74 175
74 176
74 185
74 187
74 212
74 232
74 236
74 285
74 471
74 642
74 735
74 744
74 775
74 976
75 80
75 89
75 93
75 99
75 112
75 113
75 123
75 126
75 136
75 142
75 153
75 170
75 174
75 184
75 185
75 208
75 211
75 212
75 217
75 229
75 241
75 279
75 418
75 521
75 652
75 698
75 767
75 826
76 87
76 98
76 104
76 118
76 126
76 130
76 134
76 159
76 198
76 218
76 225
76 227
76 235
76 346
76 362
76 464
76 704
76 783
76 791
76 906
77 86
77 88
77 105
77 106
77 149
77 162
77 187
77 199
77 210
77 220
77 235
77 394
77 618
77 635
77 848
77 861
78 81
78 91
78 110
78 142
78 145
78 150
78 166
78 169
78 171
78 192
78 199
78 226
78 227
78 233
78 415
78 425
78 434
78 438
78 581
78 653
78 677
78 721
78 773
78 829
79 91
79 103
79 152
79 155
79 171
79 192
79 194
79 222
79 297
79 414
79 474
79 604
79 614
79 657
79 798
80 81
80 89
80 140
80 141
80 147
80 165
80 205
80 220
80 224
80 233
80 238
80 306
80 425
80 515
80 567
80 609
81 87
81 98
81 103
81 143
81 145
81 166
81 169
81 170
81 179
81 190
81 199
81 204
81 206
81 207
81 216
81 234
81 240
81 242
81 312
81 323
81 422
81 423
81 432
81 469
81 585
81 838
82 92
82 106
82 107
82 110
82 120
82 129
82 145
82 148
82 161
82 177
82 184
82 200
82 206
82 214
82 222
82 377
82 718
82 811
83 88
83 95
83 101
83 103
83 135
83 160
83 165
83 175
83 202
83 206
83 209
83 228
83 344
83 401
83 662
83 764
84 87
84 98
84 100
84 103
84 106
84 107
84 109
84 120
84 132
84 171
84 252
84 369
84 704
84 797
84 830
85 90
85 109
85 118
85 151
85 164
85 172
85 183
85 187
85 188
85 220
85 239
85 256
85 437
86 91
86 93
86 96
86 111
86 139
86 140
86 190
86 195
86 197
86 213
86 238
86 247
86 313
86 326
86 362
86 428
86 437
86 555
86 799
86 943
87 90
87 94
87 135
87 136
87 141
87 148
87 151
87 152
87 158
87 162
87 180
87 190
87 204
87 227
87 234
87 236
87 342
87 420
87 454
87 540
87 609
88 108
88 121
88 177
88 194
88 207
88 216
88 299
88 433
88 478
88 608
88 689
88 734
88 765
88 814
89 116
89 121
89 140
89 152
89 153
89 159
89 178
89 198
89 208
89 209
89 212
89 213
89 224
89 232
89 241
89 318
89 321
89 435
89 680
89 746
89 829
89 874
89 921
90 124
90 163
90 167
90 179
90 184
90 214
90 238
90 240
90 310
90 325
90 373
90 448
90 504
90 863
91 132
91 149
91 180
91 181
91 183
91 184
91 207
91 263
91 350
91 525
91 617
91 640
91 767
92 102
92 108
92 131
92 142
92 144
92 152
92 153
92 169
92 177
92 183
92 187
92 188
92 194
92 204
92 207
92 223
92 565
92 587
92 768
92 773
92 816
92 821
92 870
92 924
93 101
93 102
93 113
93 132
93 135
93 177
93 178
93 203
93 215
93 217
93 332
93 381
93 456
93 503
93 577
93 642
93 943
94 106
94 107
94 115
94 132
94 151
94 168
94 191
94 196
94 223
94 232
94 328
94 360
94 393
94 478
94 650
94 854
94 861
95 100
95 122
95 147
95 173
95 174
95 175
95 176
95 179
95 191
95 197
95 219
95 233
95 236
95 237
95 238
95 443
95 646
95 825
96 101
96 128
96 140
96 167
96 170
96 179
96 182
96 194
96 204
96 229
96 409
96 444
96 703
96 722
96 758
96 791
97 105
97 111
97 157
97 158
97 160
97 169
97 187
97 188
97 197
97 205
97 211
97 559
97 584
97 622
97 659
97 710
97 725
97 736
97 800
98 115
98 118
98 123
98 124
98 134
98 139
98 147
98 148
98 197
98 200
98 220
98 353
98 446
98 517
98 821
98 841
98 859
99 109
99 112
99 120
99 123
99 131
99 137
99 169
99 206
99 207
99 211
99 223
99 224
99 226
99 230
99 232
99 257
99 384
99 400
99 416
99 438
99 453
99 664
99 668
99 779
99 828
99 831
100 103
100 130
100 150
100 151
100 153
100 157
100 161
100 190
100 203
100 228
100 230
100 387
100 420
100 430
101 106
101 109
101 111
101 115
101 125
101 138
101 144
101 173
101 198
101 215
101 224
101 236
101 286
101 291
101 323
101 700
102 119
102 125
102 132
102 141
102 153
102 173
102 175
102 182
102 189
102 231
102 240
102 371
102 423
102 721
103 107
103 114
103 127
103 136
103 150
103 153
103 204
103 207
103 211
103 226
103 240
103 241
103 249
103 297
103 384
103 423
103 453
103 604
103 672
103 679
103 726
103 792
103 807
103 808
103 873
104 105
104 109
104 112
104 122
104 145
104 149
104 183
104 188
104 199
104 200
104 215
104 221
104 222
104 241
104 315
104 410
104 472
104 583
104 723
104 782
105 107
105 121
105 130
105 132
105 139
105 158
105 173
105 175
105 179
105 203
105 214
105 233
105 241
105 328
105 338
105 643
105 874
106 111
106 117
106 122
106 135
106 170
106 197
106 201
106 213
106 239
106 407
106 591
106 601
106 666
106 800
107 113
107 116
107 117
107 123
107 144
107 150
107 153
107 157
107 170
107 171
107 174
107 207
107 221
107 279
107 391
107 468
107 618
107 806
108 135
108 152
108 177
108 201
108 204
108 222
108 237
108 274
108 321
108 325
108 328
108 715
109 116
109 129
109 131
109 147
109 168
109 171
109 174
109 191
109 193
109 208
109 333
109 350
109 376
109 416
109 424
109 885
110 114
110 117
110 127
110 134
110 138
110 153
110 158
110 163
110 182
110 183
110 199
110 212
110 218
110 222
110 228
110 240
110 294
110 315
110 349
110 372
110 470
110 471
110 721
110 863
111 121
111 123
111 125
111 128
111 140
111 158
111 167
111 176
111 189
111 194
111 232
111 289
111 358
111 438
111 443
111 482
111 676
111 686
112 114
112 135
112 149
112 163
112 166
112 167
112 172
112 173
112 194
112 195
112 205
112 223
112 228
112 230
112 234
112 235
112 237
112 267
112 286
112 554
112 555
112 642
112 788
112 799
113 118
113 120
113 121
113 133
113 174
113 213
113 217
113 220
113 224
113 302
113 335
113 396
113 406
113 482
114 128
114 137
114 140
114 161
114 183
114 190
114 191
114 197
114 210
114 239
114 240
114 284
114 474
114 563
114 674
114 748
114 764
114 846
115 125
115 140
115 153
115 158
115 173
115 175
115 182
115 204
115 213
115 228
115 274
115 298
115 383
115 393
115 472
115 614
116 156
116 163
116 165
116 166
116 171
116 174
116 184
116 198
116 204
116 212
116 234
116 235
116 241
116 459
116 462
117 122
117 124
117 134
117 141
117 171
117 180
117 233
117 235
117 336
117 354
117 360
117 400
117 478
117 676
117 823
117 848
118 129
118 137
118 138
118 145
118 150
118 183
118 229
118 233
118 237
118 412
118 438
118 446
119 130
119 139
119 146
119 160
119 163
119 173
119 194
119 199
119 200
119 228
119 229
119 235
119 265
119 413
119 422
119 436
119 466
119 605
119 693
119 861
119 886
120 147
120 155
120 156
120 165
120 176
120 206
120 226
120 341
120 416
120 456
120 622
120 752
120 798
121 129
121 130
121 133
121 149
121 167
121 182
121 185
121 188
121 203
121 229
121 236
121 239
121 283
121 363
121 448
121 485
122 126
122 142
122 168
122 215
122 217
122 223
122 281
122 381
122 403
122 482
122 566
122 662
122 680
122 854
122 905
123 179
123 198
123 204
123 213
123 227
123 240
123 316
123 533
123 724
123 792
123 810
123 997
124 144
124 151
124 159
124 162
124 174
124 177
124 191
124 194
124 204
124 208
124 211
124 217
124 219
124 229
124 232
124 236
124 463
124 504
124 506
124 790
125 131
125 134
125 143
125 172
125 177
125 181
125 187
125 194
125 195
125 204
125 206
125 207
125 210
125 218
125 233
125 237
125 238
125 281
125 298
125 317
125 367
125 640
125 676
125 712
126 138
126 159
126 173
126 193
126 195
126 206
126 214
126 234
126 237
126 239
126 242
126 290
126 309
126 382
126 392
126 446
126 454
126 548
126 677
126 792
127 139
127 161
127 182
127 192
127 193
127 194
127 195
127 200
127 204
127 207
127 212
127 438
127 478
127 716
127 809
127 818
127 858
128 169
128 179
128 180
128 181
128 223
128 230
128 237
128 276
128 308
128 374
128 451
128 524
128 748
128 856
129 152
129 171
129 195
129 207
129 213
129 215
129 218
129 220
129 277
129 312
129 409
129 420
129 519
129 644
130 138
130 139
130 152
130 156
130 157
130 165
130 172
130 179
130 200
130 206
130 210
130 611
130 686
130 739
130 740
130 795
130 826
131 132
131 147
131 151
131 166
131 188
131 195
131 218
131 237
131 238
131 249
131 317
131 329
131 341
131 396
131 405
131 421
131 564
131 778
131 835
132 133
132 136
132 138
132 154
132 157
132 162
132 166
132 198
132 233
132 238
132 292
132 324
132 367
132 462
133 149
133 172
133 177
133 180
133 191
133 215
133 217
133 227
133 229
133 241
133 298
133 365
133 407
133 458
133 558
133 565
133 643
133 694
133 760
133 937
134 136
134 140
134 164
134 165
134 184
134 201
134 234
134 241
134 415
134 523
134 817
134 847
135 138
135 146
135 147
135 153
135 160
135 176
135 181
135 182
135 192
135 220
135 233
135 348
135 361
135 579
135 884
135 996
136 150
136 157
136 173
136 198
136 200
136 214
136 216
136 223
136 234
136 237
136 278
136 354
136 358
136 432
136 447
137 139
137 142
137 149
137 151
137 156
137 164
137 165
137 179
137 205
137 220
137 225
137 235
137 270
137 287
137 327
137 422
137 439
137 458
137 516
137 613
137 620
137 690
137 805
138 139
138 144
138 150
138 171
138 179
138 187
138 193
138 208
138 215
138 219
138 224
138 226
138 239
138 299
138 422
138 451
138 463
138 673
138 694
138 725
138 759
139 148
139 158
139 160
139 166
139 198
139 202
139 213
139 218
139 228
139 230
139 241
139 286
139 377
139 400
139 401
139 418
139 533
139 755
139 827
140 148
140 152
140 169
140 180
140 195
140 197
140 206
140 215
140 229
140 241
140 397
140 415
140 826
141 143
141 144
141 146
141 157
141 162
141 216
141 223
141 236
141 241
141 278
141 317
141 328
141 355
141 376
141 401
141 567
141 843
141 844
142 153
142 156
142 161
142 171
142 189
142 190
142 204
142 205
142 209
142 229
142 231
142 236
142 283
142 346
142 414
142 556
142 775
142 792
142 805
142 811
143 146
143 162
143 217
143 226
143 369
143 421
143 715
143 761
143 830
144 168
144 187
144 195
144 196
144 207
144 223
144 239
144 330
144 353
144 354
144 362
144 827
145 153
145 163
145 178
145 185
145 186
145 199
145 206
145 210
145 212
145 218
145 290
145 376
145 441
145 603
145 758
145 858
146 170
146 173
146 184
146 210
146 217
146 224
146 236
146 290
146 373
146 377
146 471
146 661
146 775
146 782
146 795
146 928
147 159
147 164
147 183
147 186
147 197
147 201
147 214
147 235
147 237
147 308
147 325
147 333
147 358
147 368
147 396
147 443
147 482
147 522
147 659
147 803
147 818
147 850
147 1001
148 186
148 197
148 206
148 209
148 228
148 241
148 296
148 332
148 334
148 352
148 405
148 414
148 592
148 664
148 749
148 822
149 153
149 156
149 177
149 194
149 196
149 199
149 203
149 204
149 209
149 210
149 222
149 230
149 237
149 238
149 357
149 479
149 690
149 697
149 798
149 836
149 949
150 157
150 165
150 166
150 171
150 189
150 202
150 233
150 239
150 252
150 349
150 614
150 764
151 179
151 187
151 212
151 213
151 239
151 245
151 424
151 449
151 460
151 551
151 615
151 709
151 786
151 794
152 157
152 168
152 177
152 179
152 181
152 189
152 204
152 213
152 218
152 234
152 381
152 628
152 673
152 769
152 950
153 158
153 197
153 198
153 209
153 224
153 261
153 269
153 310
153 402
153 431
153 454
153 582
153 638
153 646
153 783
153 822
153 850
154 162
154 166
154 174
154 176
154 185
154 193
154 204
154 210
154 219
154 229
154 232
154 250
154 361
154 528
154 648
154 772
155 157
155 169
155 170
155 172
155 193
155 196
155 198
155 199
155 204
155 217
155 230
155 231
155 260
155 305
155 356
155 424
155 880
156 160
156 164
156 167
156 180
156 184
156 188
156 205
156 226
156 228
156 237
156 241
156 350
156 384
156 409
156 431
156 682
156 743
157 172
157 182
157 191
157 215
157 231
157 240
157 267
157 247
157 286
157 623
157 752
158 162
158 181
158 187
158 203
158 208
158 210
158 211
158 240
158 241
158 304
158 372
158 413
158 426
158 642
158 646
159 162
159 193
159 230
159 238
159 240
159 333
159 353
159 396
159 474
159 479
159 564
159 583
159 741
159 806
160 188
160 192
160 203
160 205
160 225
160 227
160 239
160 241
160 278
160 286
160 301
160 321
160 363
160 399
160 711
160 753
160 881
161 163
161 174
161 198
161 212
161 213
161 219
161 235
161 236
161 264
161 278
161 320
161 324
161 348
161 485
161 663
161 750
162 169
162 176
162 182
162 185
162 193
162 201
162 221
162 224
162 238
162 254
162 309
162 313
162 402
162 435
162 625
163 197
163 214
163 381
163 425
163 746
163 765
164 172
164 190
164 214
164 221
164 318
164 335
164 371
164 411
164 417
164 430
164 432
164 474
164 596
164 645
164 653
164 716
164 721
164 765
164 954
164 969
165 177
165 178
165 184
165 228
165 233
165 298
165 361
165 423
165 932
166 184
166 188
166 195
166 238
166 302
166 306
166 397
166 420
166 465
166 517
166 582
166 645
167 184
167 225
167 233
167 453
167 503
167 607
167 686
167 743
167 744
167 843
167 850
168 182
168 217
168 227
168 236
168 716
168 783
168 823
168 881
169 221
169 236
169 365
169 447
169 841
169 992
170 171
170 173
170 182
170 207
170 224
170 245
170 311
170 328
170 682
170 697
170 854
171 181
171 186
171 187
171 193
171 195
171 199
171 204
171 212
171 218
171 240
171 256
171 386
171 468
171 678
171 825
172 176
172 177
172 186
172 221
172 225
172 227
172 257
172 267
172 254
172 411
172 459
172 480
172 507
172 637
172 711
172 762
173 174
173 197
173 220
173 229
173 234
173 235
173 425
173 536
173 695
174 185
174 202
174 220
174 227
174 229
174 235
174 240
174 265
174 341
174 472
174 596
174 631
174 769
174 786
174 834
174 858
175 184
175 194
175 210
175 211
175 221
175 257
175 395
175 406
175 561
175 571
175 789
176 177
176 205
176 231
176 232
176 233
176 371
176 436
176 462
176 606
177 197
177 221
177 236
177 240
177 379
177 427
177 458
177 661
177 727
177 764
178 182
178 190
178 226
178 227
178 317
178 342
178 346
178 434
178 445
178 474
178 624
178 788
178 952
179 181
179 182
179 201
179 217
179 309
179 380
179 394
179 462
179 566
179 653
179 749
179 846
179 946
179 965
180 201
180 243
180 380
180 400
180 780
180 783
180 839
181 182
181 195
181 206
181 224
181 332
181 345
181 401
181 478
181 823
182 213
182 228
182 232
182 256
182 345
182 368
182 416
182 619
182 628
183 194
183 203
183 209
183 223
183 224
183 240
183 282
183 332
183 395
183 471
183 669
183 704
183 722
183 824
184 204
184 215
184 223
184 239
184 339
184 341
184 417
184 546
184 649
184 858
184 882
185 196
185 203
185 211
185 232
185 233
185 316
185 407
185 822
185 872
186 206
186 229
186 233
186 237
186 333
186 439
186 478
186 854
187 196
187 198
187 213
187 224
187 227
187 233
187 366
187 411
187 770
187 805
187 818
187 870
188 191
188 217
188 220
188 297
188 314
188 355
188 442
188 652
188 738
188 742
189 190
189 191
189 193
189 194
189 197
189 224
189 226
189 230
189 285
189 386
189 427
189 569
189 627
189 807
189 953
190 216
190 246
190 360
190 603
190 624
190 836
191 213
191 369
191 429
191 461
191 516
191 697
191 700
191 727
192 202
192 210
192 215
192 219
192 460
192 718
193 196
193 200
193 207
193 210
193 218
193 220
193 226
193 289
193 353
193 363
193 396
193 424
193 639
193 811
193 877
194 213
194 216
194 360
194 434
194 447
194 601
194 602
194 730
195 210
195 212
195 325
195 445
195 864
195 869
196 197
196 198
196 201
196 204
196 299
196 364
196 433
196 445
196 843
196 924
197 201
197 261
197 331
197 415
197 672
197 681
197 783
197 785
197 840
197 884
198 220
198 231
198 338
198 379
198 393
198 404
198 474
198 595
198 722
199 207
199 275
199 291
199 318
199 366
199 656
199 681
199 724
200 223
200 232
200 239
200 327
200 362
200 578
200 712
200 870
200 973
201 220
201 241
201 269
201 356
201 406
201 421
201 611
201 625
201 669
201 693
201 714
201 807
202 203
202 205
202 214
202 235
202 291
202 575
202 728
202 731
203 217
203 228
203 236
203 241
203 266
203 333
203 351
203 358
203 455
203 480
203 622
203 627
204 209
204 212
204 220
204 222
204 395
204 969
205 210
205 225
205 229
205 241
205 463
205 639
205 660
205 748
206 214
206 215
206 221
206 230
206 236
206 323
206 481
206 615
206 670
207 213
207 225
207 239
207 252
207 304
207 351
207 448
207 471
207 587
207 601
207 703
207 732
207 773
207 835
207 842
207 986
208 220
208 234
208 322
208 386
208 451
208 656
208 693
208 861
209 216
209 220
209 232
209 294
209 351
209 355
209 358
209 368
209 379
209 383
209 398
209 426
209 482
209 560
209 562
209 979
210 213
210 218
210 222
210 278
210 311
210 356
210 362
210 371
210 449
210 468
210 597
211 218
211 224
211 227
211 228
211 416
212 232
212 233
212 240
212 269
212 485
212 558
212 752
212 767
213 223
213 273
213 291
213 372
213 394
213 604
214 222
214 226
214 231
214 239
214 259
214 321
214 414
214 441
214 478
214 635
214 735
215 222
215 278
215 307
215 308
215 340
215 354
215 514
215 663
215 674
215 737
215 994
216 227
216 290
216 433
216 672
216 694
216 975
217 224
217 301
217 465
217 635
217 709
217 788
217 799
218 230
218 233
218 236
218 238
218 370
218 378
218 398
218 693
218 852
219 236
219 250
219 689
219 708
219 778
219 799
220 300
220 468
220 617
220 636
220 727
220 739
220 749
221 223
221 225
221 226
221 228
221 230
221 232
221 235
221 434
221 438
221 468
221 650
221 833
221 834
222 229
222 275
222 388
222 403
222 431
222 712
222 940
222 955
223 231
223 232
223 236
223 241
223 320
223 585
223 707
223 803
223 863
224 266
224 365
224 396
224 412
224 425
224 645
225 226
225 232
225 269
225 319
225 436
225 476
225 478
225 561
226 281
226 584
226 687
226 809
226 848
227 234
227 239
227 430
227 446
227 452
227 454
227 561
227 622
227 630
227 795
227 836
227 866
228 341
228 359
228 476
228 631
228 874
228 880
229 241
229 368
229 534
229 618
229 796
229 877
230 239
230 302
230 365
230 402
230 705
230 784
230 785
230 857
230 1007
231 316
231 396
231 471
231 480
231 481
231 652
231 722
231 752
231 844
232 238
232 331
232 379
232 410
232 456
232 522
232 571
232 591
232 681
233 311
233 321
233 382
233 409
233 432
233 478
233 778
233 945
234 261
234 249
234 331
234 349
234 380
234 395
234 402
234 513
234 792
234 969
235 299
235 316
235 337
235 757
235 767
235 881
235 889
235 912
236 238
236 267
236 347
236 351
236 480
236 485
236 742
236 784
236 806
237 241
237 432
237 527
237 550
237 620
237 706
237 803
238 241
238 242
238 301
238 324
238 421
238 576
238 586
238 670
238 679
238 814
238 940
239 241
239 271
239 242
239 295
239 297
239 350
239 419
239 433
239 437
239 639
240 261
240 264
240 474
240 484
240 573
240 601
240 719
240 834
240 901
241 416
241 806
256 259
256 265
256 269
256 276
256 247
256 249
256 251
256 255
256 283
256 346
256 373
256 401
256 459
256 465
256 470
256 485
256 510
256 564
256 614
256 732
256 754
256 843
256 863
256 867
256 885
257 258
257 262
257 267
257 269
257 271
257 249
257 291
257 333
257 335
257 343
257 348
257 352
257 363
257 375
257 395
257 398
257 408
257 410
257 414
257 415
257 421
257 521
257 523
257 529
257 504
257 505
257 510
257 587
257 708
257 751
257 771
257 805
257 810
257 814
257 881
257 917
258 259
258 261
258 262
258 263
258 277
258 247
258 254
258 357
258 360
258 376
258 393
258 398
258 434
258 456
258 499
258 520
258 531
258 533
258 505
258 579
258 597
258 607
258 622
258 699
258 717
258 730
258 880
258 905
258 940
259 267
259 245
259 301
259 335
259 338
259 342
259 347
259 407
259 436
259 441
259 459
259 484
259 520
259 537
259 540
259 543
259 550
259 503
259 507
259 511
259 566
259 619
259 632
259 652
259 673
259 745
259 756
259 770
259 796
259 839
259 994
259 1002
260 261
260 262
260 263
260 242
260 246
260 249
260 253
260 280
260 380
260 382
260 423
260 446
260 454
260 460
260 468
260 475
260 524
260 541
260 548
260 553
260 509
260 555
260 561
260 610
260 661
260 664
260 712
260 735
260 740
260 798
260 853
260 866
260 867
260 878
260 1008
261 264
261 267
261 273
261 242
261 246
261 282
261 296
261 300
261 316
261 376
261 380
261 382
261 416
261 422
261 426
261 429
261 430
261 465
261 517
261 503
261 509
261 648
261 687
261 779
261 880
261 882
261 883
261 888
262 267
262 271
262 274
262 243
262 245
262 253
262 254
262 283
262 287
262 388
262 399
262 400
262 428
262 439
262 452
262 490
262 519
262 523
262 526
262 528
262 571
262 581
262 619
262 655
262 726
262 799
262 866
262 873
262 877
262 883
263 270
263 245
263 252
263 310
263 314
263 318
263 355
263 363
263 373
263 387
263 475
263 483
263 523
263 554
263 633
263 637
263 717
263 812
263 829
263 838
263 859
263 863
263 866
263 870
263 889
263 925
263 937
263 1005
264 272
264 243
264 249
264 255
264 298
264 308
264 323
264 346
264 360
264 364
264 368
264 378
264 379
264 389
264 431
264 436
264 456
264 464
264 493
264 518
264 635
264 700
264 719
264 722
264 728
264 851
264 870
264 898
264 913
264 978
264 1001
265 267
265 268
265 272
265 246
265 249
265 320
265 332
265 339
265 340
265 342
265 443
265 533
265 581
265 647
265 669
265 682
265 703
265 708
265 710
265 723
265 774
265 825
265 864
265 865
265 869
265 874
265 936
265 980
266 267
266 271
266 277
266 252
266 320
266 331
266 347
266 354
266 393
266 424
266 425
266 453
266 463
266 464
266 519
266 522
266 526
266 544
266 564
266 641
266 758
266 770
266 888
266 906
266 968
267 270
267 274
267 253
267 255
267 280
267 306
267 353
267 355
267 380
267 394
267 419
267 429
267 430
267 437
267 545
267 609
267 664
267 751
267 792
267 808
267 836
267 869
267 993
267 995
267 1002
268 274
268 247
268 248
268 253
268 279
268 317
268 345
268 430
268 474
268 504
268 511
268 580
268 619
268 622
268 634
268 678
268 811
268 874
268 934
268 936
268 967
269 270
269 271
269 272
269 273
269 275
269 242
269 281
269 322
269 323
269 362
269 413
269 420
269 424
269 447
269 453
269 517
269 561
269 627
269 638
269 672
269 794
269 865
269 867
269 874
269 920
269 937
270 272
270 276
270 243
270 250
270 252
270 292
270 319
270 357
270 362
270 364
270 384
270 423
270 447
270 517
270 529
270 618
270 620
270 642
270 659
270 669
270 732
270 738
270 740
270 751
270 773
270 867
270 874
270 879
270 881
270 884
271 248
271 252
271 253
271 294
271 313
271 323
271 340
271 347
271 352
271 355
271 385
271 393
271 401
271 405
271 409
271 414
271 418
271 448
271 452
271 453
271 520
271 534
271 545
271 702
271 720
271 786
271 802
271 835
271 888
271 891
271 944
271 948
272 273
272 245
272 248
272 310
272 323
272 351
272 387
272 396
272 416
272 440
272 462
272 463
272 526
272 531
272 535
272 536
272 554
272 565
272 744
272 804
272 825
272 852
272 870
273 275
273 276
273 277
273 244
273 247
273 249
273 254
273 306
273 308
273 356
273 360
273 364
273 380
273 411
273 426
273 450
273 549
273 648
273 677
273 833
273 844
273 860
273 863
273 875
273 883
273 885
273 886
273 899
274 249
274 251
274 252
274 371
274 375
274 386
274 416
274 445
274 453
274 464
274 529
274 553
274 555
274 564
274 605
274 665
274 750
274 849
274 868
274 875
274 890
275 277
275 254
275 375
275 384
275 395
275 397
275 429
275 441
275 455
275 468
275 512
275 517
275 534
275 550
275 504
275 695
275 709
275 751
275 765
275 791
275 821
275 850
276 382
276 393
276 402
276 423
276 436
276 478
276 483
276 525
276 527
276 534
276 541
276 605
276 670
276 741
276 743
276 786
276 857
276 876
277 245
277 247
277 251
277 282
277 308
277 311
277 324
277 325
277 337
277 355
277 362
277 365
277 424
277 455
277 461
277 521
277 545
277 565
277 766
277 803
277 827
277 845
277 868
277 882
277 916
242 249
242 285
242 293
242 308
242 353
242 357
242 384
242 415
242 446
242 513
242 522
242 539
242 602
242 617
242 630
242 642
242 770
242 851
242 868
242 879
242 889
243 244
243 282
243 285
243 308
243 318
243 363
243 387
243 415
243 416
243 418
243 431
243 432
243 442
243 535
243 558
243 703
243 792
243 867
243 875
243 883
244 246
244 248
244 293
244 319
244 323
244 350
244 379
244 398
244 425
244 459
244 480
244 536
244 637
244 660
244 779
244 780
244 794
244 818
244 880
244 889
244 997
245 248
245 288
245 313
245 315
245 323
245 335
245 364
245 377
245 386
245 388
245 444
245 453
245 471
245 477
245 537
245 578
245 668
245 797
245 829
245 852
245 870
245 874
245 883
245 884
245 887
245 1007
246 247
246 248
246 251
246 284
246 309
246 362
246 371
246 400
246 412
246 431
246 579
246 588
246 771
246 779
246 816
246 825
246 865
246 870
246 887
246 891
247 255
247 295
247 337
247 361
247 363
247 386
247 403
247 404
247 415
247 419
247 437
247 442
247 480
247 734
247 763
247 801
247 844
247 864
247 884
248 253
248 279
248 282
248 286
248 332
248 341
248 342
248 359
248 383
248 415
248 416
248 446
248 457
248 471
248 522
248 507
248 576
248 586
248 609
248 624
248 647
248 664
248 751
248 770
248 807
248 857
249 250
249 278
249 296
249 310
249 361
249 379
249 394
249 404
249 405
249 436
249 483
249 499
249 518
249 519
249 561
249 590
249 600
249 631
249 638
249 661
249 750
249 776
249 849
249 865
249 866
249 871
249 989
250 253
250 300
250 313
250 326
250 399
250 415
250 461
250 462
250 481
250 534
250 559
250 577
250 582
250 609
250 664
250 711
250 750
250 791
250 809
250 865
250 870
250 872
250 953
250 985
251 302
251 305
251 324
251 340
251 357
251 363
251 365
251 387
251 428
251 437
251 442
251 451
251 473
251 524
251 621
251 716
251 771
251 796
251 821
251 953
252 282
252 288
252 300
252 362
252 395
252 425
252 426
252 512
252 578
252 616
252 630
252 651
252 657
252 687
252 693
252 716
252 721
252 757
252 868
252 871
252 889
252 989
253 340
253 349
253 364
253 368
253 393
253 407
253 454
253 546
253 603
253 633
253 639
253 646
253 689
253 858
253 866
253 870
253 881
253 884
253 1006
254 255
254 285
254 289
254 311
254 344
254 394
254 415
254 449
254 450
254 470
254 537
254 544
254 571
254 591
254 603
254 633
254 648
254 713
254 743
254 769
255 284
255 290
255 330
255 337
255 385
255 388
255 468
255 522
255 525
255 556
255 588
255 613
255 753
255 806
255 860
255 865
255 875
278 304
278 342
278 370
278 387
278 397
278 400
278 407
278 410
278 413
278 421
278 425
278 442
278 448
278 465
278 622
279 291
279 294
279 302
279 308
279 310
279 354
279 373
279 374
279 375
279 390
279 408
279 437
279 442
279 448
279 459
279 468
279 478
279 610
279 686
279 699
280 283
280 315
280 325
280 336
280 338
280 362
280 372
280 375
280 391
280 401
280 403
280 422
280 431
280 443
280 444
280 484
280 678
280 694
280 740
280 749
281 300
281 309
281 334
281 343
281 352
281 353
281 366
281 371
281 378
281 396
281 398
281 404
281 426
281 435
281 446
281 467
281 480
282 289
282 297
282 306
282 336
282 337
282 338
282 340
282 342
282 346
282 350
282 354
282 376
282 391
282 408
282 412
282 418
282 420
282 432
282 434
282 441
282 445
282 475
282 482
282 597
282 741
282 854
283 289
283 299
283 300
283 303
283 308
283 324
283 328
283 330
283 348
283 365
283 371
283 410
283 412
283 415
283 429
283 432
283 447
283 449
283 457
283 459
283 468
283 478
283 656
283 700
284 288
284 292
284 301
284 305
284 319
284 331
284 366
284 367
284 370
284 384
284 388
284 398
284 402
284 421
284 427
284 448
284 458
284 460
284 470
284 475
284 610
284 696
284 746
284 849
285 308
285 313
285 321
285 324
285 329
285 332
285 333
285 363
285 366
285 382
285 390
285 397
285 399
285 402
285 405
285 426
285 442
285 616
285 617
285 661
286 297
286 303
286 306
286 310
286 315
286 328
286 334
286 346
286 364
286 365
286 374
286 377
286 388
286 389
286 392
286 429
286 432
286 433
286 443
286 465
286 483
286 764
286 904
287 293
287 316
287 342
287 345
287 351
287 352
287 354
287 355
287 384
287 386
287 390
287 392
287 394
287 403
287 408
287 412
287 421
287 444
287 446
287 452
287 478
287 480
287 483
287 646
287 787
288 293
288 295
288 324
288 332
288 335
288 379
288 380
288 385
288 396
288 406
288 418
288 419
288 437
288 439
288 441
288 454
288 455
288 460
288 467
288 472
288 484
288 505
288 581
288 589
288 604
288 770
288 849
288 856
289 305
289 306
289 309
289 312
289 316
289 319
289 371
289 397
289 412
289 419
289 429
289 435
289 445
289 447
289 450
289 460
289 533
289 598
289 619
289 661
289 809
289 852
289 861
289 882
289 891
290 291
290 296
290 299
290 322
290 325
290 331
290 332
290 333
290 336
290 343
290 349
290 354
290 358
290 364
290 370
290 372
290 376
290 392
290 418
290 427
290 432
290 443
290 458
290 599
290 671
290 693
290 967
291 325
291 334
291 346
291 352
291 356
291 364
291 375
291 380
291 388
291 403
291 408
291 410
291 411
291 425
291 428
291 437
291 439
291 445
291 450
291 470
291 520
291 682
291 736
291 784
291 795
291 967
292 328
292 333
292 337
292 343
292 376
292 378
292 382
292 390
292 429
292 453
292 460
292 467
292 473
292 620
292 740
292 773
292 837
292 869
293 304
293 305
293 312
293 323
293 336
293 351
293 363
293 386
293 400
293 418
293 423
293 429
293 433
293 439
293 445
293 450
293 458
293 459
293 473
293 475
293 478
293 690
293 744
293 849
293 957
294 303
294 314
294 317
294 320
294 323
294 324
294 328
294 364
294 375
294 383
294 390
294 397
294 411
294 412
294 413
294 421
294 426
294 428
294 442
294 450
294 452
294 456
294 459
294 472
294 480
294 482
294 723
295 308
295 315
295 325
295 364
295 366
295 372
295 373
295 391
295 392
295 396
295 400
295 410
295 411
295 447
295 451
295 462
295 473
295 483
295 666
295 707
295 751
295 755
295 787
295 851
296 299
296 304
296 305
296 315
296 317
296 326
296 328
296 340
296 343
296 362
296 425
296 431
296 434
296 446
296 452
296 476
296 480
296 482
296 530
296 767
296 803
296 834
296 863
297 313
297 321
297 328
297 351
297 353
297 369
297 370
297 372
297 383
297 391
297 393
297 424
297 451
297 453
297 474
297 573
297 727
297 776
297 817
298 304
298 327
298 329
298 330
298 337
298 348
298 350
298 374
298 389
298 391
298 395
298 403
298 413
298 447
298 450
298 455
298 464
298 470
298 479
298 480
298 811
298 812
298 829
299 314
299 320
299 325
299 329
299 343
299 346
299 365
299 377
299 388
299 389
299 393
299 394
299 430
299 437
299 439
299 451
299 469
299 744
299 770
300 304
300 323
300 335
300 350
300 351
300 355
300 357
300 363
300 365
300 368
300 371
300 380
300 385
300 386
300 388
300 392
300 393
300 397
300 398
300 411
300 415
300 422
300 425
300 433
300 436
300 450
300 460
300 561
300 756
300 994
301 321
301 324
301 326
301 340
301 348
301 351
301 358
301 359
301 366
301 375
301 384
301 385
301 386
301 397
301 411
301 421
301 422
301 424
301 426
301 457
301 465
301 484
301 556
301 632
301 678
301 844
302 313
302 338
302 358
302 361
302 390
302 398
302 402
302 406
302 407
302 414
302 430
302 436
302 446
302 451
302 453
302 457
302 458
302 467
302 468
302 581
302 748
302 799
302 875
303 311
303 324
303 326
303 329
303 332
303 347
303 359
303 376
303 397
303 420
303 422
303 424
303 431
303 433
303 435
303 443
303 453
303 461
303 463
303 657
303 713
303 862
303 864
303 999
304 317
304 318
304 339
304 357
304 365
304 381
304 385
304 389
304 396
304 403
304 425
304 435
304 438
304 439
304 440
304 448
304 465
304 468
304 477
304 673
304 727
304 935
305 321
305 334
305 339
305 343
305 369
305 371
305 374
305 378
305 402
305 409
305 437
305 450
305 452
305 453
305 477
305 479
305 485
305 687
305 816
306 319
306 324
306 335
306 364
306 385
306 387
306 389
306 391
306 399
306 404
306 437
306 454
306 455
306 480
306 481
306 505
306 607
306 610
306 707
306 873
307 310
307 318
307 323
307 325
307 331
307 339
307 360
307 363
307 364
307 371
307 383
307 384
307 393
307 401
307 407
307 412
307 462
307 558
307 612
307 752
307 866
307 983
308 313
308 316
308 329
308 348
308 352
308 354
308 389
308 404
308 423
308 430
308 464
308 485
308 758
308 913
309 321
309 325
309 327
309 332
309 335
309 381
309 383
309 408
309 415
309 418
309 423
309 443
309 461
309 470
309 533
309 543
309 731
309 916
310 329
310 338
310 344
310 356
310 363
310 378
310 381
310 387
310 389
310 403
310 423
310 425
310 428
310 432
310 439
310 444
310 447
310 452
310 460
310 461
310 471
310 477
310 479
310 720
310 735
310 854
311 340
311 342
311 357
311 368
311 376
311 384
311 391
311 396
311 398
311 403
311 431
311 434
311 447
311 457
311 485
311 678
311 720
311 772
311 775
312 315
312 323
312 337
312 344
312 352
312 358
312 366
312 383
312 406
312 419
312 421
312 434
312 446
312 449
312 452
312 456
312 468
312 476
312 661
312 715
312 866
312 978
313 320
313 332
313 334
313 339
313 353
313 374
313 375
313 378
313 383
313 405
313 409
313 416
313 419
313 431
313 445
313 447
313 449
313 471
313 482
313 561
313 591
313 780
313 781
314 327
314 351
314 359
314 390
314 405
314 435
314 439
314 457
314 460
314 463
314 474
314 641
314 653
314 671
314 716
314 752
314 760
314 782
314 856
314 885
315 326
315 333
315 345
315 348
315 361
315 374
315 383
315 388
315 408
315 416
315 436
315 449
315 450
315 454
315 467
315 476
315 485
315 757
315 802
315 873
316 351
316 361
316 380
316 389
316 393
316 401
316 406
316 408
316 409
316 417
316 430
316 461
316 681
316 691
316 734
316 803
317 344
317 363
317 368
317 380
317 394
317 396
317 432
317 446
317 452
317 467
317 468
317 479
318 320
318 333
318 356
318 357
318 393
318 396
318 415
318 423
318 425
318 431
318 447
318 454
318 460
318 471
318 484
318 547
318 633
318 656
319 334
319 347
319 359
319 370
319 371
319 379
319 441
319 444
319 465
319 466
319 467
319 471
319 472
319 475
319 477
319 747
320 336
320 354
320 357
320 361
320 383
320 394
320 399
320 400
320 407
320 410
320 434
320 461
320 464
320 483
320 572
321 335
321 340
321 372
321 409
321 439
321 448
321 455
321 460
321 470
321 580
321 665
321 794
321 803
321 874
321 924
322 327
322 332
322 338
322 344
322 346
322 380
322 384
322 388
322 401
322 404
322 432
322 444
322 463
322 590
322 806
323 339
323 341
323 349
323 358
323 411
323 412
323 419
323 422
323 425
323 426
323 464
323 469
323 545
323 620
324 340
324 341
324 354
324 364
324 379
324 382
324 383
324 387
324 405
324 406
324 428
324 445
324 454
324 467
324 674
324 890
325 328
325 337
325 346
325 362
325 379
325 395
325 400
325 409
325 432
325 435
325 606
325 685
326 342
326 353
326 363
326 375
326 391
326 395
326 420
326 430
326 433
326 435
326 437
326 456
326 484
326 485
326 511
326 970
327 337
327 342
327 354
327 355
327 408
327 441
327 455
327 464
327 469
327 570
327 624
327 643
327 648
327 990
328 339
328 350
328 353
328 386
328 394
328 405
328 407
328 416
328 417
328 430
328 432
328 439
328 441
328 451
328 454
328 460
328 465
328 466
328 531
328 577
328 920
329 336
329 352
329 363
329 391
329 402
329 403
329 433
329 483
329 731
329 896
329 948
330 331
330 333
330 343
330 361
330 367
330 372
330 374
330 383
330 389
330 394
330 406
330 409
330 415
330 419
330 422
330 458
330 474
330 483
330 548
330 563
330 575
330 706
330 796
330 808
330 829
330 855
331 336
331 341
331 345
331 355
331 378
331 379
331 394
331 395
331 403
331 412
331 415
331 436
331 441
331 454
331 485
331 543
331 626
331 705
331 719
331 762
331 777
331 814
331 925
332 349
332 352
332 387
332 397
332 409
332 412
332 427
332 460
332 474
332 475
332 483
332 514
332 718
332 751
333 339
333 340
333 341
333 352
333 366
333 368
333 378
333 383
333 400
333 404
333 414
333 426
333 427
333 448
333 451
333 459
333 471
333 475
333 627
334 338
334 352
334 382
334 385
334 396
334 424
334 431
334 432
334 434
334 441
334 459
334 463
334 471
334 480
335 337
335 341
335 343
335 355
335 356
335 380
335 407
335 416
335 430
335 435
335 436
335 440
335 446
335 451
335 459
335 461
335 476
335 477
335 478
335 481
335 482
335 611
335 619
335 834
335 976
335 988
336 340
336 342
336 350
336 354
336 356
336 369
336 384
336 399
336 401
336 402
336 418
336 419
336 425
336 427
336 434
336 438
336 480
336 727
337 342
337 375
337 389
337 406
337 419
337 425
337 439
337 445
337 454
337 463
337 472
337 520
337 533
337 605
337 645
337 756
337 779
338 347
338 349
338 351
338 352
338 359
338 376
338 389
338 426
338 430
338 434
338 439
338 445
338 463
338 556
338 653
338 659
338 713
338 724
338 810
338 909
339 342
339 369
339 384
339 401
339 403
339 409
339 413
339 415
339 438
339 439
339 467
339 481
339 482
339 736
339 809
340 353
340 356
340 370
340 398
340 400
340 401
340 409
340 412
340 422
340 429
340 430
340 453
340 461
340 484
340 645
340 697
341 346
341 351
341 363
341 372
341 381
341 388
341 409
341 437
341 459
341 467
341 480
341 485
342 344
342 351
342 354
342 355
342 370
342 381
342 392
342 413
342 426
342 430
342 440
342 457
342 465
342 473
342 477
342 514
342 878
343 345
343 351
343 352
343 361
343 364
343 370
343 377
343 380
343 389
343 393
343 415
343 437
343 441
343 445
343 472
343 475
343 483
343 575
343 836
343 984
344 360
344 366
344 400
344 407
344 415
344 417
344 427
344 428
344 437
344 454
344 457
344 462
344 521
344 586
344 611
344 621
344 869
345 349
345 358
345 411
345 417
345 446
345 459
345 473
345 480
345 583
345 779
346 349
346 398
346 402
346 410
346 426
346 436
346 441
346 452
346 456
346 460
346 679
346 793
347 354
347 377
347 396
347 428
347 447
347 451
347 482
347 802
348 349
348 359
348 374
348 375
348 404
348 411
348 423
348 430
348 458
348 485
348 618
348 619
348 636
348 699
348 751
348 781
349 356
349 357
349 378
349 388
349 389
349 404
349 423
349 426
349 439
349 482
349 610
349 655
349 662
349 774
349 881
349 966
350 361
350 374
350 378
350 385
350 400
350 425
350 427
350 433
350 450
350 454
350 456
350 462
350 466
350 605
350 622
350 682
350 712
350 808
350 835
350 874
351 356
351 357
351 363
351 364
351 396
351 397
351 404
351 417
351 422
351 428
351 432
351 440
351 450
351 469
351 485
351 631
351 710
352 360
352 380
352 405
352 429
352 439
352 440
352 475
352 605
352 867
352 949
353 390
353 410
353 415
353 421
353 430
353 459
353 471
353 575
353 591
353 750
353 754
354 363
354 372
354 396
354 402
354 434
354 437
354 441
354 449
354 455
354 459
354 470
354 474
354 759
354 809
354 858
354 952
355 359
355 361
355 363
355 367
355 376
355 378
355 390
355 441
355 447
355 448
355 455
355 456
355 459
355 463
355 467
355 550
355 622
355 710
355 721
355 783
356 372
356 396
356 412
356 424
356 425
356 431
356 434
356 473
356 484
356 676
356 689
356 811
357 363
357 370
357 378
357 379
357 391
357 394
357 408
357 416
357 425
357 431
357 433
357 439
357 449
357 455
357 463
357 464
357 614
357 636
357 928
358 363
358 368
358 373
358 377
358 404
358 412
358 413
358 424
358 440
358 445
358 446
358 452
358 457
358 582
358 687
358 1008
359 371
359 391
359 395
359 399
359 406
359 413
359 419
359 436
359 442
359 465
359 471
359 523
359 554
359 674
359 789
360 362
360 382
360 405
360 413
360 424
360 428
360 434
360 441
360 457
360 467
360 469
360 470
360 476
360 484
360 538
360 577
360 608
360 667
360 804
361 363
361 404
361 413
361 414
361 445
361 448
361 457
361 459
361 469
361 470
361 471
361 479
361 578
361 641
361 657
361 719
361 739
361 747
362 366
362 377
362 399
362 406
362 425
362 443
362 448
362 453
362 478
362 479
362 483
362 485
362 547
362 552
362 685
362 692
362 734
362 767
362 791
362 935
363 377
363 395
363 400
363 419
363 429
363 448
363 453
363 466
363 481
363 563
363 963
364 368
364 375
364 378
364 380
364 393
364 396
364 402
364 410
364 412
364 419
364 432
364 438
364 444
364 829
365 369
365 371
365 377
365 387
365 404
365 412
365 451
365 459
365 477
365 788
365 809
365 846
365 855
366 374
366 394
366 403
366 419
366 425
366 427
366 432
366 434
366 437
366 468
366 473
366 476
366 477
366 522
366 649
366 652
366 814
366 862
367 376
367 378
367 383
367 385
367 395
367 424
367 427
367 429
367 439
367 443
367 447
367 461
367 464
367 480
367 484
367 569
367 777
367 871
368 371
368 389
368 399
368 418
368 422
368 424
368 434
368 478
368 559
368 738
369 376
369 419
369 429
369 433
369 442
369 456
369 460
369 462
369 464
369 510
369 1000
370 403
370 418
370 434
370 440
370 453
370 460
370 464
370 471
370 472
370 482
370 558
370 603
370 751
370 782
370 808
371 383
371 386
371 388
371 396
371 403
371 408
371 437
371 446
371 453
371 454
371 484
371 544
371 767
371 781
372 374
372 387
372 390
372 391
372 393
372 409
372 426
372 454
372 458
372 460
372 461
372 464
372 466
372 469
372 482
372 483
372 550
372 712
372 744
372 780
372 786
372 880
373 375
373 382
373 385
373 407
373 408
373 409
373 415
373 418
373 419
373 437
373 439
373 445
373 450
373 457
373 478
373 605
373 614
373 666
374 381
374 385
374 386
374 400
374 423
374 433
374 444
374 459
374 474
374 482
374 579
374 581
374 615
374 630
374 737
375 391
375 398
375 432
375 433
375 443
375 448
375 456
375 473
375 620
375 669
375 789
375 798
375 923
376 388
376 419
376 422
376 449
376 450
376 453
376 458
376 461
376 471
376 481
376 483
376 525
376 573
376 688
376 760
377 378
377 396
377 400
377 413
377 421
377 431
377 442
377 448
377 456
377 475
377 485
377 599
377 680
377 768
377 777
377 789
377 1003
378 397
378 436
378 465
378 564
378 710
378 730
378 812
379 387
379 400
379 415
379 417
379 472
379 605
379 622
379 625
379 649
379 788
380 399
380 411
380 430
380 446
380 447
380 458
380 465
380 475
380 476
380 484
380 577
380 614
380 756
380 791
381 387
381 402
381 412
381 419
381 439
381 445
381 453
381 460
381 485
381 586
381 596
381 618
381 786
382 386
382 389
382 390
382 403
382 408
382 420
382 422
382 428
382 436
382 445
382 480
382 482
382 603
382 646
382 698
382 855
383 386
383 399
383 406
383 419
383 441
383 443
383 478
383 572
383 711
384 393
384 410
384 416
384 432
384 439
384 461
384 464
384 471
384 476
384 480
384 524
384 776
385 391
385 402
385 417
385 421
385 427
385 428
385 429
385 434
385 435
385 440
385 454
385 475
385 478
385 523
385 509
385 670
386 391
386 401
386 412
386 414
386 427
386 428
386 442
386 447
386 453
386 479
386 555
386 562
386 831
386 886
387 391
387 395
387 427
387 433
387 440
387 481
387 483
387 629
387 640
387 682
387 771
387 803
388 390
388 395
388 421
388 424
388 427
388 431
388 436
388 446
388 466
388 467
388 471
388 648
388 757
389 415
389 416
389 417
389 426
389 428
389 434
389 447
389 453
389 468
389 478
389 479
389 561
389 679
389 729
389 787
390 402
390 405
390 432
390 440
390 462
390 468
390 479
390 526
390 539
390 647
390 673
391 394
391 424
391 425
391 429
391 437
391 479
391 480
391 484
391 770
392 407
392 414
392 445
392 447
392 449
392 453
392 473
392 539
392 584
392 640
392 686
393 403
393 411
393 428
393 439
393 442
393 449
393 468
393 469
393 470
393 512
393 618
393 708
393 743
393 835
393 862
394 395
394 413
394 419
394 432
394 437
394 444
394 453
394 485
394 504
394 638
394 705
394 715
394 762
394 863
394 927
394 945
395 407
395 425
395 433
395 444
395 448
395 449
395 451
395 459
395 469
395 591
395 603
395 788
395 945
395 976
396 404
396 411
396 427
396 442
396 454
396 459
396 462
396 464
396 474
396 475
396 479
396 576
396 592
396 599
396 748
396 804
396 847
397 398
397 405
397 416
397 427
397 429
397 437
397 465
397 477
397 683
397 880
398 406
398 409
398 413
398 428
398 431
398 468
398 480
398 547
398 647
398 799
398 930
399 416
399 419
399 421
399 425
399 426
399 440
399 443
399 453
399 466
399 581
399 663
399 680
399 682
399 736
399 994
400 404
400 411
400 415
400 427
400 429
400 433
400 439
400 460
400 474
400 480
400 484
400 608
400 705
400 726
400 766
400 772
400 999
401 403
401 426
401 442
401 570
401 644
401 674
401 675
401 730
401 854
402 428
402 429
402 437
402 456
402 463
402 474
402 475
402 476
402 479
402 552
402 558
402 608
402 636
402 729
402 896
403 436
403 442
403 458
403 461
403 462
403 474
403 585
403 610
403 634
403 648
403 839
403 870
403 880
404 426
404 452
404 576
404 587
404 690
404 801
404 863
405 416
405 430
405 444
405 449
405 455
405 464
405 470
405 479
405 482
405 569
405 612
405 700
406 416
406 458
406 550
406 728
406 737
406 738
406 839
407 410
407 413
407 417
407 425
407 426
407 432
407 435
407 451
407 454
407 460
407 533
407 591
407 626
407 819
407 870
408 420
408 424
408 444
408 455
408 460
408 469
408 475
408 520
408 595
408 684
408 725
408 820
408 855
409 422
409 439
409 440
409 463
409 467
409 471
409 485
409 619
409 667
409 712
409 717
410 419
410 421
410 445
410 455
410 460
410 462
410 466
410 468
410 622
410 662
410 741
410 792
410 949
411 428
411 452
411 453
411 463
411 482
411 485
411 604
411 986
412 459
412 460
412 463
412 475
412 617
412 624
412 685
413 415
413 418
413 430
413 438
413 452
413 468
413 472
413 480
413 618
413 650
413 664
413 687
413 762
413 807
414 415
414 417
414 444
414 461
414 462
414 482
414 586
414 590
414 600
414 669
414 674
414 693
414 783
414 817
414 825
415 416
415 426
415 457
415 480
415 707
415 851
415 917
416 430
416 435
416 438
416 444
416 460
416 485
416 668
416 756
416 871
417 422
417 431
417 433
417 437
417 441
417 454
417 458
417 463
417 472
417 478
417 485
417 755
417 866
417 900
418 421
418 431
418 446
418 447
418 455
418 466
418 471
418 478
418 534
418 611
419 422
419 423
419 445
419 446
419 449
419 466
419 470
419 480
419 485
419 527
419 596
419 741
419 749
419 864
419 872
420 434
420 445
420 448
420 452
420 461
420 480
420 484
420 485
420 553
420 776
420 781
420 846
421 437
421 447
421 449
421 461
421 462
421 466
421 532
421 565
421 599
421 744
421 761
422 451
422 478
422 600
422 791
423 431
423 455
423 468
423 618
423 627
423 862
423 889
423 983
424 447
424 463
424 474
424 485
424 691
424 728
424 743
424 744
424 794
425 428
425 429
425 433
425 437
425 440
425 445
425 641
425 767
425 802
426 432
426 433
426 455
426 481
426 529
426 797
427 430
427 438
427 446
427 450
427 454
427 463
427 466
427 477
427 632
428 436
428 446
428 450
428 472
428 478
428 479
428 784
428 792
429 440
429 441
429 446
429 457
429 461
429 473
429 477
429 627
429 792
430 436
430 443
430 461
430 463
430 466
430 475
430 491
430 591
430 600
430 611
430 666
430 746
431 437
431 443
431 447
431 461
431 462
431 506
431 598
431 697
431 746
431 795
431 815
431 986
432 433
432 434
432 453
432 459
432 842
432 880
432 965
433 451
433 458
433 474
433 484
433 956
434 471
434 482
434 483
434 598
434 618
434 651
434 776
434 858
435 442
435 446
435 448
435 451
435 458
435 470
435 480
435 617
435 620
435 639
435 719
435 780
435 884
436 440
436 457
436 474
436 476
436 479
436 485
436 582
436 655
436 710
436 817
436 880
437 444
437 448
437 458
437 473
437 520
437 525
437 587
437 751
437 769
437 788
438 440
438 453
438 468
438 484
438 548
438 637
438 819
438 831
438 838
438 919
439 449
439 455
439 466
439 467
439 469
439 473
439 512
439 545
439 643
439 695
439 751
439 835
439 869
440 448
440 452
440 465
440 467
440 470
440 705
440 796
440 823
441 446
441 448
441 462
441 466
441 469
441 475
441 476
441 519
441 567
441 743
441 827
441 1004
442 469
442 475
442 481
442 641
442 735
443 447
443 449
443 450
443 483
443 588
443 592
443 607
443 615
444 472
444 480
444 678
444 834
445 454
445 466
445 507
445 688
445 703
445 709
445 725
445 810
445 837
446 461
446 477
446 482
446 484
446 534
446 605
446 878
447 449
447 469
447 474
447 482
447 484
447 628
447 635
447 862
447 1008
448 463
448 608
448 657
448 683
448 817
448 823
448 860
449 453
449 458
449 462
449 470
449 485
449 603
449 754
449 816
449 839
449 972
450 451
450 457
450 462
450 467
450 599
450 643
450 930
450 941
451 452
451 455
451 472
451 480
451 646
451 802
452 461
452 463
452 467
452 472
452 473
452 592
452 863
453 464
453 480
453 630
453 692
453 737
453 845
454 467
454 470
454 475
454 480
454 485
454 588
454 603
454 835
455 457
455 463
455 464
455 466
455 473
455 593
455 597
455 678
455 698
455 767
455 796
455 843
455 880
455 956
456 457
456 460
456 468
456 532
456 708
457 468
457 475
457 478
457 479
457 574
457 588
457 700
457 799
458 459
458 479
458 679
458 694
458 827
459 476
459 517
459 587
459 603
459 607
459 610
459 808
460 476
460 480
460 485
460 784
460 874
461 474
461 482
462 466
462 469
462 480
462 482
462 524
462 729
462 846
462 855
463 588
464 609
464 621
464 715
464 729
464 825
464 878
465 471
465 478
465 484
465 586
465 592
465 676
465 680
465 846
465 894
466 482
466 484
466 542
466 564
466 620
466 727
466 749
466 806
467 477
467 481
467 767
467 806
467 834
467 989
467 1007
468 475
468 477
468 483
468 585
468 622
468 801
468 826
468 834
469 609
469 648
469 668
469 730
469 854
470 526
470 641
470 792
470 819
472 482
472 561
472 568
472 586
472 674
472 690
472 697
472 723
472 768
472 852
473 479
473 484
473 523
473 581
473 744
473 863
474 508
474 783
474 864
474 1005
475 586
475 593
475 594
476 482
476 749
476 811
477 638
477 692
477 784
478 482
478 483
478 543
478 547
478 563
478 579
478 628
478 703
478 948
479 485
479 513
479 608
479 973
480 481
480 519
480 791
480 819
481 572
481 674
481 768
481 772
482 485
483 523
483 571
483 643
483 655
483 851
484 543
484 570
484 727
484 796
485 548
485 671
485 786
485 827
485 861
486 487
486 493
486 495
486 500
486 512
486 525
486 528
486 538
486 539
486 542
486 623
486 624
486 659
486 691
486 695
486 706
486 773
486 808
486 870
486 872
486 889
486 894
486 938
486 1008
487 488
487 490
487 491
487 494
487 499
487 513
487 532
487 540
487 541
487 546
487 508
487 580
487 607
487 620
487 634
487 659
487 706
487 725
487 756
487 768
487 833
487 842
487 848
487 876
487 909
487 934
487 936
487 950
488 489
488 502
488 521
488 524
488 527
488 553
488 507
488 592
488 655
488 749
488 766
488 785
488 797
488 840
488 842
488 853
488 867
488 875
488 880
488 883
488 889
488 962
488 964
488 971
489 492
489 498
489 501
489 515
489 516
489 521
489 525
489 529
489 531
489 536
489 539
489 505
489 568
489 655
489 660
489 715
489 865
489 870
489 873
489 878
489 879
489 882
489 884
489 885
489 889
489 933
489 993
490 494
490 500
490 531
490 537
490 601
490 603
490 616
490 667
490 682
490 718
490 763
490 774
490 876
490 880
490 882
490 886
490 887
490 888
490 996
491 502
491 519
491 523
491 530
491 546
491 548
491 503
491 509
491 574
491 648
491 691
491 700
491 749
491 864
491 867
491 873
491 885
491 923
491 1006
492 526
492 530
492 539
492 548
492 509
492 574
492 586
492 649
492 664
492 699
492 758
492 789
492 825
492 837
492 865
492 867
492 871
492 873
492 879
492 883
492 884
492 899
492 982
493 494
493 499
493 514
493 516
493 529
493 533
493 536
493 544
493 547
493 510
493 660
493 686
493 695
493 742
493 804
493 832
493 871
493 874
493 876
493 877
493 882
493 885
493 887
493 888
493 889
494 496
494 519
494 529
494 540
494 545
494 547
494 643
494 713
494 739
494 848
494 871
494 875
494 879
494 888
494 889
495 500
495 528
495 529
495 538
495 542
495 549
495 551
495 694
495 696
495 828
495 873
495 877
495 879
495 880
495 882
495 883
495 886
495 943
495 1004
496 517
496 544
496 603
496 618
496 684
496 695
496 720
496 754
496 758
496 827
496 867
496 874
496 876
496 884
497 498
497 514
497 529
497 533
497 536
497 506
497 564
497 569
497 631
497 664
497 710
497 748
497 823
497 841
497 866
497 881
497 886
498 501
498 502
498 513
498 536
498 563
498 631
498 689
498 764
498 788
498 825
498 862
498 866
498 876
498 878
498 883
499 517
499 519
499 527
499 549
499 553
499 575
499 649
499 657
499 682
499 712
499 733
499 822
499 829
499 849
499 856
499 865
499 875
499 889
499 980
499 995
500 501
500 502
500 543
500 544
500 548
500 600
500 654
500 669
500 707
500 761
500 806
500 825
500 827
500 843
500 848
500 866
500 867
500 875
500 883
500 994
500 1004
501 512
501 524
501 541
501 549
501 553
501 506
501 511
501 555
501 560
501 693
501 785
501 828
501 866
501 867
501 878
501 885
501 1004
502 537
502 543
502 508
502 595
502 651
502 657
502 691
502 699
502 700
502 722
502 752
502 763
502 779
502 794
502 828
502 851
502 872
502 876
502 953
512 519
512 529
512 533
512 538
512 543
512 548
512 551
512 553
512 504
512 645
512 698
512 726
512 733
512 769
512 865
512 994
513 516
513 520
513 528
513 534
513 542
513 548
513 551
513 552
513 553
513 504
513 509
513 566
513 756
513 780
513 803
513 873
513 884
514 518
514 522
514 523
514 533
514 547
514 552
514 504
514 678
514 744
514 763
514 807
514 887
515 520
515 528
515 534
515 503
515 507
515 510
515 588
515 600
515 709
515 743
515 754
516 524
516 526
516 539
516 542
516 545
516 619
516 670
516 730
516 787
516 845
516 873
516 886
516 980
517 521
517 527
517 530
517 532
517 538
517 663
517 690
517 705
517 709
517 721
517 726
517 778
517 795
517 806
517 872
518 525
518 526
518 545
518 550
518 575
518 644
518 675
518 789
518 923
518 957
519 524
519 534
519 535
519 536
519 538
519 543
519 503
519 504
519 505
519 507
519 568
519 615
519 643
519 655
519 713
519 755
519 761
519 767
519 772
519 831
519 865
519 870
519 888
520 525
520 560
520 654
520 755
520 756
520 780
520 814
520 987
521 524
521 539
521 543
521 548
521 511
521 615
521 628
521 669
521 713
521 791
521 866
521 887
521 966
521 995
522 523
522 531
522 536
522 542
522 547
522 552
522 506
522 560
522 656
522 671
522 688
522 830
522 880
522 888
523 532
523 538
523 539
523 541
523 548
523 554
523 511
523 562
523 564
523 617
523 670
523 696
523 796
523 807
523 868
523 886
523 913
524 510
524 572
524 603
524 623
524 647
524 674
524 677
524 751
524 762
524 836
524 860
524 911
525 541
525 550
525 509
525 561
525 635
525 652
525 717
525 731
525 770
525 799
525 860
525 902
525 927
526 532
526 534
526 786
526 814
526 879
526 978
527 537
527 539
527 507
527 662
527 665
527 692
527 762
527 835
527 857
527 885
527 887
527 934
527 990
527 1000
528 529
528 531
528 535
528 536
528 544
528 550
528 505
528 506
528 508
528 560
528 567
528 607
528 608
528 642
528 752
528 760
528 780
528 787
528 796
528 822
528 836
528 862
528 873
528 888
528 925
528 926
529 532
529 535
529 544
529 549
529 554
529 503
529 580
529 673
529 686
529 696
529 864
529 883
530 531
530 539
530 543
530 551
530 509
530 555
530 572
530 597
530 672
530 740
530 836
530 847
530 856
530 862
530 916
530 927
531 534
531 544
531 551
531 619
531 730
531 855
531 880
531 964
532 539
532 543
532 547
532 511
532 569
532 575
532 644
532 654
532 686
532 704
532 798
532 806
532 833
532 868
532 986
532 1004
533 535
533 537
533 541
533 545
533 750
533 828
533 873
533 892
534 538
534 544
534 503
534 505
534 508
534 622
534 685
534 692
534 796
534 815
534 844
534 853
534 858
534 879
534 949
535 537
535 542
535 547
535 550
535 503
535 504
535 594
535 667
535 714
535 723
535 817
535 882
535 901
536 537
536 542
536 549
536 550
536 509
536 621
536 622
536 690
536 732
536 776
536 794
536 847
536 866
536 868
536 881
536 884
536 919
537 538
537 539
537 541
537 549
537 647
537 727
537 797
537 810
537 836
537 870
537 886
537 947
537 951
538 539
538 543
538 552
538 508
538 509
538 510
538 597
538 742
538 767
538 805
538 851
539 542
539 546
539 551
539 558
539 599
539 640
539 658
539 727
539 764
539 767
539 785
539 803
539 862
539 863
539 885
539 888
539 894
540 548
540 507
540 508
540 615
540 670
540 724
540 733
540 776
540 829
540 892
540 959
540 965
540 971
541 542
541 544
541 607
541 794
541 869
541 875
541 915
542 543
542 553
542 508
542 655
542 792
542 802
542 807
542 866
542 870
542 883
543 545
543 505
543 510
543 598
543 625
543 645
543 674
543 699
543 859
543 867
544 510
544 565
544 588
544 616
544 733
544 736
544 767
544 791
545 546
545 548
545 549
545 506
545 511
545 628
545 629
545 631
545 640
545 647
545 663
545 694
545 854
545 855
545 882
546 547
546 551
546 557
546 587
546 722
546 738
546 740
546 751
546 789
546 867
546 868
547 551
547 695
547 800
547 853
547 866
547 871
548 554
548 509
548 591
548 596
548 612
548 644
548 659
548 778
548 808
548 868
548 917
549 572
549 620
549 628
549 649
549 772
549 802
549 870
549 884
550 505
550 663
550 817
550 880
550 965
551 504
551 632
551 643
551 766
551 771
551 874
551 877
551 880
551 882
551 924
551 968
551 969
552 511
552 602
552 650
552 683
552 736
552 753
552 765
552 937
552 1005
553 556
553 590
553 697
553 717
553 729
553 765
553 771
553 828
553 836
553 853
553 867
553 885
554 600
554 604
554 631
554 672
554 680
554 804
554 810
554 830
554 835
554 882
554 893
554 999
503 573
503 650
503 675
503 701
503 718
503 873
503 875
503 957
504 607
504 643
504 683
504 693
504 711
504 712
504 729
504 878
504 960
504 965
504 985
505 567
505 596
505 619
505 621
505 645
505 657
505 741
505 761
505 763
505 767
505 789
505 803
505 837
505 869
505 878
505 883
506 618
506 714
506 746
506 832
506 872
506 881
506 889
506 985
507 508
507 583
507 606
507 667
507 680
507 699
507 744
507 847
507 872
507 887
507 893
507 907
508 609
508 727
508 777
508 803
509 561
509 603
509 664
509 674
509 710
509 745
509 887
509 975
510 589
510 636
510 652
510 662
510 675
510 686
510 711
510 724
510 759
510 811
510 817
511 565
511 576
511 738
511 746
511 786
511 854
511 863
511 878
511 881
511 883
511 888
555 562
555 565
555 569
555 572
555 592
555 598
555 656
555 669
555 684
555 723
555 764
555 801
555 814
555 823
555 859
556 567
556 589
556 600
556 611
556 642
556 648
556 655
556 670
556 702
556 737
556 742
556 746
556 752
556 754
556 758
556 761
556 768
556 782
556 789
556 806
556 808
556 861
556 946
557 606
557 756
557 762
557 767
557 784
557 787
557 852
557 855
557 863
558 598
558 599
558 612
558 617
558 633
558 645
558 672
558 699
558 729
558 743
558 750
558 754
558 764
558 774
558 777
558 793
558 816
558 818
558 825
558 842
558 850
558 856
559 561
559 590
559 596
559 620
559 630
559 631
559 677
559 731
559 733
559 734
559 743
559 748
559 763
559 778
559 815
559 838
559 864
560 597
560 615
560 655
560 665
560 676
560 701
560 739
560 748
560 755
560 789
560 791
560 804
560 822
560 834
560 858
561 563
561 578
561 590
561 622
561 636
561 663
561 688
561 693
561 797
561 825
561 862
562 588
562 593
562 595
562 612
562 692
562 702
562 714
562 726
562 739
562 740
562 785
562 792
562 820
562 830
562 883
562 903
563 568
563 635
563 641
563 717
563 724
563 734
563 737
563 742
563 760
563 792
563 842
563 850
563 851
563 854
563 954
563 992
564 573
564 594
564 601
564 605
564 612
564 641
564 645
564 662
564 665
564 724
564 781
564 798
564 802
564 813
564 816
564 820
564 841
564 860
565 574
565 590
565 626
565 629
565 649
565 662
565 673
565 709
565 713
565 726
565 728
565 762
565 765
565 786
565 791
565 792
565 797
565 815
565 821
565 824
565 854
566 577
566 597
566 605
566 656
566 696
566 706
566 721
566 742
566 773
566 798
566 810
566 843
566 852
567 590
567 634
567 638
567 647
567 663
567 686
567 687
567 717
567 740
567 744
567 766
567 775
567 812
568 582
568 621
568 630
568 635
568 679
568 685
568 714
568 723
568 730
568 756
568 765
568 778
568 789
568 806
568 807
568 839
568 842
568 850
568 852
568 857
569 571
569 578
569 584
569 602
569 607
569 621
569 637
569 666
569 702
569 721
569 728
569 738
569 767
569 778
569 803
569 811
569 820
569 821
569 822
569 827
569 843
569 855
570 581
570 582
570 608
570 686
570 729
570 734
570 755
570 758
570 818
570 822
570 850
571 616
571 633
571 643
571 672
571 707
571 708
571 717
571 739
571 784
571 808
571 821
571 825
571 827
571 846
571 857
572 599
572 627
572 655
572 692
572 711
572 727
572 742
572 747
572 762
572 763
572 778
572 812
572 824
572 835
572 841
572 848
573 584
573 596
573 601
573 619
573 630
573 654
573 668
573 674
573 683
573 716
573 720
573 726
573 727
573 736
573 744
573 765
573 769
573 806
573 825
573 836
573 848
573 858
574 623
574 625
574 633
574 688
574 691
574 701
574 737
574 753
574 754
574 807
574 809
575 589
575 610
575 648
575 654
575 674
575 709
575 737
575 743
575 772
575 778
575 784
575 810
575 829
575 832
575 860
576 578
576 588
576 602
576 620
576 634
576 638
576 650
576 663
576 690
576 704
576 727
576 734
576 796
576 836
576 862
577 596
577 612
577 613
577 617
577 625
577 652
577 663
577 681
577 695
577 739
577 776
577 804
577 829
577 837
577 863
578 591
578 623
578 624
578 625
578 653
578 680
578 684
578 686
578 697
578 737
578 743
578 752
578 766
578 769
578 775
578 782
578 872
578 949
579 583
579 602
579 609
579 611
579 632
579 636
579 651
579 707
579 713
579 770
579 799
579 818
579 820
579 826
579 844
580 611
580 628
580 639
580 650
580 661
580 704
580 712
580 724
580 731
580 740
580 757
580 764
580 766
580 778
580 779
580 783
580 817
580 824
580 829
580 833
580 846
580 847
580 863
581 652
581 659
581 681
581 692
581 699
581 701
581 708
581 721
581 722
581 723
581 743
581 754
581 778
581 855
582 589
582 593
582 594
582 609
582 626
582 638
582 656
582 658
582 659
582 668
582 708
582 715
582 727
582 759
582 779
582 792
582 793
582 799
582 823
582 829
582 831
582 841
583 594
583 598
583 609
583 645
583 675
583 715
583 721
583 722
583 743
583 757
583 770
583 820
583 824
583 832
583 847
584 594
584 617
584 635
584 654
584 657
584 674
584 709
584 712
584 714
584 718
584 721
584 744
584 772
584 779
584 797
584 817
584 823
584 827
584 832
584 833
584 834
584 837
584 843
585 589
585 635
585 677
585 680
585 686
585 694
585 702
585 703
585 713
585 751
585 759
585 760
585 761
585 784
585 804
585 807
585 821
585 822
585 831
585 835
585 858
585 863
586 600
586 601
586 613
586 619
586 628
586 647
586 651
586 692
586 704
586 758
586 761
586 763
586 780
586 789
586 814
586 827
586 894
587 595
587 650
587 695
587 714
587 723
587 830
587 841
587 851
588 610
588 614
588 634
588 640
588 642
588 681
588 695
588 704
588 708
588 709
588 712
588 741
588 751
588 756
588 764
588 834
588 838
588 845
589 592
589 601
589 616
589 641
589 649
589 658
589 661
589 664
589 675
589 683
589 727
589 741
589 748
589 782
589 808
589 811
589 812
589 818
589 823
589 829
589 854
589 858
590 592
590 600
590 603
590 616
590 679
590 681
590 683
590 704
590 718
590 722
590 739
590 746
590 751
590 768
590 787
590 791
590 796
590 803
590 826
590 846
591 608
591 630
591 658
591 659
591 710
591 721
591 758
591 768
591 782
591 804
591 806
591 817
591 818
591 825
591 839
591 861
591 864
592 593
592 612
592 636
592 644
592 647
592 649
592 650
592 665
592 693
592 696
592 697
592 702
592 705
592 716
592 733
592 773
592 778
592 800
592 836
592 840
593 595
593 606
593 614
593 623
593 639
593 641
593 643
593 669
593 719
593 773
593 777
593 779
593 800
593 801
593 802
593 816
593 882
593 939
594 600
594 606
594 623
594 624
594 629
594 671
594 676
594 684
594 688
594 698
594 705
594 728
594 747
594 757
594 763
594 791
594 793
594 819
594 820
594 833
594 839
595 600
595 605
595 624
595 628
595 656
595 658
595 661
595 673
595 674
595 678
595 754
595 760
595 762
595 809
595 821
595 832
595 860
596 620
596 640
596 654
596 676
596 682
596 688
596 696
596 720
596 724
596 743
596 768
596 779
596 807
596 861
597 632
597 635
597 657
597 679
597 681
597 689
597 705
597 720
597 725
597 761
597 763
597 812
597 842
597 858
598 634
598 635
598 670
598 677
598 740
598 773
598 778
598 798
598 823
598 840
598 855
598 859
599 665
599 684
599 702
599 723
599 756
599 772
599 815
600 615
600 632
600 633
600 644
600 650
600 657
600 659
600 665
600 670
600 691
600 695
600 696
600 704
600 709
600 711
600 738
600 749
600 758
600 811
600 855
600 864
601 620
601 635
601 647
601 665
601 672
601 691
601 702
601 705
601 715
601 727
601 794
601 810
601 817
601 823
601 825
601 838
601 841
602 626
602 635
602 690
602 701
602 706
602 724
602 746
602 751
602 765
602 806
602 835
602 868
603 614
603 617
603 620
603 664
603 668
603 681
603 732
603 737
603 758
603 772
603 778
603 780
603 795
603 839
603 1000
604 609
604 620
604 651
604 654
604 672
604 699
604 705
604 714
604 743
604 785
604 789
604 795
604 802
604 808
604 821
604 841
604 843
605 610
605 635
605 644
605 701
605 702
605 713
605 729
605 735
605 743
605 756
605 763
605 788
605 790
605 808
605 819
605 836
605 845
605 857
606 654
606 657
606 661
606 729
606 767
606 772
606 774
606 796
606 803
606 816
606 820
606 823
606 853
606 860
607 702
607 718
607 780
607 782
607 840
607 849
608 613
608 621
608 647
608 649
608 664
608 667
608 669
608 719
608 753
608 792
608 808
608 835
608 857
609 631
609 651
609 665
609 675
609 692
609 697
609 701
609 748
609 750
609 755
609 756
609 761
609 806
609 809
609 838
610 638
610 647
610 654
610 671
610 678
610 690
610 705
610 707
610 709
610 760
610 761
610 766
610 772
610 774
610 834
610 836
610 862
611 649
611 658
611 681
611 713
611 715
611 732
611 734
611 739
611 769
611 796
611 841
611 857
611 864
612 680
612 683
612 695
612 713
612 716
612 733
612 734
612 739
612 799
612 837
612 845
613 615
613 646
613 647
613 664
613 688
613 701
613 709
613 735
613 745
613 747
613 754
613 757
613 771
613 792
613 796
613 797
613 799
614 615
614 616
614 665
614 694
614 746
614 754
614 784
614 789
614 811
614 816
614 823
614 845
614 848
615 655
615 666
615 673
615 685
615 688
615 721
615 749
615 751
615 759
615 760
615 771
615 832
615 841
616 624
616 634
616 654
616 684
616 713
616 724
616 731
616 741
616 744
616 751
616 755
616 771
616 854
616 858
617 631
617 652
617 687
617 771
617 829
617 834
617 836
618 624
618 631
618 640
618 645
618 646
618 649
618 657
618 709
618 714
618 716
618 760
618 769
618 807
618 856
618 866
619 664
619 688
619 737
619 740
619 757
619 785
619 801
619 848
619 851
620 628
620 633
620 664
620 685
620 696
620 725
620 743
620 748
620 751
620 757
620 758
620 763
620 773
620 826
620 827
620 859
620 863
621 629
621 680
621 689
621 708
621 717
621 722
621 724
621 733
621 741
621 755
621 781
621 782
621 786
621 789
621 793
621 796
621 807
621 826
621 937
622 629
622 645
622 656
622 664
622 704
622 711
622 740
622 753
622 758
622 779
622 786
622 788
622 791
622 814
622 817
622 825
622 852
622 995
623 682
623 691
623 695
623 700
623 742
623 764
623 797
623 812
623 815
623 856
623 857
623 858
624 649
624 651
624 666
624 678
624 691
624 731
624 738
624 763
624 780
624 792
624 803
624 820
624 839
624 840
624 841
624 848
624 927
625 630
625 641
625 677
625 680
625 725
625 735
625 743
625 751
625 760
625 781
625 785
625 822
625 835
625 838
625 850
625 851
625 853
626 635
626 642
626 646
626 687
626 703
626 706
626 709
626 716
626 732
626 735
626 745
626 759
626 782
626 817
626 825
626 852
626 887
627 630
627 641
627 660
627 663
627 690
627 708
627 762
627 774
627 788
627 794
627 803
627 809
627 834
627 854
627 856
627 859
628 659
628 676
628 705
628 720
628 726
628 789
628 803
628 809
628 812
628 841
628 857
628 863
628 884
629 657
629 658
629 707
629 735
629 740
629 742
629 780
629 797
629 801
629 807
629 852
629 868
630 659
630 661
630 665
630 720
630 730
630 750
630 755
630 768
630 773
630 786
630 797
630 813
630 819
630 821
630 835
630 842
630 847
630 865
631 645
631 720
631 744
631 747
631 780
631 790
631 813
631 838
631 844
631 851
631 853
632 669
632 672
632 691
632 700
632 708
632 718
632 736
632 739
632 749
632 768
632 771
632 782
632 829
632 860
633 640
633 661
633 662
633 668
633 707
633 709
633 740
633 741
633 759
633 770
633 864
634 637
634 682
634 744
634 769
634 774
634 779
634 799
634 833
634 847
635 671
635 718
635 742
635 745
635 802
635 807
635 822
635 850
636 641
636 706
636 710
636 718
636 726
636 732
636 752
636 764
636 790
636 800
636 844
636 855
637 638
637 658
637 660
637 676
637 716
637 733
637 763
637 770
637 794
637 812
637 822
637 829
637 857
638 646
638 680
638 684
638 686
638 768
638 772
638 786
638 822
638 824
638 838
639 662
639 701
639 702
639 780
639 785
639 837
639 861
639 871
640 707
640 711
640 714
640 764
640 778
640 808
640 812
640 819
640 833
641 697
641 701
641 712
641 715
641 721
641 726
641 743
641 754
641 781
641 784
641 792
641 802
641 803
641 818
641 828
641 854
641 855
642 698
642 702
642 719
642 723
642 760
642 764
642 766
642 780
642 790
642 811
642 850
642 855
642 860
642 861
643 652
643 653
643 695
643 701
643 702
643 745
643 756
643 771
643 787
643 790
643 794
643 798
643 835
643 855
643 984
644 650
644 655
644 659
644 660
644 664
644 676
644 694
644 704
644 754
644 759
644 799
644 803
644 819
644 829
644 834
644 842
644 864
645 681
645 709
645 711
645 718
645 741
645 751
645 769
645 777
645 778
645 781
645 803
645 817
645 824
646 701
646 708
646 723
646 733
646 764
646 807
646 855
647 653
647 678
647 690
647 714
647 730
647 734
647 778
647 789
647 828
647 829
647 837
648 661
648 695
648 700
648 712
648 727
648 741
648 743
648 804
648 839
648 852
648 857
648 888
649 655
649 673
649 676
649 680
649 699
649 718
649 721
649 739
649 763
649 776
649 788
649 804
649 812
649 821
649 824
649 838
650 654
650 663
650 688
650 694
650 712
650 749
650 764
650 775
650 807
650 814
650 828
650 851
650 856
650 860
650 861
651 667
651 679
651 688
651 692
651 776
651 782
651 783
651 789
651 828
651 864
652 669
652 693
652 720
652 733
652 760
652 786
652 788
652 811
652 845
653 657
653 659
653 664
653 694
653 709
653 710
653 715
653 724
653 726
653 746
653 752
653 760
653 801
653 843
653 864
654 682
654 687
654 704
654 729
654 736
654 737
654 743
654 752
654 757
654 779
654 783
654 801
654 808
654 814
654 824
654 845
654 853
654 861
655 658
655 659
655 669
655 683
655 684
655 717
655 723
655 735
655 756
655 770
655 774
655 775
655 814
655 830
655 831
656 684
656 709
656 725
656 732
656 741
656 745
656 771
656 789
656 791
656 812
656 813
656 863
657 676
657 687
657 689
657 714
657 735
657 737
657 754
657 761
657 778
657 794
657 832
657 853
657 908
658 673
658 730
658 745
658 752
658 783
658 808
658 858
658 870
658 890
659 697
659 753
659 799
659 800
659 862
659 991
660 693
660 703
660 720
660 733
660 739
660 757
660 758
660 768
660 816
661 669
661 674
661 688
661 716
661 743
661 767
661 800
661 822
661 846
661 864
662 700
662 715
662 722
662 781
662 796
662 809
662 826
662 860
663 678
663 704
663 708
663 716
663 733
663 737
663 749
663 760
663 764
663 832
664 676
664 711
664 736
664 742
664 750
664 774
664 829
664 833
664 858
664 863
665 728
665 768
665 799
665 826
665 844
666 679
666 695
666 696
666 720
666 726
666 758
666 795
666 796
666 802
666 811
666 834
666 844
666 859
666 873
666 913
667 682
667 685
667 686
667 698
667 705
667 770
667 780
667 810
667 830
667 831
668 683
668 695
668 701
668 714
668 750
668 769
668 812
668 821
668 835
668 841
669 687
669 693
669 707
669 746
669 747
669 751
669 753
669 756
669 777
669 780
669 781
669 786
669 817
669 826
669 829
669 832
669 842
669 847
670 679
670 707
670 715
670 728
670 730
670 766
670 781
670 802
670 810
670 858
671 682
671 734
671 739
671 745
671 754
671 786
671 797
671 809
671 845
672 675
672 677
672 709
672 718
672 748
672 759
672 761
672 787
672 805
672 814
672 819
672 827
672 860
672 864
673 699
673 709
673 713
673 772
673 798
673 800
673 812
673 818
674 687
674 693
674 698
674 706
674 729
674 741
674 780
674 809
674 815
674 818
674 840
674 854
675 692
675 697
675 701
675 717
675 755
675 766
675 819
675 835
675 836
675 863
676 681
676 707
676 709
676 729
676 730
676 737
676 740
676 742
676 750
676 753
676 754
676 784
676 793
676 805
676 836
676 854
676 858
676 862
676 863
677 678
677 699
677 700
677 710
677 723
677 776
677 784
677 797
677 803
677 818
678 684
678 687
678 691
678 708
678 709
678 746
678 766
678 768
678 781
678 862
679 705
679 717
679 736
679 746
679 747
679 774
679 823
679 827
679 857
680 689
680 694
680 769
680 781
680 793
680 815
680 837
680 841
680 843
680 849
680 856
680 863
681 686
681 708
681 736
681 752
681 760
681 762
681 778
681 843
682 734
682 789
682 809
682 829
682 830
682 832
683 696
683 709
683 788
683 821
683 858
683 863
684 706
684 732
684 744
684 763
684 768
684 772
684 786
684 800
684 802
684 804
684 805
684 816
684 847
685 712
685 722
685 726
685 768
685 769
685 779
685 789
685 807
685 810
685 816
685 830
686 701
686 760
686 767
686 775
686 789
686 800
686 811
686 838
686 846
686 855
687 690
687 700
687 718
687 734
687 761
687 797
687 805
687 814
687 821
687 824
687 829
687 839
688 690
688 697
688 709
688 713
688 730
688 798
688 830
689 701
689 704
689 814
689 834
689 845
689 851
689 861
690 691
690 704
690 724
690 737
690 773
690 778
690 790
690 802
690 839
690 847
690 980
691 702
691 708
691 732
691 758
691 766
691 779
691 827
691 832
691 835
691 836
691 844
692 716
692 729
692 731
692 772
692 783
692 785
692 809
692 855
692 861
692 981
693 705
693 720
693 725
693 734
693 736
693 742
693 753
693 761
693 774
693 782
693 792
693 796
693 806
693 843
693 859
694 709
694 769
694 822
694 829
695 702
695 713
695 715
695 720
695 744
695 780
695 798
695 829
695 860
695 864
696 714
696 730
696 757
696 762
696 764
696 817
696 830
697 700
697 718
697 722
697 788
697 814
697 826
697 828
697 830
697 832
697 837
697 855
698 707
698 710
698 711
698 723
698 733
698 735
698 756
698 785
698 795
699 709
699 730
699 743
699 746
699 755
699 757
699 783
699 785
699 803
699 840
699 847
700 719
700 720
700 729
700 734
700 739
700 745
700 778
700 802
700 824
700 836
700 838
700 845
700 850
700 853
701 712
701 726
701 740
701 744
701 760
701 803
701 808
701 822
701 827
701 835
701 862
702 708
702 724
702 746
702 772
702 775
702 783
702 836
702 846
702 881
703 742
703 744
703 747
703 758
703 783
703 792
703 795
703 818
703 823
703 838
703 842
704 706
704 708
704 736
704 749
704 779
704 802
704 807
704 821
704 828
704 852
705 707
705 722
705 739
705 787
705 789
705 798
705 821
705 822
705 848
705 855
706 712
706 722
706 739
706 746
706 750
706 809
706 833
706 837
706 849
707 710
707 711
707 720
707 725
707 758
707 772
707 775
707 797
707 811
707 813
707 834
707 838
707 844
707 918
708 725
708 733
708 737
708 768
708 781
708 794
708 795
708 796
708 804
708 822
708 828
708 843
708 853
709 714
709 732
709 735
709 741
709 764
709 781
709 783
709 785
709 810
709 824
709 835
709 846
709 861
709 886
710 725
710 740
710 741
710 759
710 801
710 802
710 817
710 824
710 857
710 863
711 725
711 734
711 739
711 762
711 783
711 800
711 806
711 808
711 855
711 859
712 720
712 722
712 725
712 756
712 765
712 772
712 788
712 795
712 810
712 828
712 831
712 845
713 736
713 785
713 844
714 739
714 758
714 760
714 817
714 851
714 854
715 750
715 761
715 799
715 809
715 812
715 820
715 835
715 842
716 725
716 732
716 735
716 751
716 752
716 764
716 805
716 829
716 841
717 731
717 752
717 772
717 780
717 859
717 862
718 727
718 728
718 738
718 755
718 778
718 812
718 823
718 829
718 863
719 720
719 762
719 764
719 772
719 794
719 804
719 807
719 836
719 854
719 879
720 736
720 738
720 762
720 775
720 777
720 796
720 814
720 828
720 849
721 742
721 797
721 800
721 810
721 817
721 830
722 746
722 768
722 793
722 838
722 864
722 865
723 760
723 785
723 802
723 833
724 738
724 754
724 768
724 806
724 814
724 827
724 1008
725 763
725 768
725 780
725 791
725 800
725 810
725 816
725 833
726 755
726 782
726 783
726 797
726 818
726 862
727 752
727 767
727 771
727 776
727 793
727 828
727 830
727 839
727 845
727 939
728 744
728 766
728 775
728 796
728 804
728 806
728 807
728 824
728 840
728 861
729 806
729 826
729 836
729 844
729 846
729 860
729 923
730 733
730 734
730 740
730 762
730 799
730 823
730 853
730 856
731 776
731 781
731 819
731 838
731 841
731 986
732 778
732 781
732 800
732 801
732 810
732 820
733 831
733 833
733 841
734 759
734 810
734 815
734 834
734 854
735 736
735 744
735 754
735 772
735 795
735 808
735 831
735 835
735 948
736 743
736 746
736 747
736 763
736 776
736 782
736 791
736 805
736 813
736 817
736 826
736 853
736 857
737 740
737 749
737 758
737 760
737 770
737 776
737 778
737 789
737 799
737 824
737 831
737 845
737 851
738 796
738 806
738 832
738 879
739 741
739 752
739 793
739 807
739 809
739 812
739 820
739 821
739 827
739 829
739 833
739 842
739 843
739 856
739 879
739 1000
740 799
740 801
740 822
740 845
740 850
740 855
740 996
741 778
741 806
741 812
742 784
742 814
742 829
742 832
742 834
743 759
743 763
743 780
743 843
743 895
743 954
744 747
744 748
744 757
744 780
744 782
744 794
745 746
745 747
745 748
745 762
745 793
745 799
745 864
746 755
746 766
746 783
747 749
747 793
747 798
747 825
747 843
747 850
747 852
748 752
748 828
748 845
748 851
748 856
748 972
749 793
749 794
749 803
749 812
749 824
749 832
749 846
750 753
750 775
750 781
750 807
750 810
750 840
751 757
751 784
751 789
751 822
751 827
751 831
751 839
751 842
751 859
752 801
752 826
752 829
752 858
752 860
752 972
753 763
753 774
753 777
753 792
753 805
753 831
754 774
754 803
754 809
754 811
754 837
755 770
755 771
755 851
755 860
755 863
756 758
756 759
756 785
756 804
756 813
756 818
756 827
756 855
757 774
757 775
757 776
757 785
757 788
757 790
757 816
757 828
758 770
758 786
758 792
758 806
758 809
758 832
758 834
758 868
759 772
759 777
759 805
759 820
759 832
759 847
760 761
760 776
760 828
760 860
760 877
761 817
761 821
761 851
762 796
762 809
762 816
762 827
762 961
763 791
763 799
763 851
764 785
764 788
764 829
764 843
764 858
765 779
765 785
765 800
765 829
765 832
765 837
765 857
765 859
765 915
765 984
766 767
766 770
766 776
766 790
766 810
766 827
766 849
766 856
767 772
767 774
767 781
767 783
767 814
767 826
767 828
767 838
767 845
768 792
768 870
769 778
769 826
769 861
769 941
770 771
770 776
770 831
770 834
770 849
771 798
771 825
771 830
771 842
771 845
771 854
771 868
772 777
772 796
772 808
772 817
772 825
772 830
772 833
773 801
773 831
773 836
773 841
773 847
773 848
774 787
774 853
774 859
775 791
775 813
776 806
776 807
776 854
776 864
776 946
777 778
777 787
777 799
777 802
777 811
777 813
777 854
778 849
778 857
779 781
779 782
779 807
779 851
779 854
780 824
780 831
780 833
780 850
780 856
780 878
781 783
781 816
781 842
782 818
782 823
782 824
782 826
782 852
782 858
782 859
783 840
783 843
783 849
784 797
784 805
784 809
784 817
784 828
784 836
784 838
784 842
784 939
784 998
785 819
785 845
785 864
786 790
786 798
786 849
786 855
787 789
787 792
787 806
787 816
787 817
787 828
787 833
787 854
787 856
788 800
788 854
789 808
789 811
789 844
790 803
790 807
790 842
790 860
791 797
791 808
791 821
792 828
792 831
792 832
792 862
793 817
793 821
793 859
793 860
793 872
794 809
794 835
794 855
794 947
795 797
795 803
795 813
795 843
796 805
796 808
797 831
798 801
798 815
798 824
798 828
798 853
798 905
799 830
800 814
800 824
800 850
801 824
801 828
801 853
802 808
802 819
802 840
802 841
802 852
802 862
803 804
803 822
803 837
803 838
805 831
805 846
805 853
806 815
806 826
806 830
807 816
807 820
807 825
808 816
808 817
808 830
808 841
809 833
809 843
809 846
810 820
810 851
810 864
811 822
811 829
811 830
811 834
811 852
811 859
811 966
811 1000
812 814
813 852
813 858
814 818
814 833
814 859
815 818
815 827
815 829
815 830
816 817
816 827
816 834
818 820
818 837
818 840
818 841
818 868
819 855
819 860
820 837
820 854
820 860
821 836
821 849
821 857
822 834
822 841
822 854
822 965
823 862
824 864
824 875
824 920
825 838
825 843
825 844
825 845
825 848
826 835
826 837
826 846
826 850
826 858
826 890
827 850
827 866
828 857
828 861
828 1006
829 838
829 839
829 846
829 862
830 854
830 864
831 857
832 858
833 859
833 883
834 843
835 843
835 853
835 855
836 844
837 855
837 864
838 848
839 860
839 899
841 844
841 846
841 862
842 858
844 848
844 859
844 918
845 851
845 852
846 863
848 858
848 925
849 851
849 864
850 970
851 854
852 861
853 859
854 906
855 865
860 861
862 863
862 941
865 866
865 867
865 868
865 870
865 872
865 874
865 876
865 881
865 884
865 941
865 960
866 867
866 873
866 875
866 877
866 880
866 881
866 885
866 887
866 888
866 889
866 948
866 988
867 868
867 869
867 873
867 879
867 882
867 889
867 897
867 970
867 978
868 869
868 871
868 874
868 877
868 879
868 880
868 882
868 883
868 884
868 888
868 889
868 895
868 982
869 870
869 873
869 876
869 882
869 886
869 889
869 901
869 907
869 972
870 871
870 873
870 875
870 883
870 885
870 970
870 995
871 876
871 879
871 882
871 923
871 930
871 975
872 877
872 879
872 882
872 883
872 884
872 886
872 887
872 888
872 914
872 1005
873 877
873 880
873 881
873 884
873 886
873 888
873 925
873 940
873 972
873 988
874 876
874 881
874 885
874 888
875 876
875 878
875 879
875 883
875 884
875 926
875 989
876 877
876 883
876 885
876 901
876 948
876 965
876 981
877 878
877 879
877 880
877 885
877 888
877 1007
878 881
878 883
878 884
878 885
878 888
878 889
878 975
878 992
879 880
879 881
879 883
879 885
879 887
879 900
879 947
879 967
879 992
880 881
880 884
880 939
881 888
881 959
882 883
882 885
882 887
882 945
883 886
883 888
883 894
884 887
884 889
884 931
884 944
885 889
885 903
885 945
886 887
886 888
886 891
887 997
889 891
889 938
889 981
889 1002
890 903
890 940
890 948
890 968
890 970
890 994
890 1008
891 906
891 912
891 920
891 983
892 894
892 933
892 938
892 959
892 961
892 982
893 906
893 915
893 917
893 925
893 928
893 947
893 953
893 972
893 988
893 1001
894 929
894 940
894 942
894 956
894 961
894 962
894 973
894 989
894 994
894 1002
895 904
895 944
895 957
895 965
895 978
895 982
895 983
896 907
896 911
896 918
896 926
896 927
896 946
896 952
896 959
897 899
897 908
897 919
897 920
897 967
897 973
897 974
897 977
897 1001
898 901
898 912
898 919
898 928
898 938
898 968
898 983
898 992
899 905
899 912
899 916
899 918
899 937
899 951
899 995
900 931
900 935
900 942
901 914
901 940
901 979
901 992
901 1004
902 909
902 924
902 931
902 947
902 956
902 963
902 973
902 975
902 1008
903 921
903 977
903 980
903 985
903 1003
904 954
904 960
904 966
904 967
904 970
904 981
904 987
904 988
904 993
905 934
905 941
905 942
905 955
905 969
905 986
905 1001
905 1007
905 1008
906 927
906 932
906 986
906 988
906 1005
907 924
907 933
907 958
907 990
907 997
908 917
908 920
908 928
908 931
908 934
908 944
908 978
908 987
908 1006
909 910
909 928
909 932
909 938
909 968
909 978
910 959
910 972
910 979
910 993
910 1004
911 932
911 963
911 983
911 995
911 1007
912 920
912 929
912 960
912 964
912 965
912 985
912 986
912 988
912 991
913 915
913 920
913 921
913 952
913 958
913 966
913 974
913 993
914 929
914 935
914 957
914 962
914 970
914 1001
915 925
915 988
915 992
916 922
916 938
916 949
916 950
916 967
916 973
916 974
916 982
916 987
916 993
916 998
917 935
917 940
917 954
917 964
917 969
917 974
917 987
918 978
918 998
919 928
919 992
919 1001
920 929
920 939
920 949
920 953
920 970
920 986
920 991
921 925
921 934
921 944
921 960
921 984
922 926
922 941
922 944
922 954
922 959
922 971
922 973
923 935
923 936
923 956
923 960
923 970
923 973
923 989
923 1003
923 1004
924 925
924 926
924 941
924 945
924 956
924 983
924 990
925 929
925 960
925 969
925 970
925 973
925 978
925 1001
925 1002
926 943
926 974
926 975
927 961
927 972
927 994
927 1007
928 932
928 952
928 982
928 1000
928 1008
929 937
929 954
929 965
929 983
929 989
929 993
929 999
930 941
930 948
930 953
930 962
930 969
930 972
930 1008
931 969
931 973
931 999
931 1002
931 1003
932 961
932 992
932 994
933 960
933 984
933 997
934 935
934 954
934 961
934 962
934 968
934 979
934 982
934 994
934 998
934 1004
935 955
935 962
935 966
935 982
935 994
935 1007
936 961
936 981
936 983
937 948
937 951
937 975
937 1001
937 1004
938 964
938 979
938 991
938 995
939 957
939 973
939 974
939 987
940 945
940 950
940 970
940 972
940 983
941 956
941 988
941 1005
942 946
942 948
942 953
942 982
943 959
943 960
943 963
943 998
944 949
944 959
944 985
944 991
945 972
945 979
945 990
946 963
946 998
947 961
948 955
948 957
948 969
948 970
948 982
948 993
949 961
949 966
949 972
949 977
949 980
949 1008
950 967
950 1006
951 955
951 957
951 972
951 982
951 1006
952 961
952 966
952 977
952 983
952 986
953 961
953 979
953 980
953 982
953 989
953 991
953 998
953 1001
953 1006
954 955
954 967
954 983
954 1007
955 961
955 966
955 979
956 972
956 1004
957 966
957 973
957 978
957 1000
958 960
958 972
958 992
958 997
959 962
959 984
959 997
959 1002
960 969
961 1006
961 1008
962 983
962 991
962 995
963 986
963 991
963 994
963 1001
964 975
964 988
965 966
965 1000
965 1001
966 984
966 993
967 977
968 1002
968 1005
969 973
969 989
969 997
970 988
971 975
971 983
971 986
972 983
972 987
972 993
973 998
974 976
974 987
975 978
975 996
976 989
977 987
977 994
977 995
977 1000
979 990
981 1003
982 1006
983 992
984 996
985 986
985 1005
986 990
986 997
987 997
987 998
988 1005
990 1004
992 1006
993 1001
994 997
997 999
997 1006
1000 1004
1004 1005
1005 1006
1006 1008