0 36
0 41
0 113
0 118
0 125
0 126
0 133
0 142
0 170
0 173
0 214
0 299
0 311
0 513
0 497
0 678
1 10
1 23
1 49
1 72
1 73
1 79
1 90
1 97
1 106
1 134
1 157
1 180
1 237
1 619
1 677
2 8
2 19
2 21
2 22
2 50
2 66
2 77
2 80
2 114
2 138
2 141
2 148
2 150
2 160
2 162
2 224
2 267
2 479
2 480
2 560
3 15
3 17
3 56
3 59
3 75
3 86
3 126
3 129
3 136
3 137
3 167
3 211
3 214
3 225
3 431
3 475
3 582
3 603
3 683
4 20
4 22
4 38
4 39
4 52
4 57
4 72
4 122
4 146
4 162
4 176
4 178
4 438
4 451
4 636
4 638
5 6
5 28
5 32
5 42
5 58
5 60
5 83
5 85
5 109
5 119
5 121
5 168
5 488
5 492
5 605
6 27
6 28
6 36
6 42
6 45
6 48
6 52
6 71
6 73
6 93
6 96
6 123
6 125
6 146
6 156
6 162
6 173
6 177
6 182
6 516
6 557
7 21
7 32
7 34
7 38
7 41
7 48
7 72
7 76
7 82
7 84
7 161
7 176
7 424
7 455
7 456
7 486
7 647
8 31
8 70
8 81
8 145
8 153
8 155
8 162
8 506
9 42
9 44
9 64
9 96
9 127
9 134
9 144
9 152
9 175
9 292
9 444
9 671
10 15
10 28
10 70
10 89
10 98
10 123
10 142
10 170
10 658
11 19
11 30
11 82
11 90
11 92
11 106
11 123
11 170
11 171
11 196
11 311
11 591
11 617
12 18
12 21
12 43
12 45
12 48
12 95
12 108
12 116
12 126
12 231
12 526
12 500
12 533
12 571
12 701
13 16
13 55
13 85
13 97
13 101
13 104
13 147
13 253
13 349
13 431
13 546
14 18
14 27
14 47
14 64
14 89
14 107
14 131
14 161
14 170
14 438
14 447
14 551
14 660
15 18
15 23
15 58
15 91
15 120
15 125
15 134
15 139
15 150
15 154
15 163
15 193
15 521
15 476
15 481
15 501
15 552
16 30
16 44
16 55
16 64
16 78
16 83
16 84
16 112
16 132
16 164
16 172
16 177
16 615
17 35
17 54
17 66
17 82
17 99
17 112
17 124
17 155
17 158
17 240
17 432
17 478
17 560
17 581
18 136
18 150
18 153
18 155
18 174
18 268
18 448
18 483
18 489
18 496
18 594
18 609
19 70
19 120
19 135
19 147
19 332
19 523
19 644
19 688
20 22
20 50
20 74
20 75
20 92
20 105
20 114
20 115
20 142
20 175
20 193
20 197
20 254
21 28
21 57
21 59
21 100
21 134
21 150
21 177
22 26
22 29
22 32
22 44
22 50
22 70
22 75
22 82
22 122
22 188
22 189
22 230
22 285
22 323
22 428
22 457
22 497
22 555
22 590
22 628
23 27
23 32
23 48
23 57
23 63
23 68
23 84
23 92
23 100
23 150
23 179
23 205
23 432
23 450
23 588
23 602
23 687
24 25
24 33
24 41
24 77
24 125
24 128
24 142
24 162
24 176
24 186
24 194
24 316
24 595
24 681
24 698
24 713
25 28
25 78
25 82
25 85
25 86
25 95
25 103
25 108
25 142
25 255
25 311
25 570
25 661
26 42
26 46
26 62
26 71
26 73
26 77
26 108
26 122
26 309
26 310
26 355
26 542
26 657
27 43
27 46
27 57
27 76
27 90
27 121
27 160
27 166
27 170
27 305
27 609
27 696
28 43
28 49
28 77
28 79
28 87
28 173
28 180
28 302
28 512
28 488
28 578
28 628
29 62
29 65
29 77
29 78
29 100
29 114
29 120
29 158
29 162
29 469
29 502
29 568
29 691
30 42
30 68
30 86
30 144
30 170
30 507
30 540
30 616
30 661
30 689
31 58
31 62
31 75
31 91
31 101
31 113
31 125
31 148
31 172
31 174
31 175
31 303
31 589
31 644
31 650
31 683
32 43
32 44
32 50
32 58
32 127
32 131
32 157
32 158
32 161
32 170
32 176
32 202
32 464
32 498
32 533
32 632
32 695
32 697
33 38
33 44
33 54
33 68
33 103
33 145
33 155
33 188
33 476
33 656
34 72
34 78
34 114
34 151
34 227
34 290
34 480
34 630
35 46
35 102
35 121
35 135
35 156
35 159
35 170
35 279
35 619
35 640
35 691
35 722
36 55
36 67
36 71
36 80
36 82
36 95
36 96
36 118
36 120
36 125
36 136
36 165
36 169
36 190
36 301
36 487
36 489
37 70
37 119
37 128
37 130
37 177
37 258
37 274
37 423
37 522
37 530
37 636
37 687
37 712
38 47
38 59
38 60
38 63
38 87
38 101
38 171
38 175
38 216
38 278
38 433
38 642
38 653
39 69
39 72
39 131
39 135
39 163
39 170
39 521
39 572
39 661
39 676
40 51
40 55
40 75
40 78
40 79
40 82
40 98
40 117
40 158
40 160
40 166
40 172
40 175
40 662
41 110
41 158
41 533
42 80
42 82
42 94
42 106
42 144
42 147
42 171
42 521
42 444
42 549
43 120
43 136
43 157
43 166
43 172
43 242
43 273
43 515
43 663
44 53
44 59
44 64
44 86
44 93
44 98
44 126
44 142
44 166
44 189
44 238
44 276
44 299
44 313
44 372
44 460
44 469
44 633
45 64
45 73
45 91
45 124
45 129
45 142
45 175
45 179
45 221
45 279
45 491
45 546
46 50
46 63
46 64
46 68
46 74
46 88
46 98
46 121
46 174
46 178
46 430
46 607
46 654
47 62
47 81
47 91
47 105
47 118
47 128
47 153
47 207
47 462
47 480
47 500
47 621
47 629
47 675
48 75
48 79
48 119
48 120
48 150
48 225
48 227
48 280
48 297
48 306
48 582
48 624
49 74
49 102
49 107
49 122
49 123
49 157
49 170
49 243
49 327
49 645
49 694
50 53
50 83
50 101
50 109
50 136
50 163
50 177
50 183
50 298
50 452
50 580
50 655
50 716
51 101
51 122
51 161
51 203
51 210
51 229
51 478
51 504
51 593
51 624
52 60
52 64
52 70
52 83
52 144
52 172
52 666
53 64
53 75
53 106
53 121
53 126
53 127
53 149
53 171
53 180
53 224
53 479
53 502
53 548
53 551
53 555
53 559
53 591
53 650
54 56
54 67
54 80
54 151
54 185
54 267
54 437
54 623
54 632
55 78
55 103
55 120
55 140
55 141
55 385
55 518
55 434
55 441
55 639
55 677
56 68
56 74
56 153
56 171
56 172
56 226
56 229
56 309
56 556
57 67
57 123
57 138
57 269
57 295
57 518
57 437
57 594
57 635
57 664
57 689
57 707
58 72
58 125
58 128
58 136
58 144
58 147
58 149
58 174
58 179
58 221
58 308
58 606
59 68
59 69
59 99
59 105
59 142
59 158
59 172
59 312
59 467
59 496
59 683
60 80
60 89
60 103
60 140
60 163
60 169
60 221
60 444
60 654
61 78
61 192
61 231
61 424
61 500
61 542
61 573
61 615
62 111
62 118
62 119
62 138
62 159
62 311
62 651
63 77
63 104
63 111
63 118
63 131
63 144
63 171
63 178
63 189
63 202
63 233
63 513
63 537
63 597
64 69
64 80
64 82
64 86
64 87
64 102
64 103
64 113
64 130
64 171
64 210
64 706
65 82
65 112
65 123
65 131
65 152
65 156
65 189
65 242
65 356
65 523
65 538
65 631
66 68
66 101
66 132
66 146
66 229
66 266
66 462
66 636
66 711
67 68
67 69
67 82
67 83
67 100
67 108
67 113
67 115
67 139
67 145
67 155
67 212
67 334
67 473
67 617
68 77
68 84
68 90
68 102
68 113
68 134
68 144
68 148
68 159
68 177
68 178
68 203
68 508
68 591
69 83
69 118
69 124
69 163
69 457
69 550
69 601
70 71
70 73
70 97
70 98
70 107
70 143
70 165
70 169
70 173
70 459
70 503
70 718
71 78
71 82
71 106
71 109
71 117
71 120
71 125
71 129
71 138
71 144
71 170
71 217
71 233
71 303
71 512
71 445
71 536
71 606
71 724
72 91
72 101
72 123
72 156
72 468
72 589
72 598
72 650
73 87
73 107
73 114
73 125
73 135
73 139
73 608
73 633
73 636
74 89
74 93
74 96
74 109
74 157
74 159
74 414
74 521
74 450
74 529
74 537
74 652
75 86
75 98
75 100
75 113
75 124
75 160
75 168
75 175
75 223
75 298
75 462
75 476
75 484
75 633
75 635
76 78
76 88
76 109
76 111
76 112
76 116
76 156
76 164
76 177
76 192
76 254
76 520
76 548
76 555
76 603
76 693
77 106
77 111
77 129
77 215
77 309
77 517
77 577
77 680
78 95
78 99
78 125
78 258
78 302
78 304
78 415
78 521
78 466
78 537
79 90
79 95
79 106
79 191
79 543
80 120
80 152
80 167
80 269
80 277
80 444
80 508
80 706
81 89
81 101
81 169
81 264
81 522
81 468
81 497
82 90
82 91
82 92
82 114
82 149
82 222
82 225
82 279
82 448
82 586
82 649
82 708
83 105
83 143
83 163
83 498
83 602
83 644
83 700
84 102
84 105
84 110
84 119
84 145
84 151
84 164
84 169
84 440
84 484
84 486
84 560
84 626
84 688
84 700
85 89
85 100
85 102
85 108
85 124
85 129
85 131
85 149
85 150
85 181
85 195
85 204
85 440
85 443
85 445
86 90
86 109
86 114
86 122
86 129
86 130
86 239
86 456
86 501
86 612
86 721
87 108
87 118
87 124
87 135
87 159
87 244
87 258
87 259
87 515
87 438
87 499
87 501
87 539
87 552
87 617
87 626
87 638
88 106
88 114
88 120
88 122
88 130
88 148
88 157
88 161
88 166
88 178
88 245
88 536
88 640
88 644
89 146
89 148
89 149
89 155
89 162
89 240
89 252
89 254
89 285
89 463
89 507
89 568
89 598
89 615
89 709
90 104
90 111
90 120
90 155
90 173
90 562
90 618
91 94
91 98
91 138
91 168
91 169
91 208
91 311
91 349
91 574
91 596
91 635
91 706
92 146
92 179
92 206
92 515
92 475
92 700
93 125
93 127
93 137
93 186
93 254
93 607
93 685
93 704
94 103
94 131
94 154
94 203
94 615
94 719
95 110
95 121
95 147
95 155
95 162
95 209
95 254
95 515
95 605
96 114
96 132
96 134
96 136
96 166
96 169
96 493
96 632
97 120
97 162
97 168
97 466
97 472
97 654
98 158
98 163
98 166
98 169
98 220
98 313
98 409
98 425
98 438
98 702
99 114
99 129
99 133
99 147
99 414
99 500
99 508
99 527
99 570
99 593
100 105
100 139
100 152
100 164
100 513
100 457
100 508
100 583
100 623
100 661
101 107
101 144
101 191
101 197
101 217
101 220
101 241
101 288
101 453
101 536
101 560
101 585
101 589
102 109
102 127
102 234
102 514
103 134
103 144
103 150
103 152
103 154
103 175
103 180
103 524
103 463
103 533
103 539
103 595
104 127
104 142
104 169
104 280
104 529
104 621
105 114
105 115
105 149
105 157
105 176
105 519
105 532
105 540
105 631
105 714
106 122
106 123
106 133
106 141
106 173
106 178
106 200
106 446
106 536
106 556
106 686
107 122
107 200
107 298
107 302
107 454
107 486
107 501
107 508
108 114
108 116
108 145
108 151
108 155
108 470
109 125
109 141
109 151
109 153
109 158
109 168
109 184
109 598
109 605
109 642
110 111
110 127
110 149
110 162
110 236
110 607
111 112
111 116
111 135
111 136
111 147
111 152
111 159
111 167
111 198
111 468
111 535
111 660
111 692
112 114
112 143
112 149
112 151
112 155
112 164
112 170
112 176
112 180
112 267
112 416
112 427
112 529
112 595
113 147
113 158
113 227
113 442
113 450
114 128
114 162
114 555
114 681
115 117
115 120
115 135
115 158
115 166
115 173
115 192
115 309
115 420
116 122
116 132
116 157
116 166
116 304
116 428
116 457
116 703
118 123
118 126
118 129
118 136
118 157
118 271
118 280
118 418
118 505
118 583
118 590
118 602
118 664
119 122
119 127
119 132
119 142
119 144
119 147
119 267
119 487
120 135
120 145
120 151
120 152
120 163
120 166
120 167
120 175
120 237
120 242
120 276
120 334
120 346
120 455
120 494
120 546
120 595
120 603
120 625
120 686
120 713
121 149
121 152
121 361
121 605
122 145
122 163
122 512
122 491
122 562
122 612
122 636
122 659
123 140
123 149
123 150
123 157
123 166
123 168
123 171
123 217
123 239
123 437
123 468
123 582
124 148
124 157
124 175
124 249
124 492
124 536
124 657
124 712
125 129
125 162
125 175
125 226
125 238
125 252
125 652
126 130
126 154
126 158
126 174
126 216
126 257
126 258
126 430
126 551
126 699
127 132
127 150
127 160
127 166
127 170
127 206
127 250
127 253
127 264
127 284
127 478
127 701
127 722
128 133
128 135
128 568
128 710
129 130
129 171
129 191
129 304
129 515
129 588
129 644
130 136
130 147
130 150
130 168
130 174
130 177
130 178
130 225
130 452
130 528
130 613
131 148
131 165
131 206
131 292
131 457
131 511
131 641
131 644
131 697
132 301
133 148
133 176
133 433
133 454
133 460
133 474
133 511
134 143
134 172
134 634
134 724
135 139
135 171
135 240
135 278
135 281
135 307
135 515
135 628
136 178
136 196
136 675
137 166
137 210
137 225
137 292
137 585
137 606
137 698
138 488
138 495
138 584
139 452
139 490
139 580
139 614
139 669
140 151
140 152
140 169
140 172
140 286
140 318
140 546
140 715
141 147
141 148
141 157
141 224
141 275
141 439
141 463
141 719
142 148
142 168
142 172
142 301
142 418
142 414
142 435
142 635
143 147
143 160
143 247
143 250
143 447
143 471
143 575
143 662
144 156
144 159
144 238
144 277
144 648
144 710
145 170
145 174
145 214
145 216
145 229
145 464
145 531
145 706
145 720
146 176
146 277
146 446
146 453
146 603
146 670
146 679
147 148
147 149
147 166
147 178
147 247
147 509
147 542
147 600
148 176
148 252
148 266
148 480
149 177
149 207
149 272
149 296
149 306
149 576
150 174
150 218
150 306
150 539
151 220
151 416
151 427
151 546
152 200
152 210
152 239
152 272
152 482
152 496
152 721
153 164
153 172
153 268
153 673
154 163
154 165
154 185
154 254
154 417
155 159
155 260
155 517
155 569
155 575
155 582
155 589
155 632
155 702
156 532
156 552
157 180
157 231
157 248
157 249
157 304
157 379
157 656
157 684
158 178
158 513
158 537
158 572
159 171
159 230
159 254
159 449
159 683
160 164
160 174
160 220
160 448
160 488
161 172
161 295
161 438
161 549
161 628
161 699
162 165
162 175
162 215
162 278
162 305
162 432
162 466
162 475
162 502
162 558
162 586
162 644
162 681
163 280
163 430
163 557
163 561
164 165
164 582
165 191
165 490
165 529
165 615
165 716
166 175
166 179
166 533
166 593
166 644
167 169
167 220
167 232
167 467
167 494
167 511
167 602
168 175
168 199
168 264
168 283
168 480
168 600
169 279
169 497
169 567
169 572
169 699
170 481
170 493
170 565
170 614
171 177
171 437
171 450
171 599
171 654
172 178
172 260
172 448
172 477
172 560
172 566
173 516
173 553
173 580
173 614
173 635
174 494
175 208
175 297
175 444
175 510
175 590
176 198
176 479
176 559
177 215
177 274
177 461
178 187
179 182
179 183
179 185
179 196
179 208
179 247
179 455
179 493
179 511
179 563
179 588
179 638
180 208
180 217
180 250
180 271
180 282
180 286
180 523
180 436
180 679
180 695
181 187
181 206
181 213
181 215
181 218
181 233
181 261
181 262
181 449
181 450
181 469
181 484
181 599
181 626
181 645
181 648
181 699
182 186
182 188
182 229
182 235
182 239
182 280
182 281
182 293
182 296
182 534
182 583
183 195
183 205
183 219
183 242
183 249
183 251
183 289
183 534
183 538
183 608
183 642
184 216
184 233
184 246
184 255
184 307
184 312
184 437
184 532
184 593
185 203
185 215
185 216
185 222
185 241
185 261
185 271
185 272
185 275
185 276
185 287
185 295
185 524
185 551
185 585
185 667
185 681
185 716
185 723
186 211
186 250
186 266
186 271
186 301
186 525
186 455
186 552
186 581
186 592
187 199
187 201
187 243
187 260
187 291
187 292
187 294
187 295
187 614
187 713
188 193
188 237
188 243
188 266
188 277
188 287
188 288
188 304
188 312
188 537
188 649
189 194
189 198
189 199
189 205
189 215
189 218
189 234
189 260
189 261
189 272
189 291
189 294
189 464
189 574
189 575
189 694
189 713
190 213
190 214
190 239
190 253
190 289
190 448
190 630
190 666
191 193
191 212
191 229
191 252
191 257
191 284
191 293
191 307
191 523
191 489
191 568
191 587
191 626
192 208
192 233
192 259
192 260
192 261
192 262
192 265
192 305
192 465
192 489
192 494
192 551
192 570
193 199
193 202
193 203
193 204
193 212
193 239
193 278
193 281
193 290
193 305
193 442
193 607
194 196
194 221
194 241
194 247
194 293
194 294
194 296
194 401
194 460
194 600
194 614
194 725
195 205
195 206
195 215
195 223
195 229
195 276
195 279
195 284
195 295
195 300
195 308
195 309
195 521
195 437
195 536
196 241
196 264
196 295
196 298
196 306
196 309
196 419
196 575
196 669
196 700
197 201
197 207
197 239
197 277
197 281
197 293
197 294
197 296
197 300
197 302
197 471
197 484
197 547
197 569
197 670
198 199
198 226
198 246
198 247
198 253
198 257
198 299
198 532
198 565
198 579
199 210
199 212
199 228
199 231
199 233
199 237
199 247
199 260
199 266
199 295
199 434
199 470
199 491
199 540
199 619
199 693
200 207
200 224
200 233
200 245
200 267
200 273
200 280
200 289
200 301
200 421
200 435
200 478
200 488
200 570
200 651
201 209
201 218
201 225
201 267
201 276
201 301
201 310
201 515
201 519
201 476
201 495
201 539
201 725
202 213
202 216
202 267
202 270
202 274
202 289
202 303
202 304
202 309
202 351
202 487
202 558
202 639
202 652
202 676
203 212
203 235
203 239
203 273
203 278
203 289
203 290
203 305
203 312
203 315
203 434
203 455
203 487
203 540
203 546
203 568
203 604
203 707
203 708
204 222
204 224
204 238
204 247
204 249
204 256
204 275
204 290
204 296
204 524
204 563
204 719
205 223
205 242
205 255
205 279
205 450
205 567
205 570
205 660
206 207
206 234
206 238
206 250
206 276
206 284
206 287
206 288
206 452
206 547
206 614
206 697
207 209
207 215
207 218
207 222
207 235
207 239
207 272
207 286
207 440
207 550
207 611
207 665
208 228
208 245
208 270
208 294
208 297
208 523
208 434
208 549
208 604
208 718
209 211
209 226
209 250
209 268
209 289
209 295
209 312
209 488
209 564
209 602
209 652
209 715
210 211
210 226
210 276
210 283
210 302
210 307
210 312
210 461
210 554
210 565
210 721
211 230
211 246
211 259
211 265
211 269
211 275
211 287
211 302
211 305
211 505
211 671
212 216
212 234
212 243
212 252
212 265
212 270
212 308
212 512
212 461
212 596
212 606
212 721
213 219
213 240
213 271
213 272
213 277
213 278
213 299
213 300
213 310
213 523
213 495
213 498
213 655
213 712
213 722
214 229
214 234
214 236
214 240
214 241
214 252
214 254
214 255
214 267
214 308
214 519
214 575
214 601
214 638
214 645
214 648
214 674
215 249
215 256
215 260
215 291
215 300
215 303
215 439
215 473
215 483
215 533
215 612
215 624
215 682
215 689
216 227
216 249
216 256
216 257
216 263
216 276
216 305
216 306
216 444
216 507
216 527
216 558
216 663
216 711
217 271
217 278
217 300
217 309
217 527
217 636
217 690
217 694
217 719
218 229
218 282
218 289
218 292
218 297
218 300
218 310
218 502
218 565
219 230
219 236
219 266
219 273
219 280
219 290
219 297
219 525
219 592
219 643
219 661
219 684
220 234
220 243
220 296
220 298
220 373
220 583
220 592
221 223
221 231
221 232
221 239
221 244
221 277
221 443
221 486
221 580
221 629
222 232
222 255
222 264
222 271
222 288
222 298
222 555
222 590
222 608
223 234
223 263
223 270
223 303
223 311
223 312
223 490
223 540
224 243
224 273
224 293
224 487
224 655
224 700
225 229
225 248
225 266
225 281
225 284
225 287
225 302
225 514
225 517
225 464
225 480
225 485
225 563
225 629
225 637
225 658
226 241
226 248
226 251
226 257
226 273
226 299
226 415
226 437
226 474
226 489
226 602
226 676
227 260
227 262
227 268
227 492
227 550
227 573
227 655
228 257
228 276
228 291
228 305
228 548
228 574
228 638
228 652
228 670
229 234
229 255
229 270
229 285
229 288
229 302
229 305
229 419
229 414
229 443
229 503
229 529
229 590
229 606
229 612
229 725
230 232
230 236
230 239
230 245
230 260
230 264
230 275
230 287
230 525
230 446
230 453
230 471
230 505
230 616
230 682
230 710
230 715
231 234
231 239
231 243
231 249
231 256
231 257
231 266
231 268
231 269
231 272
231 295
231 299
231 300
231 478
231 583
231 586
231 588
231 619
232 234
232 255
232 269
232 289
232 291
232 302
232 310
232 386
232 465
232 505
232 511
232 541
232 602
232 673
233 253
233 255
233 269
233 312
233 479
233 548
233 561
233 679
234 243
234 244
234 245
234 246
234 251
234 255
234 258
234 263
234 445
234 495
234 501
234 593
234 712
235 255
235 265
235 266
235 267
235 309
235 441
235 454
235 545
235 595
235 596
235 634
235 652
236 476
236 480
236 501
236 544
237 240
237 252
237 258
237 260
237 263
237 265
237 295
237 308
237 312
237 313
237 415
237 459
237 472
237 578
237 684
237 699
238 246
238 253
238 281
238 287
238 291
238 521
238 459
238 696
239 249
239 268
239 283
239 305
239 312
239 427
239 489
239 496
239 570
239 574
239 592
239 600
239 661
240 262
240 281
240 282
240 286
240 291
240 307
240 310
240 480
240 492
240 506
240 594
240 613
240 659
240 698
241 243
241 247
241 279
241 476
241 477
241 607
241 661
241 704
242 243
242 248
242 267
242 290
242 298
242 523
242 436
242 438
242 487
242 721
242 722
243 265
243 277
243 289
243 291
243 470
243 485
243 694
244 250
244 251
244 270
244 287
244 522
244 575
244 582
244 606
244 696
245 252
245 259
245 262
245 270
245 271
245 277
245 284
245 300
245 305
245 306
245 503
245 567
245 612
245 695
245 708
246 249
246 277
246 290
246 312
246 684
247 253
247 269
247 294
247 296
247 310
247 312
247 441
247 448
247 471
247 483
247 528
247 546
247 551
247 565
247 644
247 705
248 265
248 268
248 274
248 277
248 284
248 286
248 299
248 300
248 418
248 523
248 444
248 717
249 250
249 276
249 291
249 296
249 306
249 313
249 429
249 485
249 491
249 503
249 530
249 533
249 573
249 639
249 695
250 255
250 261
250 282
250 290
250 298
250 304
250 481
250 495
250 497
250 499
250 616
251 264
251 268
251 273
251 275
251 288
251 299
251 309
251 311
251 524
251 450
251 467
251 489
251 547
251 585
251 617
251 628
251 669
252 256
252 288
252 308
252 441
252 504
252 581
252 607
252 666
252 696
253 258
253 260
253 271
253 279
253 300
253 311
253 512
253 447
253 471
253 537
253 589
253 594
254 267
254 269
254 278
254 287
254 301
254 313
254 542
254 610
254 613
254 634
254 690
254 697
255 257
255 258
255 260
255 271
255 276
255 459
255 561
255 630
256 273
256 280
256 298
256 309
256 541
256 561
256 611
256 670
256 677
257 261
257 271
257 304
257 305
257 360
257 554
257 563
257 581
257 611
257 623
257 662
257 665
258 274
258 276
258 281
258 464
258 492
258 556
258 635
259 519
259 432
259 449
259 455
259 456
259 490
259 681
259 689
260 301
260 508
260 616
260 630
260 701
260 706
261 268
261 276
261 277
261 288
261 443
261 710
262 279
262 289
262 304
262 517
262 525
262 589
263 275
263 286
263 288
263 294
263 484
263 493
263 510
264 292
264 295
264 306
264 518
264 519
264 520
264 473
264 547
264 708
265 284
265 291
265 421
265 547
265 588
265 664
265 670
266 280
266 285
266 304
266 307
266 487
266 534
266 589
266 618
266 638
266 663
267 272
267 276
267 289
267 310
267 312
267 420
267 455
267 493
267 632
268 309
268 525
268 496
268 643
269 285
269 288
269 307
269 358
269 516
269 529
269 546
269 565
269 608
270 284
270 305
270 484
270 503
270 565
271 280
271 282
271 290
271 295
271 308
271 348
271 517
271 600
271 648
271 693
272 275
272 282
272 283
272 293
272 301
272 302
272 307
272 453
272 478
272 573
272 667
273 298
273 526
273 502
273 538
273 560
273 607
273 670
274 290
274 296
274 427
274 445
274 505
274 556
274 643
274 675
274 703
275 288
275 436
275 472
275 531
275 540
275 603
275 634
275 644
276 284
276 285
276 311
276 597
276 680
276 694
277 282
277 302
277 304
277 306
277 364
277 449
277 544
277 605
277 619
277 624
277 635
277 702
278 279
278 294
278 303
278 308
278 465
278 469
278 477
278 485
278 488
278 506
278 550
278 611
278 652
278 721
279 290
279 302
279 314
279 471
279 678
279 715
279 716
280 308
280 309
280 416
280 430
280 577
280 640
280 698
281 288
281 303
281 465
281 483
281 502
281 544
282 301
282 309
282 311
282 473
282 498
282 596
282 615
283 298
283 309
283 489
283 585
283 707
284 295
284 305
284 308
284 506
284 509
284 590
284 610
285 291
285 304
285 306
285 521
285 523
285 597
285 644
286 300
286 305
286 306
286 311
286 437
286 456
286 457
286 462
286 558
286 712
287 311
287 312
287 512
287 513
287 480
287 536
287 613
287 617
287 638
287 669
288 301
288 305
288 450
288 549
288 604
288 607
288 628
288 682
289 305
289 520
289 491
289 610
289 616
289 625
289 697
289 700
290 299
290 605
290 608
290 623
291 298
291 300
291 309
291 313
291 448
291 464
291 479
291 535
291 573
291 603
291 677
291 706
292 414
292 554
292 711
293 306
293 465
293 503
293 504
293 605
293 654
293 722
294 495
294 499
295 309
295 506
295 556
295 675
296 301
296 306
296 425
296 455
296 461
296 510
296 614
296 664
297 309
297 429
297 625
297 686
297 705
298 300
298 378
298 425
298 434
298 476
298 483
298 497
298 589
298 667
299 307
299 309
299 310
299 477
299 584
299 687
300 539
300 554
300 717
301 488
301 596
301 672
301 700
302 470
302 477
302 679
302 697
303 519
303 584
303 640
304 450
304 471
304 474
304 511
304 704
305 311
305 428
305 443
305 468
305 499
305 542
305 631
305 673
306 435
306 494
306 498
306 528
306 572
306 603
307 390
307 432
307 439
307 482
307 503
307 591
307 616
307 632
307 710
308 455
308 507
308 591
308 595
309 447
309 458
309 572
309 679
310 513
310 461
310 483
310 530
310 546
310 581
310 618
310 706
311 418
311 491
311 637
311 720
312 419
312 446
312 458
312 486
312 507
312 530
312 546
312 563
312 599
313 512
313 439
313 449
313 502
313 630
314 318
314 433
314 435
314 476
314 552
314 556
314 571
314 694
314 701
314 703
314 717
315 318
315 343
315 399
315 401
315 405
315 410
315 521
315 510
315 549
315 551
315 563
315 587
315 615
315 635
316 327
316 354
316 514
316 463
316 487
316 530
316 590
317 370
317 379
317 402
317 437
317 455
317 456
317 468
317 536
317 578
317 586
317 592
317 608
317 713
318 324
318 382
318 398
318 399
318 409
318 421
318 462
318 531
318 539
318 549
318 583
318 626
318 707
319 434
319 483
319 535
319 552
319 565
319 584
319 604
319 618
319 659
319 708
320 351
320 366
320 431
320 609
321 364
321 426
321 444
321 535
321 561
321 572
321 578
321 582
321 712
322 334
322 388
322 420
322 522
322 452
322 611
322 677
322 703
323 375
323 523
323 524
323 498
323 599
323 627
324 340
324 354
324 419
324 423
324 493
324 504
324 510
324 549
324 649
324 684
325 339
325 352
325 367
325 456
325 467
326 374
326 376
326 391
326 421
326 455
326 503
326 540
326 659
326 672
326 692
326 696
326 699
326 709
327 390
327 391
327 394
327 475
327 483
327 486
327 547
327 553
327 562
327 606
327 650
327 725
328 342
328 379
328 521
328 494
328 722
329 342
329 397
329 440
329 559
330 339
330 343
330 363
330 403
330 442
330 475
330 492
330 626
331 403
331 522
331 439
331 447
331 452
331 505
331 539
331 556
331 571
331 710
332 518
332 436
332 443
332 450
332 459
332 466
332 614
332 618
332 670
332 687
332 719
333 345
333 374
333 518
333 524
333 525
333 555
333 647
333 683
334 352
334 368
334 389
334 418
334 451
334 474
334 575
334 609
334 655
335 344
335 365
335 416
335 524
335 492
335 507
335 547
335 626
335 713
335 715
336 340
336 348
336 393
336 448
336 489
336 540
336 553
336 563
336 565
336 611
336 659
337 338
337 344
337 370
337 433
337 434
337 638
337 660
338 363
338 367
338 429
338 523
338 432
338 550
339 395
339 517
339 524
339 435
339 463
339 540
339 601
339 690
340 371
340 384
340 393
340 419
340 517
340 449
340 491
340 537
340 549
340 593
340 627
340 657
340 679
341 351
341 542
341 556
341 609
341 614
341 653
341 671
341 687
341 702
342 389
342 391
342 398
342 411
342 541
342 559
343 361
343 371
343 389
343 435
343 442
343 462
343 550
343 609
343 642
344 362
344 514
344 470
344 484
344 504
344 568
344 590
344 633
344 654
345 381
345 384
345 400
345 405
345 407
345 543
345 725
346 356
346 401
346 575
347 371
347 407
347 525
347 446
347 465
347 468
347 618
348 525
348 451
348 476
348 499
348 530
348 701
349 377
349 401
349 573
349 621
350 352
350 361
350 391
350 411
350 659
350 660
350 678
350 707
351 359
351 372
351 383
351 526
351 450
351 466
351 503
351 684
352 383
352 402
352 419
352 525
352 504
352 686
353 512
353 525
353 476
353 480
353 503
353 504
353 572
354 360
354 423
354 525
354 462
354 473
354 478
354 576
354 604
354 605
354 628
354 668
354 697
355 362
355 366
355 428
355 431
355 488
355 634
355 645
356 400
356 406
356 420
356 447
356 458
356 594
357 378
357 398
357 407
357 514
357 433
357 459
357 610
357 654
357 664
357 709
357 720
358 361
358 409
358 443
358 450
358 498
359 371
359 389
359 408
359 409
359 458
359 531
360 385
360 405
360 411
360 512
360 494
360 499
360 664
360 699
361 377
361 378
361 444
361 461
361 571
361 636
361 689
361 714
362 377
362 445
362 487
362 590
362 606
362 633
362 646
362 674
362 692
362 720
363 376
363 379
363 398
363 399
363 442
363 443
363 446
363 469
363 470
363 487
363 593
363 599
363 632
364 496
364 630
364 653
364 698
365 386
365 406
365 446
365 452
365 499
365 534
365 544
365 593
365 651
365 669
365 705
365 717
366 373
366 455
366 489
366 646
366 654
366 683
367 373
367 441
367 502
367 530
367 552
367 685
367 717
368 387
368 402
368 410
368 443
368 472
368 550
368 570
368 603
368 698
368 723
369 516
369 520
369 439
369 460
369 511
369 636
369 642
369 675
370 398
370 438
370 453
370 456
370 543
370 586
370 606
370 635
370 693
371 381
371 399
371 460
371 475
371 506
371 550
371 555
371 559
371 632
371 682
371 704
372 517
372 448
372 492
372 543
372 561
372 571
372 586
373 377
373 398
373 400
373 403
373 490
373 506
373 573
373 591
373 604
373 637
374 402
374 411
374 462
374 483
374 645
374 713
375 420
375 517
375 568
375 635
375 666
376 380
376 454
376 530
376 543
376 563
376 584
376 640
376 687
376 704
377 380
377 401
377 404
377 433
377 475
377 477
377 565
377 576
377 590
377 616
377 621
377 628
377 665
377 672
377 701
377 707
378 390
378 517
378 452
378 454
378 472
378 479
378 510
378 569
378 594
378 600
378 643
379 399
379 518
379 491
379 504
379 509
379 559
379 610
379 613
380 381
380 392
380 400
380 515
380 501
380 570
380 593
380 598
380 619
380 656
380 664
380 673
381 401
381 409
381 517
381 519
381 454
381 496
381 565
381 617
382 389
382 457
382 458
382 530
382 717
383 396
383 512
383 435
383 459
383 485
383 544
383 583
383 636
383 661
383 676
383 713
384 516
384 445
384 584
384 623
384 703
385 389
385 406
385 440
385 472
385 498
385 595
385 605
385 631
385 663
386 514
386 516
386 476
386 552
386 588
386 675
386 715
387 464
387 508
387 568
387 636
388 436
388 459
388 551
388 701
389 392
389 493
389 603
389 607
389 657
389 724
390 391
390 521
390 506
390 508
390 596
390 672
390 686
391 394
391 421
391 447
391 498
391 502
391 601
391 670
392 440
392 468
392 499
392 510
392 527
392 536
392 557
392 561
392 669
393 423
393 514
393 457
393 552
393 688
394 401
394 434
394 449
394 458
394 474
394 527
394 545
394 548
394 554
395 513
395 448
395 458
395 478
395 586
395 664
395 666
395 724
396 405
396 423
396 493
396 535
396 601
397 427
397 455
397 508
397 509
397 533
397 545
397 565
397 570
397 572
397 585
397 651
397 660
397 664
397 688
397 700
398 546
398 596
398 624
398 644
398 675
398 714
399 402
399 544
399 554
399 625
399 724
400 409
400 440
400 456
400 481
400 487
400 540
400 643
401 437
401 462
401 565
401 577
401 638
401 659
401 681
402 411
402 450
403 519
403 526
403 470
403 545
403 599
403 670
403 701
404 410
404 414
404 434
404 595
405 522
405 463
405 545
405 560
405 587
405 640
405 724
406 523
406 524
406 465
406 503
406 551
406 589
406 592
406 604
406 626
406 659
407 412
407 514
407 490
407 502
407 558
407 642
407 678
407 701
407 711
407 723
408 492
408 496
408 599
409 568
409 658
409 696
410 413
410 429
410 431
410 447
410 486
410 503
410 544
410 555
410 589
411 524
411 442
411 637
411 676
411 685
411 689
412 475
412 530
412 617
412 654
413 443
413 573
413 575
413 596
413 613
416 417
416 418
416 419
416 425
416 523
416 525
416 444
416 453
416 475
416 476
416 495
416 498
416 500
416 529
416 534
416 586
416 638
416 645
416 686
416 692
416 716
416 719
417 418
417 419
417 420
417 423
417 426
417 428
417 431
417 415
417 512
417 515
417 517
417 522
417 458
417 484
417 502
417 507
417 529
417 539
417 582
417 590
417 610
417 665
417 690
417 717
418 420
418 421
418 422
418 424
418 426
418 427
418 517
418 526
418 438
418 449
418 472
418 473
418 477
418 478
418 488
418 508
418 533
418 559
418 571
418 586
418 593
418 647
418 659
418 670
418 707
419 424
419 414
419 518
419 524
419 525
419 486
419 488
419 504
419 511
419 548
419 549
419 552
419 561
419 566
419 577
419 621
419 643
419 645
419 656
419 667
419 708
420 422
420 423
420 424
420 425
420 426
420 428
420 414
420 415
420 513
420 435
420 443
420 449
420 451
420 457
420 491
420 501
420 545
420 547
420 592
420 615
420 630
420 642
420 643
420 676
420 678
420 705
421 422
421 423
421 430
421 432
421 476
421 477
421 500
421 532
421 534
421 536
421 541
421 549
421 552
421 553
421 556
421 567
421 571
421 602
421 617
421 621
421 628
421 636
421 650
421 655
421 659
421 673
421 697
421 707
422 423
422 426
422 427
422 430
422 514
422 519
422 521
422 524
422 488
422 492
422 505
422 542
422 546
422 553
422 560
422 565
422 567
422 575
422 585
422 587
422 588
422 668
422 675
422 682
422 684
422 694
423 426
423 427
423 428
423 429
423 414
423 415
423 450
423 462
423 486
423 529
423 531
423 538
423 542
423 543
423 550
423 555
423 559
423 574
423 590
423 606
423 612
423 638
423 644
423 647
423 675
423 697
423 699
424 426
424 428
424 431
424 415
424 519
424 525
424 433
424 445
424 455
424 463
424 468
424 470
424 538
424 545
424 554
424 571
424 590
424 592
424 646
424 650
424 678
424 686
424 694
424 696
424 709
424 710
425 430
425 518
425 436
425 439
425 446
425 480
425 488
425 501
425 502
425 508
425 532
425 560
425 571
425 617
425 633
425 642
426 519
426 524
426 441
426 445
426 466
426 483
426 509
426 553
426 563
426 591
426 603
426 609
426 621
426 659
426 661
426 662
426 680
426 685
426 688
426 703
427 429
427 430
427 415
427 517
427 432
427 444
427 454
427 458
427 548
427 564
427 574
427 581
427 598
427 619
427 676
427 685
427 703
428 430
428 431
428 434
428 444
428 451
428 474
428 479
428 485
428 530
428 545
428 556
428 568
428 592
428 595
428 597
428 604
428 611
428 624
428 668
428 681
428 699
428 701
428 707
428 723
429 430
429 521
429 522
429 434
429 440
429 457
429 471
429 495
429 497
429 502
429 510
429 588
429 677
429 707
430 431
430 414
430 517
430 520
430 448
430 450
430 476
430 486
430 493
430 551
430 591
430 596
430 618
430 619
430 624
430 639
430 663
430 664
430 693
430 724
431 414
431 523
431 438
431 445
431 447
431 448
431 453
431 480
431 498
431 503
431 509
431 531
431 540
431 549
431 568
431 570
431 587
431 603
431 611
431 665
431 688
414 415
414 432
414 440
414 443
414 465
414 474
414 479
414 498
414 500
414 531
414 541
414 551
414 576
414 584
414 619
414 647
414 695
414 705
414 709
415 518
415 526
415 434
415 438
415 444
415 468
415 480
415 481
415 487
415 489
415 505
415 531
415 537
415 540
415 543
415 546
415 572
415 574
415 587
415 603
415 609
415 614
415 621
415 639
415 650
415 680
415 701
415 702
415 708
512 435
512 445
512 456
512 458
512 482
512 492
512 495
512 511
512 546
512 675
513 523
513 525
513 449
513 458
513 470
513 471
513 511
513 651
513 706
514 439
514 448
514 473
514 482
514 491
514 492
514 505
514 510
514 552
514 622
514 707
515 444
515 446
515 452
515 474
515 483
515 494
515 546
515 551
515 638
516 520
516 438
516 450
516 458
516 467
516 497
516 498
516 499
516 503
516 507
516 511
516 565
516 568
516 610
516 620
516 623
516 639
516 680
517 521
517 448
517 463
517 484
517 490
517 492
517 504
517 506
517 631
517 685
518 520
518 524
518 459
518 466
518 475
518 485
518 486
518 494
518 510
518 717
519 522
519 524
519 447
519 464
519 470
519 509
519 511
519 567
519 572
519 575
519 641
519 702
520 523
520 442
520 445
520 460
520 462
520 470
520 472
520 481
520 491
520 502
520 506
520 529
520 577
520 629
520 681
520 686
521 525
521 434
521 448
521 460
521 495
521 496
521 499
521 575
521 610
521 692
521 705
522 524
522 433
522 443
522 447
522 466
522 472
522 493
522 503
522 505
522 549
522 616
522 724
523 432
523 437
523 475
523 483
523 486
523 494
523 495
523 545
523 546
523 565
523 638
523 656
523 688
523 693
523 697
524 446
524 462
524 470
524 477
524 479
524 482
524 485
524 506
524 557
524 561
524 696
524 705
524 721
525 441
525 495
525 501
525 504
525 508
525 546
525 627
525 658
526 433
526 446
526 452
526 464
526 482
526 483
526 492
526 495
526 507
526 510
526 571
526 625
526 665
526 693
432 468
432 471
432 472
432 504
432 546
432 560
432 570
432 575
432 580
432 652
432 675
433 444
433 452
433 475
433 501
433 504
433 510
433 511
433 554
433 583
433 585
433 589
434 436
434 437
434 466
434 468
434 472
434 474
434 476
434 485
434 490
434 494
434 503
434 583
434 595
435 450
435 452
435 458
435 484
435 486
435 496
435 498
435 642
435 646
435 649
435 692
436 452
436 460
436 463
436 507
436 508
436 549
436 589
436 712
437 439
437 450
437 460
437 472
437 473
437 491
437 493
437 495
437 508
437 586
437 642
437 646
437 717
438 441
438 448
438 453
438 465
438 482
438 483
438 486
438 489
438 496
438 562
438 568
438 588
438 601
438 613
439 476
439 502
439 564
439 579
439 701
439 706
440 446
440 453
440 463
440 469
440 479
440 481
440 484
440 494
440 554
440 591
440 609
440 643
440 691
440 698
441 455
441 458
441 481
441 484
441 490
441 491
441 492
441 495
441 502
441 508
441 545
441 579
441 588
441 625
441 633
442 444
442 448
442 454
442 460
442 462
442 466
442 482
442 508
442 579
442 676
442 710
443 449
443 454
443 465
443 480
443 629
443 679
443 691
444 474
444 483
444 495
444 501
444 505
444 573
444 603
444 626
444 672
445 447
445 458
445 463
445 471
445 486
445 491
445 493
445 494
445 508
445 511
445 529
445 559
445 568
445 595
446 455
446 457
446 463
446 468
446 488
446 565
446 590
446 599
446 656
446 702
447 475
447 480
447 484
447 490
447 593
447 594
447 598
447 683
447 704
447 724
448 460
448 462
448 466
448 474
448 544
448 579
448 700
449 451
449 482
449 489
449 495
449 534
449 562
449 585
449 592
449 594
449 704
450 458
450 465
450 476
450 489
450 504
450 576
450 628
450 651
450 652
450 691
451 456
451 479
451 493
451 511
451 573
451 630
451 705
452 457
452 463
452 467
452 473
452 479
452 484
452 492
452 493
452 507
452 509
452 592
452 605
452 659
452 698
453 454
453 470
453 481
453 484
453 487
453 490
453 491
453 495
453 556
453 596
453 626
453 649
453 654
453 682
453 686
454 474
454 485
454 493
454 500
454 507
454 530
454 534
454 573
454 578
454 607
454 620
454 648
455 465
455 466
455 467
455 475
455 480
455 482
455 496
455 504
455 506
455 510
455 551
455 565
455 578
455 581
455 611
455 669
456 458
456 471
456 479
456 481
456 497
456 504
456 579
456 643
457 460
457 499
457 501
457 508
457 532
457 547
457 657
457 701
457 715
458 473
458 474
458 478
458 482
458 492
458 493
458 536
458 580
458 656
459 477
459 492
459 503
459 549
459 594
459 617
459 636
459 661
459 698
460 462
460 467
460 472
460 473
460 483
460 485
460 494
460 496
460 508
460 511
460 572
460 607
461 480
461 648
461 703
461 711
462 494
462 500
462 503
462 555
462 564
463 467
463 473
463 497
463 501
463 503
463 651
464 475
464 483
464 490
464 547
464 564
464 681
465 467
465 469
465 485
465 486
465 488
465 499
465 507
465 509
466 495
466 573
466 587
466 640
466 675
466 701
466 714
467 478
467 480
467 501
467 527
467 660
468 475
468 498
468 500
468 501
468 508
468 529
468 556
468 567
468 585
468 639
468 663
468 664
469 477
469 479
469 503
470 477
470 479
470 483
470 491
470 501
470 555
470 721
471 495
471 498
471 503
471 560
471 623
471 701
471 706
471 717
472 473
472 479
472 488
472 489
472 509
472 590
472 659
472 663
472 716
473 477
473 482
473 486
473 500
473 503
473 597
473 635
473 677
473 690
474 485
474 508
474 509
474 629
474 701
475 477
475 478
475 615
475 689
476 479
476 486
476 488
476 500
476 558
476 573
476 581
476 587
476 651
476 664
477 484
477 504
477 557
477 590
477 628
478 490
478 502
478 559
479 485
479 486
479 490
479 492
479 498
479 500
479 503
479 506
479 602
479 704
480 484
480 489
480 490
480 492
480 496
480 497
480 502
480 535
480 554
480 556
480 579
480 584
480 589
480 623
480 659
481 485
481 496
481 499
481 507
481 510
481 530
481 594
481 715
482 495
482 505
482 532
482 655
482 659
482 664
483 663
483 696
484 495
484 498
484 543
484 580
484 588
484 611
484 709
485 496
485 499
485 506
485 507
485 530
485 532
485 536
485 560
485 702
486 489
486 498
486 507
486 508
486 509
486 677
487 496
487 510
487 537
487 544
488 497
488 498
488 500
488 502
488 563
488 567
488 592
488 608
488 614
488 632
488 646
488 708
488 714
489 511
489 556
489 575
489 666
490 498
490 535
490 550
490 579
490 590
490 612
490 628
490 650
491 497
491 509
491 551
491 569
491 605
491 638
491 646
491 653
492 535
492 540
492 595
492 645
492 677
493 497
493 529
493 538
493 575
493 602
493 617
493 649
493 651
494 500
494 503
494 537
494 570
494 591
494 641
494 648
494 716
495 546
495 645
495 702
495 708
495 724
496 501
496 509
496 527
496 558
496 564
496 676
497 499
497 503
497 504
497 575
497 591
497 612
497 618
498 551
498 557
498 563
499 502
499 508
499 624
499 643
499 714
500 507
500 680
500 710
501 502
501 504
501 508
501 509
501 528
501 618
501 622
501 672
501 681
502 509
502 510
502 676
502 715
503 584
503 588
503 615
503 657
503 672
504 533
505 529
505 590
505 612
505 625
505 660
505 680
506 509
506 530
506 541
506 569
506 585
506 599
506 693
506 700
507 551
507 570
507 588
508 582
508 597
508 615
508 637
508 667
509 527
509 538
509 563
509 641
510 589
510 656
511 567
511 568
511 569
511 591
511 717
527 552
527 557
527 561
527 592
527 685
528 532
528 545
528 547
528 548
528 572
528 574
528 598
528 609
528 627
528 635
528 720
529 551
529 572
529 574
529 576
529 578
529 586
529 591
529 622
530 538
530 555
530 556
530 582
530 589
530 597
530 602
530 604
530 610
530 703
530 713
531 533
531 554
531 557
531 558
531 565
531 577
531 578
531 587
531 595
531 601
531 606
531 648
531 721
532 572
532 600
532 603
532 616
532 623
532 624
532 689
532 697
533 552
533 556
533 558
533 593
533 608
533 620
533 683
533 702
533 718
534 545
534 552
534 607
534 624
534 691
535 538
535 542
535 544
535 549
535 552
535 598
535 600
535 645
535 681
536 545
536 552
536 555
536 580
536 607
536 694
537 562
537 571
537 577
537 589
537 596
537 611
537 614
537 699
538 542
538 544
538 558
538 580
538 583
538 587
538 594
538 599
538 602
538 607
538 615
538 616
538 703
539 549
539 555
539 557
539 592
539 594
539 609
539 705
540 544
540 552
540 560
540 567
540 572
540 574
540 579
540 607
540 610
540 664
540 702
540 704
540 718
541 558
541 597
541 611
541 683
542 544
542 552
542 558
542 566
542 583
542 606
542 627
542 630
543 546
543 548
543 561
543 573
543 576
543 579
543 583
543 595
543 603
544 547
544 559
544 561
544 566
544 580
544 601
544 602
544 605
544 610
544 649
544 694
545 561
545 565
545 572
545 575
545 601
545 603
545 605
545 690
545 705
546 568
546 584
546 608
546 616
546 655
546 664
546 702
547 578
547 593
547 677
547 705
548 555
548 559
548 577
548 580
548 583
548 594
548 616
548 686
549 556
549 568
549 571
549 584
549 597
549 606
549 611
549 637
549 709
550 565
550 573
550 593
550 606
550 607
550 611
550 674
551 559
551 568
551 577
551 612
551 636
552 558
552 586
552 590
552 598
552 603
552 605
552 606
552 614
552 638
552 680
552 695
552 713
553 564
553 595
553 647
553 702
553 718
554 584
554 603
554 608
554 621
554 661
554 722
555 559
555 573
555 575
555 611
555 639
555 681
556 565
556 571
556 586
556 587
556 598
556 606
556 669
556 688
557 560
557 583
557 584
557 722
558 562
558 565
558 584
558 592
558 594
558 600
558 617
558 660
558 718
559 566
559 572
559 583
559 596
559 612
559 621
559 708
560 569
560 581
560 592
560 593
560 601
560 639
560 665
560 672
560 712
561 608
561 611
561 642
562 578
562 579
562 580
562 584
562 585
562 588
562 590
562 614
563 579
563 582
563 586
563 608
563 645
564 567
564 573
564 580
564 583
564 666
564 721
565 586
565 605
565 647
565 691
565 699
565 719
565 722
566 571
566 576
566 608
566 627
566 641
566 718
567 596
567 641
567 663
567 699
567 716
568 578
568 587
568 594
568 609
568 620
568 657
568 686
568 712
568 718
569 582
569 587
569 593
569 599
569 601
569 653
569 699
570 589
570 593
570 610
570 613
570 683
570 721
571 596
571 608
571 638
571 691
571 700
572 583
572 661
572 685
572 700
573 578
573 580
573 588
573 597
573 674
574 608
574 609
574 616
574 714
575 578
575 582
575 635
575 661
575 717
576 585
576 668
576 690
576 692
577 579
577 592
577 602
577 659
577 707
578 582
578 583
578 587
578 606
578 653
578 666
578 708
579 591
579 608
579 633
579 637
579 649
579 704
580 581
580 594
580 615
580 683
580 686
581 589
581 598
581 614
581 673
581 704
582 597
582 613
582 710
583 585
583 594
583 634
583 675
584 585
584 588
584 642
584 704
584 716
585 693
585 699
586 604
586 614
586 663
586 676
586 700
587 597
587 613
587 650
587 653
588 589
588 614
588 646
589 597
589 600
589 602
589 604
589 628
589 658
590 597
590 619
590 636
591 600
591 601
591 611
591 616
591 637
591 690
592 604
592 605
592 645
592 655
592 680
593 664
593 671
594 613
594 661
594 708
595 641
595 661
595 699
596 605
597 600
597 609
597 614
598 655
598 674
598 683
599 606
599 695
599 702
600 601
600 604
601 620
601 628
601 655
601 681
602 608
602 616
602 653
602 665
602 700
602 721
603 614
603 616
603 666
603 701
604 613
604 614
605 616
605 619
605 641
606 608
606 615
606 630
606 633
606 667
606 672
607 608
607 676
607 690
607 701
608 610
608 613
608 629
608 673
608 715
609 612
609 699
609 720
610 611
610 612
610 686
610 691
611 628
611 645
614 638
614 643
614 682
614 699
614 702
615 688
617 622
617 624
617 633
617 639
617 644
617 656
617 659
617 665
617 669
617 672
617 688
617 708
617 724
618 626
618 633
618 638
618 642
618 652
618 675
618 676
618 691
618 692
618 699
618 700
618 709
618 712
619 627
619 632
619 645
619 674
619 676
619 690
619 693
619 696
619 713
619 725
620 626
620 636
620 648
620 651
620 655
620 666
620 689
620 699
620 713
620 714
620 722
621 626
621 627
621 628
621 639
621 651
621 653
621 655
621 665
621 670
621 687
621 691
621 701
621 713
621 714
622 632
622 635
622 643
622 646
622 655
622 659
622 673
622 683
622 687
622 717
622 720
623 629
623 651
623 657
623 664
623 665
623 667
623 674
623 692
623 696
623 704
623 713
623 720
623 724
624 625
624 626
624 637
624 638
624 662
624 689
624 698
624 712
624 717
624 718
624 722
625 628
625 633
625 641
625 643
625 658
625 659
625 660
625 663
625 664
625 671
625 673
625 681
625 685
625 687
625 697
625 700
625 715
626 631
626 633
626 634
626 650
626 651
626 657
626 659
626 663
626 666
626 670
626 712
626 722
627 657
627 671
627 688
627 701
627 707
627 721
627 723
628 630
628 634
628 639
628 648
628 657
628 659
628 679
628 681
628 683
628 684
628 691
628 708
628 721
629 656
629 662
629 666
629 670
629 675
629 680
629 681
629 699
629 724
630 635
630 656
630 671
630 688
630 690
630 696
630 700
630 702
630 725
631 632
631 641
631 660
631 674
631 675
631 691
631 694
631 700
631 708
632 643
632 645
632 646
632 654
632 657
632 667
632 674
632 675
632 698
632 706
633 637
633 643
633 648
633 650
633 654
633 660
633 669
633 678
633 685
633 706
633 717
634 643
634 656
634 665
634 673
634 686
634 691
634 693
634 700
634 703
634 704
634 719
635 640
635 651
635 659
635 660
635 672
635 685
635 686
635 689
635 699
635 716
635 724
636 643
636 647
636 657
636 663
636 664
636 673
636 676
636 682
636 689
636 692
636 701
636 705
636 716
637 639
637 661
637 665
637 669
637 689
637 696
637 699
637 707
637 725
638 644
638 645
638 678
638 685
638 693
638 695
638 705
638 706
638 715
639 646
639 649
639 654
639 674
639 681
639 690
639 717
640 658
640 664
640 693
640 706
640 720
641 643
641 651
641 700
641 704
641 712
642 645
642 655
642 660
642 671
642 675
642 679
642 702
642 707
642 711
643 652
643 671
643 703
643 722
644 645
644 663
644 672
644 676
644 680
644 690
644 705
644 706
645 651
645 653
645 655
645 662
645 674
645 681
645 709
646 657
646 664
646 665
646 670
646 686
646 696
646 697
646 712
647 653
647 656
647 669
647 712
647 719
648 649
648 662
648 666
648 673
648 688
648 713
648 715
648 721
649 653
649 662
649 666
649 668
649 674
649 678
649 702
649 703
649 709
649 710
650 652
650 667
650 668
650 669
650 675
650 681
650 688
650 693
650 699
650 703
650 711
650 721
651 666
651 667
651 682
651 690
651 710
652 662
652 670
652 686
652 696
652 697
652 713
653 660
653 669
653 675
653 707
654 656
654 661
654 667
654 676
654 705
654 717
655 670
655 679
655 703
655 709
655 710
656 672
656 675
656 679
656 687
656 693
656 697
656 708
656 712
657 659
657 661
657 663
657 667
657 676
657 678
657 690
658 674
658 680
658 681
658 688
658 689
658 692
658 696
658 700
659 668
659 692
659 708
659 720
659 721
659 722
660 662
660 665
660 671
660 704
660 715
660 722
661 665
661 673
661 674
661 686
661 689
661 703
661 711
661 720
662 663
662 665
662 671
662 681
662 687
662 695
662 696
662 722
663 665
663 670
663 674
663 678
663 701
663 704
663 709
663 710
663 721
664 676
664 681
664 682
664 688
664 693
665 673
665 678
665 688
665 693
665 697
665 701
665 708
665 715
665 721
666 679
666 685
666 690
666 702
666 708
666 714
667 672
667 692
667 715
667 723
668 677
668 681
668 687
668 694
668 710
668 720
668 722
668 723
669 673
669 681
669 684
669 725
670 679
670 680
670 711
670 714
670 723
670 725
671 681
671 682
671 683
671 691
671 700
671 701
671 712
672 675
672 681
672 688
672 707
672 723
672 725
673 678
673 683
673 706
673 708
673 709
673 713
673 715
674 678
674 680
674 691
674 694
674 695
674 696
674 701
674 720
675 680
675 699
675 704
675 717
676 683
676 691
676 698
676 701
676 703
676 716
676 719
676 725
677 685
677 687
677 694
677 707
677 713
677 719
678 698
678 717
678 719
678 725
679 689
679 706
679 714
680 708
680 716
681 690
681 706
682 683
682 692
682 708
682 714
682 716
682 721
682 722
682 723
683 684
683 715
683 720
683 723
683 724
684 700
684 702
684 707
684 709
684 719
685 695
685 708
685 711
685 713
685 723
686 688
686 692
686 706
686 709
686 724
686 725
687 691
687 695
687 713
687 723
688 705
688 709
688 711
688 721
688 723
690 694
690 708
690 716
691 700
691 717
692 694
692 698
692 707
692 721
692 725
693 695
693 697
694 700
694 720
695 705
695 721
696 698
696 702
696 711
696 712
696 718
696 722
697 701
697 702
697 712
698 700
698 703
698 705
698 713
698 720
698 725
699 702
700 703
700 712
700 719
700 720
702 703
702 706
702 719
702 722
702 723
702 725
703 719
704 715
705 723
706 708
706 710
706 711
706 714
706 716
706 719
707 714
707 715
707 719
708 709
708 712
709 718
709 719
709 720
710 711
710 714
710 715
711 719
711 721
712 714
712 719
713 714
713 715
714 724
716 719
716 723
716 724
718 723
724 725