0 36
0 41
0 53
0 76
0 109
0 139
0 181
0 206
0 260
0 280
0 211
0 250
0 252
0 303
1 17
1 32
1 37
1 44
1 45
1 52
1 61
1 72
1 159
1 168
1 185
1 279
1 226
1 248
1 308
2 9
2 12
2 26
2 39
2 57
2 65
2 77
2 108
2 149
2 198
2 280
2 211
2 227
2 242
3 9
3 10
3 16
3 27
3 34
3 43
3 46
3 67
3 68
3 70
3 71
3 86
3 105
3 208
3 257
3 216
3 248
3 335
4 7
4 16
4 43
4 51
4 52
4 54
4 56
4 57
4 112
4 121
4 180
4 194
4 207
4 241
4 327
5 8
5 12
5 18
5 23
5 24
5 35
5 38
5 71
5 72
5 83
5 93
5 100
5 108
5 115
5 137
5 144
5 161
5 199
5 207
5 269
5 231
6 20
6 23
6 27
6 28
6 30
6 32
6 35
6 42
6 44
6 72
6 74
6 75
6 76
6 147
6 262
6 276
6 210
6 219
7 8
7 12
7 38
7 41
7 57
7 68
7 92
7 107
7 144
7 186
7 209
7 263
7 236
7 237
8 29
8 32
8 34
8 37
8 39
8 44
8 45
8 75
8 78
8 80
8 83
8 87
8 112
8 135
8 142
8 147
8 154
8 162
8 177
8 260
8 282
9 29
9 31
9 47
9 48
9 61
9 63
9 66
9 71
9 77
9 81
9 113
9 134
9 146
9 156
9 192
9 277
9 211
10 59
10 64
10 93
10 114
10 131
10 165
10 166
10 176
10 204
10 262
10 295
10 336
11 12
11 27
11 28
11 42
11 44
11 45
11 48
11 49
11 67
11 71
11 81
11 161
11 191
11 271
11 234
11 235
12 17
12 27
12 29
12 30
12 52
12 54
12 78
12 142
12 148
12 194
12 267
12 339
13 19
13 21
13 68
13 81
13 119
13 133
13 151
13 189
13 273
13 285
14 30
14 31
14 32
14 40
14 46
14 49
14 52
14 56
14 69
14 75
14 77
14 150
14 152
14 155
14 259
14 219
14 241
14 306
14 323
15 17
15 30
15 33
15 36
15 50
15 60
15 62
15 66
15 69
15 74
15 75
15 166
15 184
15 259
15 217
15 220
15 229
15 243
15 305
15 310
16 17
16 27
16 32
16 33
16 44
16 48
16 63
16 74
16 76
16 80
16 92
16 182
16 205
16 241
16 247
16 253
17 18
17 25
17 33
17 49
17 53
17 59
17 61
17 103
17 178
17 184
17 260
17 266
17 240
17 244
17 333
18 34
18 74
18 86
18 99
18 119
18 140
18 173
18 280
18 242
19 26
19 39
19 51
19 58
19 75
19 76
19 97
19 98
19 152
19 153
19 172
19 196
20 28
20 39
20 48
20 125
20 172
20 179
21 42
21 50
21 52
21 59
21 62
21 93
21 125
21 130
21 139
21 173
21 193
21 271
21 248
22 48
22 50
22 64
22 70
22 84
22 102
22 109
22 113
22 139
22 141
22 146
22 163
22 174
22 279
22 245
22 249
23 43
23 74
23 81
23 89
23 102
23 106
23 113
23 156
23 163
23 191
24 30
24 33
24 41
24 55
24 59
24 64
24 72
24 91
24 139
24 170
24 174
24 261
24 285
24 237
24 242
24 248
25 28
25 36
25 65
25 70
25 82
25 148
25 149
25 170
25 183
25 202
25 281
25 216
25 239
25 321
25 340
26 33
26 42
26 67
26 76
26 190
26 198
26 280
26 214
26 237
26 248
26 324
27 31
27 51
27 58
27 59
27 61
27 75
27 78
27 105
27 135
27 155
27 161
27 193
27 257
27 274
27 236
28 32
28 75
28 79
28 93
28 159
28 217
29 31
29 39
29 41
29 55
29 70
29 72
29 156
29 167
29 335
30 39
30 66
30 67
30 68
30 77
30 81
30 94
30 96
30 102
30 153
30 168
30 272
30 220
30 232
30 238
31 33
31 42
31 55
31 57
31 59
31 60
31 72
31 78
31 95
31 154
31 275
31 346
31 353
32 34
32 40
32 57
32 63
32 70
32 78
32 126
32 152
32 186
32 276
32 221
32 253
32 343
33 39
33 86
33 103
33 159
33 161
33 163
33 165
33 166
33 169
33 185
33 285
33 338
34 38
34 46
34 51
34 62
34 95
34 105
34 111
34 122
34 131
34 149
34 190
34 197
34 220
34 239
34 296
34 308
35 38
35 62
35 68
35 80
35 88
35 94
35 159
35 171
35 173
35 191
35 263
35 274
35 286
35 237
35 342
36 38
36 41
36 58
36 72
36 156
36 184
36 203
36 252
36 253
36 292
36 308
36 314
37 39
37 46
37 60
37 74
37 138
37 190
37 204
37 208
37 209
37 223
37 232
37 249
37 325
37 338
38 39
38 50
38 59
38 76
38 119
38 168
38 180
38 288
39 53
39 58
39 76
39 197
39 274
39 283
39 284
39 302
39 340
40 44
40 54
40 58
40 85
40 110
40 161
40 180
40 194
40 262
40 272
40 212
40 230
40 255
41 47
41 56
41 67
41 72
41 94
41 101
41 144
41 153
41 157
41 158
41 279
41 253
42 60
42 67
42 114
42 132
42 143
42 161
42 171
42 173
42 208
42 283
42 218
42 223
42 232
42 246
42 350
43 61
43 92
43 111
43 124
43 190
43 212
43 312
44 52
44 57
44 66
44 71
44 73
44 81
44 82
44 85
44 189
44 192
44 345
45 49
45 57
45 58
45 141
45 151
45 193
45 208
45 286
45 214
45 222
45 224
45 295
46 51
46 54
46 62
46 65
46 76
46 150
46 159
46 168
46 171
46 177
46 199
46 282
46 283
46 239
46 343
47 50
47 54
47 64
47 68
47 69
47 70
47 74
47 79
47 80
47 96
47 168
47 179
47 202
47 256
47 297
48 62
48 64
48 124
48 125
48 155
48 178
48 208
48 217
48 224
48 226
48 228
49 51
49 111
49 151
49 190
49 282
49 293
50 51
50 59
50 64
50 131
50 159
50 187
50 189
50 262
50 280
50 229
50 300
51 52
51 71
51 105
51 128
51 332
51 333
52 53
52 66
52 69
52 94
52 110
52 120
52 151
52 152
52 167
52 200
52 207
52 268
52 227
52 235
52 243
53 57
53 67
53 70
53 82
53 94
53 285
53 211
53 240
53 248
53 349
54 57
54 135
54 140
54 198
54 280
54 281
54 216
54 245
54 297
54 321
54 328
55 58
55 61
55 65
55 83
55 88
55 116
55 248
55 298
56 66
56 81
56 84
56 124
56 177
56 182
56 220
56 222
56 238
56 245
56 305
56 312
57 79
57 98
57 176
57 179
57 213
57 232
57 247
57 249
58 59
58 65
58 88
58 100
58 114
58 125
58 170
58 182
58 269
58 272
58 229
58 245
59 66
59 71
59 75
59 95
59 98
59 105
59 121
59 133
59 149
59 157
59 168
59 200
59 259
59 250
60 79
60 94
60 121
60 125
60 138
60 226
61 72
61 75
61 77
61 80
61 102
61 116
61 156
61 178
61 191
61 266
61 228
61 321
61 332
62 76
62 83
62 130
62 180
62 183
62 277
62 226
62 294
63 64
63 92
63 116
63 217
64 131
64 135
64 184
64 185
64 188
64 272
64 277
64 250
64 330
65 76
65 77
65 79
65 89
65 165
65 173
65 184
65 188
65 208
65 274
66 99
66 152
66 159
66 168
66 185
66 186
66 194
66 270
66 277
66 239
66 251
66 325
66 342
67 80
67 126
67 129
67 148
67 153
67 257
67 283
67 252
68 77
68 82
68 120
68 147
68 203
68 229
68 252
69 158
69 198
69 268
69 281
69 220
70 72
70 106
70 115
70 164
70 261
70 309
71 73
71 109
71 163
71 179
71 194
71 203
72 106
72 129
72 151
72 173
72 217
72 313
73 202
73 275
73 222
73 223
73 240
73 241
73 247
73 248
74 79
74 86
74 103
74 128
74 141
74 154
74 156
74 166
74 209
74 284
74 218
74 243
74 247
75 91
75 135
75 152
75 163
75 178
75 186
75 208
75 262
75 212
75 214
75 220
75 241
75 310
76 136
76 139
76 176
76 188
76 197
76 203
76 266
76 216
76 243
77 99
77 131
77 132
77 134
77 153
77 175
77 277
77 252
77 342
78 89
78 96
78 105
78 106
78 111
78 149
78 164
78 196
78 207
78 258
78 242
79 82
79 93
79 100
79 108
79 129
79 133
79 142
79 148
79 153
79 154
79 185
79 200
79 256
79 233
79 238
80 96
80 128
80 144
80 155
80 157
80 281
80 356
81 86
81 104
81 178
81 264
82 90
82 105
82 112
82 115
82 122
82 143
82 161
82 164
82 183
82 227
82 230
82 237
82 332
82 348
83 84
83 85
83 89
83 98
83 101
83 108
83 117
83 118
83 121
83 177
83 189
83 195
83 196
83 206
83 260
83 271
83 280
83 215
83 219
83 229
83 243
83 313
83 326
84 93
84 98
84 105
84 107
84 110
84 118
84 124
84 126
84 161
84 192
84 203
84 257
84 270
84 279
84 224
84 225
84 228
84 245
84 255
84 302
84 347
84 355
85 87
85 96
85 98
85 100
85 101
85 103
85 109
85 111
85 113
85 114
85 116
85 124
85 142
85 157
85 160
85 170
85 179
85 181
85 189
85 201
85 262
85 273
85 223
85 230
85 237
85 245
85 255
85 314
85 329
86 87
86 88
86 102
86 116
86 120
86 139
86 164
86 175
86 267
86 268
86 226
86 228
86 292
86 314
86 327
86 338
87 89
87 90
87 99
87 101
87 107
87 112
87 116
87 117
87 118
87 133
87 144
87 146
87 161
87 164
87 169
87 173
87 190
87 198
87 205
87 246
87 251
88 93
88 101
88 113
88 152
88 179
88 185
88 190
88 263
88 273
88 241
88 242
88 292
88 313
88 333
89 106
89 109
89 150
89 161
89 172
89 185
89 190
89 191
89 268
89 271
89 272
89 274
89 281
89 233
89 241
89 247
89 249
89 255
89 310
90 95
90 102
90 106
90 107
90 108
90 111
90 114
90 155
90 157
90 162
90 177
90 199
90 207
90 283
90 307
91 92
91 101
91 103
91 105
91 107
91 129
91 130
91 131
91 135
91 137
91 143
91 147
91 157
91 163
91 176
91 178
91 180
91 181
91 202
91 256
91 260
91 276
91 216
91 232
91 234
91 237
91 241
91 252
91 253
91 326
91 330
91 352
91 357
92 99
92 107
92 109
92 112
92 114
92 115
92 120
92 137
92 145
92 160
92 174
92 178
92 184
92 187
92 191
92 202
92 262
92 264
92 265
92 273
92 281
92 282
92 311
93 95
93 107
93 111
93 112
93 148
93 161
93 165
93 180
93 183
93 197
93 200
93 205
93 258
93 268
93 224
93 228
93 229
93 238
93 307
93 322
93 331
93 343
94 95
94 102
94 103
94 107
94 112
94 118
94 123
94 197
94 199
94 257
94 259
94 217
94 221
94 307
94 348
95 100
95 109
95 110
95 114
95 117
95 118
95 119
95 126
95 162
95 269
95 273
95 278
95 282
95 212
95 238
95 241
95 288
95 309
96 100
96 101
96 103
96 115
96 116
96 118
96 139
96 142
96 155
96 163
96 164
96 165
96 172
96 177
96 184
96 197
96 264
96 267
96 275
96 278
96 211
97 98
97 112
97 113
97 119
97 141
97 165
97 183
97 206
97 208
97 276
97 278
97 210
97 223
97 235
97 244
97 248
97 309
97 325
97 337
98 99
98 105
98 108
98 113
98 117
98 120
98 144
98 166
98 172
98 173
98 180
98 199
98 203
98 266
98 279
98 227
98 239
98 243
98 305
99 112
99 118
99 121
99 143
99 150
99 161
99 166
99 177
99 185
99 214
99 217
99 245
99 320
100 103
100 106
100 116
100 183
100 186
100 191
100 273
100 220
100 225
100 231
100 234
100 294
100 335
100 347
101 102
101 106
101 109
101 111
101 113
101 115
101 128
101 129
101 130
101 137
101 140
101 141
101 159
101 185
101 202
101 203
101 260
101 262
101 213
101 241
101 254
101 316
101 325
102 104
102 108
102 110
102 111
102 116
102 120
102 134
102 146
102 149
102 175
102 187
102 207
102 271
102 276
102 282
102 248
102 303
103 115
103 116
103 121
103 132
103 133
103 146
103 188
103 190
103 193
103 209
103 282
103 215
103 249
103 331
104 106
104 108
104 109
104 111
104 118
104 119
104 166
104 177
104 184
104 197
104 258
104 263
104 271
104 311
104 324
104 353
105 106
105 110
105 112
105 120
105 121
105 150
105 186
105 191
105 201
105 208
105 264
105 265
105 286
105 221
105 231
105 232
105 250
105 287
105 307
105 328
105 333
105 353
106 107
106 111
106 117
106 139
106 152
106 168
106 175
106 187
106 257
106 260
106 269
106 215
106 235
106 317
106 326
106 331
106 336
107 108
107 109
107 112
107 116
107 132
107 138
107 139
107 153
107 204
107 266
107 271
107 282
107 222
107 224
107 249
107 350
108 126
108 133
108 149
108 151
108 152
108 164
108 175
108 188
108 194
108 280
108 211
108 225
108 240
108 248
108 319
108 345
109 148
109 166
109 170
109 195
109 205
109 256
109 239
110 113
110 116
110 120
110 140
110 173
110 187
110 196
110 274
110 243
111 114
111 115
111 128
111 145
111 157
111 162
111 191
111 199
111 207
111 208
111 217
111 241
111 243
111 302
111 353
112 113
112 115
112 120
112 128
112 142
112 153
112 161
112 171
112 177
112 196
112 282
112 230
112 239
112 254
112 311
112 322
113 121
113 129
113 130
113 131
113 136
113 137
113 138
113 158
113 174
113 176
113 181
113 261
113 285
113 214
113 253
114 121
114 122
114 126
114 151
114 175
114 183
114 207
114 269
114 282
114 213
115 116
115 134
115 161
115 167
115 175
115 177
115 274
115 249
115 289
115 355
116 117
116 120
116 124
116 125
116 143
116 196
116 282
116 213
116 226
116 232
116 245
116 350
117 124
117 125
117 144
117 155
117 175
117 181
117 196
117 198
117 242
118 143
118 150
118 151
118 166
118 176
118 180
118 209
118 264
118 266
118 269
118 274
118 215
118 220
118 240
118 311
119 133
119 136
119 138
119 148
119 152
119 162
119 168
119 172
119 215
119 230
119 236
119 304
119 305
119 347
120 123
120 159
120 206
120 208
120 258
120 259
120 277
120 285
120 242
121 143
121 154
121 170
121 184
121 200
121 203
121 279
121 283
121 214
121 248
121 354
122 140
122 141
122 144
122 145
122 148
122 149
122 150
122 153
122 159
122 166
122 171
122 172
122 177
122 182
122 186
122 193
122 196
122 207
122 208
122 260
122 285
122 321
123 143
123 145
123 146
123 153
123 157
123 185
123 187
123 197
123 211
123 219
123 225
123 291
124 125
124 126
124 133
124 148
124 151
124 156
124 173
124 179
124 187
124 193
124 201
124 205
124 262
124 281
124 219
124 225
124 235
124 251
125 129
125 131
125 132
125 135
125 137
125 154
125 160
125 161
125 168
125 179
125 185
125 188
125 192
125 193
125 204
125 205
125 206
125 273
125 283
125 216
125 225
125 239
125 296
125 330
126 143
126 160
126 161
126 162
126 171
126 179
126 183
126 198
126 203
126 208
126 217
127 130
127 143
127 151
127 154
127 155
127 158
127 165
127 175
127 192
127 202
127 204
127 207
127 208
127 209
127 263
127 267
128 136
128 138
128 148
128 151
128 152
128 174
128 176
128 181
128 189
128 190
128 191
128 192
128 263
128 271
128 230
128 303
129 137
129 141
129 145
129 148
129 158
129 168
129 176
129 179
129 183
129 185
129 187
129 193
129 194
129 197
129 204
129 205
129 207
129 286
129 211
129 238
129 244
129 350
129 354
130 134
130 144
130 148
130 149
130 152
130 156
130 157
130 166
130 168
130 175
130 179
130 191
130 225
130 254
130 299
130 326
131 132
131 133
131 134
131 137
131 147
131 159
131 160
131 163
131 165
131 180
131 182
131 187
131 195
131 201
131 202
131 204
131 259
132 135
132 141
132 144
132 149
132 159
132 171
132 185
132 192
132 194
132 196
132 198
132 201
132 202
132 274
132 217
132 218
133 135
133 140
133 143
133 151
133 155
133 158
133 159
133 164
133 166
133 169
133 173
133 183
133 196
133 271
133 286
133 221
133 234
133 235
134 137
134 142
134 146
134 149
134 150
134 157
134 161
134 164
134 174
134 177
134 181
134 182
134 185
134 188
134 197
134 200
134 201
134 204
134 270
134 226
134 316
135 142
135 145
135 147
135 150
135 153
135 154
135 157
135 173
135 192
135 271
135 249
135 252
135 348
136 156
136 158
136 160
136 162
136 164
136 168
136 174
136 177
136 190
136 192
136 193
136 209
136 258
136 274
136 326
136 350
137 143
137 160
137 175
137 177
137 194
137 207
137 271
137 238
138 154
138 155
138 163
138 165
138 169
138 180
138 188
138 198
138 211
138 231
139 141
139 142
139 144
139 156
139 158
139 168
139 172
139 177
139 178
139 196
139 206
139 209
139 270
139 283
139 234
140 141
140 152
140 153
140 164
140 178
140 185
140 195
140 205
140 283
140 245
140 255
140 294
140 323
140 328
141 174
141 175
141 178
141 180
141 184
141 196
141 208
141 279
141 255
141 311
142 146
142 150
142 159
142 162
142 165
142 170
142 178
142 180
142 182
142 186
142 191
142 192
142 197
142 222
143 146
143 147
143 154
143 156
143 159
143 166
143 177
143 187
143 200
143 203
143 204
143 206
143 208
144 151
144 152
144 162
144 171
144 176
144 191
144 193
144 202
144 209
144 267
144 282
144 224
144 244
145 153
145 156
145 161
145 175
145 182
145 189
145 191
145 194
145 207
145 271
145 235
145 246
146 153
146 156
146 173
146 177
146 184
146 185
146 191
146 194
146 196
146 197
146 198
146 201
146 202
146 204
146 208
147 155
147 160
147 170
147 185
147 193
147 197
147 273
147 357
148 152
148 166
148 167
148 185
148 189
148 204
148 240
148 248
148 317
149 163
149 170
149 173
149 186
149 187
149 190
149 197
149 200
149 201
149 204
149 271
149 283
149 285
149 219
150 151
150 165
150 172
150 176
150 177
150 180
150 182
150 184
150 191
150 196
150 207
150 266
150 277
150 231
150 333
151 164
151 170
151 174
151 176
151 177
151 178
151 186
151 200
151 207
151 259
151 220
151 252
152 155
152 156
152 157
152 158
152 163
152 164
152 171
152 188
152 192
152 283
152 216
153 156
153 185
153 195
153 196
153 198
153 202
153 203
153 207
153 220
153 226
153 242
154 158
154 163
154 168
154 172
154 178
154 179
154 188
154 198
154 200
154 204
154 206
154 211
154 223
154 357
155 159
155 172
155 174
155 178
155 183
155 185
155 190
155 196
155 198
155 206
155 243
156 160
156 161
156 163
156 164
156 168
156 173
156 178
156 186
156 200
156 202
156 236
156 247
156 254
157 158
157 161
157 162
157 183
157 187
157 188
157 195
157 202
157 206
157 285
158 160
158 170
158 185
158 199
158 202
158 208
158 209
158 256
158 257
158 280
158 213
158 309
159 162
159 164
159 173
159 174
159 178
159 180
159 184
159 191
159 196
159 199
159 204
159 209
159 265
159 241
160 162
160 163
160 166
160 167
160 170
160 173
160 176
160 182
160 183
160 188
160 192
160 198
160 204
160 272
160 324
161 162
161 163
161 164
161 165
161 174
161 175
161 190
161 192
161 194
161 196
161 203
161 205
161 285
161 223
161 229
162 174
162 177
162 178
162 184
162 196
162 205
162 225
162 235
162 253
163 176
163 187
163 195
163 201
163 206
163 260
163 272
163 281
163 327
164 165
164 167
164 173
164 175
164 188
164 193
164 194
164 209
164 249
165 171
165 172
165 176
165 177
165 179
165 181
165 187
165 188
165 194
165 199
165 203
165 225
165 229
165 238
166 171
166 184
166 198
166 206
166 279
166 212
166 245
166 250
167 172
167 177
167 194
167 196
167 199
167 203
167 209
167 271
168 172
168 176
168 179
168 182
168 184
168 200
168 204
168 276
168 286
168 230
169 171
169 182
169 189
169 192
169 205
169 207
169 257
169 211
169 232
169 293
170 177
170 178
170 179
170 182
170 185
170 192
170 195
170 201
170 205
170 206
170 244
170 338
171 173
171 181
171 187
171 197
171 198
171 270
171 279
171 226
171 247
172 180
172 186
172 207
172 284
172 212
172 250
173 175
173 177
173 189
173 195
173 200
173 227
174 176
174 181
174 194
174 195
174 196
174 199
174 214
174 224
174 234
174 242
174 243
175 176
175 178
175 179
175 195
175 200
175 208
175 281
175 239
175 301
176 181
176 186
176 268
176 218
176 345
177 186
177 193
177 196
177 201
177 205
177 244
177 305
178 181
178 188
178 195
178 209
178 271
178 286
178 212
178 232
179 181
179 189
179 191
179 194
179 202
179 256
179 257
179 267
179 271
179 215
179 220
180 188
180 190
180 207
180 281
180 211
181 187
181 190
181 193
181 201
181 202
181 209
181 264
181 272
181 284
181 243
182 183
182 185
182 187
182 201
182 206
182 265
182 284
182 286
182 231
182 243
183 186
183 196
183 197
183 199
183 200
183 202
183 207
183 208
183 217
183 336
184 192
184 202
184 205
184 207
184 208
184 266
184 238
184 243
184 246
184 300
185 187
185 190
185 192
185 208
186 189
186 201
186 204
186 317
186 334
187 195
187 199
187 202
187 209
187 282
187 330
188 189
188 197
188 203
188 279
188 229
188 246
188 326
188 338
189 191
189 194
189 203
189 205
189 209
189 267
189 279
189 280
190 196
190 198
190 246
190 254
191 203
191 263
191 274
191 239
192 200
192 232
192 243
192 328
193 194
193 198
193 202
193 206
193 207
193 357
194 198
194 241
194 250
194 255
195 196
195 199
195 202
195 233
196 197
196 204
196 209
196 279
196 238
196 331
197 198
197 201
197 206
197 268
197 269
197 277
197 236
198 203
198 205
198 280
198 242
198 303
199 200
199 204
199 209
199 273
200 230
200 237
201 208
201 266
201 236
202 270
203 204
203 208
203 259
203 214
203 246
203 249
203 350
204 207
204 209
204 266
204 218
204 298
205 262
205 284
206 228
206 242
207 209
207 276
207 280
207 284
208 217
208 248
209 243
209 254
256 260
256 261
256 276
256 277
256 210
256 213
256 223
256 225
256 227
256 234
256 241
256 253
257 260
257 261
257 264
257 267
257 269
257 270
257 279
257 284
257 285
257 210
257 215
257 217
257 218
257 219
257 224
257 227
257 230
257 237
257 244
257 247
258 261
258 264
258 269
258 277
258 281
258 213
258 214
258 215
258 217
258 231
258 235
258 240
258 241
258 244
258 248
258 251
258 349
258 351
259 265
259 267
259 269
259 273
259 278
259 216
259 217
259 219
259 226
259 228
259 232
259 246
259 247
260 263
260 265
260 284
260 285
260 212
260 213
260 221
260 222
260 227
260 232
260 233
260 235
260 239
260 244
260 247
260 252
260 253
260 254
260 255
261 264
261 274
261 284
261 210
261 212
261 213
261 223
261 228
261 229
261 230
261 232
261 233
261 234
261 244
261 245
261 248
261 250
261 255
262 268
262 269
262 270
262 272
262 275
262 281
262 282
262 285
262 210
262 212
262 213
262 221
262 233
262 234
262 239
262 242
262 244
262 252
262 329
263 264
263 275
263 281
263 283
263 216
263 217
263 228
263 229
263 231
263 237
263 241
263 250
263 252
263 255
263 345
263 348
264 270
264 272
264 275
264 277
264 278
264 281
264 283
264 284
264 217
264 220
264 221
264 222
264 225
264 227
264 234
264 236
264 243
264 250
264 295
265 269
265 270
265 271
265 212
265 218
265 219
265 228
265 243
265 244
265 247
265 339
266 273
266 274
266 275
266 277
266 218
266 220
266 224
266 228
266 229
266 237
266 240
266 244
266 250
267 276
267 279
267 280
267 283
267 214
267 217
267 222
267 223
267 226
267 230
267 233
267 235
267 240
267 241
267 253
267 255
268 270
268 273
268 275
268 280
268 210
268 218
268 224
268 230
268 233
268 240
268 241
268 244
268 251
268 290
269 271
269 272
269 276
269 285
269 228
269 232
269 238
269 241
269 357
270 271
270 275
270 279
270 281
270 283
270 215
270 226
270 233
270 239
270 244
270 250
270 254
270 332
271 274
271 275
271 280
271 285
271 218
271 229
271 233
271 240
271 241
271 244
271 251
271 255
272 275
272 286
272 211
272 214
272 221
272 223
272 228
272 229
272 250
272 321
272 351
273 277
273 279
273 280
273 283
273 225
273 232
273 243
273 244
273 246
273 249
273 326
274 277
274 278
274 281
274 212
274 215
274 229
274 230
274 234
274 235
274 248
274 251
274 254
275 276
275 277
275 279
275 283
275 285
275 211
275 213
275 216
275 218
275 221
275 226
275 237
275 240
275 242
275 244
275 245
275 249
275 254
276 214
276 225
276 230
276 233
276 234
276 236
276 241
276 247
276 254
276 292
276 348
277 280
277 216
277 218
277 222
277 224
277 226
277 229
277 230
277 232
277 234
277 245
277 249
277 252
277 253
278 281
278 286
278 213
278 221
278 227
278 229
278 230
278 233
278 237
278 244
278 246
278 251
279 286
279 211
279 212
279 215
279 218
279 221
279 234
279 235
279 241
279 242
279 246
279 248
279 253
279 319
279 341
280 283
280 284
280 219
280 220
280 221
280 227
280 228
280 240
280 246
280 253
281 284
281 212
281 218
281 233
281 235
281 236
281 237
281 243
281 336
282 215
282 220
282 221
282 233
282 236
282 242
282 247
282 250
282 254
283 211
283 214
283 223
283 226
283 227
283 229
283 231
283 238
283 242
283 245
283 251
283 255
283 310
284 211
284 213
284 215
284 216
284 217
284 221
284 223
284 229
284 230
284 238
284 241
284 243
284 247
284 249
284 252
284 334
285 286
285 214
285 228
286 213
286 217
286 223
286 230
286 232
286 236
286 239
286 243
286 246
286 247
286 252
286 253
286 254
286 255
286 314
210 220
210 226
210 227
210 232
210 234
210 239
210 241
210 243
210 250
211 220
211 222
211 223
211 226
211 230
211 231
211 235
211 239
211 247
211 253
212 216
212 225
212 231
212 242
212 250
212 255
212 332
213 216
213 224
213 227
213 228
213 229
213 233
213 241
213 247
213 248
213 254
213 339
214 216
214 220
214 223
214 230
214 231
214 239
214 240
214 242
214 247
215 216
215 223
215 224
215 225
215 228
215 229
215 232
215 233
215 234
215 235
215 242
215 247
215 248
215 250
215 252
215 253
216 222
216 227
216 232
216 238
216 240
216 246
216 251
216 253
216 335
217 219
217 220
217 221
217 222
217 227
217 229
217 231
217 235
217 237
217 242
217 244
217 246
217 251
217 342
218 223
218 224
218 225
218 226
218 229
218 230
218 233
218 234
218 237
218 245
218 246
218 250
218 251
218 253
218 336
218 350
219 220
219 222
219 239
219 240
219 241
219 244
219 246
219 254
219 324
220 226
220 227
220 230
220 232
220 235
220 248
221 227
221 239
221 242
221 246
221 247
221 248
221 249
221 250
221 254
222 229
222 234
222 235
222 236
222 239
222 245
222 247
222 249
223 224
223 232
223 234
223 237
223 246
223 248
223 250
223 252
223 319
224 227
224 242
224 249
224 254
225 232
225 238
225 240
225 248
226 232
226 236
226 237
226 238
226 246
226 248
226 250
226 255
227 239
227 323
227 336
228 239
229 232
229 235
229 237
229 241
229 243
229 245
229 246
229 251
229 252
229 253
229 312
230 234
230 236
230 238
230 243
230 246
230 248
230 249
230 252
230 255
230 289
230 293
231 239
231 240
231 245
231 247
231 248
231 249
231 252
232 233
232 235
232 237
232 241
232 243
232 255
232 326
232 333
233 246
233 247
233 253
233 295
234 241
234 243
234 246
234 251
234 255
234 340
235 240
235 242
235 243
235 309
236 239
236 245
236 246
236 320
237 238
237 241
237 242
237 250
237 251
237 252
237 253
237 254
238 240
238 244
238 249
238 251
238 252
238 288
239 247
239 251
239 252
239 254
239 255
239 345
239 350
239 354
240 246
240 248
240 250
240 254
241 253
241 338
242 244
242 245
242 252
242 254
243 245
243 247
244 318
245 247
245 248
245 249
245 252
245 313
245 346
246 250
246 253
248 251
248 253
248 255
250 253
250 255
251 254
252 341
253 255
254 255
255 317
287 307
287 311
287 313
287 315
287 336
287 346
287 347
287 351
287 355
287 356
288 300
288 305
288 316
288 317
288 322
288 342
288 350
288 354
288 357
289 291
289 318
289 322
289 336
289 340
289 342
289 343
289 344
289 350
290 299
290 306
290 309
290 310
290 314
290 315
290 316
290 331
290 341
290 357
291 295
291 296
291 302
291 304
291 316
291 321
291 322
291 330
291 338
291 343
291 350
291 353
292 307
292 309
292 311
292 324
292 326
292 331
292 334
292 335
292 337
292 346
292 354
293 296
293 299
293 300
293 311
293 315
293 321
293 329
293 339
293 348
294 301
294 304
294 308
294 329
294 335
294 348
294 353
294 358
295 297
295 301
295 302
295 304
295 306
295 309
295 317
295 336
295 354
296 300
296 333
296 334
296 351
296 352
297 319
298 308
298 312
298 315
298 322
298 328
298 330
298 332
298 338
298 346
298 353
298 358
299 305
299 320
299 335
300 301
300 304
300 309
300 322
300 323
300 327
300 338
300 345
300 353
300 357
301 303
301 305
301 308
301 309
301 327
301 332
301 336
301 340
301 345
301 346
301 356
302 304
302 305
302 308
302 314
302 340
302 345
302 354
302 356
303 305
303 310
303 312
303 320
303 323
303 325
303 345
303 351
303 353
304 313
304 315
304 342
304 344
304 348
304 350
304 351
304 352
304 354
304 358
305 315
305 340
305 356
306 307
306 314
306 316
306 321
306 325
306 327
306 331
306 342
306 358
307 329
307 341
307 342
307 358
308 309
308 313
308 316
308 326
308 332
308 333
308 335
308 344
308 345
308 346
308 349
308 355
308 356
309 311
309 313
309 315
309 316
309 328
309 329
309 335
309 353
309 357
310 315
310 317
310 321
310 326
310 330
310 332
310 336
310 337
310 342
310 355
310 357
311 325
311 331
311 342
311 346
311 352
312 324
312 330
312 356
312 357
313 317
313 319
313 330
313 337
313 340
313 344
313 351
313 355
314 325
314 334
314 342
314 347
314 349
315 317
315 320
315 327
315 340
315 347
315 352
316 319
316 320
316 322
316 325
316 341
316 343
316 351
317 345
317 353
317 356
318 319
318 322
318 324
318 329
318 337
318 344
318 350
319 335
319 338
319 340
319 342
319 345
319 355
319 357
320 322
320 343
321 331
321 336
321 339
321 340
321 341
321 344
321 347
321 348
322 323
322 326
322 327
322 335
322 352
323 326
323 331
323 334
323 337
323 345
323 346
323 347
323 349
324 339
324 340
324 347
324 349
324 350
325 329
325 333
325 334
325 347
325 352
326 327
326 332
326 334
326 343
326 344
326 351
326 352
326 353
326 358
327 329
327 331
327 334
327 346
327 349
328 335
328 344
328 356
329 333
329 340
329 345
329 347
329 349
329 351
329 353
330 333
330 345
330 348
330 358
331 338
331 346
332 335
332 336
332 338
332 340
332 341
332 349
332 350
332 356
333 339
333 340
333 355
333 358
334 344
334 350
334 354
335 344
335 346
335 348
335 349
335 355
336 339
336 357
337 347
337 349
337 354
338 344
338 357
339 342
339 349
339 351
340 344
340 345
340 351
340 352
340 355
340 358
342 343
342 344
342 349
342 352
342 353
343 348
343 355
344 350
344 352
344 353
344 358
345 350
346 358
347 349
347 355
348 358
349 352
351 352
351 353
351 356
351 358
352 356
354 355