0 36
0 41
0 64
0 105
0 172
0 200
0 213
0 265
0 370
0 384
1 77
1 249
1 322
2 15
2 23
2 30
2 67
2 330
3 17
3 34
3 113
3 187
3 236
3 324
3 373
4 24
4 47
4 58
4 93
4 148
4 308
4 311
4 362
5 17
5 171
5 178
5 215
5 247
5 350
5 361
5 369
6 14
6 91
6 101
6 111
6 326
6 363
7 32
7 59
7 182
7 184
7 185
7 241
8 15
8 130
8 176
8 224
8 333
8 346
8 364
9 63
9 147
9 122
9 243
9 336
9 339
9 346
9 365
9 366
10 28
10 38
10 40
10 251
10 344
10 352
11 28
11 127
11 213
11 219
12 26
12 29
12 56
12 132
12 108
12 334
12 364
13 111
13 119
13 156
13 211
13 227
13 263
13 241
13 329
13 362
14 17
14 20
14 27
14 102
14 376
15 49
15 102
15 105
15 140
15 209
16 86
16 114
16 170
16 243
16 324
17 201
17 221
17 329
17 334
17 369
17 376
18 41
18 56
18 181
18 218
18 330
19 31
19 87
19 112
19 240
19 335
19 357
20 28
20 30
20 128
20 164
21 25
21 35
21 106
21 142
21 196
21 261
21 267
21 322
21 335
21 367
22 45
22 142
22 197
22 224
22 337
23 41
23 51
23 146
23 167
23 181
23 199
23 229
23 340
23 346
23 367
24 58
24 70
24 130
24 223
24 315
25 43
25 148
25 111
25 157
25 222
25 331
25 367
26 48
26 76
26 85
26 97
26 120
26 306
26 312
26 367
27 36
27 42
27 159
27 355
28 104
28 141
28 345
29 84
29 112
29 261
29 249
29 352
30 45
30 47
30 129
30 130
30 139
30 200
30 205
30 230
30 344
31 142
31 176
32 35
32 191
33 133
33 207
33 326
33 364
34 43
34 45
34 49
34 100
34 140
34 195
34 231
34 330
34 336
34 345
34 358
35 41
35 56
35 89
35 105
35 120
35 223
35 352
35 355
36 48
36 93
36 332
36 376
36 388
37 44
37 61
37 66
37 99
37 122
37 216
37 360
38 54
38 218
39 62
39 209
39 357
40 140
40 143
40 174
40 238
40 329
40 367
41 88
41 143
41 353
41 370
42 209
42 234
43 46
43 175
43 220
43 256
44 52
44 108
44 163
44 167
44 244
45 125
46 179
46 236
47 69
47 141
47 155
47 218
47 314
47 328
47 337
48 51
48 101
48 140
48 142
48 144
48 326
49 58
49 137
49 124
49 167
49 232
49 328
50 72
50 149
50 254
51 104
51 149
51 226
51 354
52 91
52 95
52 108
52 193
52 331
53 81
53 307
54 59
54 67
54 90
54 98
54 181
54 333
54 365
55 60
55 102
55 110
55 201
55 231
55 262
55 350
56 71
56 80
56 105
56 185
56 371
57 75
57 103
57 160
57 373
58 71
58 82
58 187
58 206
58 328
58 345
59 87
59 95
59 97
59 128
59 156
59 162
60 65
60 82
60 112
60 157
60 178
60 215
60 344
60 356
60 370
61 84
61 85
61 98
61 101
61 152
61 179
61 210
61 338
61 346
62 79
62 81
62 84
62 148
62 163
62 205
62 335
63 88
63 101
63 124
63 174
63 181
63 267
63 324
64 67
64 77
64 145
64 312
65 91
65 210
66 90
66 155
66 349
66 358
66 361
67 81
67 93
67 97
67 100
67 146
67 269
67 241
67 329
68 105
68 119
68 176
68 209
68 317
68 344
68 347
69 103
69 136
69 153
69 213
69 227
70 76
70 96
70 121
71 78
71 103
71 131
71 140
71 159
71 328
71 352
72 87
72 155
72 161
72 192
72 348
72 359
73 78
73 112
73 179
73 238
73 246
73 330
73 359
74 85
74 96
74 101
74 138
74 122
74 155
74 164
74 188
74 240
75 105
75 199
75 262
75 255
75 365
76 238
76 314
76 347
76 388
77 79
77 143
77 263
77 233
77 332
78 80
78 85
78 94
78 99
78 136
78 158
79 83
79 87
79 96
79 138
79 154
79 168
79 169
79 237
80 99
80 172
80 219
80 332
80 341
81 88
81 99
81 138
81 116
81 123
81 225
81 236
81 319
81 353
82 84
82 98
82 103
82 104
82 130
82 232
82 309
82 366
83 192
83 228
83 244
84 87
84 170
84 236
84 344
85 86
85 136
85 189
85 192
85 223
85 314
85 330
85 356
85 362
86 98
86 106
86 109
86 187
86 194
86 238
86 329
86 379
86 384
87 92
87 150
87 325
88 93
88 198
88 215
88 269
89 95
89 126
89 303
89 355
90 91
90 181
90 187
90 266
90 347
91 92
91 130
91 112
91 203
91 316
91 329
92 95
92 133
92 151
92 349
92 364
93 95
93 204
93 368
94 95
94 215
95 158
95 175
95 223
95 292
95 323
95 366
96 105
96 133
96 206
96 250
96 346
97 99
97 236
97 333
98 171
98 242
98 252
98 364
98 377
99 135
99 120
99 238
99 314
99 325
99 387
100 131
100 118
100 375
101 161
101 269
101 251
102 231
103 160
103 213
103 229
103 347
103 354
103 362
104 132
104 153
104 177
104 186
104 296
104 325
105 175
106 159
106 312
128 144
128 116
128 222
128 239
128 315
129 130
129 120
129 176
129 258
129 233
129 359
130 108
130 159
130 193
130 306
131 136
131 111
131 124
131 227
131 360
131 392
132 138
132 123
132 311
132 362
132 392
133 119
133 315
133 317
134 122
134 161
134 171
134 268
134 325
134 355
134 363
134 365
135 168
135 183
135 195
135 317
135 333
135 360
136 265
136 309
137 140
137 113
137 260
137 247
138 108
138 113
138 116
138 196
138 241
138 255
138 371
139 143
139 149
139 184
139 337
140 144
140 108
140 153
140 181
140 223
140 247
140 308
140 351
140 375
140 391
141 119
141 237
141 366
142 226
142 238
142 249
142 326
142 342
143 124
143 228
143 339
143 386
143 390
144 119
144 188
144 217
144 247
144 339
145 114
145 248
146 149
146 114
146 122
146 215
147 321
147 341
147 347
147 372
148 127
148 159
148 227
148 261
148 266
148 269
149 159
149 181
149 225
149 310
149 327
149 345
149 365
149 373
149 391
107 115
107 123
107 176
107 227
107 266
107 237
108 112
108 155
108 160
108 251
108 357
109 163
109 318
110 113
110 161
110 172
110 251
110 331
110 392
111 216
112 234
112 253
112 255
112 324
112 333
112 344
112 358
112 363
113 116
113 119
113 190
113 221
113 267
113 239
113 349
114 120
114 344
115 156
115 195
115 199
115 236
115 313
115 376
116 117
116 204
116 313
116 349
117 126
117 345
117 379
118 157
118 177
118 205
118 213
118 214
118 261
118 367
119 154
119 173
119 361
120 153
120 167
120 233
120 237
120 332
120 368
121 201
121 209
121 351
122 210
123 234
123 300
124 209
124 221
124 357
124 377
125 153
125 175
125 216
125 254
125 324
125 370
125 385
126 155
126 164
126 177
126 211
126 269
126 239
126 307
127 192
127 313
127 340
127 359
150 221
150 355
150 364
151 196
151 230
151 232
151 364
151 370
152 164
152 211
152 223
152 263
152 235
152 310
152 316
152 339
153 194
153 337
155 167
155 209
155 229
155 352
155 353
155 364
155 351
156 171
156 208
157 215
157 234
158 349
158 356
159 202
159 265
159 334
159 337
161 173
161 176
161 188
161 211
161 215
161 258
161 311
161 333
161 340
162 197
162 202
162 228
162 336
163 252
164 185
164 189
164 214
164 228
164 366
165 191
165 197
165 209
165 243
165 244
165 363
166 204
166 249
166 353
166 356
166 373
166 386
167 203
167 215
167 377
167 384
168 195
168 312
168 313
168 339
168 346
168 347
169 337
169 349
169 359
170 254
171 214
171 230
171 269
171 270
171 236
171 321
171 338
171 344
171 368
172 202
172 267
172 364
172 351
173 182
173 201
173 245
174 258
174 254
174 351
175 206
175 375
176 189
176 211
176 362
177 211
177 222
177 243
177 344
177 354
178 222
178 231
178 269
179 185
179 237
179 309
179 338
179 345
180 199
180 259
181 188
181 358
182 216
182 239
182 343
182 363
183 188
183 226
184 188
184 199
184 227
184 237
184 367
185 193
185 213
185 337
186 194
186 199
186 218
186 232
187 212
187 220
187 225
187 230
187 308
188 269
188 252
190 194
190 239
190 334
190 359
191 193
191 219
191 264
192 254
192 321
193 230
193 317
193 323
193 331
193 362
194 242
194 333
194 345
194 349
195 224
195 257
195 263
196 225
196 251
196 319
197 255
197 335
197 342
197 363
197 365
198 236
198 252
198 347
198 356
200 248
200 325
200 328
200 389
201 215
201 242
201 250
201 356
202 221
202 224
202 330
202 340
203 207
203 306
203 361
204 207
204 319
204 329
204 349
204 356
205 206
205 208
205 221
205 248
206 219
206 221
206 260
206 242
206 254
206 353
207 261
207 240
208 219
208 223
208 264
208 370
209 356
210 222
211 246
211 307
211 321
211 356
211 367
212 240
212 384
213 214
213 223
213 346
213 356
215 322
215 326
215 350
215 360
215 365
216 347
216 356
216 377
217 220
217 242
217 328
217 364
217 376
218 219
218 220
218 252
218 359
220 224
221 360
221 361
221 370
222 240
222 328
222 333
222 356
222 372
222 392
223 269
224 314
224 365
224 351
225 336
226 336
226 367
227 384
228 234
228 252
228 308
228 344
228 360
229 237
229 334
229 338
229 353
229 358
229 370
229 374
231 368
256 265
256 308
256 335
256 383
257 260
257 247
257 251
257 338
258 235
258 239
258 315
258 339
259 242
259 367
260 249
260 251
261 263
261 233
261 325
261 369
261 377
262 328
263 317
263 321
263 347
263 355
263 368
264 358
265 328
265 337
265 344
266 324
266 353
266 359
267 234
267 339
267 344
267 353
268 234
268 350
269 247
269 250
269 359
269 360
269 363
269 370
270 250
270 348
270 367
232 274
233 364
234 309
234 314
234 350
236 245
236 361
237 331
237 348
237 392
238 240
238 362
238 385
239 245
239 360
240 241
240 334
240 335
240 340
240 366
241 249
241 341
241 343
242 368
243 360
244 253
244 360
245 350
246 250
246 318
246 342
247 345
247 359
248 309
249 253
249 357
250 368
251 313
252 337
252 349
252 368
252 370
252 392
253 324
253 343
253 375
254 334
255 327
255 355
255 362
271 278
271 346
272 278
272 285
272 298
272 299
272 303
272 353
273 277
273 291
273 301
273 333
273 347
274 293
274 326
274 329
274 356
274 365
276 287
276 291
276 341
276 384
277 278
277 351
278 280
278 294
278 329
278 337
279 291
279 359
279 389
280 291
280 333
280 380
281 347
282 296
282 300
282 325
282 363
283 353
283 357
284 297
284 298
284 360
285 368
285 376
286 289
286 354
287 321
287 353
288 326
288 345
288 363
288 389
289 291
290 304
290 341
290 349
290 392
291 295
291 341
291 355
292 297
292 298
292 332
292 367
293 326
293 356
294 334
294 345
294 347
295 299
296 303
296 377
298 299
298 309
299 344
299 357
299 372
300 322
300 345
300 376
301 349
301 370
302 347
302 355
302 351
303 317
303 324
303 332
303 342
303 343
303 388
304 333
304 345
304 361
304 384
305 344
305 355
306 311
306 325
306 334
306 343
306 347
306 358
306 392
307 362
307 372
308 340
308 346
308 367
309 316
309 342
309 353
309 362
309 369
309 351
310 319
310 331
310 334
310 340
310 348
310 349
310 385
311 343
312 325
313 357
314 321
314 325
314 345
314 346
314 352
315 318
315 341
315 352
315 355
315 370
315 386
316 319
316 329
316 333
316 338
316 367
317 345
317 356
317 365
319 331
319 337
319 359
319 363
319 365
319 370
320 332
320 341
320 347
320 368
321 333
321 339
321 366
322 338
322 347
322 348
322 374
323 324
323 364
323 392
325 352
325 355
325 388
326 362
326 384
327 355
327 380
327 391
328 329
328 330
328 348
328 364
328 351
328 376
329 338
329 343
329 344
330 354
330 368
330 387
331 349
332 340
332 355
333 347
333 370
334 354
335 373
335 375
336 377
337 356
337 362
337 366
337 367
337 370
337 392
338 348
338 354
338 355
338 370
340 352
340 372
341 365
343 354
343 372
344 347
344 362
345 357
345 366
345 389
347 361
347 366
347 370
349 388
350 365
352 357
352 358
352 376
352 384
354 390
355 356
355 362
355 392
357 377
361 366
363 367
363 368
365 351
367 373
367 385
368 378
370 391
351 389
372 390
373 391
375 387
376 387
376 388
377 383
378 389
378 390
379 382
379 386
379 387
380 388
380 389
380 392
380 391
382 386
383 386
384 389
385 391
386 390
387 391
389 391