1 9
6 10
7 23
8 335
9 15
11 14
15 28
23 30
34 49
34 52
35 99
39 42
39 49
45 46
129 115
130 117
130 127
54 81
56 95
58 83
59 94
59 105
60 112
60 119
61 104
63 65
67 102
67 110
69 112
71 72
73 109
73 113
75 98
78 91
79 94
81 97
84 105
85 108
87 93
93 105
97 105
102 113
132 203
132 260
133 194
133 239
138 169
140 215
140 247
142 163
145 188
147 204
147 239
147 253
148 163
149 157
150 245
151 252
152 201
152 233
152 263
153 256
153 262
154 160
156 186
156 210
157 232
157 264
158 179
159 262
160 211
161 164
164 229
165 256
168 178
168 184
169 207
169 264
170 175
174 235
183 203
184 214
185 223
186 242
189 265
191 216
192 193
193 209
194 253
195 206
197 202
198 209
199 231
200 258
200 260
209 240
210 217
217 235
218 260
220 259
241 254
268 287
269 295
271 334
272 282
272 286
272 307
272 333
273 308
273 327
274 295
275 276
275 286
275 326
275 331
277 283
277 312
277 318
278 299
278 327
279 330
280 324
280 340
281 288
281 296
282 286
282 288
282 292
285 296
285 327
286 291
286 335
288 308
288 321
289 315
289 337
289 340
291 297
291 303
291 304
291 319
292 310
293 315
294 328
295 302
295 305
297 316
297 329
297 336
298 322
299 334
299 340
300 319
301 324
304 305
304 308
304 309
304 326
305 308
308 311
309 330
318 329
319 330
322 334
323 330
325 329
328 337
329 330
332 337
333 334
389 366
393 375
394 370
347 379
352 354
353 360
354 356
357 369
359 379
366 382
367 382