0 26
0 36
0 41
0 53
0 57
0 76
0 98
0 105
0 110
0 113
0 118
0 282
0 404
0 409
0 519
0 490
1 6
1 7
1 10
1 14
1 16
1 23
1 24
1 34
1 51
1 54
1 68
1 81
1 99
1 107
1 110
1 111
1 116
1 119
1 406
1 411
1 419
1 422
1 444
1 448
1 529
1 598
1 459
1 467
2 6
2 12
2 13
2 19
2 30
2 37
2 46
2 49
2 53
2 70
2 71
2 73
2 74
2 88
2 94
2 97
2 260
2 252
2 591
2 492
2 509
3 7
3 15
3 16
3 18
3 20
3 21
3 49
3 53
3 59
3 61
3 64
3 65
3 76
3 79
3 82
3 93
3 97
3 112
3 113
3 285
3 244
3 416
3 598
3 510
4 5
4 12
4 18
4 21
4 24
4 28
4 29
4 31
4 33
4 36
4 42
4 43
4 45
4 49
4 52
4 62
4 73
4 74
4 75
4 76
4 77
4 81
4 84
4 88
4 109
4 114
4 117
4 327
4 370
4 409
5 16
5 18
5 23
5 29
5 55
5 64
5 67
5 69
5 72
5 74
5 79
5 80
5 89
5 99
5 110
5 113
5 115
5 265
5 510
6 23
6 25
6 27
6 35
6 41
6 42
6 55
6 57
6 60
6 64
6 65
6 66
6 71
6 75
6 78
6 93
6 95
6 104
6 106
6 212
6 260
6 264
6 331
6 341
6 599
6 615
6 477
6 506
7 12
7 13
7 17
7 31
7 36
7 51
7 52
7 66
7 68
7 69
7 72
7 73
7 91
7 95
7 96
7 105
7 111
7 260
7 287
7 317
7 607
7 461
7 464
7 644
8 9
8 11
8 12
8 34
8 36
8 60
8 70
8 71
8 72
8 73
8 89
8 119
8 267
8 271
8 274
8 293
9 21
9 38
9 39
9 40
9 48
9 51
9 54
9 57
9 60
9 62
9 64
9 77
9 78
9 79
9 83
9 85
9 92
9 105
9 108
9 111
9 280
9 253
9 309
9 317
9 421
9 533
9 584
9 473
10 15
10 23
10 25
10 27
10 31
10 34
10 39
10 40
10 48
10 53
10 58
10 63
10 64
10 70
10 75
10 79
10 94
10 103
10 105
10 107
10 111
10 114
10 116
10 267
10 295
10 303
10 328
10 354
10 368
10 517
10 533
10 554
10 556
10 582
10 607
10 485
10 625
10 635
11 12
11 17
11 20
11 36
11 40
11 44
11 46
11 48
11 80
11 85
11 101
11 379
11 408
11 569
11 455
12 17
12 27
12 32
12 36
12 45
12 57
12 58
12 64
12 70
12 81
12 82
12 88
12 89
12 91
12 94
12 96
12 106
12 107
12 116
12 169
12 253
12 309
12 332
12 361
12 439
12 560
12 582
13 22
13 44
13 57
13 64
13 65
13 68
13 72
13 74
13 75
13 81
13 84
13 101
13 113
13 114
13 116
13 145
13 191
13 266
13 320
13 339
13 346
13 354
13 576
13 475
14 24
14 26
14 40
14 46
14 78
14 79
14 109
14 116
14 118
14 258
14 277
14 308
14 369
14 375
14 410
14 465
14 489
14 499
15 18
15 21
15 29
15 43
15 47
15 52
15 58
15 60
15 73
15 81
15 110
15 115
15 118
15 177
15 269
15 425
15 556
15 456
15 471
16 23
16 30
16 39
16 43
16 53
16 64
16 67
16 73
16 83
16 103
16 109
16 110
16 111
16 113
16 243
16 364
16 447
16 517
16 591
17 24
17 27
17 32
17 35
17 42
17 78
17 82
17 84
17 87
17 95
17 97
17 111
17 146
17 262
17 312
17 368
17 429
17 445
17 551
17 461
17 482
18 24
18 26
18 37
18 45
18 48
18 59
18 65
18 72
18 73
18 74
18 76
18 77
18 83
18 87
18 90
18 99
18 104
18 112
18 114
18 116
18 117
18 221
19 22
19 28
19 34
19 40
19 46
19 63
19 69
19 70
19 75
19 76
19 84
19 94
19 175
19 238
19 289
19 316
19 380
19 382
19 397
19 413
19 612
20 34
20 41
20 49
20 54
20 64
20 65
20 79
20 86
20 88
20 92
20 95
20 106
20 112
20 118
20 265
20 244
20 409
20 574
20 585
20 455
21 22
21 31
21 35
21 36
21 38
21 55
21 59
21 69
21 77
21 81
21 88
21 90
21 102
21 104
21 105
21 116
21 398
21 528
21 561
21 450
22 27
22 38
22 39
22 44
22 47
22 64
22 77
22 84
22 87
22 89
22 107
22 117
22 545
22 616
22 461
22 471
23 28
23 30
23 34
23 64
23 73
23 74
23 80
23 84
23 88
23 89
23 95
23 109
23 116
23 117
23 165
23 345
23 582
23 592
23 507
24 28
24 30
24 40
24 41
24 44
24 47
24 61
24 62
24 90
24 95
24 96
24 104
24 109
24 111
24 119
24 120
24 264
24 282
24 398
24 401
24 405
24 408
24 447
24 525
24 452
24 468
24 484
24 501
25 29
25 37
25 38
25 67
25 70
25 78
25 79
25 81
25 92
25 95
25 96
25 101
25 105
25 115
25 119
25 120
25 264
25 420
25 528
25 586
25 612
26 27
26 31
26 32
26 36
26 37
26 39
26 43
26 49
26 53
26 55
26 75
26 80
26 81
26 84
26 93
26 98
26 107
26 115
26 120
26 131
26 276
26 255
26 421
26 433
26 578
26 590
26 474
26 501
27 46
27 65
27 77
27 90
27 93
27 96
27 110
27 120
27 125
27 274
27 246
27 313
27 316
27 423
27 488
28 31
28 43
28 46
28 47
28 50
28 68
28 74
28 77
28 81
28 83
28 89
28 108
28 109
28 119
28 137
28 261
28 363
28 380
28 639
29 32
29 37
29 53
29 55
29 59
29 60
29 64
29 65
29 89
29 94
29 98
29 101
29 103
29 104
29 278
29 282
29 399
29 428
29 459
30 34
30 48
30 51
30 53
30 54
30 56
30 72
30 79
30 108
30 126
30 264
30 373
30 402
30 418
30 425
30 436
30 535
30 461
30 473
30 498
31 32
31 37
31 38
31 40
31 42
31 44
31 48
31 57
31 59
31 62
31 72
31 83
31 88
31 103
31 106
31 115
31 271
31 245
31 320
31 344
31 415
31 443
31 523
31 536
31 497
31 505
32 38
32 41
32 46
32 47
32 60
32 88
32 94
32 112
32 113
32 120
32 319
32 376
32 442
32 618
32 504
32 505
33 43
33 45
33 49
33 56
33 65
33 66
33 67
33 72
33 93
33 94
33 101
33 195
33 253
33 333
33 338
33 352
33 536
33 577
34 40
34 41
34 50
34 79
34 81
34 83
34 87
34 104
34 110
34 115
34 204
34 614
35 36
35 37
35 39
35 41
35 42
35 45
35 71
35 79
35 86
35 87
35 99
35 114
35 119
35 175
35 368
35 383
35 445
35 447
35 556
35 564
35 597
36 37
36 38
36 41
36 53
36 59
36 64
36 79
36 80
36 83
36 84
36 91
36 115
36 193
36 225
36 427
36 439
36 558
36 471
36 488
36 490
36 627
37 48
37 70
37 82
37 85
37 89
37 99
37 108
37 113
37 282
37 329
37 418
37 424
37 594
38 46
38 47
38 52
38 56
38 62
38 67
38 83
38 87
38 91
38 96
38 99
38 111
38 244
38 252
38 305
38 322
38 381
38 584
38 492
38 646
39 44
39 50
39 55
39 68
39 69
39 91
39 96
39 97
39 105
39 113
39 116
39 299
39 308
39 368
39 532
39 558
39 584
39 607
39 479
39 485
39 626
40 52
40 69
40 75
40 79
40 84
40 97
40 100
40 107
40 117
40 120
40 252
40 327
40 356
40 376
40 383
40 410
40 558
40 590
41 50
41 55
41 62
41 64
41 67
41 75
41 80
41 89
41 91
41 93
41 94
41 96
41 102
41 106
41 107
41 109
41 115
41 280
41 244
41 330
41 440
41 590
41 468
41 506
41 511
42 52
42 66
42 70
42 73
42 74
42 83
42 85
42 91
42 96
42 100
42 101
42 110
42 268
42 318
42 332
42 533
42 563
42 616
42 483
43 53
43 105
43 109
43 110
43 117
43 283
43 324
43 342
43 353
43 392
43 424
43 425
43 446
43 575
43 591
43 605
43 475
43 631
44 49
44 58
44 60
44 62
44 64
44 85
44 95
44 109
44 265
44 255
44 370
44 385
44 421
44 514
44 548
44 560
45 46
45 50
45 61
45 68
45 69
45 78
45 92
45 101
45 106
45 109
45 111
45 118
45 120
45 332
45 338
45 412
45 448
45 576
45 609
45 498
45 505
46 61
46 65
46 79
46 80
46 86
46 98
46 103
46 110
46 250
46 292
46 299
46 303
46 374
46 606
46 510
47 51
47 60
47 63
47 66
47 76
47 82
47 86
47 89
47 93
47 103
47 107
47 109
47 110
47 115
47 119
47 150
47 247
47 248
47 311
47 338
47 447
47 563
47 597
47 598
47 475
47 488
47 643
48 61
48 66
48 68
48 71
48 73
48 80
48 81
48 84
48 88
48 90
48 98
48 99
48 100
48 104
48 110
48 115
48 119
48 298
48 374
48 387
48 392
48 396
48 524
48 607
48 469
49 52
49 85
49 92
49 96
49 106
49 111
49 120
49 305
49 398
49 430
49 601
50 57
50 58
50 64
50 67
50 79
50 80
50 87
50 88
50 102
50 112
50 116
50 283
50 513
50 537
51 53
51 82
51 91
51 94
51 95
51 105
51 166
51 366
51 367
51 591
51 611
51 612
51 482
51 506
51 644
52 55
52 77
52 81
52 85
52 86
52 95
52 99
52 109
52 115
52 267
52 275
52 282
52 296
52 352
52 439
52 445
52 569
53 87
53 90
53 99
53 114
53 115
53 116
53 299
53 341
53 377
53 381
53 584
54 58
54 83
54 85
54 89
54 102
54 118
54 120
54 281
54 289
54 247
54 366
54 540
54 545
54 596
55 61
55 63
55 75
55 87
55 103
55 104
55 106
55 110
55 279
55 392
55 574
55 589
56 58
56 64
56 70
56 71
56 72
56 73
56 76
56 83
56 87
56 88
56 89
56 94
56 102
56 109
56 110
56 113
56 135
56 329
56 600
57 81
57 108
57 112
57 119
57 257
57 288
57 366
57 405
57 526
57 588
57 594
58 76
58 77
58 80
58 81
58 84
58 85
58 86
58 89
58 95
58 102
58 107
58 108
58 118
58 321
58 332
58 538
58 556
58 600
58 496
58 500
59 68
59 71
59 82
59 83
59 104
59 106
59 107
59 114
59 118
59 348
60 86
60 88
60 98
60 111
60 112
60 119
60 217
60 253
60 323
60 361
60 560
61 75
61 83
61 100
61 106
61 114
61 265
61 321
61 339
61 559
61 586
61 463
61 483
62 70
62 74
62 82
62 84
62 88
62 107
62 113
62 288
62 317
62 360
62 389
62 462
62 502
62 644
63 64
63 75
63 81
63 88
63 89
63 100
63 101
63 102
63 288
63 318
63 343
63 385
63 482
64 84
64 85
64 94
64 102
64 262
64 281
64 529
64 594
64 453
64 621
65 66
65 76
65 80
65 93
65 101
65 104
65 108
65 115
65 246
65 571
65 613
65 450
66 71
66 88
66 98
66 100
66 103
66 104
66 113
66 115
66 288
66 295
66 399
66 551
66 596
66 482
66 489
67 75
67 76
67 98
67 100
67 105
67 114
67 115
67 116
67 262
67 351
67 399
67 499
68 89
68 93
68 97
68 100
68 110
68 271
68 278
68 333
68 548
68 549
68 550
68 597
68 627
68 628
69 80
69 84
69 86
69 88
69 94
69 98
69 105
69 106
69 108
69 258
69 277
69 284
69 597
69 490
69 497
70 74
70 78
70 79
70 86
70 87
70 96
70 98
70 105
70 109
70 142
70 311
70 328
70 418
70 471
70 480
70 498
71 72
71 91
71 93
71 96
71 106
71 118
71 119
71 178
71 247
71 341
71 342
71 576
71 484
72 74
72 76
72 91
72 93
72 98
72 106
72 112
72 113
72 115
72 256
72 317
72 393
72 432
72 442
72 450
72 471
72 637
73 85
73 112
73 127
73 265
73 435
73 526
73 545
73 607
74 80
74 87
74 89
74 91
74 93
74 96
74 97
74 106
74 114
74 285
74 253
74 351
74 384
74 399
74 427
74 564
74 565
75 77
75 81
75 84
75 85
75 92
75 109
75 290
75 254
75 352
75 562
76 78
76 94
76 99
76 103
76 106
76 107
76 114
76 118
76 412
76 478
76 502
76 640
76 642
77 78
77 88
77 95
77 96
77 99
77 102
77 111
77 114
77 115
77 118
77 597
77 649
78 88
78 91
78 93
78 96
78 99
78 100
78 103
78 119
78 126
78 260
78 281
78 378
78 390
78 586
78 631
79 97
79 221
79 265
79 279
79 312
79 340
79 398
79 541
79 567
79 611
79 637
80 94
80 96
80 98
80 100
80 102
80 106
80 112
80 115
80 299
80 329
80 363
80 406
80 461
81 89
81 91
81 92
81 108
81 114
81 395
81 408
81 542
81 559
81 634
82 93
82 108
82 110
82 243
82 304
82 385
82 435
82 444
82 558
82 592
82 601
82 625
83 90
83 103
83 195
83 311
83 322
83 330
83 331
83 605
83 478
84 85
84 100
84 111
84 119
84 155
84 325
84 380
84 517
84 531
84 563
84 579
85 94
85 107
85 108
85 110
85 166
85 259
85 278
85 279
85 343
85 378
85 417
85 549
86 88
86 90
86 100
86 104
86 109
86 371
86 556
86 613
86 476
86 496
87 95
87 105
87 108
87 109
87 120
87 178
87 276
87 336
87 342
87 514
88 89
88 100
88 114
88 191
88 237
88 287
88 344
88 352
88 420
88 436
88 554
88 613
88 479
89 90
89 100
89 110
89 294
89 342
89 389
89 540
90 117
90 177
90 446
90 627
91 92
91 94
91 110
91 268
91 277
91 375
91 432
91 555
91 595
91 490
91 635
92 94
92 103
92 112
92 115
92 118
92 314
92 350
92 436
92 512
92 516
92 525
93 96
93 106
93 108
93 112
93 117
93 118
93 182
93 277
93 243
93 336
93 447
94 97
94 112
94 113
94 120
94 286
94 314
94 410
94 440
94 442
94 548
94 460
95 97
95 100
95 107
95 118
95 265
95 385
95 571
95 480
95 484
95 631
96 104
96 117
96 120
96 259
96 522
96 504
97 100
97 102
97 110
97 278
97 286
97 322
97 382
97 529
97 467
97 470
98 99
98 108
98 113
98 200
98 391
98 434
98 438
98 522
98 579
98 641
98 629
99 107
99 109
99 118
99 255
99 370
99 548
99 634
100 105
100 113
100 116
100 223
100 249
100 369
100 434
101 102
101 260
101 290
101 299
101 308
101 363
101 523
101 485
101 625
101 631
102 105
102 112
102 114
102 117
102 270
102 466
102 482
103 113
103 333
103 349
103 543
103 556
103 583
103 467
103 473
103 488
104 109
104 267
104 314
104 362
104 593
105 111
105 115
105 286
105 251
105 309
105 380
105 397
105 598
105 645
106 108
106 109
106 115
106 118
106 120
106 253
106 368
106 416
106 558
106 576
106 592
106 478
106 488
107 108
107 109
107 112
107 113
107 115
107 119
107 267
107 290
107 306
107 420
107 530
107 542
107 581
107 590
107 595
107 486
108 116
108 257
108 338
108 364
108 574
108 475
108 502
109 110
109 120
109 261
109 251
109 332
109 346
109 523
110 259
110 362
110 418
110 519
110 553
111 116
111 282
111 303
111 361
111 381
111 436
111 534
111 543
112 116
112 120
112 320
112 346
112 547
112 617
113 249
113 340
113 427
113 451
113 508
114 259
114 266
114 306
114 312
114 359
114 591
114 481
115 118
115 154
115 243
115 252
115 314
115 428
115 557
115 600
115 466
116 480
117 267
117 278
117 246
117 346
117 556
117 508
118 280
118 329
118 365
118 614
118 499
119 145
119 272
119 279
119 354
119 525
119 532
119 556
119 467
119 478
119 483
119 489
119 639
120 248
120 321
120 396
120 518
120 554
120 573
120 597
120 511
120 644
121 136
121 147
121 170
121 178
121 193
121 198
121 199
121 220
121 221
121 236
121 270
121 349
121 420
121 514
121 557
122 123
122 132
122 143
122 156
122 210
122 213
122 223
122 227
122 234
122 237
122 349
122 374
122 388
122 398
122 400
122 408
122 610
122 474
122 480
122 490
123 136
123 147
123 158
123 168
123 183
123 200
123 207
123 210
123 220
123 221
123 234
123 254
123 358
123 413
123 415
123 539
124 152
124 158
124 179
124 197
124 219
124 237
124 239
124 242
124 300
124 337
124 444
124 578
124 469
124 476
125 138
125 139
125 155
125 168
125 211
125 226
125 324
125 402
125 559
125 485
126 128
126 161
126 164
126 172
126 214
126 217
126 220
126 228
126 236
126 239
126 241
126 438
126 546
126 567
126 605
126 465
127 151
127 164
127 165
127 167
127 195
127 201
127 226
127 238
127 360
127 364
127 375
127 403
127 584
127 606
127 460
127 470
128 140
128 154
128 169
128 180
128 189
128 195
128 203
128 240
128 249
128 292
128 311
128 381
128 534
128 535
128 538
128 644
128 646
128 627
129 137
129 141
129 145
129 150
129 156
129 182
129 189
129 194
129 195
129 198
129 211
129 213
129 250
129 316
129 368
129 418
129 477
129 493
130 140
130 150
130 159
130 164
130 191
130 219
130 226
130 227
130 241
130 282
130 253
130 254
130 318
130 397
130 421
130 436
130 441
130 518
130 509
130 511
131 135
131 147
131 156
131 165
131 171
131 189
131 216
131 223
131 230
131 401
132 133
132 146
132 151
132 173
132 176
132 180
132 182
132 185
132 196
132 198
132 202
132 203
132 218
132 219
132 229
132 378
132 519
132 547
133 137
133 169
133 178
133 192
133 202
133 204
133 232
133 272
133 249
133 312
133 427
133 531
133 504
134 135
134 143
134 151
134 155
134 164
134 168
134 182
134 192
134 225
134 442
134 551
134 608
134 474
134 487
134 635
135 136
135 149
135 163
135 164
135 175
135 196
135 197
135 210
135 211
135 228
135 236
135 241
135 258
135 375
135 378
135 381
135 448
135 559
135 595
135 487
136 137
136 138
136 141
136 161
136 167
136 177
136 182
136 183
136 184
136 186
136 209
136 216
136 222
136 228
136 229
136 234
136 247
136 387
136 599
136 458
136 483
136 488
137 140
137 161
137 171
137 175
137 186
137 204
137 205
137 219
137 238
137 240
137 329
137 579
137 585
138 150
138 152
138 156
138 169
138 186
138 188
138 195
138 211
138 213
138 237
138 238
138 268
138 340
138 344
138 563
138 594
138 600
138 476
139 144
139 179
139 180
139 202
139 206
139 210
139 219
139 222
139 226
139 251
139 401
139 416
140 147
140 148
140 151
140 159
140 162
140 167
140 171
140 175
140 178
140 180
140 185
140 186
140 200
140 202
140 212
140 239
140 262
140 266
140 330
140 403
140 440
140 541
140 566
140 567
140 584
140 610
140 451
140 463
140 633
141 148
141 152
141 159
141 170
141 203
141 212
141 237
141 239
141 275
141 433
142 159
142 166
142 177
142 183
142 187
142 191
142 223
142 235
142 299
142 320
142 566
142 584
142 472
142 492
142 506
143 146
143 150
143 153
143 166
143 205
143 214
143 216
143 268
143 423
143 521
143 530
143 570
143 612
143 458
144 148
144 159
144 160
144 162
144 165
144 175
144 186
144 208
144 222
144 230
144 237
144 239
144 242
144 259
144 317
144 327
144 346
144 368
144 403
144 421
144 566
144 455
145 152
145 155
145 174
145 176
145 178
145 179
145 183
145 188
145 215
145 223
145 231
145 321
145 392
145 405
145 523
145 563
145 456
146 148
146 165
146 173
146 178
146 179
146 181
146 183
146 201
146 267
146 386
146 552
146 557
146 580
146 466
146 474
146 477
147 154
147 172
147 176
147 202
147 203
147 214
147 233
147 349
147 408
147 436
147 514
147 593
147 452
147 503
147 505
148 172
148 177
148 188
148 205
148 294
148 512
149 181
149 190
149 202
149 207
149 237
149 239
149 241
149 264
149 272
149 253
149 370
149 577
150 161
150 162
150 175
150 181
150 193
150 289
150 325
150 629
151 170
151 187
151 188
151 189
151 206
151 211
151 213
151 229
151 280
151 248
151 572
152 156
152 207
152 226
152 273
152 254
152 302
152 324
152 332
152 516
152 591
152 458
152 643
153 156
153 170
153 176
153 209
153 212
153 217
153 226
153 239
153 324
153 328
153 331
153 372
153 390
153 559
153 623
154 156
154 157
154 164
154 169
154 170
154 183
154 188
154 199
154 201
154 212
154 214
154 219
154 220
154 236
154 241
154 272
154 253
154 339
154 372
154 404
154 412
154 526
155 156
155 163
155 174
155 175
155 200
155 207
155 225
155 226
155 229
155 231
155 239
155 269
155 357
155 562
155 498
155 634
156 160
156 161
156 166
156 215
156 216
156 217
156 230
156 235
156 240
156 269
156 360
156 377
156 389
156 412
156 455
156 458
156 495
157 161
157 172
157 196
157 221
157 228
157 233
157 241
157 458
157 459
157 486
158 163
158 165
158 173
158 191
158 200
158 204
158 209
158 221
158 322
158 522
158 541
158 558
158 464
158 470
159 195
159 197
159 198
159 204
159 211
159 213
159 241
159 344
159 597
159 464
159 642
160 164
160 166
160 175
160 210
160 228
160 236
160 240
160 260
160 262
160 280
160 284
160 301
160 394
160 429
160 550
160 551
160 466
160 472
161 164
161 166
161 188
161 199
161 203
161 214
161 229
161 230
161 241
161 312
161 551
162 200
162 201
162 213
162 236
162 238
162 266
162 272
162 305
162 325
162 329
162 357
162 384
162 404
162 476
162 498
163 198
163 200
163 209
163 210
163 214
163 240
163 241
163 281
163 245
163 250
163 255
163 402
163 415
163 424
163 576
164 182
164 204
164 210
164 212
164 233
164 264
164 415
164 422
164 519
164 560
164 471
164 501
164 624
165 166
165 176
165 195
165 206
165 232
165 240
165 316
165 401
165 415
165 442
165 573
165 464
165 474
166 171
166 174
166 205
166 219
166 223
166 225
166 226
166 227
166 276
166 279
166 296
166 330
166 337
166 384
166 524
166 564
167 182
167 185
167 186
167 191
167 192
167 207
167 217
167 233
167 256
167 329
167 639
168 171
168 185
168 191
168 199
168 219
168 242
168 264
168 248
168 255
168 332
168 381
168 398
168 428
168 470
168 490
169 173
169 188
169 193
169 196
169 199
169 208
169 223
169 226
169 227
169 238
169 242
169 268
169 245
169 343
169 368
169 431
169 523
169 555
169 580
169 595
169 604
169 605
169 463
169 501
170 176
170 184
170 194
170 220
170 223
170 256
170 260
170 249
170 318
170 419
170 460
171 183
171 196
171 206
171 208
171 213
171 215
171 220
171 228
171 314
171 381
171 559
171 561
171 595
171 606
171 612
171 490
172 195
172 236
172 237
172 309
172 334
172 361
172 428
172 539
172 613
172 470
172 474
172 487
173 185
173 214
173 275
173 286
173 399
173 461
173 490
173 621
174 195
174 199
174 209
174 215
174 217
174 219
174 240
174 253
174 307
174 317
174 552
174 605
175 199
175 214
175 241
175 271
175 278
175 283
175 357
175 584
175 586
175 469
176 180
176 193
176 194
176 198
176 209
176 216
176 224
176 228
176 231
176 236
176 237
176 316
176 343
176 444
176 531
176 548
176 560
176 587
176 475
177 190
177 203
177 208
177 209
177 219
177 223
177 227
177 297
177 428
177 565
177 594
177 494
178 195
178 200
178 211
178 215
178 235
178 270
178 283
178 250
178 345
178 364
178 404
178 519
178 489
178 498
178 507
178 620
179 192
179 214
179 216
179 245
179 358
179 428
179 429
179 528
179 600
179 505
179 636
180 183
180 187
180 189
180 190
180 193
180 197
180 207
180 232
180 268
180 365
180 540
180 450
180 474
181 187
181 197
181 199
181 204
181 208
181 210
181 214
181 225
181 241
181 248
181 399
181 527
181 609
182 203
182 216
182 232
182 233
182 237
182 358
182 376
182 388
183 191
183 197
183 198
183 200
183 209
183 214
183 221
183 225
183 229
183 230
183 242
183 270
183 276
183 298
183 370
183 425
183 542
183 552
183 598
184 209
184 213
184 219
184 221
184 225
184 230
184 234
184 240
184 287
184 252
184 396
184 435
185 189
185 204
185 225
185 236
185 269
185 284
185 351
185 391
185 557
185 606
185 456
185 496
186 214
186 240
186 291
186 330
186 387
186 436
186 558
186 450
186 505
187 193
187 211
187 214
187 218
187 225
187 229
187 269
187 348
187 424
187 533
187 535
187 549
187 642
187 627
188 198
188 206
188 213
188 224
188 227
188 234
188 292
188 337
188 517
188 522
188 601
188 492
188 494
189 194
189 206
189 215
189 216
189 218
189 221
189 237
189 247
189 323
189 393
189 417
189 529
190 195
190 230
190 238
190 241
190 270
190 370
190 558
190 567
190 573
191 193
191 196
191 203
191 218
191 224
191 354
191 514
191 604
191 613
191 614
192 198
192 201
192 203
192 205
192 208
192 218
192 220
192 223
192 268
192 271
192 286
192 303
192 331
192 523
192 607
192 615
192 616
192 467
192 642
192 649
193 220
193 229
193 230
193 236
193 237
193 433
193 592
193 490
193 492
193 510
193 648
193 634
194 200
194 203
194 204
194 212
194 229
194 238
194 260
194 291
194 368
194 379
194 404
194 407
194 584
194 459
194 620
195 196
195 199
195 210
195 211
195 238
195 239
195 277
195 307
195 513
195 604
195 464
196 200
196 202
196 220
196 238
196 292
196 312
196 327
196 335
196 361
197 207
197 216
197 217
197 224
197 231
197 233
197 235
197 238
197 249
197 358
197 535
197 595
197 626
198 225
198 234
198 272
198 609
198 613
198 457
198 459
198 473
198 503
199 209
199 216
199 221
199 223
199 225
199 229
199 245
199 434
199 556
199 608
200 207
200 210
200 220
200 227
200 235
200 243
200 328
200 345
200 591
201 209
201 210
201 212
201 214
201 223
201 224
201 230
201 238
201 239
201 311
201 545
201 463
202 217
202 227
202 233
202 237
202 254
202 295
202 300
202 321
202 379
202 435
202 442
202 527
202 529
202 459
203 211
203 213
203 304
203 580
203 474
203 647
203 625
204 208
204 219
204 221
204 236
204 244
204 380
204 419
204 550
204 607
204 499
205 212
205 223
205 236
205 263
205 249
205 295
205 376
205 401
205 439
205 482
206 208
206 211
206 214
206 232
206 233
206 238
206 241
206 242
206 320
206 347
206 412
206 558
206 473
206 625
206 632
207 217
207 224
207 235
207 236
207 241
207 335
207 457
207 463
207 629
208 232
208 240
208 436
208 542
208 610
208 613
208 466
209 220
209 223
209 242
209 290
209 301
209 312
209 327
209 418
209 439
209 445
210 212
210 216
210 237
210 258
210 272
210 369
210 399
210 419
210 521
210 535
210 460
211 213
211 224
211 242
211 291
211 255
211 387
211 532
211 540
211 549
211 613
211 471
211 472
211 648
212 223
212 224
212 233
212 286
212 315
212 334
212 365
212 526
212 554
212 556
212 563
212 576
213 236
213 255
213 323
213 522
213 595
213 462
214 223
214 234
214 372
214 537
214 593
215 230
215 338
215 449
215 517
216 233
216 256
216 271
216 311
216 388
216 402
216 571
216 596
216 598
216 615
216 461
217 221
217 228
217 248
217 336
217 430
217 440
217 557
217 567
217 611
217 619
217 622
218 227
218 236
218 264
218 271
218 244
218 250
219 249
219 407
219 531
219 578
219 611
220 230
220 241
220 242
220 257
220 279
220 280
220 332
220 338
220 387
220 414
220 448
220 546
220 599
220 601
220 511
221 222
221 227
221 238
221 241
221 265
221 286
221 293
221 315
221 346
221 428
221 536
221 583
221 584
221 593
221 633
222 233
222 234
222 275
222 291
222 542
222 610
223 224
223 226
223 411
223 446
223 532
223 541
223 590
223 463
223 479
223 485
224 233
224 265
224 370
224 389
224 402
224 422
224 442
224 446
224 516
224 573
224 605
224 510
225 236
225 240
225 318
225 370
225 376
225 421
225 516
225 535
225 557
225 473
225 507
226 234
226 265
226 273
226 349
226 552
226 475
227 228
227 232
227 238
227 326
227 598
227 462
227 473
227 474
227 510
228 237
228 238
228 299
228 468
228 483
229 235
229 238
229 244
229 297
229 414
229 548
230 236
230 242
230 291
230 246
230 377
230 414
230 515
230 550
230 591
230 609
230 511
231 242
231 271
231 459
231 648
231 649
232 252
232 371
232 374
232 538
232 483
232 491
233 240
233 288
233 245
233 307
233 339
233 344
233 389
233 394
233 423
233 557
233 599
233 611
234 236
234 280
234 253
234 292
234 293
234 401
234 527
235 239
235 240
235 244
235 254
235 336
235 374
235 413
235 607
236 271
236 413
236 497
236 648
237 279
237 365
237 433
237 554
237 577
237 506
238 284
238 320
238 545
238 576
239 260
239 318
239 319
239 323
239 339
239 489
239 622
240 260
240 285
240 248
240 250
240 303
240 322
240 334
240 352
240 374
240 561
240 593
240 609
240 451
240 464
240 644
241 242
241 256
241 286
241 310
241 344
241 365
241 434
241 562
241 587
241 454
241 507
242 284
242 344
242 517
242 478
256 259
256 262
256 264
256 266
256 272
256 279
256 283
256 288
256 243
256 248
256 251
256 253
256 254
256 302
256 339
256 355
256 364
256 378
256 396
256 413
256 518
256 539
256 540
256 566
256 603
256 609
257 259
257 260
257 262
257 268
257 270
257 273
257 274
257 275
257 276
257 278
257 284
257 285
257 287
257 245
257 251
257 299
257 305
257 373
257 420
257 425
257 433
257 436
257 522
257 543
257 606
258 267
258 269
258 271
258 272
258 276
258 285
258 286
258 243
258 244
258 246
258 247
258 251
258 255
258 307
258 377
258 389
258 468
258 624
259 260
259 261
259 262
259 265
259 271
259 275
259 278
259 280
259 283
259 285
259 287
259 288
259 289
259 248
259 249
259 253
259 319
259 380
259 390
259 424
259 484
259 510
260 266
260 271
260 272
260 275
260 277
260 283
260 288
260 246
260 253
260 254
260 255
260 305
260 366
260 395
260 404
260 408
260 533
260 463
261 263
261 264
261 265
261 266
261 268
261 273
261 276
261 282
261 243
261 249
261 252
261 314
261 315
261 323
261 331
261 350
261 361
261 434
261 437
261 577
261 479
261 641
261 644
261 619
262 269
262 272
262 288
262 245
262 246
262 298
262 300
262 357
262 445
262 547
262 579
262 453
262 494
262 636
263 265
263 266
263 270
263 276
263 277
263 278
263 281
263 284
263 290
263 243
263 296
263 307
263 390
263 399
263 420
263 428
263 519
263 575
263 600
263 603
263 612
263 648
264 274
264 276
264 280
264 283
264 284
264 287
264 288
264 289
264 291
264 243
264 251
264 296
264 300
264 310
264 319
264 398
264 429
264 556
264 612
264 617
264 486
264 644
265 284
265 286
265 253
265 359
265 384
265 392
265 411
265 555
265 563
265 568
265 570
266 268
266 270
266 271
266 276
266 284
266 286
266 287
266 245
266 251
266 351
266 353
266 442
266 544
266 558
266 569
266 575
266 591
266 608
266 476
266 622
266 625
267 273
267 276
267 280
267 281
267 283
267 284
267 285
267 286
267 291
267 245
267 250
267 253
267 296
267 303
267 370
267 415
267 537
267 572
267 493
267 622
268 269
268 271
268 282
268 284
268 286
268 288
268 289
268 244
268 246
268 247
268 248
268 249
268 252
268 253
268 255
268 330
268 339
268 393
268 395
268 524
268 560
268 564
268 586
268 600
268 501
269 272
269 273
269 278
269 280
269 288
269 243
269 247
269 248
269 253
269 315
269 392
269 406
269 428
269 532
269 568
269 584
269 453
269 460
269 476
269 502
269 639
270 271
270 275
270 278
270 243
270 247
270 248
270 255
270 314
270 326
270 556
270 451
270 475
271 273
271 280
271 243
271 244
271 252
271 305
271 320
271 326
271 380
271 405
271 406
271 420
271 435
271 548
271 588
271 456
271 479
271 645
271 647
272 273
272 275
272 279
272 281
272 283
272 288
272 300
272 310
272 337
272 382
272 407
272 529
272 574
272 474
272 497
272 504
273 276
273 287
273 246
273 253
273 255
273 420
273 447
273 528
273 583
273 594
273 477
274 275
274 276
274 245
274 246
274 326
274 348
274 349
274 363
274 395
274 535
274 550
274 553
274 554
274 504
275 277
275 278
275 279
275 280
275 286
275 288
275 291
275 248
275 250
275 251
275 300
275 303
275 416
275 521
275 568
275 594
275 479
275 511
275 624
276 278
276 282
276 286
276 287
276 291
276 245
276 330
276 341
276 343
276 346
276 404
276 408
276 513
276 531
276 540
276 618
276 644
276 628
277 278
277 280
277 282
277 286
277 243
277 292
277 300
277 358
277 369
277 396
277 445
277 516
277 537
277 538
277 548
277 587
277 474
277 490
277 493
277 647
278 280
278 283
278 285
278 288
278 290
278 243
278 244
278 245
278 248
278 255
278 304
278 386
278 394
278 416
278 417
278 420
278 429
278 568
278 588
278 600
278 602
278 607
278 460
278 471
278 489
278 492
278 499
278 503
278 505
279 283
279 287
279 288
279 291
279 244
279 245
279 246
279 249
279 252
279 343
279 362
279 428
279 443
279 445
279 528
279 547
279 568
279 603
279 490
279 509
279 645
279 648
279 628
280 283
280 288
280 291
280 243
280 247
280 254
280 255
280 360
280 437
280 559
280 565
280 569
281 291
281 255
281 301
281 344
281 360
281 407
281 421
281 545
281 615
281 638
282 286
282 248
282 253
282 255
282 330
282 331
282 360
282 361
282 362
282 368
282 402
282 427
282 519
282 597
282 636
283 247
283 250
283 254
283 301
283 316
283 360
283 393
283 398
283 521
283 526
283 587
283 470
283 648
283 635
284 286
284 288
284 289
284 244
284 254
284 255
284 300
284 332
284 387
284 413
284 418
284 436
284 449
284 512
284 517
284 529
284 532
284 549
284 560
284 590
284 479
285 286
285 291
285 243
285 246
285 248
285 416
285 596
285 599
285 608
285 615
285 459
285 620
286 288
286 253
286 255
286 295
286 349
286 388
286 441
286 570
286 602
286 454
286 455
286 466
286 477
286 481
286 487
286 494
287 243
287 246
287 252
287 253
287 523
287 593
287 455
287 641
288 291
288 249
288 250
288 252
288 253
288 367
288 398
288 413
288 539
288 569
288 596
288 614
288 616
288 450
288 456
288 478
288 488
288 497
288 630
288 633
288 639
289 243
289 244
289 248
289 304
289 323
289 357
289 362
289 376
289 405
289 416
289 442
289 567
289 576
289 610
289 464
290 244
290 252
290 306
290 317
290 335
290 363
290 372
290 385
290 399
290 551
290 562
290 600
290 470
290 642
290 645
290 620
291 247
291 248
291 249
291 320
291 506
291 634
243 245
243 251
243 252
243 342
243 421
243 433
243 523
243 542
243 553
243 574
243 582
243 586
243 610
243 618
243 460
243 492
243 645
244 247
244 251
244 305
244 342
244 414
244 438
244 542
244 585
244 475
244 476
244 480
244 623
245 251
245 253
245 316
245 344
245 380
245 406
245 562
245 567
245 579
245 605
245 646
245 639
246 251
246 252
246 253
246 254
246 306
246 446
246 516
246 588
246 590
246 614
246 619
247 252
247 410
247 418
247 444
247 447
247 582
247 462
247 648
248 251
248 254
248 302
248 322
248 568
248 602
248 608
248 450
248 485
248 510
248 637
249 253
249 306
249 360
249 368
249 371
249 381
249 400
249 413
249 417
249 440
249 550
249 593
249 470
249 494
249 503
249 649
250 251
250 252
250 335
250 343
250 357
250 395
250 402
250 440
250 516
250 584
250 602
250 499
250 621
251 322
251 353
251 387
251 396
251 528
251 536
251 548
251 455
251 488
251 494
252 253
252 391
252 392
252 424
252 445
252 517
252 555
252 593
252 455
252 632
253 292
253 299
253 385
253 426
253 529
253 541
253 550
253 569
253 474
253 479
254 255
254 307
254 380
254 401
254 405
254 411
254 415
254 444
254 516
254 517
254 519
254 556
254 570
254 575
254 583
254 475
254 496
254 505
254 624
255 332
255 372
255 386
255 404
255 449
255 512
255 618
255 485
255 501
292 293
292 295
292 296
292 319
292 355
292 363
292 369
292 377
292 392
292 403
292 405
292 413
292 414
292 430
292 438
292 444
292 448
292 449
293 294
293 299
293 309
293 312
293 328
293 344
293 354
293 355
293 359
293 366
293 385
293 388
293 409
293 424
293 430
293 431
293 446
294 301
294 313
294 315
294 351
294 352
294 360
294 377
294 396
294 397
294 399
294 413
294 436
294 441
294 615
295 314
295 319
295 323
295 337
295 359
295 384
295 395
295 410
295 411
295 412
295 413
295 416
295 428
295 433
295 434
295 547
295 465
295 473
296 303
296 317
296 320
296 321
296 322
296 323
296 330
296 357
296 369
296 378
296 396
296 399
296 405
296 406
296 408
296 411
296 423
296 429
296 433
296 600
296 493
296 645
296 647
297 301
297 306
297 326
297 332
297 371
297 378
297 379
297 381
297 390
297 407
297 408
297 409
297 418
297 426
297 432
297 596
297 604
298 328
298 331
298 336
298 337
298 347
298 352
298 360
298 361
298 374
298 392
298 410
298 413
298 423
298 426
298 433
298 434
298 435
299 308
299 314
299 317
299 318
299 325
299 328
299 336
299 342
299 356
299 374
299 389
299 399
299 411
299 412
299 416
299 428
299 429
299 431
299 435
299 437
299 449
299 538
299 617
299 500
299 511
300 313
300 327
300 347
300 348
300 350
300 354
300 355
300 358
300 381
300 387
300 400
300 425
300 427
300 434
300 438
300 443
300 446
300 448
300 569
300 455
300 642
301 304
301 309
301 314
301 327
301 333
301 334
301 362
301 374
301 387
301 404
301 413
301 423
301 425
301 439
301 447
302 306
302 313
302 314
302 322
302 334
302 344
302 354
302 356
302 363
302 370
302 377
302 385
302 391
302 411
302 412
302 421
302 426
302 431
302 433
302 446
302 449
303 309
303 323
303 326
303 362
303 377
303 380
303 384
303 399
303 413
303 414
303 415
303 419
303 422
303 432
303 436
303 447
303 599
304 310
304 314
304 317
304 340
304 348
304 353
304 364
304 365
304 366
304 380
304 386
304 387
304 406
304 408
304 422
304 431
304 432
304 433
304 440
304 444
304 446
304 534
304 552
305 315
305 330
305 332
305 336
305 341
305 360
305 362
305 371
305 390
305 391
305 398
305 403
305 409
305 413
305 414
305 427
305 481
305 629
306 311
306 319
306 346
306 350
306 361
306 362
306 388
306 392
306 396
306 399
306 400
306 406
306 415
306 427
306 433
306 436
306 440
306 544
306 494
307 311
307 312
307 314
307 315
307 338
307 348
307 362
307 368
307 380
307 409
307 423
307 426
307 440
307 441
307 447
307 544
307 467
307 500
308 310
308 334
308 337
308 355
308 364
308 370
308 372
308 381
308 394
308 396
308 398
308 412
308 420
308 433
308 436
308 439
309 316
309 318
309 333
309 343
309 370
309 373
309 383
309 390
309 394
309 409
309 414
309 419
309 428
309 438
309 439
309 449
309 606
309 505
309 620
310 316
310 327
310 329
310 335
310 339
310 345
310 357
310 368
310 370
310 372
310 375
310 380
310 387
310 401
310 405
310 414
310 423
310 431
310 436
310 441
310 518
310 472
310 639
311 316
311 331
311 338
311 341
311 352
311 373
311 387
311 399
311 401
311 404
311 405
311 410
311 411
311 432
311 433
311 443
311 599
311 478
311 491
312 318
312 324
312 329
312 331
312 332
312 335
312 336
312 338
312 347
312 349
312 350
312 362
312 364
312 402
312 403
312 406
312 426
312 428
312 432
312 434
312 435
312 442
312 446
312 449
313 317
313 342
313 346
313 348
313 357
313 360
313 376
313 381
313 403
313 409
313 410
313 411
313 417
313 430
313 442
313 527
313 471
313 497
314 324
314 325
314 336
314 340
314 351
314 364
314 369
314 384
314 386
314 393
314 415
314 424
314 436
314 439
314 445
314 523
315 351
315 358
315 364
315 365
315 367
315 368
315 373
315 376
315 383
315 386
315 389
315 400
315 406
315 414
315 418
315 428
315 436
315 437
315 442
315 443
315 447
315 448
315 549
315 461
315 636
316 317
316 324
316 326
316 327
316 334
316 342
316 364
316 373
316 390
316 391
316 426
316 428
316 445
316 446
316 457
317 321
317 322
317 329
317 334
317 349
317 367
317 378
317 382
317 386
317 413
317 417
317 421
317 436
317 445
317 523
317 530
317 558
317 635
318 321
318 335
318 338
318 348
318 362
318 369
318 372
318 374
318 375
318 377
318 403
318 404
318 410
318 426
318 441
318 443
318 531
318 607
318 507
318 636
319 321
319 322
319 331
319 342
319 372
319 392
319 415
319 416
319 419
319 431
319 435
320 324
320 339
320 342
320 345
320 360
320 369
320 380
320 384
320 386
320 393
320 396
320 402
320 418
320 420
320 425
320 444
320 448
320 534
320 587
320 456
320 457
320 496
321 360
321 363
321 365
321 371
321 445
321 518
321 552
322 337
322 343
322 350
322 352
322 366
322 379
322 387
322 400
322 407
322 415
322 418
322 430
322 433
322 447
322 534
322 574
323 324
323 332
323 334
323 338
323 341
323 347
323 349
323 359
323 362
323 366
323 377
323 380
323 389
323 418
323 423
323 425
323 427
323 433
323 440
323 441
323 478
323 483
323 630
324 325
324 327
324 328
324 331
324 339
324 354
324 358
324 359
324 374
324 392
324 395
324 396
324 409
324 416
324 419
324 429
324 431
324 442
324 539
324 575
324 453
325 326
325 346
325 349
325 351
325 364
325 365
325 380
325 387
325 408
325 418
325 419
325 420
325 421
325 426
325 430
325 431
325 433
325 437
325 438
326 385
326 395
326 396
326 397
326 405
326 416
326 428
326 439
326 441
326 446
326 544
326 565
326 595
327 331
327 341
327 358
327 377
327 382
327 389
327 401
327 413
327 416
327 419
327 421
327 424
327 426
327 448
328 334
328 335
328 342
328 348
328 352
328 353
328 361
328 368
328 375
328 392
328 396
328 397
328 401
328 402
328 406
328 438
328 440
329 333
329 337
329 347
329 352
329 374
329 381
329 404
329 423
329 424
329 428
329 431
329 433
329 443
329 449
329 550
329 555
329 605
330 333
330 338
330 342
330 347
330 374
330 409
330 414
330 420
330 433
330 443
330 517
330 474
330 489
330 511
331 337
331 338
331 342
331 343
331 346
331 356
331 357
331 381
331 383
331 393
331 395
331 403
331 407
331 408
331 409
331 413
331 415
331 430
331 437
331 438
331 535
332 340
332 347
332 357
332 358
332 371
332 384
332 389
332 390
332 397
332 400
332 408
332 409
332 415
332 422
332 425
332 438
332 443
332 444
332 582
332 464
333 338
333 341
333 366
333 368
333 379
333 390
333 401
333 408
333 413
333 424
333 427
333 435
333 438
333 449
334 336
334 341
334 350
334 352
334 359
334 370
334 373
334 379
334 382
334 389
334 391
334 396
334 398
334 404
334 405
334 407
334 419
334 425
334 445
334 513
334 549
335 346
335 351
335 361
335 368
335 373
335 379
335 400
335 408
335 416
335 422
335 437
335 444
335 448
335 575
335 576
335 592
336 340
336 342
336 355
336 366
336 376
336 378
336 384
336 416
336 420
336 427
336 428
336 431
336 436
336 439
336 446
336 448
336 578
336 590
336 599
336 603
337 341
337 347
337 355
337 359
337 372
337 376
337 387
337 402
337 404
337 413
337 415
337 422
337 436
337 448
337 586
337 450
337 499
338 339
338 340
338 342
338 353
338 358
338 380
338 412
338 419
338 431
338 432
338 437
338 448
339 341
339 346
339 356
339 374
339 375
339 389
339 390
339 394
339 407
339 414
339 416
339 417
339 421
339 422
339 429
339 439
339 445
339 447
339 547
339 608
340 342
340 365
340 371
340 391
340 398
340 399
340 400
340 439
340 444
340 549
340 451
341 350
341 358
341 359
341 370
341 386
341 401
341 402
341 411
341 412
341 421
341 422
341 437
341 444
341 445
341 531
341 611
341 616
341 456
342 351
342 352
342 358
342 362
342 364
342 370
342 395
342 408
342 417
342 420
342 431
342 579
343 351
343 358
343 365
343 366
343 377
343 394
343 399
343 404
343 418
343 421
343 432
343 436
343 439
343 449
343 512
343 523
343 546
343 583
343 465
344 365
344 367
344 373
344 409
344 420
344 429
344 432
344 525
344 577
345 347
345 360
345 364
345 367
345 383
345 388
345 390
345 391
345 401
345 405
345 407
345 410
345 414
345 415
345 417
345 420
345 421
345 428
345 433
345 441
345 448
345 449
345 534
345 539
345 611
345 469
345 621
346 352
346 356
346 364
346 365
346 370
346 388
346 401
346 420
346 432
346 438
346 531
346 468
347 366
347 370
347 374
347 399
347 400
347 426
347 433
347 444
347 445
347 447
347 582
347 480
348 351
348 352
348 354
348 356
348 363
348 364
348 379
348 388
348 390
348 393
348 409
348 421
348 534
348 540
348 473
348 505
349 360
349 361
349 372
349 387
349 392
349 400
349 412
349 416
349 424
349 426
349 435
349 443
349 573
349 491
350 355
350 361
350 370
350 380
350 383
350 384
350 394
350 406
350 407
350 409
350 430
350 433
350 435
350 436
350 441
350 531
350 537
350 465
350 493
351 356
351 361
351 363
351 369
351 370
351 384
351 388
351 391
351 392
351 404
351 408
351 412
351 419
351 429
351 513
351 590
351 509
352 353
352 355
352 364
352 368
352 383
352 388
352 393
352 402
352 426
352 442
353 355
353 360
353 370
353 379
353 385
353 401
353 406
353 408
353 409
353 438
353 439
353 442
354 359
354 363
354 364
354 378
354 383
354 404
354 415
354 420
354 423
354 425
354 432
354 546
354 589
355 360
355 364
355 372
355 375
355 377
355 392
355 397
355 399
355 406
355 411
355 413
355 415
355 426
355 443
355 554
355 476
356 357
356 371
356 372
356 378
356 394
356 395
356 403
356 407
356 414
356 420
356 423
356 431
356 432
356 439
356 445
356 618
356 452
357 367
357 370
357 379
357 384
357 388
357 421
357 438
357 613
357 457
358 382
358 384
358 400
358 424
358 431
358 440
358 443
358 569
358 615
359 373
359 374
359 375
359 380
359 399
359 401
359 421
359 423
359 424
359 429
359 430
359 598
359 459
360 366
360 370
360 377
360 381
360 384
360 394
360 419
360 420
360 430
360 435
360 440
360 615
360 508
361 393
361 401
361 423
361 425
361 435
361 440
361 470
362 366
362 369
362 371
362 381
362 390
362 424
362 445
362 447
362 629
363 368
363 372
363 376
363 382
363 384
363 393
363 418
363 435
363 447
363 606
363 451
364 376
364 377
364 378
364 379
364 382
364 383
364 385
364 389
364 391
364 395
364 400
364 408
364 414
364 436
364 441
364 442
364 551
364 586
364 592
364 468
364 472
364 503
365 367
365 375
365 376
365 402
365 406
365 408
365 423
365 441
365 446
366 368
366 378
366 381
366 386
366 395
366 400
366 401
366 418
366 435
366 474
367 368
367 371
367 378
367 380
367 386
367 391
367 395
367 401
367 411
367 427
367 428
367 438
367 519
368 378
368 406
368 432
368 433
368 434
368 543
368 599
368 470
368 471
369 375
369 382
369 388
369 406
369 409
369 421
369 425
369 430
369 438
369 541
369 546
369 501
370 389
370 395
370 396
370 397
370 408
370 412
370 413
370 415
370 425
370 432
370 448
370 548
370 577
371 387
371 415
371 471
372 379
372 392
372 403
372 421
372 427
372 436
372 449
372 578
372 589
373 393
373 402
373 408
373 412
373 432
373 441
373 447
373 531
373 457
374 386
374 387
374 403
374 424
374 435
374 438
374 443
374 561
374 479
375 385
375 390
375 392
375 398
375 405
375 413
375 434
375 435
375 531
375 567
376 390
376 413
376 417
376 421
376 430
376 434
376 436
376 570
377 379
377 390
377 393
377 399
377 410
377 416
377 431
377 436
377 439
377 550
377 575
377 503
377 649
377 635
378 390
378 391
378 393
378 394
378 397
378 423
378 424
378 426
378 430
378 515
378 549
378 566
378 575
378 582
379 386
379 397
379 444
379 567
379 488
380 383
380 409
380 413
380 421
380 426
380 430
380 445
381 387
381 391
381 398
381 401
381 409
381 411
381 417
381 423
381 440
381 577
381 455
381 481
382 384
382 387
382 404
382 419
382 427
382 429
382 439
382 601
383 385
383 393
383 394
383 397
383 400
383 441
383 449
383 548
383 610
383 503
384 396
384 411
384 423
384 430
384 438
384 449
384 571
384 471
385 403
385 418
385 475
385 477
386 397
386 406
386 413
386 424
386 434
386 517
387 388
387 393
387 394
387 396
387 405
387 418
387 426
387 446
387 556
387 462
387 468
388 395
388 396
388 399
388 404
388 409
388 414
388 417
388 418
388 425
388 427
389 391
389 405
389 406
389 408
389 410
389 422
389 430
389 431
389 437
389 446
389 547
389 572
389 585
389 488
390 393
390 404
390 416
390 420
390 430
390 437
390 443
390 444
390 584
391 400
391 401
391 414
391 416
391 418
391 430
391 438
391 442
391 447
391 563
392 394
392 416
392 420
392 426
392 429
392 430
392 588
393 396
393 407
393 408
393 415
393 426
393 436
393 492
393 640
394 397
394 398
394 401
394 406
394 414
394 420
394 423
394 483
394 508
395 399
395 418
395 420
395 424
395 449
395 518
395 451
395 647
396 399
396 402
396 404
396 424
396 427
396 434
396 449
396 512
396 515
396 612
396 484
396 621
397 400
397 402
397 403
397 405
397 406
397 407
397 409
397 412
397 425
397 445
397 446
397 612
398 399
398 404
398 422
398 428
398 518
398 533
399 409
399 414
399 441
399 514
399 466
399 468
399 487
400 401
400 419
400 422
400 438
400 443
400 445
401 404
401 407
401 408
401 409
401 423
401 428
401 430
401 435
401 441
401 446
401 531
402 409
402 418
402 419
402 431
402 441
402 443
402 444
402 445
402 525
402 477
402 639
403 407
403 410
403 412
403 422
403 430
403 434
403 437
403 446
403 548
403 549
403 470
404 407
404 423
404 425
404 445
405 418
405 427
405 429
405 434
405 615
406 413
406 414
406 425
406 434
406 437
406 481
407 415
407 417
407 419
407 420
407 433
407 436
407 442
407 446
407 580
407 587
407 490
407 491
407 626
408 412
408 428
408 430
408 431
408 530
408 576
408 497
409 411
409 418
409 419
409 421
409 434
409 445
409 501
410 413
410 430
410 436
410 441
410 519
410 549
410 496
411 413
411 429
411 440
411 448
411 591
412 425
412 447
412 570
412 580
412 611
412 459
412 474
412 632
413 422
413 449
413 540
413 595
414 417
414 426
414 434
414 534
414 537
414 510
415 424
415 442
415 443
415 447
415 514
416 419
416 424
417 439
417 442
417 454
417 469
417 645
417 631
418 436
418 438
418 442
418 448
418 531
418 487
419 420
419 445
419 446
419 526
420 433
420 437
420 438
420 439
420 446
420 518
420 528
420 601
420 453
420 482
421 427
421 526
421 531
421 450
421 476
422 434
422 438
422 448
422 595
422 601
422 603
422 645
422 629
423 426
423 438
423 445
423 509
424 431
424 432
424 444
424 448
425 426
425 427
425 443
425 447
426 427
426 433
426 434
426 442
426 582
427 431
427 432
427 437
427 550
427 561
427 496
428 434
428 435
429 430
429 432
429 568
429 470
429 636
430 446
430 470
430 478
431 434
431 438
431 522
432 526
432 542
433 444
433 447
433 550
433 603
433 490
433 498
434 438
434 473
435 436
435 437
435 438
435 586
436 521
436 535
436 584
436 599
437 440
437 441
437 446
437 449
437 521
437 535
437 599
437 608
437 615
437 643
438 439
438 441
438 449
438 596
439 557
439 558
440 442
440 522
440 483
441 569
441 468
441 510
442 444
442 575
443 446
443 447
443 566
444 463
445 536
445 453
445 481
445 497
446 447
446 541
446 547
446 494
447 523
447 598
448 470
449 596
512 517
512 518
512 519
512 522
512 539
512 547
512 560
512 565
512 569
512 573
512 577
512 613
512 478
512 480
512 501
512 504
513 527
513 543
513 557
513 570
513 585
513 589
513 592
513 596
513 604
513 450
513 468
513 476
513 478
513 486
513 487
513 495
513 647
514 516
514 527
514 563
514 566
514 577
514 594
514 604
514 476
514 477
515 517
515 519
515 539
515 543
515 563
515 564
515 571
515 578
515 590
515 462
515 468
515 479
515 486
515 501
515 511
516 525
516 545
516 548
516 568
516 571
516 574
516 593
516 600
516 605
516 611
516 454
516 465
516 471
516 478
516 494
516 499
516 500
517 529
517 548
517 565
517 583
517 590
517 598
517 614
517 468
517 486
517 492
517 497
518 542
518 563
518 567
518 589
518 594
518 596
518 458
518 461
518 466
518 467
518 470
518 480
518 497
518 498
518 499
518 500
518 504
518 507
519 520
519 523
519 528
519 541
519 570
519 583
519 597
519 599
519 610
519 615
519 616
519 457
519 463
519 469
519 479
519 493
519 501
519 504
519 506
519 508
520 523
520 528
520 532
520 565
520 580
520 585
520 597
520 605
520 608
520 454
520 456
520 465
520 467
520 473
520 493
520 499
520 506
520 619
521 525
521 549
521 550
521 553
521 559
521 585
521 454
521 499
521 509
521 642
521 647
522 523
522 530
522 533
522 536
522 544
522 548
522 565
522 571
522 451
522 454
522 462
522 468
522 470
523 526
523 545
523 546
523 547
523 562
523 580
523 609
523 614
523 451
523 462
523 471
523 481
524 546
524 557
524 559
524 583
524 593
524 596
524 612
524 453
524 474
524 483
524 495
524 496
525 550
525 570
525 579
525 604
525 613
525 453
525 454
525 467
525 472
525 497
525 499
525 505
526 542
526 551
526 562
526 583
526 596
526 608
526 616
526 456
526 486
526 487
526 488
526 492
526 496
526 500
526 504
527 542
527 557
527 578
527 584
527 586
527 598
527 600
527 607
527 611
527 472
527 479
527 488
527 498
527 499
527 507
528 540
528 546
528 564
528 587
528 457
528 459
528 462
528 476
528 479
528 494
528 496
528 504
528 506
529 533
529 554
529 558
529 567
529 571
529 585
529 463
529 464
529 467
529 481
529 485
529 495
529 499
530 537
530 543
530 564
530 574
530 576
530 586
530 591
530 460
530 468
530 471
530 479
530 480
530 643
531 533
531 549
531 557
531 564
531 566
531 569
531 572
531 593
531 609
531 494
531 500
531 503
531 507
532 533
532 546
532 564
532 582
532 583
532 592
532 595
532 607
532 610
532 478
532 481
532 482
532 633
533 536
533 554
533 562
533 585
533 611
533 451
533 452
533 454
533 455
533 484
533 486
533 490
533 492
533 494
533 503
533 508
534 535
534 544
534 567
534 569
534 575
534 601
534 603
534 613
534 475
534 483
534 486
535 554
535 555
535 560
535 571
535 581
535 593
535 594
535 612
535 614
535 616
535 460
535 466
535 473
535 478
535 490
535 507
535 508
535 511
535 623
536 546
536 598
536 455
536 477
536 487
536 493
536 503
536 505
536 508
537 544
537 578
537 601
537 604
537 610
537 611
537 612
537 615
537 453
537 459
537 464
537 468
537 474
537 482
537 486
537 502
538 555
538 564
538 569
538 580
538 487
538 496
538 508
539 542
539 546
539 554
539 565
539 570
539 578
539 593
539 598
539 600
539 601
539 615
539 618
539 458
539 460
539 466
539 471
539 491
540 571
540 576
540 580
540 450
540 452
540 456
540 464
540 503
540 621
541 564
541 571
541 577
541 601
541 608
541 450
541 463
541 478
541 490
542 544
542 576
542 581
542 587
542 591
542 597
542 603
542 608
542 616
542 617
542 462
542 464
542 467
542 483
542 494
542 497
542 500
542 503
542 504
542 508
543 576
543 587
543 595
543 602
543 609
543 454
543 455
543 456
543 464
543 469
543 471
543 485
543 493
543 495
543 499
543 502
543 629
544 548
544 556
544 558
544 574
544 581
544 591
544 461
544 463
544 470
544 488
544 489
544 493
544 497
544 507
544 508
545 578
545 593
545 614
545 450
545 455
545 456
545 466
545 468
545 477
545 479
545 491
545 494
546 548
546 617
546 451
546 463
546 469
546 493
546 497
546 499
547 554
547 562
547 569
547 592
547 594
547 610
547 611
547 613
547 455
547 463
547 465
547 496
547 637
548 560
548 562
548 583
548 600
548 454
548 456
548 464
548 475
548 477
548 501
549 554
549 556
549 560
549 568
549 578
549 612
549 615
549 451
549 466
549 475
549 476
549 496
549 502
549 507
549 511
550 564
550 567
550 586
550 609
550 610
550 614
550 615
550 482
550 489
550 491
550 503
551 561
551 581
551 600
551 612
551 458
551 459
551 465
551 471
551 473
551 476
551 479
551 488
551 493
551 494
551 496
551 500
551 501
551 506
552 560
552 571
552 574
552 582
552 585
552 599
552 609
552 485
552 488
553 554
553 564
553 572
553 581
553 590
553 591
553 592
553 603
553 617
553 458
553 459
553 461
553 463
553 494
553 502
554 564
554 576
554 601
554 452
554 455
554 484
554 492
554 496
554 500
554 501
555 568
555 574
555 584
555 589
555 591
555 595
555 596
555 605
555 606
555 462
555 475
555 477
555 483
555 498
555 510
556 572
556 593
556 616
556 618
556 451
556 458
556 460
556 462
556 470
556 480
556 488
556 490
557 571
557 572
557 593
557 611
557 466
557 474
557 481
557 488
558 567
558 570
558 571
558 572
558 580
558 597
558 600
558 609
558 464
558 477
558 482
558 486
559 560
559 565
559 569
559 459
559 472
559 474
559 499
559 501
560 574
560 585
560 466
560 468
560 470
560 472
560 480
560 485
561 568
561 585
561 586
561 612
561 450
561 458
561 463
561 465
561 471
561 479
561 500
561 503
561 504
561 511
562 574
562 575
562 584
562 592
562 598
562 603
562 484
563 564
563 567
563 580
563 599
563 603
563 605
563 471
563 486
563 505
564 565
564 463
564 467
564 469
564 474
564 477
565 577
565 579
565 604
565 611
565 614
565 470
565 497
566 586
566 595
566 601
566 613
566 451
566 466
566 469
566 475
566 477
566 491
567 569
567 572
567 576
567 583
567 588
567 591
567 596
567 604
567 605
567 615
567 452
567 454
567 489
567 491
567 506
568 574
568 582
568 590
568 597
568 602
568 609
568 468
568 471
568 494
569 591
569 605
569 612
569 451
569 457
569 465
569 482
569 505
570 577
570 579
570 592
570 604
570 607
570 610
570 614
570 457
570 465
570 481
570 495
570 500
570 630
571 574
571 595
571 596
571 599
571 604
571 457
571 461
571 468
571 471
571 497
571 499
571 501
572 595
572 611
572 474
572 505
573 612
573 616
573 465
573 468
573 471
573 482
573 504
573 511
574 586
574 589
574 602
574 615
574 455
574 460
574 480
574 488
574 508
575 585
575 586
575 590
575 603
575 612
575 452
575 497
576 590
576 594
576 602
576 607
576 609
576 610
576 462
576 493
577 610
577 460
577 465
577 477
577 491
577 493
577 623
578 596
578 610
578 616
578 462
578 463
578 474
578 482
578 495
579 586
579 587
579 454
579 457
579 476
579 484
579 486
579 492
579 643
580 584
580 590
580 601
580 614
580 461
580 474
580 486
580 497
580 498
580 506
581 469
581 472
581 493
581 494
581 495
581 499
581 500
581 503
581 505
582 600
582 618
582 452
582 456
582 478
582 489
582 495
582 505
582 648
583 462
583 481
583 497
583 502
584 607
584 475
584 505
585 588
585 595
585 610
585 461
585 466
585 472
585 478
585 480
586 589
586 593
586 613
586 472
586 503
586 643
587 617
587 450
587 458
587 467
587 622
588 597
588 598
588 605
588 608
588 612
588 486
589 597
589 610
589 451
589 469
589 470
589 474
589 493
590 611
590 451
590 464
590 485
590 494
590 503
591 599
591 616
591 468
591 477
591 500
591 503
592 492
592 502
593 596
593 612
593 616
593 472
593 482
593 485
593 487
593 489
593 508
594 450
594 451
594 461
594 466
594 478
594 479
595 616
595 480
595 494
595 503
595 508
596 451
596 462
596 465
596 506
597 603
597 605
597 615
597 459
597 461
597 470
597 480
597 483
597 489
597 494
597 495
598 608
598 466
598 494
598 505
598 506
598 621
599 455
599 505
599 510
600 609
600 458
600 464
600 469
600 471
600 480
600 486
600 503
601 602
601 606
601 476
601 501
601 508
602 604
602 608
602 618
602 472
602 473
602 488
602 489
602 497
602 506
602 509
603 453
603 458
603 471
604 612
604 615
604 491
604 503
604 506
605 615
605 479
605 493
605 494
605 510
605 511
606 618
606 463
606 465
606 475
606 480
606 497
606 501
606 511
607 450
607 451
607 472
607 475
607 483
607 495
607 499
608 610
608 455
608 485
608 499
608 638
609 456
609 464
609 466
609 473
609 491
609 495
609 503
610 611
610 618
610 453
610 455
610 467
610 468
610 492
611 450
611 459
611 473
611 478
611 479
611 483
611 489
611 502
611 504
612 451
612 452
612 453
612 456
612 464
612 474
612 478
612 480
612 493
612 508
612 641
613 456
613 458
613 475
613 476
613 482
613 484
613 491
613 495
614 471
614 481
614 641
615 618
615 463
615 493
615 499
616 618
616 455
616 464
616 473
616 482
616 504
616 506
616 508
616 509
617 453
617 470
617 483
618 458
618 462
618 466
618 471
618 477
618 495
450 459
450 501
451 458
451 460
451 466
451 470
451 495
451 496
452 465
452 479
452 480
452 496
452 499
453 455
453 483
453 485
453 486
453 494
453 497
453 507
454 457
454 458
454 481
454 489
455 462
455 479
455 488
455 504
456 498
457 466
457 474
457 487
457 492
457 494
457 501
457 504
457 505
458 467
458 478
458 489
458 510
459 471
459 502
459 510
460 467
460 487
460 488
460 497
460 500
460 506
461 463
461 466
461 475
461 479
461 501
462 474
462 478
462 509
463 464
463 472
463 490
463 496
464 483
464 490
464 498
464 500
464 510
464 511
464 626
465 494
466 481
466 490
467 499
467 505
468 491
468 504
469 476
469 491
470 499
470 503
470 511
471 487
471 497
471 502
472 474
472 478
472 482
473 476
473 499
475 477
475 500
476 496
476 500
477 491
477 492
478 488
478 495
478 507
479 482
479 510
480 506
481 483
481 484
481 505
482 486
482 487
482 502
482 648
483 493
483 496
483 509
485 499
486 488
486 501
486 505
486 632
487 488
487 503
488 505
489 491
489 508
490 491
490 493
490 499
490 503
491 507
491 508
492 495
492 496
493 510
493 511
493 640
494 501
495 498
495 503
495 509
496 506
497 502
498 508
500 501
500 509
502 510
502 648
508 631
640 620
640 633
640 639
641 619
641 625
642 629
642 632
643 620
643 622
643 627
643 633
644 647
644 648
645 619
645 620
645 625
645 632
645 633
646 627
646 630
646 631
647 648
647 633
647 635
648 619
648 623
648 625
648 626
648 628
648 632
648 636
649 625
649 636
649 639
619 623
619 631
619 633
619 637
620 622
620 630
620 633
620 635
620 637
621 634
621 636
621 638
622 624
622 625
622 634
622 636
623 632
623 637
627 629
627 635
627 636
628 632
628 633
628 636
629 630
629 631
629 634
630 634
630 636
630 637
632 635
633 634
633 638