0 36
0 41
1 41
1 48
1 85
1 735
2 18
2 57
2 80
3 15
3 59
4 41
4 69
6 8
6 18
6 50
7 10
7 13
7 83
8 12
8 72
10 43
10 73
11 27
11 37
11 78
12 30
12 40
13 16
13 48
13 68
14 71
14 73
15 33
15 80
15 82
15 86
16 50
16 699
17 70
17 85
18 42
18 81
19 25
20 33
20 40
21 26
22 45
22 52
22 62
23 51
24 84
25 70
25 94
26 37
27 30
27 38
27 40
27 54
28 61
29 42
29 47
30 59
32 54
32 84
33 43
33 47
34 85
34 571
35 54
36 64
37 39
37 78
38 41
38 81
39 67
40 50
40 55
40 69
40 80
40 84
44 50
45 54
46 52
46 64
46 80
50 178
53 59
53 61
57 63
61 69
62 63
62 76
62 85
66 591
72 77
75 84
76 79
77 829
78 80
78 86
81 801
87 176
87 197
87 233
87 299
87 344
88 94
88 131
88 225
88 320
88 336
88 347
89 138
89 252
89 291
90 121
90 124
90 136
90 217
90 221
90 249
90 412
91 136
91 171
91 212
91 219
91 326
92 139
92 206
92 242
92 392
93 98
93 101
93 112
93 139
93 164
93 166
93 179
93 249
93 253
93 295
93 344
93 353
94 124
94 245
94 307
94 339
94 369
94 389
95 145
95 147
95 153
95 162
95 404
95 407
96 105
96 235
96 267
96 289
96 329
96 345
96 369
96 400
97 153
97 207
97 241
97 264
97 336
98 155
98 230
98 311
98 316
98 332
98 390
99 115
99 150
99 177
99 331
99 337
99 350
99 411
100 134
100 145
100 191
100 197
100 241
100 420
101 271
101 306
102 175
102 183
102 227
102 300
102 330
103 120
103 152
103 409
104 105
104 183
104 187
104 188
104 203
104 231
104 272
104 370
105 188
105 220
105 233
105 259
105 307
105 374
105 407
105 422
106 141
106 229
106 344
106 358
106 367
106 408
107 130
107 152
107 185
107 259
107 269
107 273
107 347
107 395
108 125
108 127
108 140
108 241
108 336
109 211
109 334
109 366
110 209
110 244
110 333
110 389
110 403
111 118
111 137
111 190
111 215
111 280
111 288
111 373
112 135
112 143
112 207
112 264
112 267
112 280
112 310
112 326
112 361
113 216
113 280
113 342
113 370
114 176
114 230
114 232
115 212
115 291
116 163
116 179
116 183
116 204
116 272
116 291
116 325
116 381
116 421
117 121
117 229
117 235
117 278
117 306
117 370
118 120
118 136
118 143
118 151
118 199
118 205
118 377
118 408
119 123
119 245
119 303
119 325
119 384
119 390
119 391
119 406
120 143
120 195
120 254
120 276
120 374
120 387
120 394
121 174
121 199
121 243
121 335
121 338
121 356
121 373
122 175
123 159
123 242
123 255
123 285
123 332
123 336
123 370
123 374
123 403
124 163
124 281
124 392
125 140
125 150
125 225
125 258
125 286
125 312
125 324
125 373
125 376
126 306
126 310
127 141
127 155
127 185
127 191
127 216
127 294
127 310
127 324
127 369
128 218
128 234
129 242
129 260
129 344
129 346
129 397
130 146
130 371
131 146
131 165
131 203
131 223
131 233
131 234
131 390
132 293
132 316
132 337
132 354
133 359
133 414
134 196
134 286
135 156
135 238
135 239
135 317
135 328
136 162
136 170
136 276
136 294
136 342
136 352
136 394
136 419
136 421
137 157
137 171
137 282
137 310
137 338
137 358
138 265
138 364
138 417
139 150
139 334
139 403
140 169
140 284
140 371
140 410
141 314
141 389
142 157
142 224
142 245
142 283
142 305
142 333
142 358
143 223
143 325
143 387
143 416
144 222
144 263
144 293
144 418
145 290
145 324
146 151
146 152
146 265
146 283
146 298
146 377
147 175
147 276
147 305
147 369
147 372
147 399
147 412
148 168
148 218
148 244
148 247
148 270
148 274
148 275
148 345
149 185
149 188
149 193
149 200
149 285
150 166
150 213
150 229
150 257
150 267
150 299
150 318
150 333
150 385
150 405
151 159
151 167
151 171
151 238
151 293
151 342
151 384
151 421
152 209
152 237
152 276
152 318
152 414
153 201
153 249
153 270
153 278
153 286
153 318
153 367
154 182
154 203
155 420
156 190
156 201
156 203
156 209
156 270
156 303
156 415
157 194
157 322
157 330
157 357
158 160
158 166
158 229
158 230
158 287
158 295
158 310
158 352
159 194
159 211
159 237
159 247
159 297
160 416
161 184
161 188
161 199
161 312
162 396
163 180
163 241
163 249
163 271
163 414
164 181
164 237
164 239
164 289
164 410
165 176
165 407
165 422
166 256
166 317
167 193
167 247
167 261
167 362
168 204
168 304
168 305
168 308
169 172
169 256
169 276
169 316
170 249
170 372
171 301
171 307
172 306
172 319
173 240
173 330
173 417
173 420
174 188
174 195
174 211
175 218
175 277
175 287
175 372
175 391
176 282
177 186
177 204
177 305
177 361
177 380
178 238
178 257
178 258
178 342
178 362
178 376
178 422
179 238
179 361
179 379
180 217
180 260
180 269
180 313
180 349
180 370
181 196
181 222
181 230
181 263
181 369
182 234
182 281
182 348
182 387
183 190
183 235
183 253
183 276
183 289
183 310
183 311
183 334
183 388
183 395
183 403
184 296
184 398
184 405
185 279
185 315
185 341
185 345
186 219
186 245
186 285
186 286
186 289
186 404
187 189
187 224
187 296
187 342
187 361
188 213
188 360
188 381
188 402
188 403
189 264
189 365
190 207
190 238
190 392
190 411
191 202
191 284
191 365
191 378
191 392
192 210
192 227
192 301
192 356
192 367
193 211
194 335
194 369
194 404
195 246
195 285
195 332
195 390
195 392
196 199
196 228
196 242
196 320
196 358
196 368
197 247
197 257
197 285
198 273
198 274
198 300
198 308
198 313
198 384
199 293
199 306
200 317
200 369
200 405
200 422
201 232
201 278
201 327
201 363
201 374
202 226
202 258
202 384
202 414
203 270
203 292
203 325
203 417
204 261
204 325
204 370
205 269
205 290
205 375
205 392
206 258
206 316
206 389
207 234
207 298
207 318
207 367
207 417
208 252
208 254
208 260
208 304
208 352
208 363
208 381
209 213
209 214
209 277
209 344
209 361
209 397
210 316
210 343
210 367
211 221
211 231
211 287
211 313
213 352
213 359
213 362
214 240
214 267
214 363
214 372
214 382
214 390
215 218
215 254
215 335
216 279
216 294
216 297
216 321
216 337
216 391
216 392
216 422
217 257
217 261
217 422
218 275
218 310
218 337
218 399
218 416
219 345
220 261
220 333
221 278
221 301
221 318
221 331
221 383
221 384
222 290
222 332
222 372
222 378
223 262
223 352
223 398
223 413
224 235
224 252
224 292
224 340
224 411
225 299
226 244
226 292
226 305
227 235
227 353
227 382
227 397
227 399
227 418
228 280
228 281
228 422
229 243
229 307
229 356
229 409
230 256
230 337
230 370
231 276
231 301
231 317
232 284
232 287
232 347
233 250
233 266
233 276
233 325
233 349
233 401
234 285
234 324
235 260
235 285
235 323
235 374
235 398
235 411
236 277
236 354
236 389
237 323
237 342
237 385
238 243
238 260
238 272
238 357
238 374
240 250
240 296
241 248
241 251
241 267
241 324
241 328
241 359
242 263
242 275
242 305
243 346
243 404
244 420
245 291
245 298
245 392
245 393
246 254
246 267
246 396
247 285
247 286
247 319
247 339
247 362
248 403
249 299
249 343
249 373
249 408
250 290
250 305
250 377
250 384
250 385
250 392
251 311
251 371
251 385
251 406
252 284
252 340
252 384
252 417
254 370
254 414
255 313
255 372
255 391
256 285
256 322
256 341
257 385
258 327
258 347
258 380
259 392
259 414
260 281
261 393
262 290
262 295
262 371
263 305
263 328
263 361
263 371
263 392
264 407
264 414
265 292
265 315
265 332
265 387
265 421
266 295
266 376
266 395
267 269
267 337
267 395
268 296
268 328
269 282
269 299
269 373
270 313
270 319
270 374
271 276
271 293
271 363
271 411
272 311
272 360
272 374
273 308
273 364
274 296
274 342
274 360
274 373
274 404
274 405
275 279
275 306
275 336
275 353
276 362
276 418
277 304
277 385
277 390
278 350
278 399
279 309
279 324
279 362
279 398
280 380
281 312
281 323
281 418
282 410
282 411
282 414
283 314
283 339
284 396
285 301
285 331
285 422
286 317
287 288
287 344
287 380
288 303
288 401
290 352
291 317
291 378
291 401
292 293
292 374
292 397
293 309
293 314
294 380
294 403
295 402
296 307
296 333
296 420
297 334
297 364
297 370
298 382
299 318
299 328
299 332
299 366
299 409
299 414
299 420
300 319
300 348
300 420
301 326
301 343
301 348
301 391
301 397
302 320
302 326
302 337
303 395
304 334
305 339
306 378
306 406
307 343
307 376
307 379
307 392
308 337
309 382
310 392
310 404
311 394
311 408
311 413
312 320
312 338
312 403
312 416
314 401
315 403
316 349
316 359
316 365
316 410
317 340
318 327
319 420
321 394
321 412
321 414
322 410
322 411
323 360
323 376
323 411
323 418
324 329
325 349
325 367
325 399
326 356
326 395
328 362
329 340
329 352
329 360
330 357
330 374
330 401
331 360
331 406
332 351
332 399
334 366
334 376
335 382
337 355
337 402
338 402
340 365
341 343
341 376
341 407
342 350
342 414
343 348
343 363
343 402
344 415
345 383
347 351
348 359
348 361
348 375
348 396
352 384
352 395
354 395
355 375
356 363
356 418
357 373
357 392
358 385
359 367
359 397
359 408
361 385
361 397
361 417
363 399
364 396
365 389
366 416
367 368
367 404
369 372
369 387
369 399
370 393
373 404
374 421
375 402
377 415
379 421
380 414
381 383
383 410
386 388
387 389
390 403
391 404
392 414
398 412
411 416
415 419
512 514
512 532
512 538
512 541
512 571
512 592
512 424
512 432
512 483
513 525
513 535
513 571
513 602
513 439
513 451
513 484
513 493
514 531
514 575
514 579
514 588
514 604
514 439
514 470
514 493
514 497
515 523
515 532
515 447
515 486
515 495
515 500
516 549
516 555
516 584
516 593
516 600
516 438
516 447
516 460
516 471
516 488
516 489
517 527
517 530
517 538
517 540
517 545
517 554
517 561
517 567
517 585
517 590
517 604
517 461
517 497
518 523
518 530
518 540
518 569
518 580
518 605
518 425
518 434
518 435
518 436
518 441
518 457
518 469
518 489
518 490
518 711
519 524
519 602
519 457
519 462
519 483
519 486
520 555
520 559
520 587
520 458
520 475
520 485
521 559
521 560
521 569
521 591
521 448
521 472
521 485
521 489
521 491
521 510
522 532
522 566
522 594
522 434
522 471
522 490
522 506
523 533
523 538
523 553
523 554
523 569
523 603
523 427
523 438
523 444
523 451
523 478
523 490
524 526
524 537
524 561
524 581
524 435
524 439
524 445
524 446
524 455
524 463
524 484
524 488
525 539
525 558
525 591
525 458
525 460
525 468
526 538
526 541
526 551
526 587
526 604
526 469
526 471
527 556
527 577
527 427
527 433
527 453
527 488
528 533
528 539
528 568
528 574
528 580
528 606
528 437
528 440
528 468
528 474
529 534
529 548
529 552
529 564
529 577
529 604
529 430
529 453
529 460
529 860
530 541
530 581
530 607
530 456
530 457
530 461
530 469
530 496
530 507
531 545
531 559
531 603
531 452
531 480
531 505
532 560
532 574
532 606
532 607
532 608
532 448
532 475
532 479
532 481
532 492
533 554
533 560
533 569
533 583
533 586
533 592
533 599
533 497
534 539
534 546
534 548
534 569
534 573
534 588
534 456
534 462
535 543
535 572
535 591
535 593
535 599
535 429
535 480
535 497
535 508
536 544
536 555
536 598
536 606
536 430
536 437
536 446
536 463
536 470
536 472
536 484
536 485
536 489
537 549
537 556
537 561
537 565
537 578
537 579
537 595
537 479
537 486
537 508
538 546
538 553
538 555
538 562
538 575
538 576
538 577
538 597
538 608
538 444
539 549
539 565
539 569
539 570
539 585
539 602
539 426
539 444
539 446
539 447
539 456
539 496
539 503
540 544
540 576
540 596
540 609
540 428
540 452
540 460
540 470
540 504
541 549
541 585
541 427
541 467
541 473
541 474
541 495
541 509
542 553
542 603
542 607
542 427
542 442
542 469
542 492
542 510
543 561
543 564
543 581
543 428
543 431
543 433
543 437
543 440
543 463
543 491
543 498
544 549
544 569
544 575
544 579
544 584
544 585
544 586
544 589
544 595
544 432
544 478
545 554
545 557
545 563
545 571
545 579
545 580
545 590
545 440
545 448
545 449
545 450
545 473
545 496
545 510
545 511
546 555
546 559
546 582
546 587
546 602
546 603
546 427
546 433
546 442
546 461
546 465
546 506
547 423
547 425
547 442
547 451
547 476
547 489
548 571
548 438
548 483
548 502
548 511
549 468
549 479
549 489
550 563
550 567
550 587
550 593
550 595
550 446
550 460
550 469
550 473
550 474
550 506
551 556
551 561
551 569
551 451
551 455
551 462
551 484
551 493
551 508
552 574
552 582
552 591
552 594
552 597
552 608
552 428
552 472
552 486
552 493
553 569
553 598
553 599
553 605
553 610
553 428
553 453
553 457
553 465
553 473
553 476
553 489
554 595
554 597
554 599
554 432
554 446
554 450
554 467
554 474
554 479
554 496
555 559
555 563
555 568
555 575
555 598
555 430
555 465
555 487
556 560
556 561
556 424
556 435
556 472
556 482
556 496
557 564
557 566
557 577
557 578
557 585
557 599
557 433
557 436
557 437
557 456
557 480
557 488
557 491
557 493
557 494
557 509
558 584
558 587
558 588
558 593
558 596
558 607
558 436
558 476
558 481
558 503
559 587
559 591
559 429
559 440
559 448
559 457
559 473
559 475
559 477
559 503
560 602
560 468
560 472
560 474
560 495
560 496
560 497
560 511
561 427
561 433
561 450
561 451
561 456
561 503
561 511
562 566
562 576
562 583
562 606
562 437
562 447
562 453
562 481
562 483
562 510
563 575
563 581
563 423
563 428
563 447
563 479
563 481
563 484
563 496
563 497
563 501
564 442
564 448
564 450
564 509
565 574
565 602
565 442
565 462
565 476
565 498
565 504
565 510
566 573
566 597
566 601
566 432
566 457
566 468
566 496
567 606
567 456
567 459
567 481
567 503
568 570
568 586
568 601
568 606
568 454
568 456
568 505
569 593
569 609
569 464
569 499
569 506
570 440
570 473
570 478
570 498
570 897
571 583
571 600
571 427
571 431
571 502
572 582
572 433
572 466
572 482
573 587
573 463
573 480
573 481
573 492
573 498
573 505
573 507
574 576
574 581
574 602
574 606
574 607
574 427
574 432
574 434
574 461
574 472
575 598
575 454
575 463
575 482
575 497
576 592
576 599
576 430
576 441
576 444
576 454
576 466
577 599
577 434
577 440
577 442
577 455
577 458
577 505
578 581
578 448
578 459
578 464
578 482
578 504
578 509
579 591
579 444
579 473
580 582
580 585
580 588
580 444
580 448
580 461
581 582
581 587
581 608
581 434
581 440
581 442
581 457
581 501
582 602
582 425
582 456
582 459
582 477
582 504
582 510
583 591
583 432
583 474
583 484
583 491
583 497
583 510
584 603
584 605
584 443
584 468
584 477
585 608
585 609
585 432
585 448
585 454
585 462
585 482
585 507
585 509
586 602
586 425
586 442
586 451
586 463
587 594
587 597
587 601
587 481
588 596
588 601
588 603
588 437
588 444
588 457
588 461
588 464
588 494
588 501
589 490
589 506
590 459
590 461
591 599
591 608
591 440
591 448
591 474
591 476
591 491
591 494
591 496
592 439
592 473
593 594
593 610
593 449
593 471
593 500
594 603
594 429
594 439
594 456
594 461
594 465
595 596
595 598
595 603
595 604
595 609
595 466
595 469
595 498
596 449
596 458
596 465
596 482
596 489
596 501
597 602
597 604
597 606
597 469
597 475
597 481
597 483
598 442
598 444
598 470
598 510
599 607
599 442
599 474
599 476
599 493
599 495
599 500
600 431
600 458
600 503
601 609
601 428
601 496
601 499
601 511
602 435
602 452
602 453
602 458
603 610
603 460
603 468
603 489
604 425
604 426
604 480
604 488
605 608
605 430
605 432
605 439
605 442
605 456
605 477
605 481
605 482
605 484
606 457
606 458
606 507
607 444
607 496
607 504
608 443
608 448
608 470
608 475
608 482
608 504
608 507
609 473
609 484
609 491
609 503
609 506
610 450
610 478
610 480
610 488
610 489
610 500
423 473
423 482
424 426
424 436
424 456
424 486
425 429
425 440
425 457
425 460
425 467
425 471
425 487
426 485
426 509
427 446
427 481
428 482
429 458
429 463
429 465
429 499
429 506
430 434
430 439
430 440
430 443
430 451
430 503
430 508
430 510
431 483
432 442
432 491
433 466
433 490
434 462
434 465
434 482
434 510
435 450
435 497
435 500
436 446
436 482
436 503
437 440
437 469
437 487
437 492
437 495
437 501
437 502
437 507
438 444
438 497
438 498
439 458
439 462
439 471
440 451
440 460
440 479
440 488
440 493
440 495
440 504
441 442
441 482
441 483
441 487
441 490
441 494
441 497
441 508
442 458
442 503
443 451
443 462
443 470
443 510
444 450
444 479
444 492
444 497
445 452
445 459
445 461
445 464
445 487
445 490
445 498
446 460
447 467
447 476
447 480
447 485
448 464
448 486
449 457
449 472
449 475
449 890
450 455
450 456
450 457
450 488
450 490
450 505
451 457
451 470
452 458
452 483
452 500
453 465
453 482
453 501
453 502
453 503
453 510
454 474
454 485
455 465
455 468
456 458
456 468
456 476
456 484
456 493
457 460
457 464
457 501
458 461
458 464
458 476
458 477
458 479
458 499
458 506
458 510
459 499
460 464
460 467
460 470
460 477
460 493
460 496
460 506
461 470
461 493
462 479
462 487
463 466
463 481
463 492
463 511
464 467
464 494
465 466
466 475
466 487
466 501
466 507
467 472
467 478
467 503
468 480
468 482
468 485
469 479
469 496
470 484
470 499
470 505
472 489
472 503
472 509
473 503
474 482
474 488
475 481
475 482
476 496
477 490
477 495
477 497
478 502
479 487
479 491
479 497
480 511
482 493
482 495
482 499
484 499
484 509
485 503
485 508
486 496
486 501
487 490
487 501
488 494
488 500
488 502
489 494
489 501
489 506
491 496
495 501
496 510
497 499
499 507
500 506
502 510
506 509
507 511
611 656
611 702
611 733
611 755
611 766
612 652
612 663
612 684
612 685
612 732
612 763
612 764
612 782
612 793
613 699
613 744
614 641
614 705
615 630
615 657
616 684
617 630
617 650
617 668
617 762
617 786
618 628
618 635
618 663
618 716
618 718
618 800
618 804
619 633
619 685
619 773
620 673
620 749
621 643
621 737
621 762
622 667
622 671
622 691
622 696
622 713
622 754
623 644
623 791
624 686
624 705
624 747
624 754
625 660
625 663
625 708
625 743
625 748
625 752
625 757
626 669
626 714
626 718
626 779
627 638
627 675
627 708
627 726
627 738
628 707
628 722
628 763
629 719
629 755
630 696
630 778
631 637
631 714
631 801
632 633
632 652
632 671
632 741
632 765
632 774
632 791
633 650
633 690
634 654
634 682
634 686
635 652
635 653
635 659
635 751
635 802
636 674
636 700
637 667
637 684
637 704
637 718
637 801
638 656
638 689
638 731
638 739
638 745
638 759
638 781
638 785
638 803
639 645
639 690
639 698
639 730
639 763
639 769
639 781
639 802
640 652
640 656
640 696
641 668
641 716
641 718
641 739
641 740
642 648
642 661
642 686
642 709
642 726
642 750
642 766
643 664
643 690
643 762
646 669
646 688
647 664
647 669
647 683
647 738
647 762
647 795
648 661
648 685
648 763
649 746
649 765
649 803
650 693
650 765
651 691
651 722
652 755
652 795
653 720
653 769
653 794
654 682
654 719
654 720
654 735
654 758
654 768
655 657
655 670
655 677
655 742
655 803
656 715
656 721
656 734
657 685
657 761
657 775
658 669
658 673
658 699
658 708
658 739
658 748
659 678
659 686
659 699
659 737
659 752
660 754
660 759
660 774
661 686
661 722
661 787
662 675
662 688
662 732
662 741
663 686
663 690
663 749
664 714
664 725
665 668
665 697
665 706
666 705
666 774
666 802
667 671
667 697
667 699
667 720
667 727
667 732
667 743
668 708
668 717
668 719
669 776
669 779
669 800
670 704
670 724
670 739
671 687
671 727
671 746
671 757
671 784
673 724
673 746
673 774
673 787
674 720
674 736
674 744
674 746
674 762
676 698
676 718
676 739
676 786
678 695
678 723
678 749
678 761
678 780
678 789
678 803
679 692
679 694
680 716
680 736
680 754
680 757
680 777
681 703
681 769
681 777
681 802
682 775
683 697
683 741
683 750
684 689
684 701
684 722
685 749
685 752
686 744
686 791
686 795
687 691
687 724
687 829
688 776
688 802
689 695
689 708
689 761
689 764
690 703
690 716
691 729
691 750
691 765
691 781
691 787
691 798
692 707
692 776
692 792
694 704
694 711
694 766
694 795
695 722
695 802
696 698
696 716
697 712
697 780
697 784
698 793
699 706
699 727
699 740
699 750
699 752
699 802
700 787
701 705
701 721
701 732
701 760
702 713
702 756
702 771
702 776
702 782
703 714
703 774
704 711
704 725
706 710
706 736
706 747
706 800
707 786
708 715
708 750
708 770
709 746
709 776
709 804
710 724
711 756
711 790
711 791
712 725
712 774
713 753
714 721
714 722
714 736
714 769
714 786
715 803
716 758
716 785
716 794
717 725
717 756
717 772
717 799
718 736
718 753
718 755
718 757
718 782
718 796
719 722
719 733
719 782
719 800
720 758
720 759
721 731
721 737
721 761
721 789
722 728
722 745
722 804
723 738
723 781
723 788
724 731
724 746
725 744
726 774
727 761
727 763
728 781
729 762
730 769
730 800
732 735
733 758
733 786
734 798
735 741
735 751
736 757
736 768
736 774
737 741
737 743
737 787
738 751
738 764
738 817
739 772
739 774
739 798
740 768
742 790
743 746
744 779
744 804
747 763
747 780
748 755
749 775
751 802
752 755
752 767
752 778
752 787
753 769
755 758
755 772
755 793
756 789
757 769
757 793
758 799
758 801
759 771
761 771
761 782
762 773
762 794
765 784
765 792
766 777
766 784
768 770
768 794
775 790
775 793
776 794
783 788
788 797
791 799
793 795
799 801
805 822
805 826
805 866
805 882
805 895
805 901
805 932
805 936
806 810
806 851
806 871
806 889
806 900
806 935
807 822
807 899
808 847
808 888
808 904
808 915
808 924
808 937
809 932
810 885
812 822
812 906
812 931
814 911
816 829
816 856
817 941
818 847
819 877
819 904
819 909
820 821
820 830
821 894
821 907
821 933
823 854
823 855
823 935
824 827
824 830
824 834
824 893
824 902
825 841
825 854
825 882
825 894
826 934
827 868
827 880
832 846
832 887
833 862
833 902
833 941
834 854
834 908
834 910
834 920
837 886
838 872
838 884
838 896
838 911
839 865
840 853
840 858
840 863
840 899
841 871
841 892
843 857
843 881
843 892
843 933
844 925
844 934
845 864
846 877
846 902
847 851
847 935
847 941
848 876
848 883
849 862
849 902
849 910
849 929
851 855
851 859
851 935
851 938
852 874
852 911
852 913
852 933
855 863
855 902
855 915
856 912
857 927
858 910
858 937
859 918
860 927
861 883
861 897
863 878
863 941
864 910
865 888
865 891
867 910
868 915
869 899
870 913
871 915
871 926
872 901
873 922
874 920
876 932
877 889
878 885
878 934
879 912
879 938
880 890
881 921
881 934
881 940
882 885
883 904
884 907
887 906
889 906
890 933
891 901
891 919
892 924
893 933
895 897
896 912
897 926
899 924
900 932
905 922
914 928
917 924
918 924
919 923
920 941
921 930
921 940
922 924
929 934
930 934
930 936
937 939
940 941
942 954
946 948
947 952
948 952
950 952
950 956
951 952
957 988
957 996
957 997
958 967
958 980
959 983
959 992
959 1004
961 964
961 965
962 968
962 975
962 994
963 980
963 995
964 990
964 994
964 996
965 973
965 987
966 990
967 994
969 1007
971 999
972 977
972 989
972 1000
973 981
973 988
973 1004
974 980
974 999
975 1000
976 987
978 984
978 992
979 982
981 990
981 996
981 997
981 1000
982 993
982 998
984 995
984 1002
984 1003
985 994
986 1004
987 1005
987 1006
989 990
989 995
992 1001
992 1003
993 1006
998 1005