0 36
0 41
0 381
0 431
0 864
1 28
1 33
1 40
1 41
1 48
1 57
1 85
1 292
2 4
2 18
2 57
2 80
2 81
3 4
3 15
3 22
3 59
3 82
3 222
3 378
4 27
4 38
4 40
4 41
4 69
4 85
4 210
4 388
4 648
5 18
5 52
5 76
5 79
5 86
5 111
6 8
6 18
6 20
6 48
6 50
6 267
6 281
6 301
7 10
7 13
7 29
7 40
7 80
7 83
8 12
8 13
8 70
8 72
8 553
8 569
9 11
9 12
9 25
9 45
9 302
9 480
9 645
10 19
10 43
10 59
10 73
10 75
10 76
10 141
10 383
10 410
11 23
11 27
11 37
11 53
11 55
11 78
11 80
12 30
12 40
12 42
13 16
13 47
13 48
13 56
13 62
13 65
13 68
13 72
13 255
13 653
14 21
14 41
14 44
14 71
14 73
14 603
15 23
15 33
15 50
15 54
15 69
15 80
15 82
15 86
15 314
16 19
16 26
16 50
16 54
16 62
17 70
17 85
18 42
18 81
18 378
18 496
19 25
20 23
20 31
20 33
20 40
20 840
21 24
21 26
21 46
21 78
21 411
22 45
22 52
22 62
22 70
23 30
23 38
23 51
23 281
24 31
24 50
24 84
25 42
25 70
25 86
25 853
25 965
26 37
26 214
26 405
27 30
27 38
27 40
27 54
27 71
28 60
28 61
28 77
28 325
29 42
29 47
30 38
30 51
30 59
30 69
30 374
31 69
31 244
31 583
31 868
32 54
32 84
32 402
32 865
33 43
33 47
33 50
33 209
33 610
34 41
34 76
34 85
34 266
34 816
35 54
35 71
35 227
35 327
36 46
36 64
36 265
37 39
37 78
37 260
38 41
38 46
38 81
38 157
38 236
38 239
39 67
40 50
40 55
40 64
40 69
40 80
40 84
40 376
41 48
41 77
41 179
41 831
42 47
42 58
42 67
42 81
42 86
43 44
43 72
43 240
43 861
44 50
44 82
44 178
44 549
45 54
45 73
45 284
45 356
45 802
46 52
46 64
46 80
47 58
47 71
47 83
47 189
48 76
48 108
48 244
48 862
49 437
50 144
50 303
51 576
52 283
53 56
53 59
53 61
53 80
53 204
53 630
54 518
55 72
55 603
56 326
56 643
57 63
57 78
57 858
58 62
59 68
59 572
60 70
60 175
60 355
60 819
61 69
62 63
62 76
62 85
62 86
64 68
64 94
65 80
65 815
66 70
66 354
66 571
66 607
67 80
67 82
67 193
67 835
68 578
69 833
70 72
70 151
71 208
71 324
71 557
72 77
73 80
73 335
73 816
74 89
74 408
75 84
75 181
75 462
76 79
76 82
76 239
76 334
78 80
78 86
79 293
79 975
81 88
81 850
82 291
82 412
83 86
83 229
84 171
84 645
85 118
86 244
86 567
87 90
87 96
87 101
87 117
87 125
87 133
87 183
87 310
88 104
88 112
88 120
88 156
88 187
89 97
89 100
89 114
89 134
89 148
89 153
89 168
89 972
90 97
90 101
90 104
90 105
90 114
90 116
90 122
90 127
90 161
90 823
91 108
91 112
91 128
91 137
91 139
91 143
91 164
91 174
91 188
92 111
92 156
92 159
92 170
92 189
93 100
93 131
93 170
93 176
93 180
93 207
94 95
94 99
94 101
94 102
94 107
94 135
94 137
94 144
94 145
94 154
94 168
94 187
95 126
95 130
95 168
95 171
95 183
95 184
96 106
96 120
96 126
96 164
96 168
96 196
96 311
97 119
97 123
97 141
97 151
98 101
98 127
98 162
98 166
98 179
98 195
98 559
98 802
99 108
99 120
99 132
99 148
99 155
99 179
99 181
99 182
99 196
100 101
100 107
100 115
100 184
100 188
101 119
101 120
101 123
101 128
101 132
101 138
101 145
101 150
101 151
101 161
101 175
101 222
102 116
102 128
102 158
102 168
102 182
102 599
103 136
103 142
103 178
103 381
103 860
104 123
104 159
104 161
104 529
105 126
105 145
105 159
105 180
105 183
105 194
106 131
106 143
106 147
106 156
106 158
106 171
106 172
106 194
106 196
107 112
107 123
107 152
107 156
107 169
108 110
108 116
108 159
108 168
108 170
108 423
109 130
109 140
109 152
109 153
109 156
109 180
109 194
109 195
110 128
110 178
110 182
110 330
110 613
111 130
111 133
111 187
111 192
111 196
112 115
112 140
112 147
112 148
112 154
112 166
112 167
112 170
112 190
112 193
112 194
112 536
113 114
113 130
113 149
113 190
113 192
114 116
114 122
114 125
114 347
115 116
115 164
116 142
116 144
116 156
116 168
116 172
116 315
117 127
117 130
117 131
117 142
117 154
117 175
118 160
118 176
118 308
119 120
119 129
119 135
119 150
119 156
119 161
119 183
119 190
119 195
119 280
120 126
120 147
120 163
120 166
120 187
120 289
121 143
121 152
121 167
121 170
122 129
122 134
122 147
122 180
122 187
122 253
122 817
123 127
123 128
123 132
123 138
123 147
123 152
123 162
123 185
123 320
124 166
124 170
124 185
124 334
124 610
125 133
125 140
125 143
125 157
125 170
125 180
126 135
126 141
126 187
126 191
126 623
126 829
127 155
127 162
127 163
127 193
128 178
128 191
129 139
129 144
129 159
129 160
129 194
129 227
129 361
130 141
130 152
130 182
131 135
131 143
131 170
132 133
132 147
132 181
133 135
133 141
133 147
133 156
133 174
133 195
133 248
134 140
134 158
134 162
134 168
134 181
134 304
135 160
135 181
135 188
135 272
135 302
136 149
136 166
136 177
137 141
137 149
137 164
137 169
137 170
137 192
138 149
138 156
138 165
138 176
138 189
139 186
139 797
140 147
140 186
141 142
141 167
141 184
141 269
141 561
142 150
142 151
142 654
143 147
143 153
144 180
145 147
145 148
145 164
146 170
146 185
146 267
147 154
147 190
148 195
148 216
149 151
149 159
149 167
149 170
149 172
149 580
150 151
150 164
150 165
150 195
150 569
151 156
151 181
151 193
152 165
152 179
152 194
152 562
153 162
153 171
153 177
153 185
153 974
154 180
154 377
155 162
155 168
155 194
156 324
157 185
157 296
157 997
158 804
159 161
159 189
159 196
160 161
160 180
160 192
160 321
160 554
161 166
161 181
161 372
162 165
162 192
163 166
163 173
163 186
164 167
164 172
164 194
164 855
165 170
165 175
165 186
165 188
165 192
165 193
166 178
166 179
166 189
166 286
166 585
167 177
168 190
169 187
170 191
170 518
170 996
171 177
171 185
171 830
172 182
172 186
173 177
173 187
174 552
175 177
175 232
175 290
176 188
176 278
176 606
176 619
177 183
177 195
177 291
178 615
179 181
179 182
179 195
179 196
179 365
181 182
181 190
181 195
182 183
182 184
182 854
183 194
184 188
184 383
185 187
186 445
187 390
188 192
188 337
189 192
190 192
190 277
190 850
191 193
191 241
191 272
192 195
192 318
192 359
192 633
195 371
195 796
197 203
197 205
197 208
197 216
197 219
197 221
197 225
197 227
197 228
197 238
197 241
197 242
197 246
197 255
197 257
197 264
197 271
197 280
197 281
197 282
197 306
197 307
197 532
197 815
198 206
198 222
198 225
198 241
198 242
198 262
198 264
198 268
198 272
198 273
198 281
198 284
198 288
198 308
198 459
199 202
199 203
199 206
199 214
199 217
199 222
199 223
199 226
199 230
199 233
199 235
199 240
199 241
199 253
199 255
199 257
199 260
199 262
199 267
199 274
199 288
199 294
199 297
199 304
199 305
199 308
200 207
200 213
200 214
200 218
200 227
200 251
200 257
200 260
200 275
200 283
200 285
200 287
200 296
200 307
200 806
200 851
201 207
201 213
201 218
201 224
201 228
201 232
201 233
201 253
201 264
201 268
201 275
201 276
201 286
201 290
201 293
201 306
202 210
202 212
202 218
202 239
202 248
202 250
202 251
202 273
202 280
202 291
202 292
202 294
202 297
202 306
202 307
203 213
203 230
203 231
203 235
203 249
203 252
203 257
203 258
203 260
203 264
203 266
203 269
203 271
203 274
203 276
203 279
203 298
203 300
203 302
203 303
203 307
204 208
204 224
204 235
204 243
204 244
204 246
204 251
204 257
204 264
204 268
204 281
204 283
204 287
204 289
204 291
204 294
204 295
204 297
204 299
205 211
205 214
205 215
205 237
205 243
205 245
205 246
205 262
205 267
205 278
205 280
205 284
205 290
206 208
206 209
206 213
206 220
206 225
206 226
206 238
206 239
206 247
206 259
206 265
206 272
206 277
206 282
206 288
206 305
206 306
207 212
207 234
207 255
207 266
207 273
207 279
207 282
207 294
207 295
207 297
207 299
207 306
207 573
208 210
208 213
208 219
208 223
208 227
208 229
208 231
208 232
208 233
208 245
208 246
208 254
208 257
208 259
208 263
208 265
208 277
208 291
209 227
209 233
209 240
209 242
209 246
209 253
209 256
209 263
209 264
209 265
209 275
209 281
209 282
209 287
209 289
209 296
209 298
209 305
210 223
210 224
210 227
210 232
210 236
210 240
210 248
210 260
210 275
210 286
210 294
210 299
210 302
211 213
211 216
211 218
211 230
211 236
211 237
211 243
211 246
211 260
211 269
211 272
211 277
211 286
211 293
211 294
211 298
211 299
211 302
211 304
211 305
212 216
212 221
212 222
212 224
212 226
212 235
212 240
212 245
212 251
212 253
212 259
212 264
212 266
212 270
212 271
212 272
212 288
212 293
212 295
212 297
212 302
213 216
213 217
213 218
213 219
213 223
213 226
213 227
213 230
213 238
213 244
213 246
213 249
213 251
213 268
213 269
213 270
213 273
213 275
213 283
213 290
213 291
213 296
213 299
213 622
214 218
214 243
214 251
214 252
214 253
214 254
214 258
214 266
214 271
214 273
214 276
214 282
214 284
214 286
214 293
214 301
214 303
214 306
214 838
215 224
215 228
215 234
215 249
215 256
215 261
215 269
215 275
215 277
215 285
215 302
215 303
215 304
216 220
216 222
216 224
216 229
216 241
216 268
216 287
216 296
216 298
216 300
216 301
216 306
216 307
216 308
217 223
217 225
217 227
217 232
217 235
217 237
217 238
217 241
217 253
217 258
217 260
217 265
217 269
217 271
217 273
217 277
217 291
217 304
217 305
217 320
218 221
218 230
218 232
218 235
218 240
218 244
218 249
218 251
218 267
218 273
218 274
218 284
218 288
218 296
218 297
218 299
218 300
218 303
218 307
218 834
219 225
219 226
219 237
219 242
219 244
219 245
219 251
219 259
219 276
219 277
219 289
219 291
220 224
220 225
220 226
220 229
220 236
220 252
220 254
220 256
220 265
220 267
220 270
220 276
220 277
220 279
220 281
220 294
220 300
220 302
220 307
220 308
221 237
221 240
221 241
221 262
221 266
221 268
221 270
221 288
221 291
221 301
221 302
221 306
221 805
222 224
222 225
222 239
222 244
222 255
222 256
222 261
222 281
222 285
222 287
222 289
222 293
222 296
222 299
222 322
222 530
223 241
223 245
223 255
223 259
223 263
223 265
223 266
223 267
223 273
223 279
223 290
223 297
223 300
223 301
223 305
223 306
223 307
224 238
224 248
224 253
224 264
224 269
224 270
224 276
224 278
224 290
224 295
224 296
224 304
224 325
224 569
224 757
225 229
225 234
225 241
225 244
225 264
225 266
225 268
225 281
225 283
225 286
225 288
225 291
225 292
225 294
225 298
225 303
226 229
226 236
226 239
226 240
226 251
226 255
226 258
226 261
226 269
226 279
226 282
226 288
226 305
226 308
227 231
227 252
227 258
227 270
227 271
227 276
227 281
227 283
227 287
227 288
227 290
227 292
227 295
227 299
227 303
228 230
228 242
228 260
228 268
228 290
228 301
228 302
229 240
229 241
229 248
229 269
229 284
230 240
230 244
230 247
230 254
230 260
230 262
230 264
230 270
230 278
230 285
230 290
230 296
231 234
231 242
231 249
231 255
231 273
231 276
231 281
231 294
231 295
231 299
232 233
232 234
232 241
232 249
232 253
232 256
232 258
232 261
232 262
232 265
232 272
232 280
232 285
232 289
232 293
232 298
232 299
232 392
233 234
233 238
233 239
233 242
233 248
233 249
233 256
233 274
233 279
233 286
233 288
233 290
233 294
233 298
233 299
233 301
233 606
234 235
234 238
234 240
234 247
234 260
234 266
234 268
234 282
234 284
234 300
234 304
235 238
235 240
235 244
235 246
235 247
235 248
235 250
235 254
235 264
235 289
235 293
235 305
235 308
236 243
236 245
236 250
236 254
236 256
236 257
236 260
236 267
236 271
236 287
236 300
236 325
236 595
237 238
237 250
237 251
237 267
237 268
237 272
237 275
237 285
237 291
237 292
237 294
237 303
237 304
237 305
237 308
238 244
238 245
238 249
238 251
238 253
238 254
238 266
238 267
238 273
238 276
238 277
238 291
238 295
238 301
238 303
238 307
238 397
239 243
239 247
239 249
239 253
239 254
239 259
239 272
239 274
239 289
239 295
239 302
239 306
240 242
240 243
240 248
240 266
240 272
240 274
240 298
240 299
240 304
240 306
241 248
241 250
241 257
241 260
241 264
241 268
241 271
241 275
241 289
241 298
241 306
242 245
242 247
242 258
242 261
242 268
242 281
242 288
242 293
242 302
242 303
242 305
242 308
243 259
243 261
243 266
243 269
243 287
243 304
244 248
244 251
244 254
244 257
244 259
244 264
244 272
244 279
244 285
244 288
244 291
244 439
245 246
245 249
245 251
245 253
245 256
245 266
245 268
245 271
245 274
245 292
246 255
246 260
246 263
246 264
246 265
246 268
246 271
246 272
246 283
246 286
246 287
246 295
247 251
247 260
247 265
247 268
247 271
247 277
247 279
247 280
247 281
247 283
247 295
247 302
247 307
247 308
248 255
248 257
248 258
248 266
248 270
248 274
248 275
248 288
248 293
248 295
248 300
248 305
248 307
249 257
249 258
249 265
249 266
249 267
249 272
249 274
249 276
249 279
249 291
249 294
250 252
250 256
250 261
250 273
250 279
250 286
250 289
250 291
250 293
250 295
250 297
250 299
250 302
250 307
250 577
251 262
251 265
251 275
251 282
251 287
251 290
251 296
251 300
251 305
251 306
251 308
251 573
251 820
252 254
252 255
252 262
252 263
252 264
252 270
252 278
252 279
252 294
252 297
252 307
253 258
253 262
253 275
253 277
253 279
253 280
253 286
253 291
253 292
253 293
253 302
254 256
254 267
254 268
254 269
254 274
254 284
254 290
254 297
254 301
254 308
255 257
255 268
255 269
255 275
255 276
255 279
255 282
255 300
255 301
255 306
256 257
256 258
256 262
256 268
256 275
256 284
256 286
256 287
256 292
256 297
257 266
257 268
257 274
257 287
257 290
257 305
257 306
258 259
258 261
258 265
258 273
258 286
258 292
258 293
258 304
258 305
259 262
259 273
259 284
259 285
259 294
259 297
259 298
259 299
259 302
259 615
259 836
260 263
260 266
260 278
260 287
260 293
260 296
260 304
260 305
260 306
260 412
260 571
261 262
261 264
261 280
261 297
261 300
262 263
262 274
262 276
262 281
262 283
262 293
262 304
262 306
262 559
263 267
263 270
263 293
263 559
264 265
264 269
264 276
264 277
264 278
264 281
264 283
264 294
264 296
264 297
264 300
264 559
265 266
265 267
265 270
265 276
265 278
265 283
265 285
265 289
265 303
265 304
266 281
266 285
266 288
266 294
266 295
266 297
266 304
266 308
267 270
267 271
267 273
267 281
267 286
267 287
267 288
267 293
267 297
267 300
267 303
267 308
267 344
268 270
268 275
268 276
268 287
268 292
268 294
268 301
268 304
268 308
269 279
269 280
269 303
269 306
269 307
270 274
270 277
270 279
270 283
270 285
270 286
270 298
270 302
270 320
270 567
271 272
271 283
271 289
271 303
271 305
271 360
272 275
272 279
272 280
272 283
272 290
272 306
272 308
272 351
273 277
273 365
274 278
274 295
274 298
274 305
274 307
274 860
275 279
275 282
275 292
275 293
275 297
275 299
275 302
275 648
275 626
275 864
276 280
276 284
276 285
276 290
276 296
276 299
277 279
277 294
277 297
277 302
278 280
278 287
278 298
278 302
278 305
279 282
279 287
279 288
279 291
279 292
279 299
280 281
280 291
280 296
280 297
280 305
281 288
281 301
281 302
281 303
281 307
281 469
281 552
281 594
282 295
282 299
282 303
282 326
282 922
283 288
283 291
283 296
283 305
284 288
284 291
284 293
284 295
284 296
284 343
284 855
285 287
285 291
285 298
286 303
286 304
287 288
287 289
287 291
287 294
287 302
287 356
287 517
287 572
287 605
288 289
288 301
289 292
289 304
289 308
289 581
290 302
290 850
291 296
291 299
291 825
292 293
292 299
292 316
292 405
292 520
293 296
293 305
293 307
293 850
294 301
294 302
294 307
295 299
295 302
295 308
296 570
297 305
298 303
299 305
300 504
302 303
302 308
303 306
304 307
304 350
307 617
308 309
308 553
308 821
309 313
309 322
309 327
309 333
309 336
309 339
309 345
309 347
309 350
309 352
309 371
309 390
309 392
309 394
309 395
309 399
309 408
310 312
310 313
310 315
310 316
310 325
310 336
310 345
310 348
310 350
310 352
310 353
310 362
310 363
310 375
310 380
310 381
310 386
310 397
310 411
310 412
310 820
311 313
311 323
311 326
311 332
311 342
311 348
311 351
311 361
311 364
311 380
311 387
311 398
311 399
311 403
311 409
311 948
312 316
312 324
312 348
312 352
312 355
312 356
312 361
312 363
312 395
312 397
312 534
312 567
313 320
313 325
313 335
313 343
313 362
313 366
313 367
313 369
313 370
313 388
313 404
314 316
314 318
314 321
314 324
314 325
314 327
314 338
314 346
314 350
314 389
314 405
315 320
315 332
315 366
315 377
315 385
315 394
315 396
315 841
316 330
316 343
316 351
316 362
316 366
316 367
316 371
316 389
316 399
317 322
317 329
317 331
317 334
317 349
317 356
317 377
317 378
317 400
318 322
318 333
318 338
318 340
318 356
318 360
318 365
318 381
318 382
318 387
318 391
318 402
319 324
319 338
319 339
319 344
319 351
319 354
319 355
319 361
319 365
319 383
319 392
319 393
319 407
319 822
320 335
320 337
320 344
320 346
320 347
320 367
320 371
320 384
320 403
320 802
321 331
321 334
321 342
321 344
321 348
321 350
321 359
321 365
321 378
321 387
321 401
321 413
322 348
322 353
322 371
322 372
322 373
322 384
322 385
322 391
322 410
322 847
323 326
323 340
323 347
323 350
323 351
323 354
323 355
323 366
323 374
323 383
323 434
323 853
324 328
324 337
324 346
324 367
324 370
324 371
324 383
324 388
324 400
324 830
325 326
325 330
325 346
325 350
325 354
325 356
325 374
325 398
325 402
325 403
325 412
325 650
326 328
326 335
326 357
326 359
326 360
326 362
326 363
326 364
326 386
327 336
327 344
327 350
327 358
327 373
327 384
327 386
327 394
327 395
327 411
328 334
328 340
328 344
328 345
328 346
328 351
328 361
328 364
328 380
328 396
328 406
328 407
328 411
329 334
329 353
329 356
329 357
329 377
329 392
329 398
329 399
329 406
330 331
330 341
330 353
330 355
330 391
330 392
330 400
330 551
331 335
331 354
331 355
331 357
331 371
331 394
331 399
331 532
331 580
332 345
332 350
332 354
332 368
332 390
332 405
333 335
333 346
333 361
333 362
333 363
333 364
333 367
333 379
333 384
333 385
333 407
333 555
334 342
334 345
334 346
334 347
334 348
334 349
334 355
334 382
334 394
334 403
335 343
335 346
335 352
335 353
335 355
335 358
335 370
335 376
335 380
335 400
335 405
336 348
336 354
336 393
336 400
336 401
336 403
336 412
336 817
337 353
337 354
337 355
337 364
337 372
337 378
338 350
338 353
338 358
338 359
338 369
338 374
338 382
338 383
338 396
339 340
339 358
339 361
339 371
339 374
339 381
339 382
339 383
339 406
339 412
339 449
340 342
340 343
340 350
340 353
340 361
340 367
340 381
340 399
340 828
341 342
341 352
341 364
341 365
341 369
341 381
341 382
341 384
341 388
341 390
341 402
341 407
342 344
342 358
342 378
342 379
342 381
342 385
342 386
342 389
342 412
343 348
343 361
343 386
343 388
343 392
343 395
343 399
343 404
343 407
343 409
343 413
343 806
344 349
344 354
344 367
344 373
344 374
344 402
344 801
345 346
345 359
345 376
345 385
345 395
345 397
345 411
346 352
346 358
346 365
346 366
346 374
346 386
346 396
346 406
346 408
347 349
347 356
347 363
347 371
347 377
347 397
347 398
347 407
347 412
348 352
348 354
348 367
348 370
348 376
348 390
348 393
348 606
349 358
349 365
349 380
349 383
349 387
349 402
350 353
350 354
350 355
350 359
350 362
350 372
350 376
350 387
350 395
350 399
350 402
350 839
351 363
351 371
351 376
351 387
351 388
351 389
351 403
351 409
351 410
352 368
352 369
352 370
352 384
352 393
352 394
352 395
352 402
352 404
352 406
352 408
353 361
353 376
353 378
353 382
353 387
353 406
353 408
354 358
354 367
354 377
354 378
354 385
354 390
354 396
354 400
354 401
355 356
355 383
355 385
355 391
356 361
356 365
356 376
356 377
356 403
356 407
356 411
357 358
357 359
357 365
357 374
357 386
357 392
357 395
357 399
357 412
357 413
358 360
358 361
358 384
358 394
358 408
358 411
359 360
359 372
359 401
359 557
360 362
360 365
360 379
360 380
360 386
360 390
360 401
361 362
361 365
361 383
361 392
361 398
361 400
361 409
362 371
362 373
362 375
362 389
362 397
362 410
362 413
363 366
363 383
363 385
363 400
363 410
364 375
364 388
364 391
364 401
364 404
364 408
364 412
364 800
364 828
365 379
365 384
365 389
365 398
365 408
365 409
366 372
366 378
366 389
366 391
366 397
366 401
366 407
366 408
367 373
367 384
367 386
367 388
367 391
367 396
367 403
367 404
367 845
368 372
368 376
368 385
368 394
368 402
368 407
368 412
369 381
369 396
369 403
369 406
370 374
370 395
370 409
371 374
371 379
371 381
371 384
371 385
371 390
371 391
371 412
371 413
371 639
372 382
372 394
372 400
372 405
372 407
372 408
372 411
372 412
372 459
373 374
373 383
373 385
373 386
373 398
373 400
374 399
374 400
374 403
374 632
375 379
375 385
375 387
375 391
375 393
375 394
375 401
375 405
375 408
375 412
376 400
376 404
376 406
377 379
377 382
377 398
377 403
378 390
378 396
378 397
378 398
378 400
378 404
379 383
379 395
379 412
379 413
380 386
380 391
380 395
380 406
381 387
381 392
381 407
381 409
382 385
382 407
383 386
383 398
383 401
383 407
383 571
384 843
385 390
385 397
385 403
385 404
385 406
385 407
385 410
385 412
386 388
386 395
386 398
386 401
386 412
387 392
387 398
387 400
387 404
387 473
388 389
388 397
388 398
388 403
388 404
388 408
388 409
388 411
389 394
389 396
389 397
389 404
389 412
390 411
391 398
392 394
392 395
392 993
393 410
393 412
394 401
394 410
394 411
395 400
395 401
395 408
395 413
396 411
397 413
398 409
398 413
398 965
399 403
399 413
401 405
401 409
401 413
401 612
402 403
402 538
403 407
403 627
404 407
404 459
404 979
405 406
406 413
406 822
407 410
407 652
408 447
409 411
409 594
410 957
413 947
512 415
512 416
512 436
512 466
512 486
512 510
513 531
513 416
513 431
513 434
513 437
513 452
513 478
513 485
513 488
513 510
514 539
514 453
514 461
515 539
515 425
515 440
515 454
515 488
515 842
516 523
516 526
516 420
516 424
516 427
516 433
516 448
516 452
516 463
516 504
516 509
517 519
517 532
517 542
517 545
517 415
517 438
517 442
517 443
517 458
517 479
517 493
518 520
518 533
518 541
518 431
518 433
518 447
518 500
518 503
518 508
519 520
519 523
519 528
519 465
519 475
519 476
519 477
519 632
520 479
520 497
520 499
520 502
520 504
521 544
521 424
521 428
521 429
521 437
521 444
521 472
521 478
521 482
522 525
522 544
522 426
522 448
522 455
522 478
522 497
522 498
522 502
522 507
523 535
523 538
523 543
523 414
523 446
523 481
523 486
523 505
524 541
524 416
524 453
524 465
524 477
524 479
524 507
524 508
525 541
525 425
525 468
525 477
525 483
525 490
525 506
525 511
525 588
526 527
526 432
526 445
526 467
526 474
526 490
527 531
527 533
527 414
527 416
527 437
527 446
527 453
527 468
527 469
527 483
527 509
528 541
528 546
528 430
528 435
528 441
528 462
528 470
528 478
528 506
528 510
529 535
529 415
529 426
529 436
529 444
529 476
529 496
529 508
530 538
530 546
530 434
530 445
530 460
530 471
530 480
530 494
530 506
530 508
530 509
530 511
530 997
531 542
531 468
531 475
531 504
531 851
532 543
532 444
532 470
532 475
532 807
532 841
532 851
533 491
533 510
534 541
534 542
534 420
534 462
534 472
534 487
534 508
535 543
535 545
535 418
535 465
535 468
535 479
535 505
536 537
536 440
536 464
536 467
536 478
536 482
536 591
537 542
537 544
537 453
537 473
537 476
537 495
538 430
538 449
538 457
538 462
538 475
538 483
538 490
538 491
538 509
538 510
539 543
539 441
539 472
539 478
539 508
540 437
540 438
540 464
540 471
540 493
540 495
540 503
541 415
541 429
541 445
541 457
541 496
541 497
541 508
542 450
542 458
542 460
542 477
542 503
543 545
543 415
543 426
543 462
543 467
543 468
543 473
543 499
543 500
544 414
544 442
544 459
544 482
544 491
544 495
545 430
545 479
545 484
545 503
545 509
546 432
546 434
546 435
546 499
414 439
414 449
414 478
414 482
414 493
415 419
415 433
415 435
415 437
415 486
415 509
415 510
416 427
416 434
416 440
416 451
416 459
416 479
416 482
416 496
417 439
417 491
417 509
418 447
418 479
418 486
419 469
419 480
420 432
420 452
420 493
420 501
420 611
420 643
421 433
421 478
421 621
422 470
422 478
422 487
423 424
423 441
423 474
423 480
423 482
423 486
423 491
423 499
423 505
424 445
424 455
424 490
424 496
424 511
425 471
425 480
425 485
425 486
425 503
425 590
426 435
426 453
426 460
426 462
426 468
426 493
426 509
426 510
427 436
427 485
427 584
428 429
428 458
428 482
428 497
428 506
428 809
429 469
429 505
429 559
430 485
431 446
431 459
431 470
431 488
432 457
432 472
432 476
432 496
432 511
432 865
433 447
433 448
433 464
433 485
433 496
434 443
434 456
434 463
434 471
435 445
435 468
435 472
435 476
435 489
435 491
435 506
436 442
436 445
436 462
436 488
436 607
437 440
437 442
437 443
437 446
437 473
437 479
438 443
438 490
439 469
439 473
439 498
439 502
439 509
440 451
440 457
440 491
440 494
441 466
441 496
441 497
441 503
443 469
443 498
443 559
444 488
444 497
444 504
445 459
445 480
445 492
446 448
446 479
446 500
446 508
447 485
447 489
447 509
447 510
448 453
448 468
448 479
449 457
449 485
449 489
449 501
450 452
450 487
450 497
451 470
452 460
452 465
452 473
452 482
453 454
453 507
454 455
454 475
454 506
454 508
454 510
455 456
455 459
455 472
455 492
455 493
455 497
455 502
455 605
456 465
456 471
456 507
456 547
457 480
457 507
458 487
458 490
458 506
458 511
459 461
459 477
459 496
459 509
460 468
460 470
460 471
460 472
460 507
461 493
463 471
463 495
464 472
464 486
464 495
464 506
465 479
465 499
465 509
466 477
466 488
466 495
467 468
467 505
468 481
470 475
470 492
471 495
471 499
472 590
472 622
472 802
472 956
473 479
473 482
473 509
474 476
474 482
474 510
475 494
475 503
476 477
476 511
477 491
477 507
477 802
478 481
478 492
478 505
478 509
478 511
478 990
479 480
479 496
479 509
480 498
480 504
481 492
481 493
481 510
483 486
483 492
484 508
484 511
485 504
485 505
487 492
487 503
487 629
488 509
488 863
489 495
489 496
490 494
490 502
490 508
490 511
491 497
492 507
493 494
493 497
496 508
497 509
498 504
499 503
501 502
502 508
503 507
506 511
507 844
508 629
508 868
547 572
547 582
547 595
547 596
547 597
547 599
547 611
547 615
547 616
547 617
547 618
547 621
548 552
548 562
548 570
548 577
548 583
548 588
548 592
548 594
548 596
548 600
548 604
548 607
548 617
548 968
549 561
549 579
549 593
549 595
549 597
549 611
549 618
549 621
549 814
550 562
550 568
550 575
550 584
550 598
550 611
551 553
551 557
551 560
551 564
551 569
551 572
551 578
551 587
551 601
551 605
551 608
551 613
551 615
551 623
551 624
552 560
552 578
552 589
552 596
552 608
552 615
553 554
553 557
553 568
553 585
553 595
553 610
554 557
554 558
554 563
554 566
554 567
554 574
554 596
554 603
554 605
555 556
555 560
555 568
555 571
555 580
555 581
555 585
555 588
555 595
555 607
556 580
556 582
556 586
556 597
556 604
556 617
556 619
557 562
557 571
557 574
557 586
557 591
557 594
557 602
557 614
557 617
557 620
557 631
557 859
557 981
558 573
558 580
558 585
558 591
558 603
558 614
558 620
559 562
559 578
559 583
559 584
559 596
559 604
559 607
559 608
559 613
559 618
560 562
560 579
560 588
560 590
560 597
560 604
560 612
560 951
561 565
561 571
561 576
561 580
561 588
561 606
561 612
561 617
561 653
562 570
562 583
562 589
562 593
562 595
562 614
562 618
562 624
563 568
563 577
563 579
563 584
563 586
563 611
563 617
563 620
563 621
564 565
564 566
564 569
564 571
564 579
564 596
564 597
564 598
564 599
564 600
564 603
564 604
564 605
564 606
564 607
564 611
564 614
564 619
564 846
564 989
565 573
565 593
565 596
565 602
565 605
565 615
566 571
566 573
566 584
566 589
566 590
566 600
566 606
566 610
566 612
566 621
566 622
567 579
567 587
567 590
567 592
567 594
567 600
567 605
567 609
568 586
568 587
568 601
568 606
568 615
568 618
569 570
569 571
569 574
569 589
569 591
569 600
569 602
569 608
570 573
570 574
570 580
570 587
570 596
570 615
570 618
570 620
570 621
570 624
571 577
571 585
571 603
572 583
572 589
572 590
572 617
572 618
573 583
573 593
573 595
573 596
573 603
573 606
573 609
573 617
573 621
574 582
574 588
574 594
574 608
574 611
574 617
575 594
575 595
575 597
575 605
575 611
575 613
575 819
576 577
576 578
576 588
576 606
576 609
576 825
577 581
577 582
577 583
577 598
577 616
578 599
578 604
578 610
578 621
578 867
579 585
579 589
579 595
579 605
579 609
579 620
580 593
580 603
580 604
580 614
580 616
580 809
581 596
581 597
581 598
581 607
581 608
581 610
581 866
582 584
582 594
582 596
582 605
582 615
582 624
582 822
583 595
583 596
583 602
583 620
583 622
583 823
584 596
584 616
584 622
585 586
585 611
585 620
586 591
586 592
586 596
586 605
586 610
586 617
586 634
587 598
587 600
587 606
588 592
588 601
588 603
588 612
588 641
589 591
589 598
589 611
589 623
590 597
590 606
591 603
591 604
591 605
591 607
591 609
591 613
591 617
591 621
591 867
591 982
592 611
592 617
593 595
593 609
593 610
593 612
593 616
593 622
593 624
594 606
594 608
594 614
594 615
594 619
595 620
596 599
596 606
596 608
596 618
596 619
596 622
597 600
597 616
597 620
597 622
598 604
598 605
598 606
598 614
599 606
599 609
599 612
600 613
600 824
601 604
601 606
601 609
601 612
601 618
601 622
601 623
602 604
602 619
602 621
602 622
602 806
603 608
603 610
603 619
603 621
604 609
604 620
604 624
605 614
605 618
606 613
606 614
607 609
608 623
608 639
609 613
609 614
609 617
609 622
610 616
610 617
610 621
611 613
611 618
611 622
612 619
613 618
613 624
613 869
614 623
614 825
615 953
616 618
617 621
617 623
619 622
620 623
620 640
621 623
622 806
623 624
640 643
640 648
640 651
640 652
640 960
641 626
641 629
641 954
642 645
642 646
642 648
642 627
642 634
642 636
642 639
642 865
643 646
643 653
643 633
643 635
643 638
644 630
644 632
644 635
645 646
645 801
645 812
645 835
646 634
646 639
647 653
647 626
647 627
647 630
647 631
647 636
647 808
648 652
648 629
648 631
648 635
649 627
649 628
649 632
649 635
650 628
650 629
650 631
650 638
651 653
651 635
651 636
651 637
651 639
651 810
651 824
651 848
652 626
653 632
653 804
625 631
625 634
625 635
625 636
625 962
626 627
626 630
626 632
626 637
626 816
627 633
627 831
628 629
628 631
629 636
629 639
630 638
631 633
632 635
632 637
632 859
632 989
633 809
634 635
635 843
637 712
639 803
656 654
656 655
657 816
657 861
654 800
655 783
655 817
658 664
658 699
658 724
658 730
658 758
658 768
659 672
659 719
659 725
659 736
659 777
659 779
659 794
660 666
660 678
660 707
660 721
660 773
661 666
661 704
661 714
661 719
661 729
661 763
661 789
662 663
662 681
662 686
662 696
662 708
662 724
663 770
664 668
664 675
664 676
664 693
664 702
664 710
664 715
664 735
664 786
665 789
666 668
666 674
666 705
666 756
666 779
667 689
667 695
667 705
667 711
667 739
667 741
667 744
667 780
667 785
668 706
668 742
668 743
668 757
668 759
668 790
669 678
669 711
669 760
669 826
670 672
670 683
670 755
670 766
670 787
671 681
671 790
672 692
672 698
672 757
672 773
672 776
672 787
673 674
673 707
673 734
673 757
674 679
674 687
674 698
674 700
674 739
674 741
675 686
675 711
675 731
675 760
675 782
676 729
676 738
676 750
677 690
677 718
677 735
677 752
677 753
677 759
677 760
678 701
678 759
679 706
679 717
679 744
679 777
680 702
680 727
680 747
680 750
681 683
681 712
681 729
681 733
681 769
681 782
681 784
681 790
682 722
682 768
682 770
682 777
682 781
683 688
683 696
683 733
683 734
684 687
684 695
684 709
684 754
684 771
685 698
685 746
686 721
686 748
686 772
686 783
687 726
687 728
687 730
687 740
687 778
688 690
688 716
688 773
688 776
688 777
688 784
689 715
690 694
690 697
690 735
690 785
692 735
692 760
692 767
692 770
693 694
693 721
693 755
693 782
694 704
694 715
694 729
694 778
694 786
694 787
695 698
695 706
695 741
695 758
695 777
695 792
695 980
696 706
696 734
696 737
696 760
697 737
697 785
698 702
698 717
698 732
698 735
698 751
698 759
698 775
699 734
699 735
699 738
699 765
699 769
700 711
700 715
701 703
701 779
701 783
702 712
702 715
702 726
702 748
702 755
702 767
702 783
703 719
703 739
703 747
703 781
704 708
704 717
704 771
705 722
705 727
705 729
705 730
705 751
705 860
706 769
706 781
707 766
708 788
709 735
709 741
709 764
709 781
709 794
710 762
710 763
711 780
711 781
711 786
711 862
712 728
712 746
712 786
712 792
713 775
713 794
714 735
715 725
715 764
715 771
715 786
716 728
716 745
716 785
717 756
718 751
719 746
719 761
720 730
721 736
721 755
721 794
722 731
722 744
723 745
724 728
725 777
725 781
726 738
726 753
726 755
726 774
726 817
727 751
727 763
727 764
729 733
729 774
729 788
730 765
730 788
731 762
731 774
732 738
732 765
732 966
733 743
734 764
735 738
735 744
735 766
735 792
736 777
737 745
737 761
737 794
739 759
740 753
740 756
741 763
743 752
743 768
743 778
744 750
744 776
744 777
745 749
745 752
745 776
746 756
747 781
747 791
748 774
748 791
749 753
750 752
751 765
751 769
751 775
751 790
752 786
752 790
754 756
754 773
754 780
754 793
756 768
758 772
758 778
758 813
758 950
759 772
759 781
759 790
760 780
760 782
760 790
762 792
763 765
763 774
763 780
764 768
764 793
766 778
767 768
767 780
770 790
771 784
772 790
772 792
772 793
773 780
778 788
785 811
786 792
787 793
789 852
790 791
800 801
800 805
800 806
800 809
800 811
800 812
800 795
800 797
800 799
801 803
801 811
801 812
801 799
802 805
802 806
802 809
802 796
802 797
802 799
803 804
803 808
803 811
803 796
803 797
803 798
803 799
804 805
804 806
804 808
804 809
804 812
804 798
804 799
804 844
805 806
805 810
805 812
805 796
805 843
806 808
806 809
806 810
806 811
806 812
806 797
807 808
807 809
807 810
807 812
807 795
807 796
807 797
807 798
807 799
808 809
808 811
808 795
808 983
809 811
809 812
809 795
809 797
809 799
809 833
810 812
810 795
810 796
810 797
810 799
810 892
810 948
811 796
811 799
812 795
812 796
812 798
796 797
796 995
797 798
798 799
813 814
813 815
813 816
813 817
813 819
813 820
813 821
813 823
813 825
813 827
813 828
813 829
813 832
813 834
813 835
813 836
813 839
813 840
813 841
813 842
813 846
813 847
813 849
813 850
813 851
813 852
813 854
813 856
813 858
813 859
813 860
813 861
813 863
813 865
813 866
813 867
813 869
813 870
813 871
814 815
814 818
814 819
814 820
814 821
814 822
814 823
814 824
814 825
814 828
814 830
814 832
814 833
814 834
814 836
814 838
814 839
814 842
814 843
814 846
814 849
814 850
814 853
814 856
814 858
814 859
814 860
814 863
814 865
814 866
814 867
814 868
814 870
815 816
815 817
815 818
815 819
815 820
815 821
815 822
815 827
815 829
815 830
815 833
815 836
815 838
815 839
815 844
815 845
815 846
815 851
815 852
815 854
815 855
815 857
815 858
815 859
815 861
815 862
815 863
815 865
815 867
815 869
815 870
815 871
816 819
816 820
816 823
816 824
816 825
816 827
816 828
816 832
816 834
816 835
816 836
816 840
816 841
816 846
816 847
816 848
816 851
816 852
816 853
816 854
816 857
816 859
816 861
816 867
816 871
817 820
817 822
817 825
817 830
817 832
817 835
817 836
817 838
817 839
817 840
817 841
817 842
817 843
817 844
817 848
817 849
817 852
817 855
817 858
817 860
817 862
817 864
817 865
817 866
817 867
817 868
817 869
817 871
818 823
818 825
818 826
818 829
818 830
818 831
818 832
818 834
818 836
818 837
818 838
818 839
818 841
818 842
818 844
818 846
818 847
818 849
818 851
818 852
818 854
818 856
818 857
818 858
818 859
818 860
818 861
818 862
818 864
818 865
818 866
818 867
818 868
818 870
819 820
819 823
819 824
819 825
819 826
819 828
819 830
819 832
819 833
819 836
819 837
819 838
819 839
819 840
819 841
819 842
819 844
819 845
819 847
819 849
819 850
819 851
819 852
819 853
819 856
819 857
819 858
819 861
819 863
819 864
819 865
819 866
819 867
819 868
819 870
819 871
820 821
820 824
820 825
820 826
820 828
820 829
820 831
820 833
820 834
820 835
820 837
820 838
820 839
820 841
820 842
820 844
820 847
820 848
820 849
820 851
820 853
820 855
820 856
820 862
820 864
820 868
820 869
821 824
821 825
821 826
821 829
821 834
821 835
821 836
821 837
821 838
821 841
821 842
821 844
821 847
821 851
821 852
821 853
821 854
821 855
821 857
821 859
821 861
821 863
821 864
821 866
821 867
821 868
821 870
821 871
822 823
822 826
822 827
822 830
822 832
822 833
822 834
822 835
822 837
822 838
822 839
822 845
822 846
822 847
822 848
822 849
822 850
822 851
822 852
822 853
822 855
822 858
822 859
822 860
822 861
822 863
822 864
822 866
822 867
822 869
822 870
822 871
823 824
823 825
823 826
823 827
823 829
823 834
823 840
823 841
823 842
823 843
823 844
823 847
823 848
823 849
823 850
823 852
823 853
823 859
823 861
823 867
823 868
823 870
823 871
824 825
824 827
824 828
824 830
824 834
824 835
824 837
824 838
824 840
824 841
824 843
824 844
824 846
824 850
824 851
824 852
824 854
824 856
824 857
824 858
824 860
824 861
824 862
824 863
824 866
824 869
824 870
824 871
825 828
825 831
825 833
825 838
825 839
825 840
825 841
825 842
825 844
825 846
825 850
825 851
825 853
825 854
825 855
825 856
825 860
825 861
825 864
825 865
825 867
825 868
825 870
825 871
826 828
826 830
826 831
826 837
826 838
826 840
826 842
826 844
826 845
826 846
826 847
826 849
826 855
826 856
826 857
826 858
826 859
826 860
826 861
826 862
826 865
826 866
826 867
826 868
827 828
827 831
827 833
827 834
827 835
827 837
827 839
827 840
827 842
827 843
827 844
827 848
827 852
827 853
827 854
827 856
827 858
827 860
827 861
827 862
827 863
827 865
827 867
827 868
827 870
828 830
828 831
828 832
828 833
828 834
828 835
828 836
828 837
828 838
828 839
828 843
828 844
828 846
828 848
828 849
828 850
828 851
828 853
828 854
828 856
828 857
828 861
828 862
828 863
828 864
828 867
828 868
828 870
829 830
829 832
829 834
829 836
829 837
829 840
829 841
829 842
829 844
829 845
829 846
829 848
829 849
829 851
829 852
829 854
829 855
829 856
829 857
829 859
829 862
829 863
829 867
829 868
829 870
829 871
830 831
830 832
830 835
830 836
830 837
830 840
830 841
830 842
830 843
830 844
830 845
830 846
830 847
830 848
830 850
830 851
830 852
830 853
830 861
830 865
830 866
830 870
830 871
831 833
831 834
831 835
831 837
831 841
831 843
831 845
831 849
831 854
831 855
831 856
831 857
831 861
831 864
831 866
831 870
831 871
832 835
832 839
832 841
832 842
832 843
832 844
832 845
832 846
832 847
832 848
832 851
832 852
832 854
832 856
832 857
832 859
832 860
832 861
832 863
832 864
832 865
832 866
832 867
832 869
832 870
832 871
832 950
833 834
833 836
833 840
833 841
833 842
833 843
833 846
833 847
833 848
833 851
833 853
833 854
833 855
833 856
833 857
833 860
833 861
833 863
833 865
833 866
833 867
833 869
834 836
834 837
834 838
834 843
834 844
834 847
834 850
834 852
834 853
834 854
834 857
834 858
834 859
834 861
834 862
834 863
834 864
834 865
834 866
834 867
834 868
834 869
834 870
834 871
835 837
835 838
835 839
835 841
835 842
835 844
835 845
835 846
835 847
835 848
835 851
835 852
835 853
835 854
835 856
835 857
835 858
835 860
835 861
835 863
835 864
835 865
835 866
835 867
835 868
835 869
835 871
836 838
836 839
836 840
836 841
836 846
836 847
836 848
836 849
836 854
836 856
836 857
836 858
836 862
836 863
836 864
836 867
836 868
836 869
836 870
836 871
837 838
837 840
837 842
837 843
837 844
837 845
837 846
837 849
837 850
837 852
837 853
837 854
837 855
837 857
837 859
837 860
837 862
837 864
837 865
837 868
837 870
838 839
838 843
838 849
838 850
838 857
838 860
838 863
838 864
838 865
838 866
838 867
838 868
838 869
838 871
838 882
839 840
839 842
839 843
839 846
839 847
839 848
839 850
839 851
839 852
839 854
839 855
839 856
839 859
839 860
839 861
839 862
839 863
839 867
839 868
839 869
839 871
840 841
840 842
840 843
840 845
840 846
840 847
840 848
840 849
840 850
840 851
840 853
840 854
840 855
840 856
840 860
840 862
840 863
840 865
840 866
840 867
840 870
840 871
841 843
841 844
841 847
841 849
841 852
841 853
841 854
841 857
841 859
841 862
841 865
841 867
841 868
841 869
842 843
842 845
842 846
842 849
842 850
842 851
842 852
842 853
842 854
842 855
842 857
842 858
842 859
842 860
842 862
842 863
842 864
842 866
842 868
842 869
842 871
843 844
843 846
843 847
843 848
843 850
843 851
843 853
843 855
843 857
843 859
843 861
843 864
843 865
843 866
843 867
843 868
843 871
844 845
844 846
844 847
844 848
844 849
844 851
844 852
844 854
844 858
844 859
844 861
844 862
844 864
844 867
844 868
844 870
844 871
845 846
845 847
845 849
845 851
845 852
845 854
845 861
845 863
845 865
845 866
845 869
845 870
845 871
846 848
846 850
846 851
846 853
846 856
846 857
846 859
846 860
846 861
846 863
846 866
846 867
846 868
846 871
846 965
847 848
847 849
847 851
847 852
847 859
847 864
847 867
847 868
847 870
847 871
848 853
848 854
848 856
848 858
848 860
848 861
848 863
848 866
848 867
848 868
848 870
848 871
849 850
849 851
849 855
849 857
849 859
849 860
849 861
849 862
849 863
849 864
849 865
849 866
849 867
849 869
849 870
850 856
850 857
850 858
850 859
850 861
850 865
850 866
850 867
850 868
850 869
850 871
851 853
851 855
851 857
851 858
851 859
851 860
851 862
851 863
851 864
851 865
851 866
851 868
851 870
851 871
852 853
852 854
852 855
852 857
852 858
852 859
852 861
852 862
852 863
852 868
852 869
852 871
853 854
853 857
853 859
853 861
853 862
853 863
853 864
853 865
853 866
853 867
853 869
853 870
853 871
854 855
854 857
854 858
854 859
854 861
854 862
854 863
854 865
854 867
854 868
854 869
854 870
855 856
855 857
855 858
855 859
855 860
855 861
855 866
855 867
855 871
856 857
856 859
856 860
856 861
856 863
856 865
856 866
856 868
856 869
857 859
857 863
857 864
857 866
857 868
857 869
857 871
858 859
858 860
858 861
858 862
858 865
858 866
858 868
858 869
858 870
858 871
859 860
859 865
859 868
859 869
860 863
860 864
860 866
860 867
860 871
861 866
861 867
861 868
861 870
861 871
861 974
862 863
862 864
862 865
862 866
862 867
862 868
863 864
863 866
863 868
863 870
864 865
864 866
864 868
864 871
865 867
865 868
865 870
865 871
866 867
866 869
866 870
866 871
867 869
867 870
867 871
868 870
868 871
869 870
870 871
870 966
871 952
872 874
872 875
872 876
872 877
872 966
873 874
873 875
873 876
873 877
873 929
873 946
873 955
874 875
874 876
874 955
875 876
875 877
876 877
879 880
880 885
881 887
881 888
881 889
881 997
882 885
882 888
883 886
884 958
884 986
885 985
890 891
890 950
896 898
896 905
896 912
896 920
896 921
896 933
896 936
897 901
897 909
897 918
897 924
897 926
897 932
897 942
898 900
898 908
898 909
898 935
898 940
898 894
899 902
899 929
899 937
899 938
900 903
900 919
900 924
900 925
900 931
900 936
901 931
902 907
902 911
902 915
902 922
902 929
902 935
903 909
903 915
903 938
903 893
904 918
904 938
905 920
905 928
905 939
905 892
906 909
906 916
906 932
906 942
906 893
906 894
907 912
907 920
907 923
908 926
908 935
908 936
909 930
909 933
909 942
909 893
910 918
910 919
910 920
910 928
910 938
911 914
911 936
911 892
912 928
912 895
913 918
913 923
914 916
914 917
914 921
914 923
914 937
915 924
915 929
916 918
916 928
917 918
917 923
917 936
917 955
918 923
918 931
918 938
918 941
918 892
919 929
919 932
919 938
919 895
920 922
920 929
920 942
921 923
921 929
923 927
923 929
923 935
923 894
924 940
925 927
926 895
927 935
928 935
929 934
929 957
930 938
931 932
932 934
932 940
932 942
933 934
933 936
933 939
936 937
936 942
936 894
936 895
938 895
939 941
939 895
940 942
942 892
893 982
944 945
944 946
944 943
945 943
947 953
947 956
947 958
947 968
947 972
947 976
947 980
947 985
947 990
947 991
947 993
947 1001
948 954
948 955
948 959
948 963
948 979
948 981
948 991
949 957
949 961
949 963
949 967
949 973
949 975
949 981
949 982
949 984
949 998
949 1000
950 958
950 962
950 965
950 966
950 973
950 977
950 979
950 981
950 983
950 985
950 987
950 992
950 1000
951 954
951 955
951 971
951 981
951 982
951 985
951 994
951 1002
952 955
952 958
952 961
952 962
952 964
952 966
952 970
952 971
952 978
952 979
952 982
952 986
952 988
952 994
952 997
952 1000
953 969
953 971
953 975
953 986
953 988
953 1002
954 960
954 964
954 966
954 973
954 974
954 975
954 980
954 984
954 990
954 991
954 992
954 1002
955 966
955 970
955 973
955 974
955 975
955 976
955 982
955 983
955 984
955 985
955 986
955 988
955 990
955 992
955 993
955 995
955 998
956 959
956 963
956 965
956 969
956 970
956 972
956 978
956 987
956 994
956 995
956 998
957 964
957 970
957 976
957 980
957 983
957 984
957 988
957 996
957 999
957 1000
957 1002
958 974
958 988
958 991
958 993
959 963
959 966
959 968
959 969
959 973
959 976
959 979
959 980
959 982
959 983
959 984
959 986
959 988
959 991
959 995
959 999
960 962
960 963
960 967
960 974
960 977
960 984
960 987
960 999
960 1000
960 1001
961 964
961 965
961 966
961 969
961 970
961 971
961 972
961 974
961 975
961 988
961 990
961 994
961 996
961 998
961 1001
962 968
962 969
962 973
962 976
962 989
963 964
963 968
963 969
963 970
963 973
963 979
963 983
963 995
963 1000
963 1002
964 968
964 978
964 985
964 987
964 989
964 1000
964 1001
965 967
965 977
965 979
965 982
965 986
965 987
965 990
966 971
966 972
966 973
966 980
966 984
966 987
967 972
967 973
967 978
967 979
967 980
967 987
967 989
967 990
967 995
967 999
968 969
968 986
968 988
968 992
969 977
969 996
970 972
970 976
970 979
970 985
970 994
970 1000
971 972
971 975
971 976
971 979
971 984
971 987
971 993
971 997
971 1001
971 1002
972 977
972 979
972 982
972 991
972 996
972 998
972 1000
973 975
973 978
973 980
973 981
973 987
973 988
973 991
973 996
973 999
974 976
974 978
974 983
974 989
974 990
974 995
974 996
974 1000
975 976
975 994
975 995
975 1002
976 978
976 979
976 982
976 985
976 986
976 996
976 998
977 985
977 995
977 996
977 1001
978 983
978 985
978 988
979 993
979 994
979 1000
980 983
980 988
980 990
980 995
980 998
980 1000
981 992
982 987
982 989
982 992
982 994
982 996
984 993
984 995
984 998
985 989
985 990
985 991
986 990
986 993
986 996
987 989
987 990
987 991
987 995
987 998
987 1000
987 1002
988 989
989 995
989 997
989 1000
990 999
990 1000
991 993
991 997
991 1000
992 997
992 1001
993 994
993 995
993 998
993 999
994 996
994 999
994 1000
995 996
995 999
996 1002
998 999
999 1001