0 30
0 68
2 30
2 123
2 144
5 67
6 27
6 62
6 67
8 35
8 40
8 47
8 48
9 15
9 24
9 57
10 13
10 16
10 30
10 43
11 31
12 17
12 18
12 24
12 35
12 42
13 15
13 43
14 31
15 24
15 35
15 37
15 38
16 33
16 48
16 49
17 28
17 31
18 34
19 28
19 31
19 38
19 40
20 21
20 23
21 23
21 25
22 37
22 40
23 30
23 41
25 30
25 32
25 35
25 42
25 43
27 28
27 33
28 34
28 36
29 32
29 33
29 46
29 72
30 32
30 47
33 46
35 41
36 44
37 46
37 48
37 49
40 41
40 45
41 47
42 57
44 45
44 47
50 65
50 143
52 93
53 56
54 95
54 121
56 106
64 60
59 116
62 73
63 129
68 72
68 73
69 74
70 74
71 72
71 75
72 75
77 79
77 81
78 83
79 82
79 83
80 82
80 83
82 83
85 86
85 144
96 98
96 91
96 93
97 99
97 102
97 90
97 91
98 102
98 95
99 87
99 88
100 87
100 91
100 118
100 120
101 95
103 87
103 89
103 93
87 88
87 95
89 90
92 94
94 95
104 142
105 130
106 107
108 124
108 125
110 113
112 127
129 122
119 127
121 126
130 133
131 132
131 133
134 136
135 138
137 139
137 140