0 41
0 451
0 1651
0 5612
1 85
1 2967
2 23
2 397
3 100
4 939
4 1294
5 84
6 3213
7 31
7 136
7 3355
8 220
8 1262
9 25
10 19
10 1259
11 28
12 903
12 1245
12 3285
12 3304
12 3563
13 5004
15 4338
16 31
16 38
16 4163
17 93
20 1525
20 3916
20 5670
21 42
21 416
21 460
21 4464
21 4655
23 81
23 4271
24 188
25 70
25 74
25 363
25 1300
27 697
27 5119
29 56
30 79
32 1060
33 3667
33 4305
34 48
35 240
35 1329
35 1657
35 3812
36 1223
37 78
37 1723
37 4712
38 621
38 1077
38 2039
39 1549
41 2989
42 1373
44 2313
44 1788
44 4402
46 786
46 1056
47 1239
48 77
48 1749
50 93
50 825
50 1393
51 1349
55 2721
56 3537
56 4397
58 1123
58 4214
60 1376
61 2964
62 1554
62 5575
63 353
63 1277
64 4513
66 757
66 3687
66 4179
67 154
69 178
69 395
69 1110
69 1138
69 1553
70 4193
71 1348
73 99
73 1579
73 5534
74 2167
74 3391
74 5313
75 2870
77 1049
79 103
79 5157
80 5419
82 1338
82 5340
83 238
83 987
83 3345
83 4531
85 1368
86 5551
88 3218
88 3484
89 2494
90 1364
90 2317
90 3053
91 2770
92 3905
93 1925
93 4423
94 114
96 1047
97 316
97 2276
97 5608
98 504
98 2137
100 3101
102 1356
103 1889
104 354
106 118
106 253
106 268
106 814
107 112
107 266
107 298
107 320
110 319
114 4873
115 155
115 408
116 426
116 1057
116 2056
121 281
121 880
122 1377
123 3819
124 288
124 352
127 220
127 4337
128 4157
129 141
130 427
130 1435
132 251
132 453
132 469
132 4502
133 395
133 1304
134 508
136 4089
139 289
140 202
141 2071
141 3068
142 149
142 3927
143 459
143 4422
144 170
146 462
146 495
146 861
147 416
147 480
147 1625
147 5549
149 1567
150 171
151 1890
152 268
154 251
155 378
156 376
156 426
156 3382
158 5308
162 367
162 789
163 3317
166 298
167 2047
170 174
170 370
171 1344
172 194
172 362
172 388
173 1594
174 211
174 764
175 279
175 4845
177 3693
180 400
181 625
181 890
185 1866
186 455
186 1689
190 4166
193 262
194 3170
195 250
195 373
195 469
196 336
199 4312
200 285
200 3562
202 260
202 4205
204 344
206 291
206 388
206 413
206 3476
207 884
209 429
210 243
212 1356
213 5073
215 299
215 401
224 4731
228 268
228 798
230 445
230 1932
234 3265
236 385
237 406
240 290
240 447
240 3275
240 3816
242 303
242 1705
246 1228
248 264
248 372
248 829
248 3315
249 1016
249 3328
250 302
251 3786
254 301
254 497
254 504
255 260
256 423
256 1158
256 1743
256 3625
257 492
261 323
261 441
261 454
261 508
262 2959
263 354
264 3242
265 427
266 381
266 411
267 469
267 1568
267 4340
271 290
272 3897
273 1022
273 2123
274 428
274 497
274 2744
276 376
276 3247
277 343
277 3138
278 395
280 378
283 902
283 3346
284 367
285 313
285 2056
285 3567
285 5153
286 1640
286 3400
288 442
291 294
291 414
291 3270
292 351
292 2092
293 351
294 319
296 494
296 1067
297 414
300 1518
301 352
304 487
305 419
305 476
305 3319
309 427
309 447
309 3295
311 1710
314 326
314 1963
316 2149
317 329
318 498
319 4216
321 3442
322 847
322 3858
323 2137
326 442
327 353
330 393
335 530
335 3879
336 3931
338 1577
339 405
341 2116
341 3267
341 3571
344 472
347 444
348 5236
349 418
352 357
352 466
354 427
354 2321
356 361
356 3033
356 5822
361 532
366 1700
366 3580
367 396
368 4005
369 1910
371 1763
373 2797
375 1942
376 3797
378 4195
379 424
382 700
384 1362
388 454
389 897
390 1276
394 486
398 1585
399 4029
399 4442
401 494
402 3469
404 411
406 875
410 431
410 1076
411 4344
412 458
413 442
414 2255
414 3976
415 3730
416 439
416 1896
417 3368
418 1795
423 809
424 955
425 4566
434 1576
438 472
440 1085
440 1989
443 1786
444 4393
453 469
457 491
459 2260
460 816
462 3394
464 3789
465 3360
467 3062
468 4482
471 481
472 1545
476 4467
478 848
479 499
479 1031
481 3739
482 1132
483 3321
486 3461
493 5561
495 1777
497 1390
498 1293
498 3862
506 854
506 1155
514 720
514 3103
516 950
518 582
518 4228
520 719
521 4357
523 921
523 1071
524 708
525 679
526 631
526 652
526 3954
526 4428
527 743
529 554
531 638
531 3715
532 540
532 3041
532 3127
533 581
533 612
533 2274
533 4203
533 5047
535 631
536 3872
537 540
537 634
537 3992
538 4352
545 580
545 651
545 729
546 3757
547 612
548 743
550 2977
551 711
553 582
555 629
555 966
557 737
558 4489
559 859
559 1134
562 707
563 583
563 651
563 691
563 3588
563 4522
565 2836
565 4955
567 2139
567 2412
568 739
568 1687
571 738
572 669
572 4420
573 742
573 921
574 3843
576 753
578 642
579 727
580 4495
581 617
581 644
582 656
583 632
583 741
583 3104
585 617
588 744
590 717
590 727
590 1756
590 2666
590 3555
591 636
594 4104
599 3754
600 649
601 3767
603 911
603 2215
605 3715
605 4896
606 3480
607 623
607 674
608 676
608 4227
609 614
610 1326
613 753
613 1476
613 1966
614 670
614 1968
615 747
616 1920
616 3549
618 943
618 1559
619 630
620 693
621 645
622 3421
623 1424
624 690
625 4343
629 2298
633 719
635 1199
637 5096
647 686
647 1002
647 1444
647 2415
647 4859
649 930
650 937
650 1767
653 945
655 1142
656 2583
657 721
657 2970
658 677
660 715
660 2156
662 4819
665 720
665 1126
667 2098
669 672
669 876
670 703
673 3550
673 3834
675 686
675 1638
676 1052
676 4515
677 3266
678 4166
679 3486
681 3532
683 691
683 3698
685 705
685 3976
686 749
691 3802
691 4519
692 3968
696 5188
697 3244
698 889
698 3570
702 5171
703 706
706 715
706 920
706 5812
709 766
711 989
711 2009
711 3622
713 5206
716 2190
717 736
717 5232
719 3146
722 1856
724 1008
725 3123
727 753
727 1914
728 4286
730 821
733 1666
734 3404
735 759
735 974
735 3905
737 745
737 807
738 3765
738 4487
742 3669
742 4102
743 3360
745 5622
746 752
746 3888
748 1994
750 1024
750 2447
750 3123
751 771
752 2181
754 2300
754 2880
509 2184
509 3917
757 3233
758 1035
762 802
766 1135
767 959
769 776
769 901
769 1029
769 1145
770 3505
771 1156
772 939
772 1216
774 1037
778 852
779 981
781 1908
781 3147
781 3465
782 4059
784 1055
784 1065
785 912
787 989
789 1101
789 1141
790 904
790 3429
791 855
791 5260
792 1101
792 3150
793 3870
796 917
797 3929
798 1018
798 1054
798 1056
799 1076
799 1154
801 1576
801 4502
804 1930
805 867
805 4286
807 972
808 901
811 1674
812 819
812 1012
814 1443
814 2023
814 2751
815 2264
819 4228
820 4392
822 3068
823 868
825 1003
827 993
828 1124
829 1078
830 1040
832 1032
838 2540
840 5239
841 1023
844 1970
847 1096
849 869
849 1075
850 902
851 924
852 1125
853 3057
855 1093
857 1020
857 3312
861 1093
861 4444
864 1111
866 899
866 1064
866 2020
868 896
868 900
868 1000
869 916
872 993
875 1011
875 1050
875 2305
876 992
876 5243
878 4269
880 3138
881 969
883 888
883 3673
886 1072
888 1049
889 1048
892 1091
893 3465
894 1875
894 3756
897 2192
900 1672
902 3599
903 2165
907 1004
908 1157
911 2036
912 1112
913 4532
914 1085
918 1043
920 1284
921 967
922 3026
925 1524
925 5576
929 1084
929 1379
931 1778
934 1139
935 2263
936 965
936 1041
939 945
942 962
942 1088
943 1132
947 1663
949 1240
953 3622
957 3906
959 1072
959 1154
959 3781
963 1068
964 999
965 3569
967 2190
971 1032
971 1105
972 1033
972 4536
973 1226
974 2234
975 1082
981 1874
984 1133
984 4408
985 1024
986 1155
988 3810
989 1046
993 1005
993 4207
994 1143
996 1105
996 3277
997 1069
997 1118
997 1692
997 1960
997 4243
999 3714
1000 4511
1002 1089
1002 1112
1002 3772
1003 2088
1004 1208
1007 2665
1012 5319
1014 1801
1014 3747
1015 1140
1015 1144
1019 1804
1019 2799
1024 1616
1025 3697
1026 4471
1027 1844
1028 2835
1030 1140
1030 1712
1033 4459
1036 4871
1037 1132
1042 1128
1051 1523
1051 3936
1052 1075
1052 3771
1053 3446
1054 1769
1057 1211
1059 5300
1062 1312
1063 1102
1064 3385
1069 2040
1070 3969
1072 1108
1073 1329
1073 3448
1077 2257
1077 4210
1080 1092
1080 4315
1090 1778
1092 3162
1095 2106
1098 1106
1099 1374
1100 1121
1103 1110
1108 3404
1109 2441
1110 1154
1111 1258
1112 1658
1116 4258
1118 2143
1121 2089
1121 3651
1123 3466
1124 1630
1124 3118
1132 1203
1134 1156
1135 1290
1138 4124
1139 4582
1140 2966
1142 4347
1148 3317
1150 3020
1153 3189
1155 4209
1156 2121
1157 3707
1159 2948
1161 1419
1162 3555
1163 2330
1163 3025
1163 3225
1164 3327
1164 3945
1165 1187
1165 2061
1166 1175
1166 4877
1167 5231
1168 2120
1168 1683
1169 3617
1171 1187
1171 1264
1171 4342
1171 5615
1172 1189
1173 1178
1173 4605
1173 5280
1174 3636
1175 1467
1175 2086
1175 4802
1176 1212
1176 4852
1178 5747
1180 1809
1180 4567
1181 1444
1181 4335
1181 4545
1184 2666
1185 1442
1186 1319
1186 3165
1187 2322
1188 2263
1188 3153
1188 4239
1190 1398
1190 2445
1190 4244
1190 5584
1191 3629
1192 1215
1192 1804
1194 1354
1197 1433
1197 3618
1199 1217
1199 1316
1199 3003
1200 1230
1201 1273
1202 4117
1203 1208
1203 1713
1204 1219
1204 1295
1204 1325
1204 1375
1204 3470
1206 1309
1207 1211
1207 1297
1207 1331
1207 1376
1207 3320
1208 1572
1209 1266
1209 1286
1209 1366
1210 1290
1210 1372
1210 1820
1211 2817
1212 1218
1212 1250
1213 1387
1213 1391
1213 4472
1215 2066
1216 1243
1216 1317
1217 1372
1217 1409
1218 1298
1218 3190
1219 1308
1219 4235
1220 1276
1220 1312
1220 1437
1221 1253
1221 3114
1222 1384
1223 1242
1223 1299
1223 1378
1223 1406
1224 1243
1224 1409
1225 1411
1225 1665
1227 1258
1228 1307
1229 1278
1229 1404
1229 2672
1230 1419
1230 1430
1231 1324
1232 1288
1233 1241
1234 1428
1236 1283
1237 1283
1237 1341
1238 1313
1239 1373
1239 1387
1239 1779
1240 1305
1240 3673
1240 3938
1243 1246
1243 1390
1243 3933
1244 1398
1245 1350
1247 1893
1248 1360
1249 1433
1249 3457
1250 1407
1250 2006
1251 1287
1252 1517
1253 1384
1253 3263
1254 1419
1255 1274
1255 1406
1255 4250
1256 4185
1257 1336
1257 1431
1257 1547
1257 3105
1258 1519
1260 1403
1261 1433
1261 1944
1262 1312
1262 1396
1262 3861
1263 1270
1263 1290
1263 1343
1263 1354
1263 4242
1264 1406
1265 1366
1265 4194
1266 1323
1266 2234
1266 3346
1267 1402
1268 1407
1268 3860
1271 1357
1272 1311
1273 1911
1274 1432
1274 4477
1276 1345
1276 1379
1277 1411
1278 1373
1281 1384
1282 1314
1282 3844
1283 1306
1283 1431
1283 1434
1283 2088
1284 5178
1285 1351
1285 1438
1289 1375
1290 1319
1290 1346
1292 1418
1292 1565
1292 4008
1293 1438
1294 1360
1294 1649
1295 1399
1295 1912
1296 1323
1296 1585
1297 1376
1300 1369
1300 1390
1301 3748
1304 1380
1305 2021
1306 1318
1307 2671
1307 4892
1308 3341
1308 4333
1311 3959
1313 1323
1313 1353
1313 1400
1313 1403
1315 2682
1315 5440
1316 3281
1317 1325
1317 1345
1318 1391
1321 1410
1323 1430
1323 1812
1323 4983
1324 2226
1327 1345
1327 1362
1327 1400
1327 2290
1329 1345
1329 4438
1330 1394
1331 1421
1332 1869
1333 2685
1333 4937
1334 1421
1334 4496
1335 1377
1338 5421
1339 3619
1341 5583
1343 3249
1344 3170
1345 1393
1346 1349
1346 1395
1346 1438
1347 1389
1347 5286
1351 1353
1354 1436
1356 1403
1356 1412
1357 1370
1357 1391
1357 4241
1359 3454
1362 1418
1362 4992
1364 1398
1367 1368
1368 1437
1368 1440
1368 1650
1370 1425
1370 4382
1371 3153
1372 1373
1376 2208
1377 1418
1379 1422
1380 4222
1384 1427
1387 1439
1390 1935
1391 1426
1393 1410
1393 2132
1395 2295
1397 1920
1402 4960
1405 2321
1406 1939
1409 3473
1410 1420
1411 1416
1412 5804
1413 1986
1414 3653
1416 4130
1419 1430
1420 3777
1420 4040
1424 3956
1425 1427
1426 4397
1429 4173
1430 3749
1433 1646
1439 2800
1441 2115
1441 3468
1441 3673
1441 4304
1442 1986
1443 1490
1444 1458
1444 2481
1445 1464
1445 1480
1446 1505
1447 1463
1447 1491
1447 4213
1448 2884
1449 1495
1449 4593
1449 4977
1449 5294
1453 2034
1456 1458
1456 1465
1456 1495
1456 1810
1456 1951
1462 1472
1462 4268
1462 4446
1463 1511
1464 2940
1466 1478
1466 2638
1467 1494
1467 3321
1468 4297
1469 1749
1471 1498
1471 4367
1472 3534
1473 2278
1473 3507
1474 1547
1476 1502
1476 4205
1477 1504
1477 4191
1479 2111
1479 4528
1480 3803
1480 4050
1481 1514
1482 2022
1484 2015
1486 2269
1486 4440
1486 4465
1488 3893
1489 1512
1490 5046
1491 1494
1491 3243
1492 3769
1493 2893
1493 4050
1494 1510
1496 4242
1498 2718
1498 3048
1499 1508
1499 1987
1500 2188
1502 3946
1506 1577
1506 3204
1507 2470
1507 3675
1508 3525
1510 4211
1511 1513
1513 3433
1516 3158
1516 4375
2048 2110
2048 2164
2048 2191
2049 1743
2050 2134
2050 2292
2054 2141
2056 1855
2056 1995
2057 2324
2059 2180
2059 1988
2061 2298
2061 1762
2061 1781
2061 1785
2061 1872
2063 1697
2063 1728
2064 1866
2065 1891
2065 2023
2067 1845
2068 1860
2070 2099
2070 1538
2071 1754
2075 1851
2076 2040
2077 2217
2078 1864
2079 2302
2079 3034
2083 2168
2083 4394
2085 1765
2086 2100
2086 1782
2087 2258
2087 2296
2088 2099
2088 1873
2089 1884
2089 1891
2089 5324
2091 1865
2092 1617
2092 1775
2093 3912
2095 1518
2096 1858
2096 1905
2098 1602
2099 2304
2100 2273
2100 2005
2102 2112
2102 2207
2102 1580
2104 1777
2105 1573
2108 2123
2108 2305
2108 1938
2108 2654
2109 2205
2109 2023
2109 3829
2110 1762
2111 1718
2112 1896
2116 1976
2118 1994
2119 1612
2120 4927
2123 5159
2124 1577
2125 1763
2125 1959
2126 1746
2128 2173
2129 1565
2130 1657
2131 1851
2134 2241
2136 1533
2138 1957
2140 1636
2141 2149
2141 1944
2141 1966
2142 1801
2142 1835
2142 1843
2144 1836
2144 3864
2147 1853
2149 1781
2149 1793
2151 2233
2152 1583
2152 1681
2154 2221
2154 1736
2156 1907
2159 1648
2159 2033
2161 2226
2161 2027
2165 1675
2165 1807
2166 1827
2168 1968
2169 1577
2172 2035
2173 1670
2174 2043
2176 1890
2179 1917
2181 1539
2185 2231
2185 1567
2188 1590
2188 1711
2188 1968
2189 2046
2191 2236
2191 1757
2192 1575
2192 1617
2193 3361
2196 1761
2196 1961
2199 1788
2206 1777
2206 1849
2207 3628
2208 1794
2209 1947
2213 2023
2219 2023
2220 2275
2222 1915
2228 1593
2228 1773
2228 5332
2232 1990
2232 4261
2234 1620
2234 1729
2235 2285
2235 1536
2236 1669
2236 1924
2236 2044
2238 1715
2238 3181
2239 2308
2240 1706
2240 1940
2241 1531
2241 1611
2241 1858
2241 4453
2242 1863
2245 3730
2246 1546
2246 1936
2247 1916
2248 2280
2248 1540
2250 1828
2254 2315
2254 5078
2258 1663
2260 1774
2261 1844
2264 1718
2269 1961
2269 2017
2272 1928
2272 1994
2274 1568
2274 1991
2276 1955
2279 1691
2280 1800
2280 1859
2281 1996
2282 2006
2283 1652
2283 3753
2284 1810
2284 1896
2289 1976
2291 1758
2292 1970
2293 1782
2295 1787
2297 1690
2298 3728
2299 1737
2300 2043
2301 1839
2301 3944
2302 1561
2305 3694
2306 1754
2311 2018
2312 3930
2313 1849
2317 1825
2317 1946
2320 1640
2320 1668
2320 3812
2323 1624
2325 1923
1517 1843
1518 1693
1518 1817
1518 2037
1520 4337
1524 1710
1525 1699
1526 1827
1526 3545
1530 1996
1530 5387
1532 4441
1536 1941
1538 1988
1540 1720
1541 1621
1542 1595
1542 1937
1543 1882
1544 1852
1545 3445
1549 1644
1550 1711
1550 1764
1555 1573
1558 1768
1559 1590
1561 1769
1561 1805
1561 2032
1562 3716
1564 2035
1566 1570
1568 2025
1568 3209
1571 1919
1573 1816
1573 1949
1578 1846
1582 3923
1585 1936
1586 1661
1589 1731
1589 1963
1590 1991
1591 4939
1595 1784
1598 1682
1599 1739
1602 1897
1603 1635
1605 5440
1606 4887
1607 1874
1610 1687
1614 1971
1615 1645
1615 1705
1618 1779
1620 2030
1621 1717
1622 1755
1625 1936
1626 3785
1627 1709
1629 1791
1637 3517
1638 1687
1640 1854
1642 1761
1644 1861
1644 1939
1645 3830
1646 1765
1650 1670
1651 1733
1651 1889
1652 4309
1654 1898
1660 2034
1661 1957
1664 1916
1665 1909
1666 1723
1669 1689
1669 1784
1669 1933
1671 1899
1673 1762
1676 2678
1679 2002
1679 5092
1684 1952
1687 4394
1688 1801
1693 1791
1700 3259
1700 4388
1705 1778
1705 1986
1706 1884
1707 1774
1712 1763
1713 1785
1715 1893
1716 1780
1723 1981
1723 1984
1726 1864
1727 2014
1728 4100
1729 1736
1729 1896
1729 2018
1730 1735
1733 1773
1734 2038
1737 1792
1737 2000
1741 1839
1741 3103
1743 1789
1743 1951
1748 1766
1752 1989
1755 3755
1761 1845
1765 4086
1766 1882
1769 1995
1771 3720
1776 1798
1780 1953
1782 1904
1783 3750
1790 3339
1791 1985
1791 3403
1793 1918
1797 3313
1799 4909
1804 1984
1807 1919
1819 1883
1819 3593
1821 1905
1823 1837
1823 1848
1823 1907
1826 1862
1830 1855
1830 1948
1830 5193
1832 3217
1837 1978
1838 2042
1839 1897
1845 1919
1845 1997
1849 2038
1850 2521
1855 3655
1857 1873
1861 4176
1865 3440
1875 1929
1881 1898
1896 3298
1904 1962
1906 1987
1906 2000
1909 1944
1911 2014
1920 1948
1920 1974
1936 4322
1937 1984
1938 2036
1942 1972
1947 1952
1954 3621
1966 1978
1968 3894
1977 3661
1985 4297
1992 3735
1993 2011
2000 3780
2001 2021
2016 4833
2026 2039
2030 4502
2035 3300
2328 2397
2328 2412
2328 2422
2329 2389
2332 2424
2333 4328
2335 2344
2336 2358
2337 2370
2340 2351
2344 2369
2344 4142
2345 4054
2346 2382
2347 2374
2350 3069
2351 2391
2352 2367
2353 4800
2354 4436
2358 2422
2359 2429
2359 3663
2360 2396
2360 2413
2361 2393
2361 2405
2362 2649
2362 4115
2362 4209
2365 2394
2365 3944
2367 2378
2367 3859
2371 2885
2372 5148
2374 2388
2376 4227
2377 5430
2379 3311
2379 4249
2381 3576
2383 3586
2384 3680
2387 2392
2389 3561
2391 4298
2392 2422
2393 2551
2394 2410
2394 5092
2395 3120
2396 3753
2398 2427
2398 3524
2400 5295
2401 3183
2405 3519
2405 4156
2407 2498
2410 2685
2410 5689
2414 4005
2416 3829
2419 2432
2422 4369
2423 4517
2424 4593
2425 3817
2428 3838
2428 4467
2431 5208
2434 3146
2435 3157
2436 4436
2441 2509
2442 2462
2444 2462
2444 3115
2445 2463
2446 3794
2447 2508
2447 2598
2447 4084
2449 2941
2451 2464
2451 2761
2451 3928
2452 2454
2452 3522
2453 2463
2455 2461
2455 3962
2456 5076
2459 2499
2460 2475
2460 4532
2460 5198
2460 5358
2461 2978
2464 2939
2464 3510
2465 3471
2466 2526
2467 3849
2470 2530
2471 3934
2474 2526
2475 3903
2475 4940
2480 2492
2483 3401
2484 4530
2484 4595
2486 2498
2487 2488
2489 2503
2491 5010
2492 4606
2493 3779
2494 3055
2499 2522
2500 3177
2500 4405
2502 5144
2504 2514
2505 3080
2505 4584
2509 2524
2511 4101
2512 3912
2512 4594
2513 2514
2513 2516
2513 3265
2514 3669
2515 3255
2517 3637
2518 3372
2518 3401
2519 3420
2519 3593
2520 2886
2522 3159
2524 3179
2524 3316
2525 5179
2528 4115
2529 5047
2530 5321
2564 2602
2564 2533
2565 2573
2566 2626
2568 4435
2569 2619
2570 4058
2574 2537
2575 2611
2575 2836
2578 4515
2580 2587
2581 4535
2582 2601
2588 4044
2588 4734
2589 2997
2590 3744
2591 4278
2592 2552
2592 3158
2594 3540
2595 2548
2595 2976
2598 3126
2599 2617
2599 4016
2601 5403
2603 2921
2606 2804
2606 4374
2606 4489
2607 4702
2610 2623
2610 4591
2611 2539
2613 5285
2614 2537
2615 2634
2617 2623
2617 2731
2617 4480
2618 5847
2619 2622
2619 2544
2620 3151
2623 3440
2623 4482
2624 3161
2625 2548
2625 4250
2625 4843
2626 2731
2532 2558
2532 2694
2533 3960
2533 4363
2534 2546
2535 5808
2536 5288
2537 2686
2537 4004
2537 4913
2539 2836
2541 3781
2544 4171
2545 4176
2546 2918
2549 5021
2550 3957
2551 5087
2552 3190
2559 3676
2694 3496
2628 2630
2628 3474
2629 2686
2629 5708
2634 3323
2637 4038
2638 2675
2638 2686
2639 5635
2640 2654
2640 2675
2640 3137
2641 4196
2646 2679
2649 4463
2650 3657
2651 3603
2653 3259
2654 2680
2656 2674
2658 2995
2658 4528
2659 2673
2659 3100
2659 4558
2660 2681
2661 4285
2662 2921
2665 2922
2668 5349
2668 5520
2669 2676
2675 4213
2677 4106
2677 4207
2678 5405
2679 3487
2679 4583
2681 2685
2681 4253
2682 3738
2683 3126
2683 5528
2685 3980
2695 3643
2695 4094
2696 5783
2697 4130
2698 2760
2699 2722
2701 3383
2702 2800
2702 5583
2705 2731
2705 3860
2706 2797
2713 2851
2713 4102
2714 4308
2715 3957
2716 2750
2717 4505
2719 4505
2722 2787
2722 2820
2722 2871
2723 2819
2723 2936
2724 2778
2728 3695
2729 3157
2729 3361
2733 4346
2734 3825
2734 5513
2740 2788
2743 2811
2745 5243
2747 2803
2748 2796
2749 2840
2751 2855
2751 4206
2752 2871
2753 2861
2754 2801
2755 2760
2755 4005
2755 4226
2757 4485
2761 2786
2762 3073
2766 2841
2768 2827
2770 2856
2772 2791
2774 3959
2774 5594
2779 2834
2780 3060
2782 2792
2782 3015
2782 3933
2784 3999
2791 2871
2795 3431
2795 4982
2796 3041
2797 2798
2798 3156
2799 2836
2800 4433
2804 3179
2804 3502
2805 2835
2812 2870
2812 3897
2813 4502
2814 2920
2816 3204
2819 4394
2821 3789
2822 3314
2824 2862
2824 2875
2828 2864
2830 4245
2834 4512
2840 4133
2841 2865
2842 3915
2845 4396
2848 4074
2857 3351
2864 2870
2869 3703
2869 3889
2873 3529
2874 5444
2880 2894
2880 2923
2881 2917
2885 2925
2885 4392
2886 3637
2887 2897
2887 3000
2887 4586
2888 3355
2888 5741
2889 4524
2890 2929
2890 4215
2891 2912
2891 3246
2893 2932
2897 2911
2897 5691
2898 2945
2899 4536
2900 4056
2900 4336
2901 2912
2902 3856
2906 4595
2906 5449
2908 2916
2908 4754
2909 2911
2909 4070
2912 2914
2912 4011
2914 2916
2914 3856
2915 2929
2921 2924
2921 4249
2925 2934
2928 4088
2928 5663
2932 4103
2934 3953
3072 5224
3077 4356
3078 3727
3080 3007
3084 3708
3085 3030
2935 3282
2935 3618
2935 4392
2936 2994
2937 3035
2939 2962
2941 4325
2942 3007
2942 4142
2942 4177
2942 5677
2948 4147
2949 3890
2950 3005
2951 3020
2951 3415
2952 4140
2953 3066
2955 4188
2956 3048
2956 3060
2957 3030
2957 4088
2958 2998
2961 3038
2961 4387
2961 4416
2962 4326
2965 3545
2968 3066
2970 2983
2970 3056
2970 4149
2974 3003
2974 3052
2974 3068
2975 3047
2975 3320
2975 4065
2979 4483
2982 3059
2982 4288
2986 3005
2986 4003
2988 3030
2988 3049
2988 3135
2989 3038
2989 4520
2990 3040
2990 3126
2992 3003
2992 3061
2992 5279
2993 3185
2995 3876
2996 3014
2996 4607
2997 3630
2999 3304
3002 3018
3002 3042
3004 3042
3004 5198
3005 3264
3005 4238
3007 4044
3011 3066
3015 3046
3015 5628
3018 3788
3018 3971
3020 3171
3021 3339
3026 3070
3027 3051
3029 3419
3029 5625
3031 4440
3035 4144
3038 3068
3040 3061
3042 3416
3045 4207
3045 4232
3045 5570
3046 3747
3047 3336
3047 3571
3048 3063
3054 4420
3087 3097
3087 5465
3089 4046
3089 4328
3090 3094
3090 3095
3090 4570
3091 3093
3091 3097
3093 5538
3094 3095
3094 3531
3095 4260
3099 3153
3100 3915
3104 3441
3106 3455
3108 3288
3108 3476
3109 3553
3110 3261
3110 3530
3112 3674
3114 3621
3119 5435
3121 3839
3123 3626
3124 3888
3125 3271
3125 3843
3126 3891
3127 3313
3128 3921
3130 3351
3131 3568
3132 3691
3135 3932
3137 3966
3139 3182
3140 3515
3141 3164
3141 3828
3142 3894
3146 3606
3148 3201
3150 3499
3151 3229
3151 4453
3152 3454
3152 3768
3156 3941
3157 3855
3158 3493
3166 3206
3166 3246
3166 3752
3170 3592
3171 3659
3172 3265
3173 3505
3173 3842
3174 3928
3176 5223
3177 3358
3179 3327
3179 3487
3180 3739
3181 3411
3181 3931
3186 3947
3187 3352
3187 3421
3190 3639
3192 3765
3196 3452
3197 3739
3198 3758
3199 3506
3199 3568
3200 3658
3201 3492
3201 3648
3204 4348
3205 4845
3206 3405
3206 3499
3207 3435
3208 3966
3209 3608
3210 3238
3212 3327
3213 3232
3214 3386
3220 3788
3222 3358
3228 3425
3228 3903
3233 3285
3233 3544
3233 3550
3235 3368
3235 3791
3235 3875
3235 3907
3238 3428
3243 3542
3244 3769
3244 3920
3245 3427
3246 3283
3246 3957
3247 3778
3248 3946
3249 3874
3250 3336
3250 3397
3250 3801
3251 3890
3252 3488
3252 3899
3254 3310
3255 3441
3256 3352
3256 3460
3256 3600
3258 3623
3259 3371
3259 3608
3259 3679
3261 3338
3266 5091
3267 3515
3267 3610
3268 3333
3268 3839
3269 3859
3271 3344
3272 3333
3274 3400
3275 3616
3277 3385
3280 3877
3281 3363
3281 3461
3283 3508
3285 3894
3286 3826
3286 3907
3287 3467
3287 3935
3293 3719
3294 3400
3298 3765
3299 3706
3299 3803
3300 3579
3300 3878
3301 3552
3301 3741
3301 3804
3303 3470
3306 3478
3307 3518
3311 3501
3312 3355
3312 3699
3312 5008
3314 3844
3316 3389
3316 3846
3318 3795
3319 3558
3321 3641
3325 3735
3325 3966
3327 3447
3327 3776
3328 3339
3330 3794
3331 3540
3333 3535
3333 3630
3333 3714
3335 3568
3339 3557
3342 3805
3343 3360
3344 3750
3345 3502
3345 3829
3347 3509
3352 3614
3359 3567
3363 3457
3364 3368
3366 3517
3366 4713
3370 3686
3370 3778
3372 3665
3372 3834
3374 3789
3382 3800
3384 3390
3385 3724
3389 3414
3390 3667
3391 3684
3394 3705
3394 3723
3395 3681
3397 3790
3406 3849
3407 3501
3407 3818
3415 3940
3416 3522
3416 3825
3416 3939
3417 3914
3422 3581
3422 3739
3424 3436
3426 5645
3428 3560
3429 3657
3429 3909
3433 3847
3433 4183
3435 3797
3436 3771
3437 3671
3437 3886
3439 3741
3440 3799
3441 3649
3441 3658
3442 3590
3442 3883
3445 3529
3445 3592
3445 3803
3446 3959
3447 3604
3448 3451
3449 3545
3449 3969
3450 3606
3450 3763
3452 3717
3454 3913
3459 3562
3459 3927
3460 3692
3460 3966
3465 3473
3465 3946
3472 3683
3474 3500
3478 3924
3480 3969
3483 3501
3484 3751
3486 3574
3486 3947
3492 4129
3495 3841
3496 3884
3504 3838
3506 3638
3506 3662
3506 3749
3508 3511
3509 3867
3509 4334
3510 3598
3510 3945
3520 3647
3521 3639
3527 3928
3528 3621
3530 3571
3530 3806
3530 3907
3536 3963
3538 3951
3541 3894
3542 3926
3543 3820
3545 3585
3548 4278
3549 3697
3552 3861
3560 3719
3566 3775
3566 3877
3568 3805
3569 3873
3574 3782
3577 3624
3578 3873
3580 3837
3584 3687
3584 3790
3590 4423
3593 3756
3602 3942
3602 3955
3603 3707
3604 3707
3605 3848
3608 3653
3611 3702
3617 4465
3619 3865
3624 3910
3624 5204
3625 3799
3628 3677
3628 3703
3628 4332
3629 3727
3630 3769
3634 3928
3649 3652
3653 3941
3654 3769
3656 3756
3661 3701
3662 3901
3665 3702
3667 3970
3667 5175
3671 3766
3674 3701
3674 3965
3678 3899
3683 3701
3684 3933
3686 3911
3694 3756
3697 3920
3707 3770
3708 3845
3721 3909
3721 3963
3722 3952
3723 3743
3724 3785
3725 3853
3726 3956
3733 3814
3739 4222
3740 3968
3746 3839
3747 3849
3749 3882
3752 3919
3768 3770
3769 3901
3778 3876
3782 3933
3783 5230
3790 3802
3796 3812
3800 3811
3800 3924
3815 3831
3816 3886
3816 4516
3824 3866
3832 3901
3844 4355
3856 3889
3862 4672
3868 4451
3870 3949
3871 5383
3875 3881
3876 3925
3886 3950
3889 3910
3898 3925
3900 3940
3904 3958
3904 3959
3907 3950
3955 3962
4097 4067
4098 4067
4099 4139
4100 4050
4102 4123
4102 4044
4105 4150
4106 4080
4110 4058
4112 4042
4118 4141
4118 3994
4120 4075
4121 5555
4122 4080
4122 4191
4122 4388
4123 4044
4124 4039
4125 4049
4131 3978
4133 4063
4133 4087
4134 4029
4135 4163
4135 4067
4138 4010
4138 4058
4139 3972
4141 3999
4142 4461
4143 5264
4147 4775
4148 4058
4154 4070
4155 4022
4155 4190
4156 4033
4157 4007
4158 4400
4159 4017
4161 4061
4162 4013
4165 3993
4165 4010
4167 4049
4170 4041
4170 4080
4171 4178
3973 4243
3975 5391
3981 4417
3982 4045
3985 4267
3986 4418
3987 4065
3988 4092
3994 4380
3995 4089
3996 4010
4002 4032
4002 4080
4003 4085
4004 4032
4007 4070
4011 4417
4011 5013
4014 5633
4021 4082
4022 4023
4022 4053
4026 4060
4027 4045
4028 4029
4038 4814
4049 4064
4053 4077
4054 4481
4055 4547
4057 4212
4074 4463
4075 5356
4173 4206
4177 4331
4178 4485
4179 4257
4180 4239
4180 4383
4180 5258
4181 4244
4185 4320
4186 4410
4188 4269
4188 4276
4190 4898
4192 4306
4193 4519
4194 4231
4197 4413
4198 4209
4199 4233
4199 4470
4202 4364
4206 4389
4211 4359
4211 5335
4212 4475
4213 4422
4217 4237
4217 4249
4218 4332
4221 4441
4223 4290
4223 4428
4224 4464
4226 4231
4227 4470
4232 4537
4235 4435
4237 4464
4237 4507
4240 4349
4241 4314
4241 4503
4245 4379
4246 4323
4246 4455
4251 4289
4254 4357
4255 4316
4255 4440
4257 4298
4258 4493
4259 4282
4259 4375
4259 4386
4262 4479
4263 4309
4264 4373
4275 4313
4277 4349
4277 4371
4278 4456
4279 4334
4281 4453
4282 4341
4282 4358
4285 4302
4285 4517
4288 4397
4288 4539
4297 4510
4297 5232
4298 4447
4299 4888
4311 4468
4312 4317
4313 4456
4319 4397
4320 4474
4320 4503
4321 4521
4323 4391
4325 4435
4326 4395
4331 4471
4333 4447
4342 4411
4344 4535
4347 4358
4347 4529
4348 4383
4354 4533
4354 5164
4360 4375
4361 4441
4365 4477
4366 4453
4371 4531
4372 4498
4375 4527
4377 4440
4378 4507
4379 4714
4382 4471
4389 4522
4396 4420
4397 4458
4402 4404
4406 5100
4407 4486
4408 4523
4409 4462
4411 4439
4414 4418
4419 4486
4423 4460
4425 4472
4426 4534
4428 4437
4433 4512
4434 4470
4435 4508
4438 4506
4441 4584
4444 4506
4450 4457
4456 4525
4457 4489
4459 4494
4460 5562
4471 5263
4479 4495
4479 4497
4486 5187
4495 4512
4503 4535
4538 5591
4608 4558
4609 4566
4609 4582
4609 4584
4540 4603
4542 4576
4543 4566
4544 4553
4544 5042
4545 4596
4547 4596
4547 4834
4549 4567
4549 4573
4557 4565
4561 4587
4565 4575
4565 5847
4566 4587
4567 4589
4568 4599
4572 5570
4577 4594
4577 4602
4581 4584
4583 4584
4584 5602
4590 4774
4611 4623
4611 4672
4612 4637
4612 5489
4613 4622
4616 4647
4617 4621
4619 4658
4620 4644
4623 5586
4624 4656
4625 4668
4627 4675
4628 4648
4631 4672
4634 4967
4635 4820
4636 4668
4641 4673
4642 4670
4645 4664
4648 4672
4656 4666
4659 4669
4661 4665
4665 5286
4669 4675
4669 5604
4670 4671
4671 5031
4673 5066
4677 4774
4679 4806
4681 4760
4681 4781
4683 4687
4684 4783
4686 4715
4688 4725
4691 4714
4691 5336
4693 4697
4696 4798
4701 5498
4710 5409
4713 5619
4716 4766
4723 4761
4724 4777
4726 4804
4730 4792
4730 4799
4735 4780
4736 4748
4746 4790
4753 5469
4755 4796
4757 4787
4759 4765
4776 5607
4781 4783
4781 4799
4798 4810
4799 5856
4809 5252
4813 5003
4817 5196
4821 4981
4823 4923
4826 4929
4826 5164
4828 5043
4830 5211
4832 5148
4832 5400
4833 5033
4833 5158
4836 5090
4838 5025
4838 5278
4839 5294
4842 4922
4842 4968
4845 5039
4847 4972
4847 5261
4848 5053
4849 5056
4849 5316
4851 4929
4852 4957
4856 4966
4856 5379
4863 5215
4863 5246
4865 5343
4866 4937
4870 5433
4871 5266
4872 5075
4872 5215
4873 5366
4874 5427
4875 5265
4878 5011
4879 5147
4883 4959
4884 5167
4884 5180
4886 5027
4886 5178
4886 5376
4888 5163
4888 5387
4893 5235
4894 5389
4894 5425
4896 4994
4898 5327
4900 5084
4901 5131
4906 5426
4907 5138
4908 5049
4909 4944
4911 5140
4912 5333
4914 4992
4914 5441
4917 5027
4918 4977
4918 5013
4918 5145
4918 5424
4919 5038
4919 5103
4929 5042
4929 5241
4930 5082
4931 5074
4931 5284
4932 5131
4932 5435
4934 5362
4935 5308
4936 5189
4940 5267
4941 5004
4944 5025
4944 5448
4946 5373
4946 5408
4946 5419
4951 5126
4954 5026
4954 5205
4955 4963
4958 4999
4958 5230
4959 5043
4962 5080
4962 5370
4963 4987
4963 5031
4963 5127
4963 5346
4964 5324
4967 5759
4968 5446
4969 5321
4970 5046
4973 5055
4975 4976
4976 5218
4979 5256
4980 5014
4986 5295
4988 5096
4993 5077
4996 5102
4997 5005
4997 5170
4998 5020
4998 5343
4999 5364
5001 5269
5002 5242
5007 5250
5012 5387
5018 5023
5019 5033
5020 5085
5022 5224
5023 5202
5023 5207
5026 5079
5026 5148
5027 5160
5030 5137
5030 5391
5031 5317
5032 5354
5034 5292
5035 5051
5036 5085
5038 5085
5038 5264
5042 5071
5043 5361
5046 5306
5047 5162
5050 5059
5055 5446
5063 5085
5066 5408
5067 5222
5067 5321
5070 5241
5070 5435
5071 5437
5073 5127
5075 5338
5077 5130
5079 5106
5079 5388
5081 5339
5082 5247
5084 5113
5089 5200
5090 5256
5097 5351
5101 5428
5104 5171
5104 5343
5105 5352
5110 5318
5118 5247
5119 5289
5122 5159
5126 5216
5126 5356
5128 5322
5134 5361
5134 5418
5135 5354
5135 5413
5135 5435
5137 5208
5138 5242
5140 5168
5144 5232
5145 5355
5150 5200
5153 5342
5153 5444
5155 5199
5155 5354
5163 5354
5163 5444
5167 5296
5171 5208
5179 5760
5180 5291
5181 5207
5181 5333
5182 5378
5184 5327
5184 5362
5187 5360
5189 5338
5191 5427
5192 5268
5197 5221
5206 5290
5217 5332
5217 5447
5218 5256
5223 5227
5224 5389
5224 5390
5228 5327
5233 5310
5239 5378
5246 5336
5254 5400
5260 5290
5260 5385
5261 5356
5262 5820
5267 5372
5276 5318
5279 5397
5294 5435
5300 5431
5304 5387
5305 5374
5306 5335
5316 5379
5321 5411
5329 5382
5336 5434
5340 5445
5342 5416
5346 5410
5371 5374
5375 5407
5451 5484
5452 5483
5462 5476
5462 5486
5466 5486
5467 5483
5471 5477
5474 5501
5475 5501
5484 5510
5487 5503
5632 5598
5635 5618
5637 5648
5515 5603
5518 5608
5519 5571
5524 5568
5528 5621
5529 5551
5532 5551
5533 5557
5533 5566
5534 5572
5537 5569
5539 5561
5540 5541
5542 5558
5544 5576
5547 5594
5555 5560
5556 5588
5557 5608
5558 5613
5560 5568
5572 5608
5576 5589
5580 5616
5583 5595
5588 5607
5589 5604
5590 5618
5598 5609
5599 5603
5601 5629
5604 5622
5610 5729
5626 5629
5640 5687
5641 5685
5643 5654
5643 5694
5645 5682
5648 5660
5655 5659
5659 5676
5661 5671
5664 5666
5664 5688
5679 5682
5685 5878
5697 5702
5701 5705
5707 5739
5709 5724
5717 5742
5722 5732
5724 5731
5728 5739
5729 5733
5730 5738
5732 5739
5746 5871
5747 5827
5747 5838
5750 5764
5750 5832
5752 5789
5752 5858
5753 5765
5753 5866
5758 5859
5760 5825
5761 5852
5762 5860
5763 5779
5767 5831
5769 5871
5769 5875
5774 5821
5781 5883
5785 5806
5800 5843
5802 5819
5803 5817
5808 5866
5812 5859
5818 5834
5821 5829
5821 5877
5823 5855
5827 5853
5838 5857
5849 5871
5856 5865
5866 5886