0 36
0 41
0 118
0 126
0 133
0 144
0 242
0 270
0 391
0 444
0 507
0 640
0 783
0 806
0 849
0 926
0 890
0 894
1 35
1 52
1 91
1 114
1 132
1 190
1 254
1 320
1 384
1 407
1 459
1 537
1 572
1 500
1 501
1 930
1 881
2 42
2 106
2 134
2 175
2 177
2 191
2 254
2 289
2 401
2 456
2 557
2 511
2 662
3 101
3 111
3 113
3 199
3 269
3 362
3 403
3 422
3 978
4 11
4 50
4 53
4 120
4 123
4 130
4 191
4 343
4 558
4 498
4 888
5 59
5 255
5 267
5 362
5 438
5 593
5 843
5 849
5 908
5 932
6 29
6 53
6 83
6 85
6 112
6 122
6 186
6 338
6 421
6 447
6 472
6 480
6 563
6 595
6 668
6 863
6 911
7 34
7 60
7 70
7 119
7 137
7 197
7 521
7 530
7 533
7 562
7 487
7 505
7 638
7 672
8 23
8 37
8 43
8 118
8 120
8 181
8 237
8 314
8 344
8 422
8 592
8 798
8 818
8 842
8 843
8 857
8 902
8 881
9 24
9 71
9 73
9 77
9 87
9 111
9 123
9 161
9 166
9 196
9 246
9 321
9 326
9 328
9 472
9 582
9 782
9 830
9 833
9 841
9 854
9 918
10 74
10 89
10 114
10 191
10 230
10 534
10 542
10 562
10 570
10 507
10 597
10 655
10 805
10 892
11 28
11 39
11 113
11 120
11 373
11 416
11 420
11 540
11 556
11 612
11 643
11 803
11 833
11 845
11 910
11 988
12 45
12 47
12 130
12 138
12 162
12 222
12 229
12 235
12 287
12 295
12 309
12 462
12 501
12 614
12 785
13 14
13 24
13 55
13 76
13 256
13 311
13 354
13 363
13 373
13 455
13 525
13 560
13 494
13 843
14 49
14 96
14 123
14 178
14 280
14 291
14 318
14 324
14 331
14 344
14 462
14 561
14 594
14 616
14 851
14 886
15 54
15 62
15 64
15 78
15 172
15 190
15 200
15 216
15 235
15 326
15 440
15 463
15 521
15 527
15 562
15 862
15 870
16 23
16 61
16 66
16 134
16 170
16 186
16 424
16 446
16 466
16 470
16 536
16 626
16 650
16 796
16 818
16 831
16 922
16 923
17 119
17 140
17 195
17 197
17 205
17 217
17 293
17 445
17 472
17 769
17 781
17 855
18 31
18 43
18 47
18 212
18 260
18 366
18 407
18 481
18 667
18 924
19 20
19 40
19 100
19 124
19 150
19 161
19 268
19 296
19 429
19 508
19 583
19 847
19 875
19 901
20 47
20 58
20 98
20 131
20 149
20 152
20 178
20 445
20 595
20 839
20 896
20 908
20 977
21 45
21 50
21 64
21 75
21 79
21 264
21 302
21 321
21 324
21 356
21 364
21 421
21 668
21 860
21 864
21 935
22 105
22 146
22 219
22 278
22 293
22 384
22 553
22 589
22 876
22 989
23 37
23 75
23 87
23 103
23 120
23 133
23 229
23 343
23 377
23 421
23 534
23 570
23 637
23 830
23 871
23 914
24 33
24 64
24 206
24 359
24 406
24 447
24 471
24 540
24 575
24 642
24 651
24 662
24 781
24 874
24 883
24 953
24 954
25 108
25 111
25 113
25 146
25 247
25 379
25 435
25 514
25 501
25 640
25 794
25 826
25 828
25 866
26 127
26 291
26 346
26 522
26 568
26 841
27 33
27 45
27 130
27 163
27 217
27 339
27 515
27 558
27 559
27 571
27 808
27 845
27 870
27 913
28 40
28 53
28 62
28 232
28 289
28 453
28 455
28 557
28 675
28 768
28 926
29 55
29 132
29 152
29 167
29 409
29 413
29 523
29 828
29 849
29 854
29 910
29 938
30 69
30 74
30 77
30 92
30 98
30 130
30 246
30 263
30 363
30 382
30 394
30 514
30 482
30 587
30 649
30 830
30 836
30 849
31 65
31 125
31 204
31 212
31 243
31 332
31 422
31 538
31 608
31 638
32 42
32 78
32 86
32 94
32 141
32 147
32 297
32 304
32 324
32 536
32 576
32 488
32 601
32 673
32 878
32 892
33 41
33 70
33 86
33 141
33 188
33 340
33 442
33 518
33 551
33 506
33 829
33 845
33 924
34 68
34 105
34 142
34 196
34 322
34 329
34 436
34 469
34 634
34 673
34 767
34 828
34 866
34 879
35 73
35 77
35 80
35 98
35 249
35 259
35 343
35 466
35 593
35 676
35 878
35 926
36 93
36 109
36 120
36 124
36 296
36 421
36 524
36 645
36 667
36 898
36 924
37 56
37 281
37 330
37 390
37 584
37 605
37 811
37 829
37 858
38 47
38 150
38 167
38 205
38 232
38 329
38 473
38 639
38 810
38 910
38 983
39 64
39 103
39 326
39 379
39 398
39 404
39 450
39 533
39 571
39 497
39 620
39 622
39 624
39 636
39 666
39 777
39 823
39 928
40 221
40 385
40 523
40 557
40 507
40 975
41 74
41 77
41 89
41 90
41 446
41 519
41 529
41 545
41 645
41 844
41 934
42 76
42 80
42 108
42 215
42 331
42 614
42 645
42 661
42 775
42 833
42 906
42 908
42 912
43 151
43 161
43 165
43 230
43 234
43 255
43 378
43 414
43 578
43 597
43 616
43 992
44 86
44 170
44 185
44 251
44 322
44 397
44 513
44 531
44 507
44 799
44 876
45 50
45 85
45 109
45 126
45 133
45 174
45 184
45 185
45 207
45 264
45 326
45 337
45 409
45 440
45 492
45 907
45 928
45 992
46 334
46 528
46 542
46 483
46 589
46 792
46 866
46 879
46 918
46 889
46 947
47 61
47 62
47 80
47 87
47 103
47 241
47 271
47 304
47 307
47 345
47 441
47 466
47 533
47 541
47 553
47 572
47 495
47 598
47 614
47 772
47 847
47 897
48 116
48 315
48 463
48 521
48 551
48 781
48 784
48 872
48 880
48 925
48 890
48 892
49 96
49 132
49 173
49 201
49 279
49 323
49 552
49 594
49 635
49 648
49 855
49 922
49 891
49 994
50 83
50 141
50 211
50 221
50 245
50 377
50 434
50 444
50 457
50 492
50 608
50 647
50 650
50 658
50 816
50 869
50 924
50 927
50 996
51 111
51 157
51 208
51 345
51 379
51 414
51 478
51 481
51 484
51 819
51 850
51 909
51 889
51 958
52 62
52 65
52 76
52 103
52 128
52 130
52 142
52 150
52 307
52 458
52 499
52 814
52 848
52 873
52 874
52 917
53 60
53 83
53 85
53 130
53 134
53 228
53 241
53 342
53 515
53 502
53 783
53 784
53 799
53 840
53 907
54 94
54 164
54 259
54 351
54 432
54 440
54 452
54 470
54 555
54 491
54 599
54 811
54 829
54 859
54 882
55 62
55 71
55 73
55 130
55 187
55 245
55 356
55 375
55 435
55 479
55 544
55 551
55 554
55 508
55 653
55 834
55 854
55 873
55 890
56 62
56 63
56 90
56 146
56 193
56 209
56 223
56 228
56 243
56 302
56 341
56 347
56 390
56 398
56 401
56 460
56 553
56 486
56 586
56 785
56 849
56 903
56 962
57 132
57 178
57 355
57 370
57 407
57 423
57 537
57 539
57 567
57 498
57 581
57 832
57 860
58 116
58 137
58 169
58 266
58 327
58 331
58 365
58 419
58 504
58 773
58 809
58 873
58 921
59 71
59 97
59 101
59 121
59 125
59 182
59 299
59 322
59 407
59 592
59 863
59 915
60 87
60 128
60 130
60 136
60 306
60 317
60 330
60 350
60 391
60 397
60 407
60 419
60 556
60 590
60 593
60 609
60 652
60 661
61 70
61 141
61 166
61 208
61 274
61 448
61 455
61 458
61 603
61 860
62 153
62 232
62 539
62 791
62 846
62 869
62 949
63 101
63 127
63 141
63 169
63 467
63 468
63 520
63 592
63 659
63 853
63 899
63 902
64 93
64 96
64 120
64 148
64 198
64 203
64 239
64 297
64 457
64 521
64 496
64 613
64 782
64 794
64 829
64 837
64 865
64 936
65 141
65 217
65 255
65 432
65 528
65 550
65 555
65 577
65 506
65 590
65 615
65 889
66 79
66 109
66 130
66 223
66 395
66 439
66 457
66 482
66 492
66 504
66 612
66 798
67 72
67 94
67 134
67 152
67 170
67 216
67 240
67 247
67 248
67 312
67 328
67 425
67 437
67 520
67 539
67 558
67 572
67 508
67 822
68 82
68 106
68 170
68 181
68 245
68 263
68 264
68 344
68 387
68 490
68 585
68 844
68 857
69 70
69 79
69 130
69 230
69 250
69 278
69 565
69 569
69 622
69 770
69 790
69 862
69 930
69 887
70 82
70 122
70 136
70 165
70 212
70 260
70 331
70 438
70 454
70 579
70 612
70 653
70 777
70 855
70 857
70 866
70 910
71 105
71 128
71 221
71 368
71 391
71 407
71 527
71 583
71 796
71 869
71 917
72 136
72 230
72 322
72 714
73 102
73 116
73 159
73 207
73 305
73 347
73 383
73 437
73 469
73 475
73 525
73 561
73 506
73 769
73 821
73 831
73 878
74 77
74 102
74 180
74 262
74 327
74 410
74 414
74 447
74 484
74 647
74 907
75 93
75 167
75 256
75 263
75 283
75 387
75 454
75 471
75 593
75 609
75 657
75 844
75 859
75 927
75 892
76 77
76 108
76 223
76 276
76 303
76 381
76 489
76 623
76 627
76 633
76 638
76 674
76 903
76 921
77 102
77 130
77 135
77 562
77 499
77 824
78 93
78 370
78 396
78 460
78 515
78 637
78 789
78 809
78 827
79 83
79 94
79 138
79 158
79 206
79 258
79 423
79 600
79 606
79 629
79 674
79 795
79 903
79 914
79 924
80 86
80 94
80 121
80 163
80 209
80 253
80 404
80 439
80 532
80 587
80 676
80 929
81 93
81 182
81 188
81 357
81 397
81 566
81 612
81 639
81 663
81 893
82 155
82 186
82 203
82 215
82 230
82 309
82 399
82 416
82 514
82 528
82 542
82 563
82 602
82 670
82 809
82 908
83 111
83 240
83 330
83 365
83 420
83 535
83 539
83 569
83 639
83 906
83 912
83 884
84 88
84 94
84 107
84 202
84 244
84 315
84 379
84 386
84 401
84 462
84 624
84 813
84 857
84 919
84 889
84 939
85 117
85 208
85 216
85 233
85 407
85 465
85 548
85 627
85 662
85 784
85 843
85 916
85 925
85 944
86 95
86 112
86 123
86 153
86 162
86 266
86 271
86 345
86 362
86 381
86 383
86 398
86 527
86 570
86 593
86 670
86 911
86 915
87 120
87 126
87 158
87 333
87 368
87 614
87 783
87 791
87 928
87 953
87 956
88 122
88 131
88 192
88 562
88 569
88 596
88 770
88 782
89 148
89 312
89 456
89 522
89 561
89 617
89 620
89 641
89 668
89 885
89 888
89 956
90 133
90 162
90 230
90 344
90 858
90 887
91 139
91 177
91 223
91 281
91 433
91 481
91 813
91 825
91 843
91 918
92 119
92 136
92 178
92 229
92 311
92 351
92 365
92 385
92 389
92 421
92 477
92 563
92 926
93 151
93 265
93 311
93 383
93 422
93 439
93 474
93 525
93 558
93 500
93 661
93 877
93 922
93 895
94 169
94 223
94 452
94 474
94 524
94 593
94 667
94 825
94 923
95 183
95 223
95 461
95 529
95 569
95 620
95 626
95 820
95 835
95 836
95 842
95 903
95 930
96 125
96 143
96 220
96 343
96 366
96 480
96 527
96 558
96 578
96 633
96 828
96 877
96 901
97 105
97 121
97 137
97 172
97 213
97 367
97 404
97 544
97 506
97 677
97 775
97 798
97 852
97 875
98 176
98 185
98 223
98 245
98 335
98 541
98 553
98 483
98 501
98 605
98 652
98 913
98 922
98 962
99 158
99 206
99 332
99 454
99 521
99 554
99 483
99 766
99 872
99 891
100 135
100 139
100 248
100 394
100 471
100 498
100 636
100 924
101 150
101 151
101 272
101 308
101 334
101 420
101 472
101 527
101 547
101 606
101 615
101 776
101 914
102 130
102 210
102 226
102 263
102 417
102 586
102 596
102 648
102 659
102 680
102 813
102 887
102 889
103 105
103 160
103 197
103 450
103 515
103 588
103 608
103 777
103 863
103 866
104 117
104 145
104 164
104 206
104 240
104 269
104 277
104 359
104 382
104 459
104 465
104 606
104 615
104 617
104 624
104 639
104 652
104 784
104 791
104 815
104 855
104 899
104 960
105 116
105 168
105 279
105 294
105 297
105 878
105 932
105 937
106 129
106 208
106 222
106 241
106 392
106 402
106 430
106 620
106 643
106 645
106 833
106 893
107 130
107 210
107 386
107 422
107 458
107 498
107 589
107 829
107 842
107 846
107 875
108 128
108 161
108 183
108 230
108 231
108 344
108 387
108 395
108 429
108 519
108 530
108 620
108 853
108 869
108 891
109 124
109 480
109 597
109 622
109 661
109 889
110 148
110 176
110 190
110 255
110 258
110 314
110 393
110 556
110 492
110 801
110 938
111 133
111 203
111 267
111 432
111 447
111 513
111 521
111 579
111 599
111 645
111 854
111 860
111 923
112 185
112 383
112 536
112 569
112 495
112 799
112 904
112 906
113 118
113 197
113 222
113 242
113 256
113 275
113 382
113 449
113 472
113 644
113 664
113 771
113 781
113 825
113 908
113 909
114 256
114 378
114 406
114 422
114 849
115 185
115 215
115 250
115 299
115 304
115 413
115 444
115 530
115 577
115 851
115 880
116 141
116 183
116 191
116 196
116 210
116 322
116 448
116 454
116 456
116 550
116 614
116 629
116 861
116 871
116 918
116 953
117 244
117 623
117 624
117 631
117 632
117 671
117 833
117 870
117 898
117 912
117 916
117 884
117 890
118 220
118 315
118 619
118 640
118 780
118 999
119 183
119 190
119 318
119 358
119 366
119 448
119 470
119 518
119 534
119 492
119 781
119 829
119 835
119 891
120 134
120 271
120 281
120 303
120 323
120 526
120 547
120 623
120 641
120 653
120 807
120 840
120 869
120 927
120 891
120 992
121 127
121 244
121 345
121 405
121 606
121 677
121 832
121 864
121 879
121 921
122 163
122 166
122 170
122 182
122 217
122 301
122 400
122 421
122 485
122 647
122 670
122 923
122 931
123 143
123 161
123 189
123 210
123 242
123 357
123 394
123 621
123 905
123 956
124 128
124 148
124 202
124 210
124 342
124 467
124 478
124 514
124 522
124 579
124 639
124 653
124 832
125 232
125 259
125 305
125 337
125 374
125 631
125 878
126 152
126 182
126 333
126 388
126 812
126 911
127 144
127 192
127 233
127 257
127 320
127 348
127 401
127 409
127 411
127 430
127 836
127 852
127 897
127 909
127 950
128 163
128 273
128 329
128 394
128 422
128 453
128 465
128 524
128 525
128 538
128 506
128 606
128 639
128 793
128 835
128 899
128 956
129 163
129 387
129 412
129 593
129 621
129 669
129 882
129 963
129 985
130 234
130 264
130 450
130 559
130 496
130 607
130 771
130 847
130 917
130 894
131 132
131 147
131 248
131 370
131 379
131 398
131 575
131 580
131 798
131 820
131 878
132 135
132 176
132 190
132 233
132 273
132 318
132 428
132 832
132 840
132 911
132 882
133 214
133 228
133 350
133 434
133 530
133 565
133 631
133 820
133 841
133 913
133 916
133 962
134 144
134 250
134 264
134 266
134 324
134 422
134 641
134 771
134 772
134 863
134 912
134 920
134 926
134 887
135 136
135 196
135 214
135 237
135 399
135 415
135 485
135 500
135 635
135 778
135 800
135 838
135 904
135 882
136 143
136 165
136 206
136 240
136 282
136 440
136 535
136 586
136 644
136 791
136 851
137 192
137 196
137 222
137 279
137 311
137 386
137 398
137 421
137 604
137 634
137 815
137 898
138 155
138 160
138 171
138 315
138 536
138 544
138 554
138 496
138 649
138 670
138 813
138 855
138 905
138 930
138 932
139 153
139 185
139 200
139 219
139 231
139 282
139 308
139 405
139 518
139 605
139 610
139 618
139 651
139 931
139 887
139 955
140 170
140 187
140 188
140 189
140 211
140 246
140 351
140 352
140 468
140 516
140 669
140 671
140 916
140 887
141 169
141 207
141 227
141 260
141 263
141 268
141 354
141 363
141 366
141 664
141 829
141 877
141 991
141 1000
142 150
142 176
142 182
142 195
142 200
142 213
142 224
142 226
142 232
142 248
142 253
142 255
142 311
142 333
142 388
142 409
142 436
142 576
142 628
142 866
142 917
142 918
143 147
143 148
143 180
143 199
143 204
143 212
143 219
143 220
143 362
143 405
143 456
143 571
143 668
143 672
143 834
144 164
144 174
144 180
144 191
144 215
144 252
144 260
144 266
144 268
144 304
144 367
144 442
144 524
144 551
144 633
144 673
144 776
144 916
144 931
144 889
145 152
145 170
145 179
145 183
145 188
145 200
145 257
145 259
145 260
145 266
145 283
145 321
145 344
145 413
145 434
145 458
145 530
145 583
145 821
145 842
145 857
145 900
146 150
146 180
146 187
146 196
146 231
146 249
146 257
146 261
146 331
146 456
146 540
146 563
146 606
146 631
146 773
146 840
146 872
147 179
147 209
147 210
147 301
147 454
147 461
147 464
147 526
147 552
147 565
147 665
147 837
147 862
147 926
148 152
148 216
148 218
148 228
148 285
148 314
148 422
148 544
148 510
148 844
148 858
148 913
148 915
149 158
149 186
149 209
149 248
149 259
149 326
149 328
149 350
149 373
149 471
149 524
149 607
149 613
149 813
149 851
149 853
149 900
150 166
150 174
150 181
150 215
150 233
150 235
150 237
150 267
150 427
150 512
150 495
150 581
150 660
150 776
150 810
150 837
150 904
150 931
151 152
151 184
151 226
151 232
151 330
151 373
151 421
151 843
151 865
151 874
151 920
152 185
152 190
152 193
152 196
152 220
152 235
152 239
152 253
152 322
152 381
152 425
152 427
152 516
152 526
152 566
152 483
152 495
152 581
152 825
152 903
152 915
153 173
153 207
153 220
153 232
153 252
153 307
153 343
153 357
153 465
153 484
153 623
153 673
153 935
154 174
154 215
154 233
154 283
154 563
154 612
154 812
154 855
155 201
155 211
155 217
155 219
155 221
155 242
155 268
155 353
155 368
155 373
155 433
155 527
155 557
155 841
155 856
155 858
155 862
155 904
155 908
155 915
155 924
155 885
156 170
156 197
156 215
156 216
156 250
156 258
156 284
156 299
156 320
156 340
156 343
156 412
156 452
156 454
156 523
156 526
156 483
156 771
156 921
157 165
157 183
157 184
157 194
157 202
157 234
157 239
157 254
157 323
157 374
157 432
157 445
157 657
157 779
157 788
157 896
157 904
157 961
158 205
158 207
158 236
158 242
158 246
158 310
158 408
158 412
158 451
158 564
158 565
158 630
158 784
158 914
158 982
159 175
159 191
159 201
159 203
159 208
159 218
159 229
159 245
159 267
159 289
159 379
159 407
159 530
159 557
159 642
159 779
159 830
159 856
159 871
160 171
160 188
160 192
160 211
160 212
160 223
160 228
160 235
160 243
160 256
160 294
160 399
160 427
160 675
160 802
160 814
160 838
160 862
161 177
161 183
161 185
161 189
161 198
161 204
161 210
161 246
161 257
161 277
161 364
161 403
161 471
161 515
161 488
161 591
161 617
162 184
162 218
162 236
162 239
162 254
162 433
162 531
162 548
162 511
162 586
162 629
162 665
162 904
162 885
163 171
163 179
163 186
163 197
163 207
163 232
163 241
163 387
163 423
163 520
163 525
163 534
163 566
163 500
163 634
163 673
163 784
163 814
163 819
163 835
163 854
163 870
163 906
163 911
163 924
164 214
164 217
164 220
164 227
164 248
164 296
164 302
164 365
164 401
164 570
164 672
164 778
164 877
164 961
164 954
165 168
165 173
165 178
165 188
165 190
165 193
165 239
165 249
165 255
165 256
165 267
165 499
165 618
165 643
165 798
165 834
165 909
165 912
165 920
166 167
166 168
166 176
166 207
166 210
166 259
166 437
166 804
166 826
166 863
167 175
167 207
167 216
167 217
167 224
167 233
167 235
167 238
167 269
167 332
167 375
167 448
167 509
167 609
167 649
167 788
167 794
167 879
167 916
168 177
168 195
168 202
168 235
168 248
168 255
168 284
168 286
168 572
168 493
168 608
168 846
168 903
168 928
168 884
168 973
168 989
169 179
169 183
169 199
169 208
169 226
169 236
169 242
169 246
169 259
169 261
169 397
169 419
169 477
169 531
169 575
169 481
169 995
170 206
170 247
170 260
170 325
170 370
170 410
170 468
170 537
170 574
170 637
170 782
170 845
170 872
170 913
171 173
171 176
171 194
171 200
171 203
171 204
171 221
171 238
171 280
171 387
171 393
171 409
171 556
171 651
171 665
171 870
172 243
172 254
172 316
172 322
172 343
172 389
172 446
172 513
172 505
172 600
172 632
172 648
172 986
173 187
173 197
173 229
173 295
173 375
173 450
173 455
173 526
173 548
173 500
173 631
173 830
173 858
173 910
174 183
174 212
174 407
174 440
174 482
174 643
174 668
174 797
174 803
174 832
174 913
174 890
175 220
175 238
175 241
175 253
175 254
175 263
175 283
175 312
175 555
175 561
175 633
175 848
175 910
175 924
176 197
176 217
176 221
176 231
176 244
176 315
176 337
176 474
176 527
176 565
176 502
176 663
176 828
176 845
176 853
177 182
177 185
177 229
177 233
177 267
177 392
177 405
177 445
177 479
177 540
177 506
178 179
178 180
178 197
178 209
178 237
178 267
178 279
178 335
178 353
178 477
178 551
178 582
178 870
178 927
178 884
178 887
179 202
179 380
179 443
179 463
179 516
179 582
179 802
179 917
179 945
180 181
180 189
180 204
180 206
180 223
180 513
180 530
180 605
180 928
180 882
181 217
181 229
181 240
181 250
181 265
181 407
181 663
181 914
181 925
181 962
182 187
182 197
182 216
182 251
182 256
182 358
182 436
182 793
182 897
182 901
182 906
183 186
183 212
183 219
183 246
183 247
183 253
183 348
183 512
183 526
183 482
183 635
183 647
183 794
183 801
183 823
183 897
184 188
184 200
184 249
184 252
184 268
184 287
184 378
184 409
184 411
184 431
184 553
184 606
184 787
184 842
184 909
185 205
185 235
185 255
185 263
185 292
185 397
185 490
185 492
185 593
185 605
185 827
186 231
186 232
186 238
186 294
186 396
186 467
186 571
186 581
186 801
186 828
186 834
186 915
186 929
187 214
187 229
187 233
187 247
187 256
187 267
187 277
187 314
187 322
187 533
187 648
187 653
187 778
187 830
187 838
187 841
187 847
187 905
187 908
187 882
188 233
188 254
188 257
188 258
188 267
188 292
188 332
188 418
188 442
188 510
188 607
188 851
188 920
188 892
189 198
189 212
189 215
189 224
189 242
189 248
189 259
189 332
189 339
189 454
189 512
189 483
189 593
189 880
189 952
190 194
190 198
190 217
190 233
190 249
190 265
190 301
190 377
190 777
190 927
190 928
190 884
191 194
191 210
191 216
191 224
191 256
191 263
191 269
191 272
191 393
191 395
191 589
191 606
191 622
191 624
191 629
191 729
191 737
191 898
191 920
191 928
192 226
192 256
192 266
192 411
192 433
192 456
192 479
192 517
192 586
192 665
192 826
192 879
192 899
192 917
193 217
193 224
193 259
193 308
193 432
193 457
193 498
193 643
193 666
193 769
193 828
193 858
194 195
194 197
194 200
194 203
194 206
194 217
194 229
194 268
194 446
194 556
194 511
194 870
194 911
195 308
195 391
195 419
195 430
195 445
195 464
195 477
195 554
195 591
195 662
195 829
195 893
196 224
196 562
196 487
196 771
196 920
197 206
197 221
197 254
197 300
197 428
197 447
197 617
197 777
197 871
197 914
198 202
198 209
198 211
198 229
198 257
198 289
198 390
198 401
198 471
198 540
198 627
198 643
198 786
198 811
198 869
198 874
199 243
199 245
199 300
199 409
199 512
199 674
199 773
199 905
199 881
199 983
200 217
200 223
200 227
200 268
200 303
200 407
200 457
200 462
200 520
200 567
200 638
200 827
200 841
200 864
200 884
201 245
201 269
201 446
201 524
201 569
201 594
201 630
201 835
201 847
201 874
201 952
201 1000
202 225
202 232
202 234
202 310
202 436
202 529
202 550
202 510
202 666
202 875
202 881
203 206
203 279
203 280
203 381
203 398
203 598
203 600
203 626
203 667
203 769
203 872
203 911
203 915
204 214
204 227
204 236
204 394
204 401
204 541
204 499
204 617
204 776
204 959
205 224
205 229
205 248
205 260
205 261
205 267
205 277
205 475
205 533
205 506
205 784
205 796
205 864
205 878
206 223
206 243
206 253
206 254
206 258
206 269
206 305
206 413
206 553
206 574
206 619
206 625
206 637
206 891
207 215
207 258
207 350
207 446
207 517
207 492
207 896
207 906
207 957
208 236
208 252
208 257
208 290
208 323
208 330
208 435
208 464
208 469
208 508
208 777
208 900
208 905
208 882
209 227
209 251
209 328
209 350
209 553
209 575
209 607
209 764
209 828
209 924
209 950
210 253
210 358
210 458
210 545
210 635
210 651
210 804
210 816
210 848
210 897
211 226
211 227
211 229
211 361
211 382
211 586
211 590
211 642
211 674
211 810
211 859
211 925
212 240
212 246
212 269
212 380
212 424
212 434
212 517
212 569
212 578
212 503
212 590
212 629
212 790
212 826
212 831
212 858
212 884
213 224
213 234
213 235
213 251
213 269
213 452
213 520
213 556
213 635
213 771
213 912
214 215
214 221
214 231
214 234
214 250
214 286
214 301
214 378
214 387
214 417
214 477
214 657
215 222
215 234
215 253
215 256
215 300
215 344
215 421
215 451
215 551
215 482
215 595
215 612
215 640
215 857
215 862
215 872
215 952
216 416
216 423
216 448
216 525
216 640
216 779
216 805
216 858
217 219
217 269
217 320
217 372
217 425
217 439
217 444
217 613
217 660
217 951
218 263
218 273
218 396
218 443
218 480
218 596
218 811
218 766
218 896
218 913
218 986
219 230
219 253
219 273
219 315
219 398
219 423
219 835
219 838
219 873
219 927
219 1002
220 236
220 259
220 345
220 412
220 778
220 844
220 864
220 872
220 903
221 233
221 258
221 329
221 446
221 660
221 806
221 816
221 917
222 237
222 238
222 240
222 243
222 312
222 428
222 483
222 511
222 669
222 789
222 897
222 917
222 888
223 237
223 255
223 264
223 311
223 442
223 539
223 575
223 602
223 622
223 626
223 642
223 646
223 804
223 873
223 918
223 923
223 883
224 246
224 279
224 345
224 379
224 654
224 808
224 815
224 890
225 241
225 244
225 253
225 384
225 388
225 453
225 478
225 544
225 559
225 578
225 595
225 770
225 862
225 872
225 894
226 260
226 323
226 404
226 441
226 465
226 539
226 565
226 569
226 484
226 652
226 810
226 823
226 834
226 858
226 922
226 895
226 962
226 952
227 238
227 244
227 272
227 523
227 509
227 591
227 826
228 249
228 250
228 305
228 350
228 415
228 454
228 457
228 460
228 513
228 518
228 533
228 534
228 595
228 622
228 645
228 871
228 930
228 965
229 239
229 240
229 249
229 257
229 272
229 355
229 373
229 425
229 599
229 902
229 895
230 275
230 413
230 452
230 536
230 772
230 801
230 820
230 839
230 896
230 901
231 233
231 241
231 252
231 257
231 391
231 415
231 485
231 625
231 878
231 879
231 898
231 941
231 945
232 279
232 345
232 360
232 427
232 441
232 466
232 552
232 588
232 803
232 880
233 265
233 357
233 392
233 422
233 445
233 452
233 476
233 494
233 661
233 773
233 819
233 827
233 999
234 261
234 264
234 388
234 393
234 607
234 620
234 627
234 990
235 238
235 241
235 255
235 466
235 486
235 496
235 507
235 673
235 911
236 254
236 314
236 559
236 499
236 615
236 813
236 825
236 893
236 950
237 272
237 278
237 376
237 434
237 635
237 645
237 769
237 830
237 868
237 928
238 246
238 248
238 252
238 254
238 266
238 353
238 365
238 410
238 421
238 479
238 516
238 521
238 584
238 803
238 858
239 315
239 370
239 399
239 424
239 512
239 530
239 665
239 803
239 804
239 857
239 911
239 895
240 254
240 255
240 261
240 265
240 460
240 473
240 524
240 575
240 586
240 812
240 847
241 294
241 308
241 329
241 345
241 392
241 421
241 434
241 521
241 558
241 574
241 575
241 585
241 627
241 841
241 851
241 903
242 252
242 284
242 288
242 321
242 494
242 606
242 617
242 642
242 807
242 864
242 878
242 917
243 251
243 253
243 269
243 352
243 393
243 413
243 448
243 450
243 458
243 521
243 545
243 578
243 676
243 830
244 249
244 253
244 263
244 322
244 335
244 364
244 408
244 535
244 565
244 898
245 252
245 258
245 300
245 450
245 458
245 469
245 521
245 595
245 845
245 910
245 930
245 940
246 264
246 288
246 413
246 518
246 613
246 630
246 793
246 854
246 916
247 267
247 347
247 354
247 436
247 556
247 625
247 793
247 812
247 881
248 354
248 362
248 478
248 572
248 594
248 866
248 904
248 908
249 264
249 321
249 350
249 426
249 556
249 558
249 834
249 999
250 267
250 387
250 404
250 472
250 540
250 921
250 885
250 934
251 255
251 262
251 314
251 420
251 440
251 512
251 542
251 482
251 606
251 610
251 793
251 915
251 889
251 895
252 254
252 266
252 372
252 376
252 377
252 463
252 520
252 550
252 810
252 823
252 840
252 899
252 929
253 304
253 360
253 377
253 451
253 596
253 653
253 781
253 827
253 853
254 255
254 264
254 293
254 327
254 460
254 563
254 767
254 922
254 931
254 988
255 257
255 315
255 368
255 551
255 557
255 632
255 660
255 819
256 433
256 543
256 548
256 572
256 485
256 596
256 642
256 677
256 794
256 766
256 907
256 922
257 382
257 534
257 611
257 790
257 836
257 844
257 862
257 887
258 316
258 327
258 390
258 396
258 400
258 430
258 479
258 515
258 580
258 677
258 742
258 766
258 875
258 935
259 262
259 411
259 471
259 525
259 549
259 482
259 483
259 502
259 585
259 877
259 891
260 270
260 405
260 437
260 448
260 599
260 652
260 672
260 901
260 981
261 301
261 440
261 447
261 486
261 664
261 876
261 950
262 263
262 355
262 393
262 399
262 472
262 517
262 524
262 598
262 871
262 875
262 914
262 895
263 389
263 546
263 558
263 574
263 771
263 773
263 832
263 919
264 385
264 400
264 813
264 847
264 866
264 868
265 411
265 461
265 513
265 514
265 548
265 497
265 588
265 601
265 612
265 632
265 645
265 659
265 668
266 282
266 295
266 317
266 446
266 448
266 530
266 594
266 903
267 269
267 318
267 378
267 477
267 533
267 554
267 561
267 484
267 670
267 819
267 835
268 307
268 342
268 371
268 422
268 562
268 568
268 580
268 793
268 921
269 450
269 553
269 608
269 640
269 641
269 826
269 857
269 871
269 927
270 276
270 299
270 301
270 355
270 387
270 402
270 447
270 533
270 541
270 491
270 632
270 646
270 844
270 880
270 898
270 923
270 929
271 290
271 332
271 341
271 411
271 619
271 643
271 670
271 811
271 841
271 863
271 896
271 899
271 906
272 311
272 340
272 568
272 786
272 869
272 872
272 877
272 920
272 931
272 936
273 300
273 329
273 392
273 418
273 466
273 563
273 645
273 793
273 794
273 875
274 312
274 353
274 425
274 472
274 513
274 500
274 508
274 592
274 607
274 662
274 801
274 899
274 913
275 283
275 385
275 401
275 424
275 430
275 662
275 826
275 916
275 884
276 309
276 342
276 347
276 409
276 417
276 437
276 440
276 447
276 493
276 496
276 795
276 841
276 857
276 859
276 864
276 898
276 925
277 328
277 360
277 380
277 414
277 454
277 514
277 558
277 575
277 621
277 844
278 297
278 387
278 409
278 410
278 429
278 463
278 526
278 507
278 585
278 636
278 929
278 930
279 304
279 305
279 325
279 522
279 624
279 827
279 834
279 836
279 903
279 906
280 323
280 341
280 356
280 446
280 555
280 568
280 503
280 510
280 658
280 853
280 960
281 283
281 341
281 430
281 546
281 552
281 614
281 656
281 783
281 869
281 906
281 882
281 883
281 888
282 321
282 427
282 435
282 447
282 465
282 508
282 587
282 590
282 599
282 811
282 820
282 851
282 854
282 876
282 880
282 919
282 883
282 942
283 330
283 359
283 399
283 430
283 460
283 535
283 540
283 568
283 504
283 509
283 640
283 659
283 660
283 874
283 905
283 924
283 962
283 992
284 332
284 335
284 362
284 375
284 397
284 399
284 418
284 568
284 609
284 669
284 790
284 825
284 843
284 915
284 919
284 884
284 949
284 987
285 315
285 361
285 365
285 407
285 424
285 524
285 547
285 573
285 501
285 825
285 831
285 832
285 834
285 842
285 901
285 916
285 925
286 302
286 305
286 328
286 332
286 333
286 385
286 415
286 454
286 555
286 585
286 662
286 677
286 872
286 897
286 913
286 920
286 926
286 952
287 315
287 448
287 516
287 572
287 608
287 644
287 785
287 926
287 928
288 341
288 344
288 349
288 356
288 361
288 400
288 440
288 475
288 515
288 537
288 570
288 809
288 814
288 827
288 850
288 853
288 933
288 950
289 355
289 381
289 422
289 559
289 500
289 658
289 858
289 868
289 882
289 993
290 391
290 471
290 578
290 483
290 498
290 675
290 777
290 869
290 917
291 339
291 403
291 419
291 470
291 480
291 646
291 776
291 879
291 899
291 908
291 919
291 935
292 299
292 303
292 319
292 347
292 357
292 405
292 522
292 538
292 486
292 488
292 590
292 666
292 845
292 880
292 910
292 928
292 930
292 952
293 307
293 326
293 341
293 400
293 421
293 445
293 516
293 633
293 869
293 902
294 312
294 332
294 336
294 357
294 365
294 369
294 442
294 588
294 596
294 652
294 787
294 839
294 887
295 356
295 382
295 566
295 588
295 778
295 804
295 848
295 869
295 920
295 996
296 332
296 385
296 413
296 464
296 482
296 581
296 666
296 771
296 861
296 903
296 923
296 929
296 930
296 951
296 982
297 303
297 345
297 382
297 430
297 529
297 568
297 813
297 845
298 305
298 363
298 399
298 463
298 555
298 486
298 494
298 497
298 498
298 584
298 638
298 778
298 766
298 831
298 860
299 315
299 316
299 354
299 383
299 387
299 393
299 556
299 593
299 626
299 807
299 843
299 866
299 868
299 918
299 927
300 321
300 442
300 494
300 899
300 890
301 336
301 343
301 358
301 373
301 379
301 419
301 558
301 621
301 828
301 834
301 870
301 904
301 916
301 922
301 947
302 326
302 374
302 387
302 396
302 436
302 441
302 460
302 462
302 550
302 791
302 823
302 842
302 845
302 866
302 873
302 885
302 986
303 323
303 331
303 339
303 371
303 467
303 519
303 536
303 542
303 488
303 630
303 797
303 917
303 888
303 895
303 934
303 989
304 307
304 349
304 408
304 443
304 541
304 583
304 612
304 645
305 311
305 362
305 389
305 394
305 406
305 430
305 434
305 460
305 540
305 612
305 636
305 646
305 698
305 775
305 795
305 905
305 929
305 889
305 947
306 314
306 382
306 442
306 468
306 539
306 540
306 491
306 504
306 582
306 608
306 814
306 838
306 848
306 854
307 318
307 385
307 455
307 548
307 566
307 483
307 497
307 599
307 809
307 856
307 964
308 387
308 397
308 408
308 410
308 414
308 476
308 513
308 531
308 539
308 540
308 542
308 547
308 496
308 806
308 816
308 821
308 854
308 873
309 314
309 412
309 557
309 567
309 497
309 604
309 641
309 668
309 823
309 766
309 840
309 867
309 895
309 932
310 376
310 424
310 467
310 471
310 539
310 509
310 583
310 611
310 628
310 642
310 647
310 654
310 808
310 869
310 870
311 456
311 576
311 581
311 640
311 675
311 711
311 819
311 855
311 895
311 986
312 426
312 445
312 529
312 532
312 536
312 488
312 494
312 658
312 662
312 819
312 842
312 879
312 883
312 892
313 343
313 427
313 653
313 782
313 790
313 845
313 849
313 873
313 928
313 894
313 968
314 318
314 329
314 331
314 337
314 407
314 429
314 474
314 478
314 524
314 544
314 594
314 631
314 648
314 651
314 788
314 795
314 798
314 817
314 831
314 835
314 870
314 879
314 903
314 947
314 958
315 338
315 371
315 393
315 523
315 563
315 601
315 643
315 770
315 792
315 796
315 824
315 838
315 918
315 963
316 390
316 420
316 451
316 457
316 459
316 578
316 508
316 770
316 811
316 832
316 834
316 877
316 896
317 328
317 366
317 400
317 414
317 461
317 475
317 597
317 624
317 631
317 830
317 859
317 897
317 907
317 910
317 916
317 891
318 353
318 392
318 422
318 423
318 429
318 451
318 463
318 550
318 579
318 601
318 638
318 658
318 815
318 855
319 439
319 566
319 576
319 494
319 589
319 790
319 832
319 873
319 875
319 903
319 907
319 917
319 959
320 357
320 370
320 399
320 406
320 413
320 451
320 542
320 562
320 578
320 487
320 586
320 597
320 659
320 668
320 781
320 858
320 863
320 872
320 985
321 324
321 350
321 351
321 436
321 535
321 565
321 599
321 607
321 825
321 829
321 923
321 894
321 953
321 957
322 334
322 365
322 371
322 425
322 440
322 550
322 483
322 625
322 800
322 844
322 853
322 866
322 931
323 457
323 566
323 505
323 603
323 627
323 668
323 762
323 776
323 860
323 863
323 927
324 331
324 332
324 365
324 409
324 466
324 675
324 819
324 825
324 897
324 911
324 921
324 886
325 339
325 347
325 362
325 378
325 406
325 429
325 444
325 542
325 545
325 549
325 573
325 485
325 492
325 510
325 674
325 902
325 909
325 912
325 917
325 929
326 355
326 437
326 516
326 518
326 526
326 533
326 545
326 547
326 568
326 503
326 615
326 809
326 827
326 846
326 858
326 863
326 867
326 868
326 930
326 883
326 991
327 422
327 440
327 449
327 514
327 542
327 558
327 580
327 622
327 848
327 905
327 925
327 881
327 889
327 943
328 365
328 444
328 561
328 593
328 623
328 658
328 768
328 788
328 847
328 876
328 905
328 884
329 336
329 362
329 372
329 401
329 512
329 521
329 554
329 488
329 589
329 591
329 603
330 379
330 442
330 499
330 830
330 848
330 863
330 925
331 333
331 565
331 579
331 591
331 627
331 649
331 655
331 773
331 848
331 908
331 914
331 891
331 960
332 378
332 405
332 560
332 561
332 582
332 667
332 899
332 902
332 1002
333 390
333 429
333 440
333 447
333 567
333 486
333 495
333 591
333 643
333 670
333 869
333 875
333 897
333 902
333 914
333 888
333 892
334 454
334 456
334 492
334 584
334 646
334 799
334 855
334 862
334 872
335 514
335 559
335 587
335 609
335 616
335 653
335 829
335 851
335 891
335 953
336 387
336 439
336 451
336 524
336 560
336 574
336 494
336 638
336 668
336 677
336 818
336 839
336 852
336 863
336 872
336 900
336 917
337 392
337 417
337 425
337 470
337 502
337 580
337 595
337 607
337 614
337 635
337 636
337 782
337 787
337 891
337 974
337 990
338 395
338 440
338 540
338 558
338 629
338 782
338 799
338 864
338 923
338 924
338 891
339 351
339 560
339 503
339 612
339 814
339 856
339 878
339 922
340 363
340 452
340 534
340 573
340 498
340 671
340 816
341 358
341 362
341 373
341 419
341 819
341 826
341 909
341 985
342 384
342 437
342 439
342 451
342 565
342 481
342 640
342 777
342 804
342 809
342 832
342 879
342 925
342 930
342 934
342 948
343 346
343 348
343 379
343 442
343 452
343 515
343 528
343 536
343 567
343 853
343 922
343 883
344 409
344 427
344 531
344 574
344 495
344 594
344 607
344 660
344 872
344 911
344 891
345 360
345 382
345 393
345 394
345 451
345 467
345 469
345 480
345 617
345 787
345 816
345 821
345 829
345 908
345 911
345 919
346 350
346 421
346 426
346 494
346 510
346 587
346 642
346 670
346 836
346 839
346 865
346 905
346 913
346 951
346 988
347 376
347 438
347 468
347 513
347 562
347 576
347 588
347 608
347 791
347 827
347 829
347 842
347 924
347 935
348 357
348 440
348 602
348 653
348 658
348 838
348 850
348 909
348 914
348 892
349 412
349 518
349 618
349 841
349 943
350 551
350 616
350 785
351 420
351 443
351 448
351 453
351 547
351 555
351 508
351 596
351 638
351 669
351 832
351 837
351 838
351 910
351 921
351 889
351 963
352 415
352 423
352 541
352 550
352 557
352 572
352 508
352 619
352 632
352 826
352 904
352 914
352 936
352 962
353 375
353 380
353 433
353 443
353 448
353 460
353 533
353 546
353 572
353 482
353 495
353 497
353 511
353 595
353 623
353 780
353 803
353 829
353 840
353 884
353 888
353 981
354 399
354 431
354 437
354 479
354 529
354 646
354 864
354 870
355 366
355 386
355 392
355 589
355 595
355 660
355 716
355 824
355 916
355 925
355 930
355 955
356 433
356 440
356 471
356 481
356 494
356 498
356 592
356 643
356 669
356 827
356 829
356 839
356 877
356 885
357 409
357 446
357 448
357 463
357 540
357 573
357 481
357 780
357 802
357 836
357 859
357 886
357 891
357 993
358 409
358 417
358 451
358 455
358 540
358 572
358 650
358 829
359 417
359 523
359 578
359 602
359 677
359 811
359 855
359 872
359 994
360 374
360 417
360 418
360 420
360 479
360 515
360 523
360 534
360 536
360 565
360 570
360 793
360 831
360 873
360 902
360 916
361 398
361 411
361 423
361 428
361 480
361 519
361 594
361 610
361 925
362 430
362 447
362 480
362 504
362 614
362 801
362 826
362 860
362 865
362 903
362 885
362 983
363 395
363 419
363 539
363 554
363 574
363 486
363 644
363 653
363 877
363 913
363 891
363 934
363 943
364 367
364 414
364 524
364 491
364 647
364 784
364 843
364 866
365 432
365 563
365 573
365 604
365 639
365 652
365 791
365 811
365 837
365 848
365 867
365 881
365 952
366 433
366 541
366 569
366 500
366 507
366 511
366 598
366 630
366 671
366 784
366 918
367 434
367 527
367 627
367 840
367 884
367 894
368 388
368 426
368 533
368 543
368 565
368 609
368 626
368 649
368 822
368 845
368 846
368 872
368 905
368 918
369 444
369 511
369 656
369 659
369 768
369 792
369 804
369 826
369 831
369 835
369 854
369 855
369 908
369 885
369 946
370 471
370 532
370 660
370 774
370 792
370 800
370 837
370 846
370 865
371 453
371 514
371 544
371 499
371 600
371 666
371 833
371 852
371 865
372 454
372 474
372 520
372 503
372 831
372 838
372 921
372 881
372 883
373 374
373 379
373 440
373 845
373 857
373 876
373 899
373 917
373 885
374 541
374 578
374 655
374 904
374 895
375 408
375 418
375 587
375 590
375 778
375 901
375 919
376 397
376 526
376 544
376 573
376 589
376 816
376 867
376 896
376 928
377 394
377 395
377 398
377 613
377 878
377 930
377 945
378 413
378 512
378 518
378 575
378 484
378 773
378 814
378 829
378 847
378 866
378 868
378 875
378 906
378 937
378 944
379 392
379 396
379 416
379 456
379 526
379 543
379 605
379 638
379 671
379 874
379 900
379 916
379 929
379 950
380 571
380 499
380 799
380 803
380 809
380 810
380 870
380 905
380 881
381 442
381 912
381 886
381 887
381 965
381 988
382 467
382 529
382 535
382 556
382 585
382 620
382 671
382 845
382 847
382 910
382 886
383 536
383 488
383 508
383 510
383 676
383 774
383 866
383 898
383 881
384 388
384 454
384 460
384 567
384 485
384 581
384 640
384 659
384 684
384 811
384 877
384 897
384 931
384 982
384 983
385 463
385 512
385 532
385 574
385 613
385 651
385 787
385 807
385 854
385 910
385 915
385 886
386 494
386 502
386 603
386 636
386 654
386 666
386 777
386 925
386 926
386 930
386 884
386 888
386 895
386 933
386 953
387 427
387 440
387 479
387 637
388 527
388 502
388 511
388 597
388 769
388 774
388 833
388 905
388 925
388 882
389 405
389 427
389 447
389 526
389 545
389 649
389 831
389 834
389 853
389 858
389 868
389 895
390 427
390 522
390 632
390 782
390 785
390 867
390 882
390 935
391 425
391 428
391 444
391 451
391 467
391 522
391 749
391 822
391 859
391 909
391 915
392 424
392 460
392 559
392 593
392 920
393 538
393 489
393 492
393 612
393 618
393 634
393 851
394 446
394 460
394 469
394 603
394 654
394 671
394 827
394 830
394 916
395 414
395 434
395 444
395 468
395 512
395 550
395 553
395 495
395 504
395 617
395 805
395 896
395 943
396 445
396 464
396 536
396 570
396 493
396 796
396 799
396 872
396 898
396 916
396 945
397 458
397 565
397 488
397 610
397 611
397 801
397 806
397 868
397 904
397 912
398 436
398 515
398 497
398 511
398 662
398 665
398 825
398 829
398 863
398 932
399 456
399 502
399 604
399 647
399 667
399 820
399 919
399 886
400 404
400 424
400 442
400 521
400 543
400 501
400 584
400 589
400 611
400 665
400 837
400 838
400 866
400 950
401 445
401 464
401 547
401 495
401 900
401 951
402 416
402 442
402 461
402 517
402 579
402 491
402 495
402 632
402 849
402 894
402 895
402 946
402 989
403 525
403 488
403 499
403 583
403 777
403 820
403 909
403 936
404 410
404 429
404 430
404 553
404 615
404 646
404 770
404 807
404 837
404 920
405 439
405 459
405 473
405 527
405 562
405 563
405 633
405 643
405 674
405 834
406 445
406 626
406 648
406 649
406 770
406 795
406 835
406 868
406 903
406 888
406 947
407 431
407 517
407 488
407 878
407 880
407 892
407 941
408 457
408 512
408 521
408 563
408 509
408 591
408 624
408 635
408 655
408 675
408 677
408 802
408 821
408 839
408 884
408 952
409 411
409 429
409 549
409 585
409 597
409 618
409 771
409 830
409 879
409 898
409 992
410 439
410 489
410 619
410 657
410 838
410 850
411 413
411 422
411 466
411 562
411 567
411 502
411 505
411 793
411 806
411 828
411 863
411 866
411 913
411 991
412 434
412 455
412 513
412 552
412 617
412 654
412 773
412 808
412 868
412 916
412 922
412 882
412 892
413 455
413 558
413 487
413 641
413 802
413 855
414 415
414 423
414 456
414 657
414 779
414 784
414 820
414 830
414 870
414 898
414 901
415 447
415 820
415 871
415 915
415 922
415 923
415 1000
416 433
416 520
416 534
416 560
416 499
416 505
416 826
416 919
416 930
416 889
416 996
417 475
417 541
417 568
417 491
417 506
417 600
417 618
417 630
417 651
417 663
417 667
417 827
417 834
418 460
418 545
418 591
418 771
418 790
418 798
418 832
418 835
418 853
418 870
418 875
418 883
418 996
419 466
419 505
419 582
419 598
419 828
419 846
419 856
419 907
420 445
420 655
420 666
420 925
420 887
420 984
421 428
421 473
421 571
421 497
421 605
421 668
421 784
421 830
421 877
421 928
421 893
422 433
422 456
422 469
422 574
422 786
422 797
422 824
422 826
422 955
423 433
423 434
423 457
423 486
423 796
423 798
423 803
423 862
423 874
423 923
423 882
423 892
423 964
424 455
424 462
424 470
424 567
424 494
424 627
424 670
424 853
424 859
424 880
424 902
424 890
424 895
424 940
425 520
425 481
425 672
425 787
425 790
425 827
425 865
425 881
425 887
426 586
426 635
426 636
426 671
426 776
426 844
426 890
426 937
427 439
427 637
427 825
427 835
427 842
427 903
427 924
428 559
428 560
428 597
428 827
428 828
428 892
428 994
429 438
429 445
429 517
429 505
429 582
429 620
429 634
429 857
429 947
430 518
430 556
430 566
430 501
430 628
430 881
431 457
431 463
431 513
431 536
431 557
431 484
431 655
431 826
431 869
431 919
432 445
432 471
432 475
432 514
432 526
432 573
432 511
432 910
432 916
433 767
433 849
433 884
434 489
434 619
434 670
434 809
434 838
434 844
434 879
434 898
434 905
435 447
435 473
435 522
435 524
435 482
435 658
435 671
435 830
435 835
435 852
435 922
436 469
436 470
436 473
436 495
436 627
436 637
436 852
436 916
437 558
437 617
437 632
437 645
437 646
437 649
437 910
437 930
437 958
437 965
438 595
438 820
438 836
438 853
438 929
438 882
439 462
439 558
439 492
439 637
439 823
439 838
439 857
439 871
439 906
440 442
440 456
440 477
440 551
440 554
440 616
440 617
440 807
440 824
440 767
440 876
440 909
441 525
441 491
441 607
441 623
441 639
441 836
441 910
441 962
442 472
442 523
442 545
442 648
442 676
442 802
442 896
442 911
443 553
443 588
443 618
443 651
443 772
443 808
444 445
444 464
444 548
444 631
444 778
444 871
444 910
444 981
445 557
445 578
445 579
445 598
445 672
445 832
446 519
446 548
446 486
446 509
446 615
446 631
446 634
446 774
446 876
446 882
447 448
447 551
447 639
447 655
447 851
447 860
447 898
447 955
448 486
448 496
448 623
448 660
448 672
448 922
448 886
448 893
449 524
449 533
449 795
449 805
449 845
449 912
449 891
449 938
449 956
450 522
450 556
450 563
450 580
450 668
450 766
450 827
450 847
450 957
451 473
451 546
451 649
451 896
451 886
452 466
452 536
452 554
452 558
452 564
452 575
452 580
452 622
452 772
452 828
453 460
453 461
453 533
453 579
453 501
453 619
453 630
453 830
453 834
453 855
453 858
453 870
453 881
454 548
454 609
454 778
454 840
454 912
454 885
455 560
455 564
455 497
455 642
455 650
455 855
455 869
456 480
456 496
456 584
456 622
456 836
456 917
456 918
457 532
457 539
457 584
457 687
457 794
457 828
457 837
457 857
457 861
457 869
457 898
457 903
457 915
457 926
458 472
458 565
458 482
458 791
458 815
458 873
458 902
458 913
459 478
459 528
459 544
459 495
459 581
459 921
459 886
459 892
459 995
460 519
460 520
460 527
460 577
460 833
460 861
461 476
461 541
461 504
461 612
461 628
461 779
461 812
461 919
462 570
462 581
462 832
462 838
462 851
462 953
462 990
463 545
463 640
463 642
463 644
463 645
463 774
463 802
463 884
464 535
464 541
464 559
464 579
464 482
464 645
464 830
464 850
464 865
464 866
465 558
465 563
465 494
465 666
465 667
465 844
465 859
465 878
465 900
465 907
465 955
466 470
466 548
466 565
466 569
466 504
466 609
466 655
466 677
466 769
466 800
466 830
466 834
466 836
466 842
466 851
466 951
466 957
467 506
467 583
467 584
467 620
467 777
467 790
467 831
467 871
467 923
467 881
467 948
467 954
467 989
467 995
468 476
468 526
468 534
468 537
468 567
468 485
468 642
468 816
468 821
468 845
468 873
468 900
469 515
469 520
469 545
469 553
469 492
469 911
469 929
469 882
469 887
470 542
470 559
470 773
470 810
470 853
470 881
470 959
471 515
471 618
471 651
471 669
471 853
471 918
471 931
472 567
472 506
472 583
472 801
472 867
472 889
473 806
473 857
473 865
473 930
473 889
474 503
474 595
474 638
474 648
474 893
474 995
475 539
475 557
475 636
475 646
475 811
475 836
475 905
475 892
476 494
476 503
476 663
476 817
476 846
476 858
476 906
476 930
476 951
477 574
477 645
477 800
477 863
477 884
478 571
478 482
478 589
478 610
478 623
478 780
478 837
478 905
478 884
478 935
479 530
479 548
479 576
479 484
479 774
479 797
479 851
479 863
479 868
479 928
479 894
479 963
480 481
480 508
480 638
480 845
480 846
480 854
480 855
480 856
480 904
512 546
512 572
512 482
512 483
512 610
512 802
512 843
512 858
512 902
512 889
512 895
513 517
513 519
513 525
513 541
513 554
513 579
513 486
513 655
513 672
513 829
513 838
513 862
513 872
513 880
513 912
513 935
513 985
514 517
514 527
514 566
514 657
514 801
514 863
514 926
514 946
515 518
515 524
515 535
515 545
515 576
515 578
515 494
515 500
515 587
515 828
515 852
515 861
515 886
516 517
516 546
516 560
516 607
516 660
516 782
516 789
516 861
516 874
516 958
516 981
517 519
517 545
517 484
517 494
517 496
517 499
517 509
517 632
517 638
517 798
517 914
518 550
518 573
518 576
518 483
518 484
518 501
518 506
518 615
518 621
518 787
518 788
518 821
518 859
519 524
519 536
519 552
519 504
519 589
519 675
519 692
519 775
519 794
519 852
519 855
520 490
520 661
520 775
520 926
520 937
521 531
521 550
521 578
521 486
521 487
521 501
521 504
521 592
521 861
521 875
521 882
522 524
522 532
522 537
522 557
522 509
522 626
522 629
522 660
522 759
522 804
522 874
522 907
522 923
523 569
523 484
523 666
523 791
523 953
524 567
524 574
524 481
524 640
524 649
524 908
524 922
524 929
525 526
525 577
525 501
525 645
525 790
525 806
525 826
525 830
525 847
525 897
525 889
525 988
526 553
526 559
526 569
526 575
526 481
526 504
526 506
526 509
526 625
526 676
526 798
526 800
526 819
526 821
526 862
526 901
526 924
526 941
527 561
527 566
527 594
527 605
527 831
527 909
527 892
527 945
527 962
528 531
528 567
528 568
528 483
528 485
528 507
528 587
528 618
528 621
528 622
528 834
528 864
528 904
528 915
528 930
529 534
529 547
529 481
529 646
529 674
529 826
529 833
529 911
529 988
530 549
530 551
530 577
530 486
530 496
530 497
530 639
530 675
530 791
530 846
531 490
531 500
531 501
531 586
531 786
531 802
531 861
532 543
532 560
532 606
532 913
532 922
532 956
533 487
533 493
533 773
533 814
533 864
533 882
533 883
533 894
533 939
533 956
534 540
534 546
534 573
534 504
534 506
534 653
534 829
534 863
534 875
534 899
534 890
535 546
535 547
535 549
535 560
535 568
535 570
535 502
535 776
535 790
535 804
535 844
535 857
535 896
535 910
535 987
536 554
536 556
536 577
536 495
536 742
536 824
536 825
536 876
537 546
537 554
537 565
537 567
537 507
537 509
537 660
537 824
537 863
537 877
537 923
537 927
537 891
538 558
538 501
538 655
538 749
538 775
538 793
538 794
538 824
538 850
538 908
538 933
538 942
538 957
538 996
539 544
539 554
539 574
539 504
539 595
539 790
539 848
539 856
539 869
539 870
539 875
539 924
540 555
540 578
540 485
540 772
540 846
540 908
540 884
540 932
541 551
541 560
541 572
541 587
541 647
541 664
541 813
541 825
541 849
541 929
542 561
542 490
542 496
542 507
542 510
542 628
542 654
542 774
542 796
542 853
542 871
542 880
542 916
542 955
543 556
543 557
543 563
543 564
543 497
543 818
543 819
543 893
544 555
544 596
544 624
544 792
544 810
544 906
544 920
544 887
544 946
544 988
545 548
545 491
545 509
545 511
545 597
545 601
545 623
545 768
545 852
545 872
545 883
545 885
545 935
545 939
546 557
546 483
546 485
546 612
546 641
546 676
546 677
546 776
546 840
546 870
546 877
546 879
546 911
546 930
546 886
547 554
547 482
547 494
547 789
547 794
547 798
547 825
547 912
547 929
547 950
548 556
548 576
548 579
548 509
548 582
548 587
548 659
548 668
548 824
548 918
548 929
549 559
549 564
549 494
549 511
549 618
549 630
549 784
549 810
549 840
549 842
549 878
549 897
549 891
550 554
550 564
550 491
550 504
550 506
550 592
550 608
550 873
550 874
550 878
550 908
550 914
550 887
550 888
551 552
551 579
551 497
551 594
551 629
551 832
551 843
551 848
551 858
551 871
551 872
551 899
551 919
551 884
552 485
552 487
552 494
552 498
552 506
552 641
552 642
552 897
552 961
552 1002
553 558
553 566
553 504
553 505
553 622
553 769
553 785
553 794
553 802
553 876
553 896
553 964
554 806
554 813
554 908
554 925
554 936
554 947
554 968
555 556
555 564
555 578
555 511
555 668
555 842
555 861
555 919
555 886
555 889
555 891
555 934
555 982
556 561
556 569
556 487
556 499
556 616
556 691
556 805
556 903
556 924
557 569
557 483
557 492
557 630
557 675
557 839
557 871
557 898
557 881
557 994
558 565
558 818
558 828
558 879
558 921
559 498
559 661
559 838
559 893
560 574
560 499
560 510
560 655
560 663
560 789
560 812
560 860
560 917
560 933
561 511
561 650
561 651
561 827
561 833
561 844
561 923
562 564
562 566
562 576
562 635
562 643
562 802
562 838
562 912
562 917
562 888
562 987
563 567
563 486
563 854
563 880
563 961
564 565
564 481
564 494
564 606
564 669
564 811
564 899
564 920
565 577
565 481
565 482
565 489
565 621
565 805
565 828
565 904
565 922
565 948
566 481
566 655
566 938
566 961
567 583
567 614
567 823
567 863
567 876
567 884
567 942
567 988
568 578
568 482
568 628
568 805
568 854
568 864
568 901
568 925
568 928
568 983
569 572
569 578
569 606
569 621
569 832
569 871
569 905
569 926
569 930
569 960
570 489
570 612
570 629
570 675
570 825
570 859
570 907
570 916
570 923
570 927
570 883
571 675
571 775
571 813
571 825
571 835
571 856
571 898
571 891
572 651
572 755
572 800
572 803
572 836
572 845
572 914
573 583
573 930
574 494
574 612
574 628
574 629
574 632
574 676
574 770
574 798
574 832
574 847
574 905
574 918
574 883
574 987
575 484
575 491
575 494
575 584
575 790
575 844
575 849
576 485
576 599
576 826
576 867
576 877
576 880
576 905
576 930
577 578
577 596
577 675
577 774
577 861
577 917
577 922
577 924
577 937
577 960
577 951
578 481
578 508
578 590
578 651
578 883
579 499
579 510
579 606
579 633
579 648
579 770
579 808
579 849
579 876
579 907
579 917
579 926
579 948
481 494
481 844
481 876
481 934
481 959
482 501
482 664
482 672
482 822
482 829
482 920
482 894
483 486
483 494
483 495
483 505
483 792
483 924
483 926
483 945
484 486
484 638
484 770
485 495
485 617
485 774
485 794
485 767
485 865
485 902
485 886
485 895
486 487
486 506
486 826
486 828
486 839
486 848
486 907
486 909
486 910
486 914
486 918
486 954
487 497
487 509
487 663
487 785
487 823
487 843
487 855
488 629
488 657
488 790
488 849
488 864
488 872
488 924
488 883
489 492
489 495
489 609
489 786
489 828
489 844
489 855
489 858
489 865
489 868
489 871
489 906
489 917
489 928
489 938
489 975
490 497
490 602
490 674
490 679
490 770
490 784
490 840
490 843
490 862
490 956
491 663
491 728
491 881
491 883
491 955
492 587
492 638
492 663
492 667
492 676
492 776
492 879
493 798
493 799
493 800
493 825
493 850
493 858
493 895
493 977
494 497
494 589
494 590
494 600
494 606
494 660
494 739
494 860
494 870
494 999
495 506
495 581
495 619
495 630
495 656
495 772
495 809
495 828
496 669
496 800
496 826
496 905
496 891
497 500
497 899
497 919
498 500
498 502
498 600
498 606
498 667
498 781
498 825
498 862
498 920
498 882
498 884
498 893
499 503
499 856
499 863
499 868
500 507
500 510
500 583
500 591
500 617
500 630
500 664
500 754
500 829
500 917
500 887
500 890
501 591
501 649
501 825
501 831
501 848
501 900
501 925
501 937
501 986
502 507
502 609
502 782
502 849
502 859
502 873
502 916
502 958
503 507
503 651
503 770
503 795
503 830
503 833
503 861
503 911
503 890
504 588
504 784
504 831
504 844
504 871
504 880
504 919
504 920
505 510
505 603
505 634
505 652
505 858
505 929
505 981
506 634
506 897
506 901
507 607
507 620
507 669
507 672
507 673
507 855
507 993
508 642
508 787
508 824
508 834
508 851
508 924
508 940
508 941
509 633
509 663
509 863
509 924
509 925
510 623
510 665
510 691
510 802
510 871
510 896
510 993
511 797
511 880
511 905
511 911
580 616
580 772
580 814
580 842
580 886
581 592
581 775
581 793
581 799
581 818
581 766
581 836
581 843
581 847
581 894
582 643
582 666
582 815
582 865
582 900
582 912
583 589
583 602
583 654
583 655
583 847
583 862
583 912
583 924
583 961
584 668
584 830
584 841
584 858
584 867
584 915
584 895
584 963
585 618
585 658
585 664
585 769
585 850
585 852
585 915
585 894
586 656
586 780
586 849
586 859
586 918
586 928
586 929
586 950
586 991
587 656
587 761
587 858
587 898
587 922
587 883
588 613
588 628
588 648
588 665
588 797
588 851
588 861
588 865
588 914
588 922
588 952
588 983
589 617
589 665
589 769
589 833
590 649
590 865
590 931
590 955
591 648
591 848
591 852
591 873
591 896
591 955
592 771
592 916
592 925
592 893
592 939
592 961
593 620
593 668
593 785
593 831
593 857
593 864
593 902
593 915
593 919
593 938
594 598
594 775
594 781
594 801
594 861
595 641
595 802
595 827
595 835
596 776
596 929
597 598
597 627
597 642
597 644
597 663
597 877
597 903
597 945
597 964
598 640
598 641
598 897
598 903
598 913
598 917
598 928
598 895
598 952
598 993
599 797
599 942
599 959
600 627
600 641
600 773
600 778
600 796
600 820
600 910
600 917
600 923
600 892
601 629
601 857
601 866
601 896
601 911
601 928
601 892
602 603
602 629
602 656
602 776
602 783
602 809
602 838
602 885
603 621
603 848
603 880
604 629
604 662
604 668
604 793
604 799
604 842
604 846
604 875
604 920
604 893
605 822
605 830
605 835
605 855
605 903
605 915
606 616
606 641
606 657
606 805
606 828
606 833
606 836
606 852
606 889
607 878
607 927
607 950
607 951
608 675
608 868
608 880
609 610
609 670
609 871
609 931
609 884
609 963
610 848
610 874
610 923
610 944
611 629
611 645
611 655
611 707
611 856
611 865
611 867
611 898
612 639
612 663
612 859
612 905
613 623
613 651
613 848
613 870
613 872
613 876
613 897
614 660
614 795
614 805
614 838
614 868
614 890
614 956
615 637
615 767
615 833
615 857
615 878
615 887
616 792
616 824
616 913
616 889
617 639
617 649
617 664
617 871
617 941
618 643
618 850
618 870
618 913
618 931
618 986
619 636
619 660
619 673
619 771
619 783
619 887
619 888
619 934
619 963
620 668
620 910
620 886
620 944
621 836
621 837
621 858
621 930
621 931
621 981
622 634
622 669
622 849
622 899
622 886
622 888
623 624
623 633
623 659
623 667
623 781
623 851
623 875
623 904
623 929
623 938
623 993
624 836
624 845
624 848
624 861
624 871
624 879
624 923
624 895
625 629
625 648
625 781
625 813
625 828
625 914
625 919
625 924
625 889
625 932
625 960
626 640
626 777
626 785
626 805
626 909
626 930
627 632
627 649
627 661
627 784
627 787
627 816
627 864
627 866
627 872
627 874
627 897
627 899
627 920
628 780
628 816
628 874
629 649
629 666
629 791
629 846
629 861
629 872
629 876
629 909
629 964
630 647
630 650
630 813
630 877
631 785
631 866
631 915
631 923
632 665
632 773
632 799
632 826
632 847
632 870
632 882
632 980
633 776
633 800
633 834
633 835
633 859
633 865
633 888
633 948
633 991
633 1002
634 674
634 707
634 821
634 825
634 842
634 900
634 891
635 640
635 653
635 818
635 858
635 862
635 939
635 960
636 645
636 803
636 848
636 856
637 816
637 767
637 855
637 857
637 859
637 874
637 895
638 800
638 820
638 847
638 861
638 875
638 878
639 661
639 664
639 815
639 830
639 852
639 994
639 991
640 643
640 805
640 849
640 873
640 929
641 664
641 668
641 772
641 861
641 863
641 865
641 867
641 901
641 926
641 893
641 984
642 664
642 675
642 840
642 843
642 860
642 886
642 893
643 926
643 930
644 803
644 819
644 867
644 872
644 915
644 895
644 1002
645 649
645 661
645 662
645 787
645 819
645 843
645 859
645 875
645 912
645 970
646 660
646 834
646 857
646 926
646 928
646 883
647 662
647 777
647 811
647 876
647 897
647 901
647 917
648 825
648 826
648 843
648 851
648 864
648 871
648 882
649 823
649 906
649 882
649 890
649 955
650 689
650 900
650 915
650 923
651 804
651 829
651 841
651 925
651 888
652 798
652 836
652 855
652 928
653 777
653 860
653 908
653 890
653 893
653 895
654 668
654 808
654 843
654 875
654 901
654 992
655 809
655 867
655 925
656 838
656 966
657 663
657 769
657 772
657 788
657 795
657 825
657 833
657 850
657 949
658 781
658 814
658 815
658 864
658 924
659 889
659 894
660 789
660 810
660 842
660 848
660 869
660 870
660 908
660 885
660 933
660 938
661 787
661 905
661 925
661 959
662 817
662 860
662 942
662 962
663 849
663 863
663 913
664 767
664 843
664 915
665 837
665 876
665 908
665 921
665 933
665 961
666 791
666 810
666 836
666 900
666 910
667 865
667 926
667 938
667 966
668 790
668 872
668 910
668 929
669 854
669 874
669 915
669 931
669 894
669 895
669 942
670 858
670 860
670 934
670 938
670 943
670 995
671 788
671 810
671 827
671 851
671 871
672 677
672 820
672 840
672 843
672 930
673 807
673 818
673 820
673 821
673 832
673 848
673 858
673 871
673 897
673 908
673 881
674 903
674 953
675 846
675 878
675 881
676 816
676 856
676 883
676 888
677 825
677 829
677 844
677 922
677 925
677 963
678 693
678 742
678 815
678 908
678 920
679 702
679 749
679 821
679 844
679 903
679 917
679 919
679 931
679 940
679 959
679 980
680 684
680 689
680 733
680 767
680 830
680 861
680 880
680 903
680 910
680 915
680 988
681 693
681 723
681 755
681 758
681 776
681 825
681 864
681 900
681 941
682 729
682 744
682 758
682 832
682 863
682 868
682 906
682 984
682 990
683 733
683 734
683 741
683 742
683 749
683 821
683 832
683 843
683 874
683 896
683 918
683 944
684 706
684 758
684 765
684 813
684 856
684 858
684 866
684 944
685 738
685 752
685 771
685 837
685 866
685 928
685 886
685 940
685 994
686 694
686 697
686 734
686 742
686 822
686 833
686 850
686 879
686 900
686 925
686 895
686 952
686 990
687 715
687 720
687 725
687 764
687 765
687 768
687 843
687 904
687 945
688 715
688 720
688 721
688 732
688 920
688 931
689 716
689 731
689 761
689 821
689 834
689 849
689 888
689 974
689 988
690 721
690 737
690 768
690 820
690 859
690 906
690 920
690 929
690 931
691 706
691 735
691 742
691 758
691 944
691 960
692 698
692 712
692 756
692 765
692 805
692 929
692 884
692 951
693 694
693 725
693 728
693 749
693 750
693 903
693 912
693 918
693 893
693 955
694 731
694 738
694 757
694 900
694 918
694 884
694 952
695 705
695 710
695 741
695 745
695 747
695 922
695 931
695 889
696 715
696 734
696 744
696 820
696 822
696 841
696 877
696 905
696 908
696 917
696 937
697 736
697 746
697 748
697 761
697 778
697 784
697 910
697 886
697 894
698 703
698 711
698 713
698 720
698 745
698 827
698 853
698 877
698 916
699 726
699 732
699 742
699 768
699 786
699 840
699 850
699 870
699 874
699 919
699 889
699 958
700 741
700 749
700 822
700 857
700 906
700 951
701 703
701 719
701 739
701 781
701 799
701 804
701 812
701 855
701 874
701 912
701 941
701 944
702 709
702 716
702 758
702 898
702 901
702 914
702 934
703 822
703 832
703 857
703 869
703 880
703 898
703 888
703 894
704 738
704 757
704 761
704 777
704 860
704 925
704 929
704 978
704 992
705 723
705 733
705 752
705 758
705 810
705 834
705 869
705 899
705 937
706 802
706 859
706 869
706 899
706 918
706 929
706 886
707 752
707 787
707 829
707 882
707 890
707 993
708 709
708 718
708 736
708 797
708 822
708 842
708 852
708 854
708 876
708 877
708 902
708 920
708 929
708 938
708 943
709 797
709 801
709 816
709 766
709 871
709 875
709 985
710 733
710 740
710 752
710 847
710 848
710 915
710 929
711 736
711 743
711 748
711 841
711 933
711 955
712 733
712 741
712 791
712 796
712 820
712 826
712 893
712 937
713 719
713 735
713 741
713 757
713 879
713 915
713 934
714 755
714 757
714 761
714 813
714 841
714 909
714 913
714 932
714 944
715 734
715 741
715 744
715 877
715 929
716 718
716 728
716 749
716 755
716 789
716 871
716 877
716 913
716 917
716 918
716 895
717 740
717 754
717 758
717 759
717 808
717 813
717 823
717 831
717 851
717 852
717 932
718 759
718 815
718 835
718 836
718 856
718 874
718 911
718 925
719 798
719 807
719 831
719 848
719 858
719 901
719 904
719 931
719 955
720 736
720 743
720 809
720 908
720 912
720 944
721 734
721 757
721 793
721 767
721 829
721 898
722 731
722 755
722 785
722 899
722 925
722 886
722 947
723 744
723 747
723 836
723 838
723 843
723 871
723 918
724 737
724 745
724 765
724 811
724 843
724 900
725 727
725 730
725 765
725 834
725 835
725 837
725 896
725 906
725 914
725 884
726 777
726 802
726 835
726 854
726 931
726 894
726 939
727 731
727 750
727 832
727 849
727 876
727 921
727 881
727 932
727 933
728 742
728 782
728 860
728 915
728 921
728 889
729 745
729 910
729 889
729 996
730 739
730 869
730 950
731 733
731 763
731 794
731 819
731 861
731 872
731 874
731 904
731 908
731 927
732 782
732 873
732 895
732 955
733 753
733 774
733 775
733 796
733 917
734 754
734 846
734 855
734 859
734 868
734 897
735 755
735 802
735 876
735 888
735 960
735 999
736 742
736 743
736 850
736 928
736 889
736 891
736 1001
737 868
737 959
738 747
738 757
738 764
738 839
738 869
738 880
738 913
738 883
738 895
739 848
739 853
739 909
739 884
740 797
740 844
740 846
740 875
740 879
741 755
741 759
741 762
741 763
741 861
741 875
741 896
741 909
741 893
741 947
742 758
742 833
742 864
742 915
742 891
742 956
743 756
743 764
743 786
743 859
743 892
743 964
744 811
744 867
744 912
744 886
744 995
745 776
745 796
745 822
745 836
745 851
745 896
745 920
746 750
746 756
746 841
746 844
746 870
746 886
746 887
746 888
746 977
746 991
747 751
747 758
747 861
747 866
747 898
747 903
747 928
747 929
747 883
748 754
748 795
748 830
748 866
748 877
748 886
748 887
749 760
749 907
749 911
749 931
750 766
750 840
750 931
751 769
751 817
751 840
751 845
751 851
751 897
751 888
752 781
752 798
752 855
752 858
752 862
752 868
752 924
752 925
753 759
753 839
753 901
753 916
754 765
754 848
755 799
755 820
755 874
755 887
756 825
756 830
756 866
756 994
757 760
757 811
757 917
757 895
758 771
758 793
758 795
758 834
758 837
758 857
758 875
758 901
758 882
758 940
759 821
759 845
759 871
760 771
760 841
760 906
760 931
761 783
761 852
761 896
761 929
761 930
761 889
762 766
762 839
762 918
762 889
762 893
762 962
763 765
763 801
763 825
763 841
763 848
763 852
763 894
763 959
764 777
764 831
764 908
764 959
764 998
765 817
765 838
765 840
765 858
765 879
765 897
765 902
765 924
768 784
768 785
768 803
768 806
768 854
768 922
768 888
768 957
769 776
769 806
769 823
769 838
769 910
769 922
769 888
769 895
769 936
769 985
770 776
770 845
770 852
770 854
770 861
770 909
770 884
770 934
771 862
771 879
771 898
771 910
771 928
771 891
771 934
771 940
771 962
771 988
771 990
772 811
772 813
772 819
772 834
772 847
772 852
772 874
772 898
772 914
772 919
772 927
772 929
772 930
772 881
773 816
773 844
773 860
773 867
773 900
773 905
773 915
773 923
773 929
773 883
773 945
773 948
773 990
774 781
774 792
774 795
774 826
774 842
774 845
774 873
774 915
774 950
775 766
775 830
775 902
775 903
775 912
775 885
776 780
776 868
776 878
776 929
777 791
777 843
777 863
777 866
777 880
777 919
777 889
777 993
778 787
778 795
778 829
778 855
778 909
778 956
778 957
779 789
779 832
779 878
779 910
779 892
780 796
780 811
780 844
780 899
780 900
780 908
780 911
780 921
780 946
780 967
781 802
781 804
781 843
781 867
781 874
781 898
781 911
781 926
781 883
782 796
782 845
782 896
782 890
782 935
782 963
782 953
782 988
783 806
783 825
783 832
783 844
783 853
783 854
783 867
783 880
783 906
783 883
783 889
783 895
783 944
783 981
784 813
784 830
784 853
784 856
784 868
784 908
784 922
784 883
784 890
784 959
785 794
785 799
785 803
785 804
785 818
785 821
785 825
785 829
785 834
785 842
785 874
785 900
785 903
785 884
785 938
786 791
786 846
786 866
786 888
786 891
786 955
787 788
787 799
787 817
787 832
787 836
787 904
787 966
787 985
787 994
788 806
788 767
788 825
788 853
788 901
788 909
788 911
788 881
788 894
789 819
789 840
789 845
789 847
789 867
789 879
789 908
789 919
789 922
789 925
789 927
789 882
789 889
789 999
790 828
790 841
790 847
790 927
790 891
790 957
790 989
791 841
791 843
791 862
791 878
791 896
791 899
791 912
791 923
791 924
791 881
791 942
791 953
792 853
792 939
792 990
793 813
793 814
793 817
793 848
793 856
793 907
793 913
793 887
793 940
793 962
794 824
794 845
794 846
794 856
794 861
794 904
794 926
794 928
794 931
794 885
794 947
794 971
795 815
795 818
795 905
795 907
795 908
795 910
795 887
795 957
796 834
796 856
796 896
796 888
796 954
796 984
797 855
797 869
797 919
797 927
797 942
797 947
797 960
797 964
798 825
798 828
798 865
798 874
798 876
798 878
798 897
798 922
799 827
799 839
799 842
799 859
799 870
799 901
799 905
799 885
799 952
799 992
800 837
800 849
800 858
800 878
800 909
800 912
800 917
800 963
801 836
801 852
801 860
801 863
801 872
801 873
801 877
801 903
801 909
801 916
801 917
801 888
801 932
802 808
802 824
802 832
802 835
802 861
802 866
802 867
802 890
802 934
802 939
802 947
803 847
803 880
803 917
803 883
803 989
803 991
804 821
804 829
804 858
804 879
804 904
805 906
805 886
805 888
805 893
806 810
806 767
806 878
806 879
806 915
806 919
806 892
806 955
807 816
807 832
807 855
807 862
807 921
807 957
808 829
808 842
808 852
808 917
808 920
808 891
808 962
809 830
809 832
809 851
809 854
809 863
809 877
809 909
809 910
809 885
809 936
809 989
810 831
810 840
810 856
810 869
810 888
811 816
811 843
811 848
811 858
811 869
811 874
811 909
811 932
811 951
811 953
811 973
811 1000
812 822
812 826
812 879
812 902
812 910
812 916
812 919
812 926
812 931
812 886
812 944
812 945
813 820
813 897
813 899
813 914
813 887
814 822
814 827
814 848
814 867
814 875
814 898
814 900
814 916
814 920
814 921
814 925
814 886
814 945
814 964
815 828
815 857
815 865
815 880
815 897
815 913
815 889
815 954
815 991
816 837
816 847
816 906
816 892
817 844
817 865
817 873
817 910
817 931
817 887
817 941
817 958
817 984
817 993
818 827
818 835
818 841
818 850
818 868
818 872
818 909
818 984
819 824
819 829
819 864
819 865
819 905
819 912
819 914
819 921
819 883
819 939
820 832
820 833
820 839
820 852
820 861
820 865
820 868
820 904
820 906
820 916
820 891
820 959
820 983
820 996
821 863
821 872
821 896
821 898
821 913
821 925
821 888
821 894
821 932
821 960
822 846
822 903
822 908
822 937
822 994
823 896
823 893
823 949
824 829
824 834
824 848
824 862
824 880
824 910
824 912
824 930
824 939
824 957
766 834
766 860
766 873
766 907
766 910
766 916
766 917
766 929
766 884
766 949
767 834
767 837
767 850
767 853
767 864
767 874
767 877
767 879
767 909
767 887
767 891
767 983
825 829
825 835
825 906
825 882
825 886
825 893
825 960
826 838
826 842
826 863
826 868
826 877
826 913
826 885
826 889
826 943
826 957
826 984
826 1002
827 840
827 850
827 901
827 907
827 910
827 921
827 923
827 926
828 833
828 856
828 878
828 904
828 925
828 928
828 889
828 893
828 960
829 831
829 852
829 901
829 905
829 912
829 925
829 942
830 831
830 858
830 910
830 885
830 886
830 932
830 944
830 948
830 986
831 832
831 833
831 873
831 878
831 903
831 904
831 906
831 919
831 881
831 932
831 982
832 887
833 873
833 908
833 920
833 924
833 959
834 851
834 864
834 909
834 927
834 994
834 996
834 998
835 859
835 900
835 909
835 911
835 916
835 922
835 999
836 842
836 865
836 868
836 873
836 899
836 902
836 882
836 951
836 990
837 891
837 939
837 950
837 958
838 899
838 900
838 907
838 912
838 918
838 927
838 888
838 952
838 994
839 842
839 857
839 865
839 916
839 926
839 892
840 845
840 856
840 872
840 912
840 982
841 843
841 875
841 906
841 908
841 912
841 921
841 882
841 895
841 934
842 856
842 876
842 905
842 916
842 921
842 927
842 881
842 884
842 891
843 851
843 855
843 899
843 907
843 918
843 887
843 943
844 858
844 860
844 863
844 908
844 918
844 996
845 853
845 859
845 863
845 899
845 909
845 914
845 933
845 937
845 943
845 954
845 984
846 868
846 896
846 922
846 929
846 883
846 885
846 887
846 960
847 861
847 900
847 910
847 927
847 948
848 873
848 901
848 908
848 911
848 946
848 958
849 865
849 875
849 900
849 927
849 889
849 933
849 958
850 911
850 915
850 916
850 927
850 928
850 893
850 895
850 993
850 991
851 854
851 865
851 866
851 875
851 879
851 905
851 922
851 929
851 885
851 932
851 939
851 986
852 856
852 907
852 919
852 932
852 949
852 980
853 858
853 916
853 926
853 931
853 888
853 894
853 932
853 987
854 858
854 875
854 877
854 880
854 889
854 961
854 993
854 991
855 861
855 872
855 905
855 935
855 951
855 983
856 858
856 896
856 908
856 911
856 995
856 996
857 864
857 877
857 898
857 914
857 922
857 885
857 890
858 909
858 923
858 887
858 998
859 876
859 903
859 915
859 925
859 881
859 950
859 956
860 873
860 874
860 897
860 903
860 906
860 910
860 919
860 920
860 929
860 891
860 953
860 983
861 958
862 863
862 880
862 881
862 885
862 933
862 962
862 955
862 984
863 868
863 915
863 917
863 925
863 987
864 882
864 982
865 880
865 899
865 905
865 888
866 872
866 900
866 902
866 908
866 922
866 960
866 957
867 912
867 921
867 980
867 987
868 920
868 885
868 888
868 941
868 954
869 873
869 879
869 900
869 903
869 908
869 923
869 928
869 930
869 881
869 956
870 875
870 898
870 902
870 917
870 930
870 963
870 951
870 977
871 876
871 877
871 897
871 898
871 887
871 934
871 961
872 901
872 922
872 929
872 888
872 947
872 997
873 898
873 904
873 908
873 913
873 923
873 885
873 886
873 894
874 898
874 918
874 919
874 926
874 927
874 890
874 939
874 991
874 995
875 901
875 919
875 920
875 923
875 882
875 949
876 880
876 907
876 911
876 933
876 991
877 924
877 929
877 930
877 956
878 897
878 906
878 959
879 898
879 907
879 926
879 895
880 881
880 943
896 902
896 908
896 931
896 944
896 947
896 972
897 916
897 885
897 894
897 953
897 986
897 992
897 993
898 928
898 940
898 952
899 919
899 920
899 960
899 977
900 901
900 924
900 961
900 975
900 996
901 908
901 890
901 893
902 911
902 913
902 983
903 929
904 912
904 927
904 887
904 932
904 940
904 960
904 988
905 948
905 955
905 959
906 931
906 885
906 934
906 942
906 994
907 925
907 957
908 911
908 929
908 930
908 883
908 886
908 961
908 955
909 911
909 884
909 970
910 913
910 885
910 941
910 954
911 913
911 949
912 923
913 918
913 988
914 915
914 917
914 919
914 926
914 929
914 883
914 972
915 920
915 887
915 944
915 963
916 917
916 890
916 955
917 893
917 979
918 929
918 941
918 962
918 957
919 961
919 953
919 957
920 930
920 932
920 934
920 957
921 923
921 933
921 976
923 884
923 940
923 944
923 963
923 964
923 994
924 883
924 937
924 953
924 986
925 884
925 941
925 987
926 890
926 892
927 887
927 888
927 946
927 953
927 981
928 943
928 947
928 994
928 990
929 891
929 941
930 884
930 955
931 884
931 940
881 963
882 889
882 893
882 947
882 950
882 984
883 958
884 934
884 957
885 891
885 936
886 955
887 891
887 950
887 984
887 1000
888 894
889 894
890 956
890 993
893 949
893 954
895 961
895 985
932 962
932 950
932 953
932 954
932 957
932 959
932 992
932 998
932 1000
933 955
933 975
933 987
933 992
933 991
933 998
933 1001
934 956
934 981
934 992
934 994
934 997
935 947
935 960
936 951
936 954
936 958
936 992
936 998
937 953
937 954
937 958
937 985
937 986
937 992
937 995
937 998
937 1002
938 962
938 957
938 980
938 999
939 960
939 950
939 956
939 971
939 983
939 992
939 990
939 995
940 964
940 952
940 954
940 983
940 992
940 994
941 962
941 964
941 951
941 956
941 958
941 987
941 992
941 999
942 952
942 958
942 984
942 987
942 993
942 990
943 964
943 956
943 959
943 982
943 986
943 989
943 991
943 996
943 997
944 960
945 950
945 951
945 956
945 959
945 988
945 989
945 991
945 1002
946 963
946 964
946 983
946 992
946 996
946 1002
947 960
947 976
947 987
947 994
948 962
948 968
948 986
949 960
949 954
949 957
949 959
949 992
960 992
960 994
960 989
961 957
961 978
961 986
961 992
962 983
962 985
962 992
963 981
963 984
963 993
963 989
963 1000
964 982
964 987
964 988
964 991
964 995
964 997
964 998
951 986
951 992
952 970
952 981
952 983
952 985
952 996
953 983
953 987
953 994
954 956
954 965
954 978
954 981
954 983
954 984
954 993
954 997
954 1002
955 984
955 992
956 972
956 974
956 980
956 985
956 990
956 998
956 1001
957 966
957 987
957 988
957 992
957 991
957 995
958 976
958 991
959 982
959 987
965 982
965 985
965 988
965 995
965 998
966 970
966 972
966 983
966 984
966 992
966 990
966 991
966 996
967 990
968 983
968 984
968 995
968 999
969 971
969 976
969 984
969 994
969 990
970 972
970 977
970 989
970 997
970 998
971 981
972 975
972 979
972 992
972 990
972 996
973 988
973 993
973 995
973 997
973 1002
974 976
974 991
975 978
975 992
975 994
975 1002
976 992
977 983
977 984
977 995
977 1000
977 1002
978 982
978 991
978 998
979 995
980 992
980 993
980 995
980 1000
980 1002
981 983
981 990
981 991
981 996
981 997
982 993
982 994
982 989
982 1002
983 988
983 992
983 993
983 994
983 991
983 995
983 996
983 997
983 999
984 992
984 994
985 992
985 994
985 989
985 1000
985 1001
986 992
986 993
986 994
986 991
987 993
988 992
988 993
988 995
988 998
992 996
992 1000
992 1001
992 1002
993 997
993 998
993 1000
993 1002
994 995
994 999
989 995
989 998
989 1001
990 996
990 997
990 998
990 1000
990 999
991 997
991 998
991 1000
991 1001
995 998
995 1000
996 1001
996 1002
997 1001
998 1002