0 36
0 41
1 47
1 52
1 59
1 60
1 67
2 11
2 39
2 42
2 56
3 5
3 31
3 54
3 55
3 61
4 9
4 16
4 53
5 14
5 41
5 52
5 54
5 55
6 22
6 38
6 49
6 52
7 26
7 50
7 53
7 60
7 62
8 13
8 15
8 43
8 45
9 26
9 29
9 45
9 56
10 39
10 42
10 49
10 50
10 517
11 51
11 53
12 14
12 15
12 28
12 33
12 48
13 44
14 15
14 31
14 45
14 47
14 48
15 18
15 22
15 32
15 48
15 50
15 551
16 22
16 24
16 48
16 58
16 60
16 87
17 57
18 39
18 40
18 48
18 54
18 57
18 60
18 64
19 35
19 37
19 57
19 60
20 40
20 42
20 63
20 475
21 27
21 44
21 48
21 63
22 29
22 31
22 35
22 38
22 45
22 568
23 25
23 29
23 37
23 720
25 29
25 44
26 28
26 67
27 38
28 63
29 33
29 35
29 42
30 54
30 56
31 40
32 37
33 34
33 41
33 51
33 59
34 49
34 57
35 38
36 49
37 38
38 43
38 62
39 62
40 51
40 62
42 63
43 47
43 49
43 63
44 57
46 61
46 62
47 58
48 61
48 66
51 62
52 60
53 54
53 64
57 452
58 64
66 67
68 78
69 74
70 77
71 73
71 76
74 75
74 79
78 79
79 668
80 85
80 120
80 129
80 149
80 166
80 191
80 209
80 233
80 253
81 117
81 128
81 133
81 168
81 201
81 230
81 235
82 90
82 95
82 106
82 110
82 119
82 148
82 162
82 173
82 182
82 196
82 201
82 202
82 230
83 97
83 129
83 137
83 142
83 161
83 180
83 192
83 208
83 225
83 542
84 86
84 98
84 129
85 133
85 136
85 138
85 157
85 212
86 112
86 127
86 139
86 172
86 200
86 224
87 93
87 106
87 115
87 116
87 143
87 176
87 186
87 215
87 217
88 110
88 144
88 160
88 187
88 192
88 195
88 210
88 216
89 94
89 101
89 141
89 201
89 206
89 222
89 231
90 91
90 96
90 112
90 120
90 128
90 178
90 207
90 215
90 223
91 114
91 162
91 165
91 179
91 199
91 218
92 124
92 128
92 131
92 141
92 149
92 154
93 97
93 101
93 117
93 126
93 128
93 132
93 163
94 107
94 110
94 121
94 140
94 154
94 224
94 230
94 234
95 122
95 152
95 160
96 106
96 144
96 147
96 159
96 160
96 182
96 196
96 202
97 101
97 105
97 133
97 177
97 235
98 123
98 158
98 175
98 191
98 201
98 213
98 225
99 111
99 135
99 137
99 138
99 152
99 153
99 159
99 167
100 104
100 130
100 131
100 134
100 143
100 149
100 156
100 162
100 172
100 186
100 221
101 128
101 138
101 205
102 107
102 144
102 182
103 105
103 124
103 159
103 162
103 173
103 200
103 216
103 225
103 227
104 108
104 109
104 131
104 133
104 138
104 149
104 178
104 182
104 224
105 142
105 151
105 153
105 200
105 210
105 222
105 223
105 226
106 120
106 134
106 204
106 208
107 112
107 115
107 174
107 206
107 213
107 232
107 236
108 128
108 131
108 132
108 135
108 151
108 170
108 211
108 213
108 219
108 225
108 228
109 173
109 221
110 153
110 155
110 167
110 179
110 217
110 220
111 119
111 203
111 219
112 116
112 125
112 131
112 146
112 152
112 157
112 179
112 186
112 191
112 219
112 235
113 136
113 167
113 176
113 194
113 227
113 232
114 123
114 156
114 163
114 176
114 177
114 181
114 187
114 201
114 211
114 234
115 166
115 170
115 185
115 204
115 214
115 228
116 121
116 131
116 156
116 208
116 212
117 133
117 134
117 164
117 217
118 127
118 132
118 147
118 148
118 182
118 195
118 206
118 236
119 137
119 145
119 172
119 199
119 213
120 148
120 169
120 208
120 233
121 122
121 128
121 141
121 202
121 230
122 133
122 144
122 175
122 190
122 195
122 196
123 127
123 136
123 160
123 231
124 169
124 194
124 211
124 231
124 232
125 170
125 176
126 145
126 163
126 164
126 180
126 236
127 142
127 196
128 144
128 152
128 160
128 165
128 190
128 203
128 204
128 234
129 133
129 170
129 186
129 200
129 226
129 235
130 143
130 180
130 203
130 209
130 235
132 175
132 182
132 183
132 202
132 223
133 153
133 180
133 187
133 194
133 207
133 220
134 145
134 152
134 157
134 168
134 170
134 174
134 175
134 190
134 191
134 201
134 218
135 158
135 212
135 223
135 231
136 156
136 180
136 213
137 145
137 159
137 192
137 193
137 206
137 207
137 224
137 232
138 139
138 141
138 165
138 171
138 181
138 213
138 220
138 226
138 397
139 141
139 152
139 173
139 183
139 187
139 198
139 216
139 217
139 231
140 170
140 176
140 215
140 231
140 233
141 162
141 163
141 172
141 230
141 234
142 144
142 156
142 160
142 184
142 187
142 195
142 198
142 203
142 207
142 216
143 155
143 182
143 192
143 214
144 155
144 191
144 211
144 218
144 229
145 148
145 152
145 206
145 210
145 213
145 226
146 184
146 186
146 216
146 228
146 230
147 154
147 201
147 209
147 216
147 221
147 231
148 164
148 167
148 211
148 219
148 232
149 175
149 180
149 198
150 178
150 182
150 208
151 187
151 192
152 231
152 429
153 180
153 195
153 214
153 226
154 212
154 229
154 230
155 172
155 207
156 178
156 216
156 236
157 190
157 193
157 198
157 207
157 233
158 161
158 174
158 203
158 205
158 211
158 227
158 232
158 234
159 175
159 208
159 227
160 164
160 171
160 172
161 166
161 176
161 182
161 193
161 217
162 180
162 188
162 194
162 196
162 204
162 222
162 231
162 235
163 179
163 236
164 166
164 167
164 173
164 180
164 210
164 217
164 226
165 190
165 208
165 216
166 190
166 220
166 221
167 215
168 211
168 213
168 223
169 206
169 234
170 191
170 230
171 176
171 202
171 210
171 217
172 187
172 205
172 207
172 209
173 176
173 179
173 211
174 191
174 197
175 206
175 211
175 214
175 217
176 181
176 196
176 200
176 214
177 191
177 225
178 180
178 192
178 212
179 192
179 233
180 195
181 222
181 232
182 184
182 186
182 188
182 209
182 235
183 197
183 224
184 190
184 191
184 225
184 233
185 201
185 219
185 220
185 230
186 188
186 220
186 225
187 191
188 205
188 207
188 236
189 195
190 192
190 208
190 218
190 220
190 225
190 235
191 201
191 217
192 195
192 225
193 205
193 206
193 217
193 222
193 229
194 195
194 208
195 196
195 202
195 204
195 208
195 223
195 229
196 225
197 231
198 227
199 208
199 211
199 226
200 213
200 221
200 228
201 204
201 214
202 214
204 227
204 230
204 233
205 209
205 230
206 224
206 229
206 234
207 215
207 217
207 220
209 211
209 221
209 227
209 228
210 216
210 217
211 231
211 234
213 236
214 232
216 223
216 232
216 233
217 221
217 230
217 232
217 235
219 231
220 224
221 227
221 234
222 480
224 228
225 230
226 227
228 234
229 231
231 236
234 236
237 244
237 254
237 260
237 277
237 279
237 323
237 377
237 391
237 409
237 415
237 418
237 419
237 436
237 453
238 289
238 339
238 371
239 286
239 307
239 329
239 380
239 390
239 403
239 433
239 436
239 480
239 484
240 254
240 258
240 287
240 345
240 370
240 446
240 461
240 463
241 299
241 311
241 322
241 332
241 356
241 366
241 385
241 420
241 441
241 467
241 474
241 501
241 502
242 266
242 278
242 327
242 330
242 367
242 397
242 417
242 425
242 476
242 477
242 483
243 280
243 295
243 299
243 313
243 401
243 404
243 414
243 425
243 439
243 442
243 451
243 469
243 475
243 486
243 500
244 263
244 279
244 311
244 318
244 334
244 348
244 380
244 393
244 457
244 494
245 277
245 288
245 290
245 293
245 296
245 361
245 464
246 260
246 275
246 308
246 334
246 336
246 354
246 438
246 440
246 481
246 487
246 491
247 275
247 320
247 374
247 414
247 487
247 500
248 305
248 310
248 329
248 341
248 348
248 367
248 387
248 397
248 398
248 421
248 503
249 299
249 323
249 384
249 415
249 416
249 418
249 492
250 261
250 282
250 283
250 299
250 318
250 337
250 353
250 391
250 410
250 413
251 278
251 340
251 395
251 465
251 491
251 492
252 303
252 312
252 339
252 390
252 440
252 460
253 261
253 262
253 291
253 292
253 301
253 309
253 370
253 381
253 467
253 501
254 259
254 262
254 308
254 365
254 383
254 431
254 437
254 441
254 483
255 259
255 261
255 277
255 282
255 286
255 296
255 344
255 407
255 429
255 435
255 463
255 483
255 492
256 302
256 407
256 426
256 486
257 278
257 289
257 331
257 347
257 405
258 285
258 328
258 354
258 365
258 402
258 419
258 456
259 272
259 341
259 359
259 398
259 416
259 437
259 462
260 314
260 339
260 368
260 374
260 384
260 396
260 411
260 414
260 462
260 480
261 275
261 286
261 307
261 344
261 345
261 367
261 395
261 402
261 406
261 418
261 420
261 433
261 474
262 271
262 313
262 322
262 395
262 424
262 486
263 274
263 358
263 399
263 429
263 460
263 499
264 314
264 339
264 347
264 352
264 431
264 463
264 487
264 497
265 284
265 361
265 362
265 382
265 412
265 475
265 493
266 270
266 291
266 327
266 349
266 375
266 422
267 286
267 315
267 349
267 379
267 382
267 409
267 422
267 452
267 498
267 502
268 279
268 292
268 295
268 318
268 322
268 323
268 338
268 393
268 406
268 437
269 271
269 274
269 279
269 286
269 291
269 371
269 372
270 283
270 290
270 333
270 337
270 338
270 353
270 381
270 391
270 423
270 442
270 457
271 276
271 296
271 300
271 321
271 329
271 333
271 365
271 400
271 455
271 492
271 504
272 286
272 314
272 351
272 409
272 416
272 432
272 437
272 438
272 476
272 489
273 280
273 287
273 376
273 383
273 398
273 413
273 439
273 487
274 278
274 286
274 294
274 326
274 333
274 346
274 367
274 375
274 407
274 458
274 479
275 322
275 325
275 451
276 415
276 496
277 279
277 315
277 326
277 328
277 334
277 381
277 384
277 395
277 428
277 491
277 502
278 314
278 358
278 381
278 473
278 486
278 494
278 502
279 295
279 296
279 332
279 363
279 369
279 432
279 433
279 466
279 488
279 490
279 498
280 289
280 331
280 370
280 371
280 434
280 436
280 453
280 479
280 489
281 316
281 368
281 396
281 445
282 428
282 475
282 504
283 287
283 298
283 334
283 336
283 338
283 410
283 411
283 430
283 455
283 478
283 492
284 361
284 410
284 442
285 316
285 359
285 420
285 428
285 450
285 495
286 375
286 400
286 456
286 458
286 462
286 467
286 481
287 291
287 403
287 412
287 435
287 452
287 479
288 294
288 310
288 311
288 321
288 450
288 465
289 340
289 401
289 455
290 318
290 372
290 386
290 459
290 472
290 487
291 368
291 370
291 385
291 470
291 471
291 474
292 295
292 332
292 379
292 434
292 459
292 463
292 483
293 312
293 394
293 497
294 316
294 373
294 389
294 410
294 443
294 464
295 307
295 315
295 360
295 381
295 387
295 413
295 481
295 485
296 379
296 428
296 441
296 450
296 480
297 382
297 384
297 391
297 404
297 424
297 434
297 452
297 494
298 375
298 378
298 394
298 399
298 401
298 417
298 462
298 498
299 329
299 428
299 452
299 466
299 475
300 301
300 321
300 331
300 344
300 355
300 416
300 435
301 309
301 369
301 373
301 464
301 470
301 498
302 316
302 325
302 334
302 382
302 398
302 416
302 435
302 436
302 465
302 485
302 491
303 308
303 309
303 359
303 408
303 411
303 430
303 431
304 315
304 335
304 349
304 358
304 395
304 454
304 469
304 477
305 353
305 378
305 396
305 455
305 476
305 478
305 481
306 321
306 330
306 374
306 410
306 431
306 434
306 455
306 498
307 316
307 327
307 335
307 368
307 376
307 387
307 424
307 474
307 491
308 383
308 405
308 430
308 497
309 341
309 383
309 403
309 428
309 446
309 469
309 482
309 503
309 504
310 333
310 387
310 394
310 402
310 470
311 315
311 340
311 362
311 367
311 403
311 409
311 442
311 446
311 449
312 368
312 374
312 380
312 390
312 404
312 417
312 430
312 434
312 482
312 487
313 316
313 334
313 353
313 379
313 419
313 420
313 423
313 455
313 493
314 348
314 361
314 368
314 382
314 403
314 458
314 475
315 332
315 351
315 352
315 415
315 437
316 320
316 357
316 396
316 417
316 438
316 439
317 346
317 355
317 364
317 383
317 410
317 447
317 458
317 492
317 504
318 335
318 366
318 371
318 405
318 504
319 335
319 345
319 346
319 354
319 370
319 376
319 458
319 475
319 478
319 503
320 355
320 368
320 382
320 429
320 430
320 447
320 451
320 461
320 484
321 338
321 340
321 393
321 404
321 477
322 400
322 412
322 462
322 486
322 489
323 348
323 349
323 430
323 465
323 466
323 500
324 355
324 380
324 386
324 414
324 424
324 463
325 331
325 337
325 348
325 389
325 391
325 406
325 412
325 424
325 453
325 467
326 341
326 367
326 405
326 415
326 420
326 430
326 464
326 490
326 496
327 337
327 342
327 352
327 364
327 380
328 381
328 409
328 416
328 417
328 434
328 443
328 451
328 456
328 476
329 352
329 484
329 491
329 497
330 354
330 405
330 428
330 465
330 471
330 481
330 487
331 342
331 344
331 347
331 383
331 388
331 435
331 471
331 472
331 486
331 488
332 347
332 360
332 393
332 442
332 478
332 489
333 390
333 401
333 422
333 439
334 378
334 402
334 408
334 467
334 483
334 486
334 497
335 336
335 369
335 396
335 419
335 461
335 469
335 480
335 482
336 353
336 355
336 419
336 444
336 464
336 493
337 348
337 413
337 422
337 434
337 491
338 353
338 370
338 387
338 388
338 394
338 395
338 452
339 345
339 407
339 418
339 445
339 478
340 353
340 378
340 398
340 401
340 447
340 476
340 493
340 497
341 370
341 383
341 385
341 391
341 435
341 481
341 483
341 490
341 494
342 350
342 358
342 395
342 396
342 459
342 467
342 481
343 365
343 382
343 418
343 466
344 389
344 416
344 440
344 451
344 501
344 503
345 346
345 356
345 394
345 412
345 438
345 495
345 498
345 499
346 348
346 384
346 467
347 351
347 401
348 400
348 425
348 432
348 435
348 460
348 487
349 366
349 393
349 415
349 426
349 440
349 489
349 497
349 498
350 354
350 362
350 397
350 414
350 433
350 448
350 460
350 488
351 361
351 435
351 483
351 496
351 665
352 359
352 374
352 377
352 393
352 401
352 417
352 471
352 472
352 475
352 502
353 355
353 391
353 395
353 476
354 402
354 406
354 427
354 430
354 441
354 463
354 470
354 482
354 498
355 376
355 396
355 404
355 438
355 455
355 464
356 370
356 410
356 415
356 417
356 418
356 439
357 398
357 410
357 482
358 476
358 482
359 360
359 377
359 390
359 442
359 443
360 399
360 400
360 405
360 429
360 447
360 487
360 493
361 414
361 433
361 454
362 381
362 420
362 427
362 442
362 462
362 479
363 378
363 426
363 497
364 427
364 442
364 485
365 425
365 444
365 483
365 492
366 367
366 439
366 492
367 473
367 477
367 502
368 381
368 383
368 402
368 458
368 459
369 424
369 465
369 479
370 386
370 409
370 446
370 458
370 484
371 378
371 417
371 498
372 399
372 405
372 427
372 453
372 496
373 390
373 406
373 439
374 385
374 433
374 436
374 496
375 459
375 475
375 485
376 379
376 405
376 406
376 427
376 430
376 454
376 482
377 427
377 437
377 466
377 483
377 490
378 407
378 463
378 467
378 473
378 488
379 401
379 405
379 452
379 469
379 476
379 489
380 417
380 494
380 500
381 406
381 415
381 424
381 448
381 450
381 458
382 403
382 407
382 416
382 422
382 440
382 465
383 386
383 403
383 415
383 500
384 397
384 425
384 427
384 428
384 436
385 415
386 393
386 401
386 414
386 447
386 469
386 503
387 463
387 466
387 482
387 491
387 495
388 423
388 427
388 458
388 469
389 412
389 427
389 429
389 439
389 440
389 469
389 501
390 396
391 462
391 466
392 404
392 408
393 490
393 491
394 417
394 429
394 436
394 464
395 421
395 422
395 459
395 472
396 407
396 421
396 485
396 493
397 409
397 444
397 450
397 451
397 484
397 504
398 421
398 466
398 494
399 484
400 427
400 447
400 496
401 437
401 467
401 502
402 454
402 469
402 483
403 439
403 440
403 447
403 448
403 455
403 493
404 445
404 452
405 406
405 420
405 441
405 444
405 489
406 442
406 447
406 452
406 491
406 492
407 422
407 427
407 439
407 499
408 418
408 483
408 499
409 483
409 499
410 432
410 476
410 485
410 486
411 424
411 448
411 449
411 501
412 416
412 435
412 453
412 458
412 489
412 493
412 495
413 441
413 460
413 470
414 440
414 450
414 452
414 482
414 484
415 427
415 490
416 466
416 492
417 421
417 441
417 474
419 455
419 474
419 478
419 500
420 426
420 445
420 451
421 479
421 493
421 502
422 438
423 472
423 484
424 442
424 449
424 454
424 500
425 451
425 489
426 460
426 466
426 489
426 496
426 499
427 445
427 455
427 476
428 439
428 453
428 458
429 430
429 498
430 431
430 466
430 489
431 433
431 457
431 488
432 450
432 458
432 478
432 480
432 483
433 490
434 439
434 468
435 467
435 495
436 457
437 445
437 477
438 442
438 458
439 453
439 470
440 479
440 480
441 455
442 447
442 453
442 486
443 447
443 500
444 457
444 479
445 464
445 468
446 451
446 458
446 470
447 448
447 451
447 484
447 500
448 458
449 486
449 499
450 486
450 488
451 476
452 463
453 457
453 458
453 476
453 489
454 470
454 471
454 489
454 492
455 470
455 500
456 469
456 478
459 486
460 498
461 472
461 486
463 484
463 489
465 470
466 476
467 488
469 470
469 485
470 489
471 492
473 482
474 501
475 494
475 499
475 503
475 504
476 490
476 493
476 503
478 486
478 497
480 493
481 490
482 498
489 504
490 491
490 494
493 497
495 500
495 503
512 516
512 518
512 542
512 586
512 600
512 606
512 608
512 609
512 614
512 619
512 625
512 634
512 640
512 649
512 652
513 516
513 517
513 549
513 557
513 559
513 589
513 592
513 595
513 596
513 604
513 605
513 611
513 614
513 618
513 630
513 633
513 636
513 639
513 509
513 511
514 529
514 533
514 553
514 564
514 569
514 578
514 580
514 584
514 607
514 624
514 625
514 648
514 651
514 652
514 506
515 524
515 533
515 535
515 559
515 561
515 569
515 574
515 576
515 580
515 582
515 616
515 640
515 641
515 651
516 525
516 528
516 571
516 575
516 576
516 579
516 591
516 603
516 606
516 618
516 626
516 640
516 651
516 506
516 510
517 524
517 530
517 532
517 554
517 559
517 576
517 577
517 597
517 601
517 611
517 642
518 522
518 541
518 546
518 549
518 555
518 571
518 578
518 596
518 601
518 610
518 611
518 612
518 616
518 620
518 633
518 637
518 642
518 651
518 507
519 522
519 525
519 535
519 544
519 550
519 551
519 559
519 570
519 575
519 582
519 592
519 593
519 615
519 616
519 619
519 636
519 640
519 650
519 505
519 510
520 528
520 539
520 542
520 543
520 546
520 555
520 572
520 574
520 578
520 579
520 580
520 595
520 605
520 607
520 613
520 619
520 620
520 624
520 646
521 532
521 547
521 550
521 558
521 559
521 574
521 598
521 611
521 651
522 528
522 539
522 550
522 553
522 554
522 558
522 562
522 565
522 570
522 616
522 617
522 639
522 641
523 527
523 534
523 542
523 550
523 554
523 555
523 558
523 567
523 570
523 581
523 597
523 607
523 611
523 624
523 625
523 633
523 639
523 640
523 507
523 508
524 526
524 537
524 541
524 553
524 557
524 571
524 578
524 596
524 598
524 601
524 610
524 626
524 629
524 632
524 636
524 650
524 651
525 531
525 539
525 540
525 554
525 559
525 565
525 568
525 609
525 616
525 632
525 642
525 654
526 545
526 556
526 557
526 566
526 570
526 572
526 575
526 582
526 594
526 604
526 613
526 630
526 631
526 647
526 649
526 652
526 508
527 531
527 535
527 545
527 560
527 561
527 574
527 587
527 602
527 618
527 629
527 635
527 637
527 646
527 647
527 649
527 653
528 531
528 540
528 544
528 557
528 559
528 562
528 582
528 584
528 598
528 602
528 605
528 611
528 612
528 621
528 648
528 654
528 510
529 536
529 538
529 539
529 560
529 572
529 575
529 602
529 610
529 614
529 624
529 636
530 539
530 555
530 560
530 562
530 565
530 585
530 590
530 593
530 598
530 600
530 616
530 642
530 647
530 651
530 509
531 544
531 545
531 551
531 556
531 561
531 580
531 583
531 600
531 608
531 622
531 624
531 628
531 633
531 634
531 644
531 507
532 544
532 562
532 565
532 570
532 575
532 580
532 582
532 588
532 589
532 591
532 598
532 611
532 614
532 622
532 634
532 635
532 638
532 650
532 507
532 510
532 511
533 536
533 540
533 560
533 565
533 571
533 583
533 587
533 591
533 608
533 612
533 617
533 630
533 638
533 645
533 648
533 509
533 511
534 538
534 557
534 562
534 580
534 586
534 593
534 599
534 616
534 618
534 629
534 633
534 644
534 646
534 652
535 583
535 592
535 597
535 625
535 640
535 641
535 649
535 650
535 651
535 511
536 542
536 543
536 547
536 550
536 561
536 572
536 585
536 599
536 615
536 618
536 622
536 634
536 652
537 540
537 546
537 554
537 574
537 582
537 583
537 584
537 611
537 613
537 615
537 622
537 623
537 625
537 629
537 630
537 647
537 511
538 542
538 543
538 547
538 551
538 571
538 575
538 587
538 589
538 601
538 607
538 608
538 620
538 625
538 627
539 552
539 556
539 570
539 574
539 594
539 629
539 650
539 653
540 551
540 553
540 568
540 577
540 579
540 593
540 594
540 632
540 641
540 643
540 506
540 509
541 546
541 567
541 568
541 572
541 587
541 603
541 615
541 620
541 630
541 636
541 507
542 543
542 545
542 562
542 563
542 575
542 597
542 605
542 610
542 620
542 626
542 640
542 643
542 646
542 649
542 654
543 553
543 556
543 562
543 565
543 570
543 576
543 589
543 600
543 605
543 610
543 630
543 638
543 643
543 645
543 511
544 555
544 557
544 582
544 589
544 597
544 602
544 612
544 638
544 649
544 507
545 546
545 556
545 562
545 565
545 566
545 568
545 614
545 615
545 633
545 634
545 635
545 649
545 507
546 550
546 576
546 584
546 593
546 595
546 613
546 615
546 638
546 647
546 652
546 507
546 510
547 548
547 551
547 561
547 565
547 573
547 579
547 593
547 596
547 597
547 598
547 601
547 616
547 617
547 627
547 641
547 646
547 650
548 549
548 557
548 563
548 584
548 588
548 591
548 600
548 602
548 615
548 618
548 621
548 643
548 649
548 652
548 654
548 510
549 580
549 581
549 605
549 623
549 633
549 634
549 635
549 637
549 642
549 654
549 505
549 506
549 508
550 556
550 597
550 612
550 616
550 621
550 636
550 637
550 645
550 650
550 506
551 556
551 562
551 576
551 582
551 583
551 585
551 592
551 598
551 607
551 645
552 553
552 562
552 573
552 581
552 583
552 622
552 624
552 644
552 649
552 651
552 505
552 506
553 556
553 562
553 569
553 570
553 572
553 578
553 581
553 590
553 595
553 600
553 610
553 618
553 622
553 630
553 640
553 645
553 505
554 555
554 574
554 578
554 582
554 598
554 600
554 602
554 606
554 610
554 632
554 638
554 649
554 654
554 509
555 558
555 563
555 566
555 571
555 572
555 580
555 585
555 592
555 593
555 604
555 607
555 608
555 610
555 618
555 633
555 646
555 654
555 505
555 506
555 510
556 559
556 564
556 584
556 600
556 602
556 622
556 632
556 639
556 644
556 506
556 511
557 576
557 578
557 580
557 581
557 590
557 595
557 596
557 600
557 616
557 634
557 641
558 561
558 572
558 590
558 653
558 506
559 563
559 568
559 580
559 597
559 606
559 632
559 634
559 645
559 507
560 567
560 568
560 578
560 593
560 600
560 606
560 628
560 629
560 630
560 638
560 642
560 646
560 653
560 507
561 562
561 570
561 576
561 578
561 579
561 580
561 582
561 584
561 605
561 614
561 621
561 646
561 505
562 569
562 582
562 591
562 597
562 608
562 616
562 643
562 644
562 650
562 653
563 585
563 586
563 601
563 602
563 609
563 612
563 616
563 619
563 639
563 640
563 645
563 648
564 572
564 584
564 592
564 601
564 606
564 619
564 634
564 638
564 647
564 650
564 509
564 511
565 570
565 577
565 602
565 605
565 618
565 620
565 621
565 645
565 649
565 651
565 505
566 573
566 582
566 614
566 618
566 626
566 629
566 634
566 637
566 646
566 506
567 573
567 584
567 592
567 614
567 615
567 618
567 621
567 628
567 643
568 577
568 581
568 582
568 596
568 613
568 617
568 618
568 622
568 626
568 632
568 634
568 638
568 641
568 648
569 570
569 575
569 577
569 594
569 596
569 613
569 627
569 649
570 597
570 603
570 610
570 624
570 510
571 594
571 642
571 650
572 575
572 581
572 587
572 592
572 598
572 609
572 611
572 612
573 580
573 585
573 589
573 592
573 600
573 611
573 617
573 641
573 642
573 652
573 653
573 505
573 510
574 576
574 589
574 601
574 606
574 628
574 644
574 648
574 505
574 508
575 599
575 605
575 613
575 620
575 624
575 634
575 643
575 644
575 647
576 578
576 601
576 603
576 610
576 612
576 627
576 635
576 641
576 642
576 651
576 506
576 507
577 593
577 596
577 602
577 619
577 626
577 636
577 637
577 646
577 507
577 508
578 593
578 595
578 599
578 600
578 612
578 620
578 654
578 506
578 507
578 511
579 584
579 589
579 597
579 604
579 608
579 619
579 622
579 636
579 506
579 511
580 598
580 613
580 624
580 647
580 507
580 511
581 590
581 599
581 615
581 639
581 649
581 653
581 506
581 510
582 592
582 606
582 636
582 641
582 644
582 649
582 653
582 510
583 606
583 616
583 618
583 630
583 631
583 639
583 649
583 506
583 507
583 511
584 585
584 589
584 608
584 615
584 616
584 631
584 642
584 643
585 587
585 593
585 597
585 599
585 604
585 605
585 613
585 633
585 640
585 645
585 509
586 590
586 592
586 595
586 625
586 631
586 730
587 604
587 607
587 610
587 624
587 625
587 652
587 653
588 593
588 599
588 600
588 601
588 602
588 617
588 619
588 622
588 628
588 636
588 645
588 649
588 650
588 652
589 597
589 634
589 648
590 606
590 616
590 618
590 628
590 634
590 636
590 640
590 653
590 654
591 615
591 619
591 629
591 636
591 640
591 644
592 595
592 600
592 602
592 605
592 634
592 644
592 654
592 507
593 620
593 638
593 639
593 643
593 649
594 603
594 620
594 508
595 599
595 609
595 612
595 617
595 620
595 626
595 627
595 628
595 635
595 639
596 602
596 622
596 624
596 625
596 633
596 652
596 510
596 511
597 600
597 602
597 604
597 619
597 637
597 640
597 647
597 651
597 654
597 508
598 624
598 628
598 645
598 647
598 648
598 649
599 626
599 645
600 618
600 641
600 643
600 645
600 651
600 508
601 602
601 604
601 609
601 613
601 616
601 620
601 622
601 625
601 626
601 641
601 643
601 648
601 510
602 614
602 627
602 629
602 630
603 608
603 611
603 619
603 627
603 631
603 637
603 644
603 505
604 614
604 634
604 638
604 651
604 653
605 630
605 631
605 634
605 654
605 505
605 510
605 511
606 611
606 616
606 629
606 635
606 638
606 641
606 649
606 511
607 614
607 616
607 635
607 505
607 507
608 610
608 634
608 641
608 648
608 511
609 633
609 649
609 509
610 614
610 623
610 628
610 644
610 506
611 612
611 625
611 627
611 643
611 650
611 509
612 613
612 633
612 638
612 639
612 646
612 650
612 654
612 505
613 624
613 640
613 642
613 648
613 653
614 620
614 628
614 639
614 640
614 643
614 652
614 506
614 507
615 622
615 624
615 639
615 645
615 646
615 511
616 617
616 627
616 631
616 641
616 654
616 508
617 636
617 640
617 643
617 645
617 510
618 619
618 638
618 639
618 641
619 644
620 622
620 627
620 653
620 511
621 630
621 635
621 645
622 629
622 640
622 645
622 646
622 647
623 637
623 646
623 653
623 509
624 642
624 651
625 628
625 632
625 639
625 647
625 506
625 507
626 654
626 507
627 631
627 633
627 638
627 647
627 654
627 510
628 642
628 645
628 649
628 650
629 632
629 635
629 648
630 634
630 636
630 646
630 648
630 649
630 511
631 635
631 641
631 648
631 652
631 506
632 642
632 649
632 509
633 639
633 646
633 510
634 644
634 649
635 643
635 651
635 510
635 511
636 637
636 642
636 647
636 508
636 511
637 646
637 511
638 640
638 643
638 644
638 650
638 510
639 648
639 508
641 654
642 643
643 648
644 506
645 508
646 648
647 648
647 505
647 507
647 508
649 509
650 653
651 508
653 505
653 508
653 509
505 508
505 509
508 510
509 510
655 708
655 725
655 735
656 692
656 724
657 663
657 700
657 704
657 706
657 725
658 665
658 693
658 721
659 689
659 704
659 725
659 740
660 683
660 694
660 700
660 707
660 746
661 667
661 722
662 663
662 691
662 712
662 716
664 671
664 729
665 749
667 684
667 690
667 745
668 678
668 719
668 725
668 751
669 676
669 679
669 707
669 713
669 755
670 680
670 732
671 746
672 758
672 759
672 763
673 681
673 708
673 719
673 751
674 706
675 708
675 742
675 756
676 701
677 678
677 689
677 735
677 758
677 761
678 682
679 710
679 717
679 719
679 740
681 713
681 742
681 761
681 763
682 688
682 757
683 694
683 705
683 727
684 699
684 711
684 727
684 744
685 687
685 692
685 733
685 738
685 742
685 755
685 756
687 691
687 698
687 720
687 740
687 747
687 760
688 707
688 718
688 742
689 745
689 761
690 692
690 693
690 755
691 695
691 742
691 754
692 715
692 735
692 748
692 755
693 717
693 761
694 707
694 743
695 705
695 745
695 752
696 706
696 720
696 733
697 717
697 721
697 729
697 744
698 706
698 729
698 747
699 702
699 705
699 722
699 757
699 760
700 706
700 729
700 757
701 720
701 740
701 746
701 750
701 755
701 757
701 760
702 705
702 730
703 758
704 716
704 724
704 725
704 735
705 715
705 723
705 724
705 725
705 748
706 714
706 729
706 738
706 742
707 714
707 729
707 742
707 748
707 757
708 721
708 725
710 756
711 729
711 742
712 736
713 741
714 737
714 756
715 717
718 746
719 722
720 749
721 744
721 759
722 726
723 756
724 728
724 750
724 759
725 736
725 761
726 741
726 744
726 747
726 758
728 753
728 760
729 760
730 757
731 736
731 742
732 756
732 759
733 742
735 752
736 746
737 738
737 755
738 742
738 759
739 754
740 747
741 748
743 762
746 759
750 752
755 760
757 761
768 771
768 773
768 784
768 785
768 792
768 765
769 771
769 783
769 785
769 789
769 792
769 793
770 774
770 797
770 798
770 765
771 772
771 774
771 775
771 790
771 793
772 782
772 785
772 786
772 791
772 794
772 764
772 767
773 774
773 785
773 787
774 793
774 796
774 798
774 804
774 767
775 786
775 787
775 803
776 781
776 791
776 795
777 784
777 790
777 795
777 801
778 779
778 788
778 804
778 765
778 767
779 764
781 790
781 792
781 796
781 800
782 801
782 802
783 803
783 765
783 766
784 785
784 798
784 765
784 766
784 767
785 799
786 797
787 792
788 790
788 796
788 801
788 765
789 794
789 795
789 800
791 792
791 793
791 796
791 804
791 766
792 796
792 804
792 767
793 803
793 764
794 796
795 765
796 798
797 802
798 800
798 802
798 767
800 766
802 765
802 767
765 767