0 41
0 187
0 403
0 994
0 1550
0 1974
1 97
1 531
1 1109
2 1603
3 232
3 492
3 646
3 700
3 1896
4 1886
5 223
5 2023
6 1113
7 120
7 800
7 2041
8 173
8 189
8 490
8 977
9 544
9 825
9 1505
10 112
10 187
10 1204
10 1237
10 1519
10 1583
11 284
11 1094
12 200
12 550
12 600
13 1872
14 1238
14 1735
14 1903
14 1929
15 358
15 759
16 468
17 409
18 382
18 997
18 1120
18 1216
18 1395
19 1111
19 1804
20 420
20 1336
20 1448
21 922
23 498
23 1232
24 765
24 1057
24 1748
24 1905
25 241
25 1777
25 1885
26 280
26 1301
26 1504
26 1513
26 1928
27 197
27 1022
27 1140
27 1207
27 1544
28 54
28 250
28 280
28 579
28 1354
29 561
29 759
29 1041
29 1481
30 324
30 1285
30 1791
30 1911
30 2064
31 232
31 414
31 1014
31 1145
31 1917
32 621
32 813
32 1566
32 1586
33 400
33 1338
34 722
34 814
35 917
35 1814
36 230
36 523
36 933
36 1042
36 1312
36 1551
37 1151
38 1899
39 591
39 1369
39 1601
40 406
41 528
41 1455
41 1687
42 250
43 628
43 1244
44 145
44 350
44 535
44 556
44 879
44 1692
44 1821
45 908
46 656
46 805
47 759
47 1272
48 207
48 347
48 387
49 55
49 877
49 1129
49 1857
49 2009
50 315
50 1270
50 1357
51 1869
51 2073
52 864
52 926
53 1515
54 1117
55 194
55 251
55 488
55 973
55 1291
55 1411
55 1824
56 443
56 606
56 723
56 1768
56 1939
57 838
57 1255
57 1375
57 1482
58 162
58 1523
59 1415
59 1631
60 211
60 336
60 464
60 580
60 1368
60 1538
61 390
61 1735
62 228
63 172
63 182
63 403
63 1225
63 2078
64 104
64 236
64 555
64 1168
65 429
65 1253
65 1289
65 1291
65 1671
65 1749
66 1589
67 388
67 668
67 1980
68 163
69 1761
70 557
70 1212
70 1674
70 1958
71 242
71 889
72 1772
73 1727
74 117
74 323
74 459
74 789
74 1297
75 177
75 709
75 1980
76 884
76 1259
76 1424
76 1839
76 1843
76 1943
77 148
77 1089
77 1962
77 2001
78 226
78 1603
78 2075
79 1082
79 1602
79 1871
80 720
82 525
82 929
82 1878
83 347
83 1275
83 1916
84 637
84 1907
85 1104
85 1377
85 1453
85 2020
86 699
86 825
86 1085
88 364
88 446
88 1150
88 1276
89 657
89 730
89 845
89 1449
90 1123
90 1188
90 1492
90 1896
91 538
91 841
91 1130
91 1256
91 1305
91 2071
92 108
93 101
93 105
94 157
94 1024
94 1615
95 694
95 1832
96 675
96 1319
97 603
97 737
97 897
97 1305
98 203
98 989
98 1888
99 723
99 1246
100 211
100 287
100 367
100 994
100 2070
101 490
101 1947
102 132
102 168
102 518
102 978
102 1917
103 1607
103 1840
104 142
104 943
105 1152
105 1583
105 1678
106 628
106 648
106 701
107 711
107 955
108 201
108 1562
109 700
110 932
110 1121
111 555
111 692
111 1078
112 184
112 648
112 995
112 1184
112 1637
112 1772
112 1967
113 147
113 1343
113 1536
114 352
114 570
114 1485
114 1889
115 491
115 746
115 1157
115 1432
115 1517
115 1894
115 1948
115 1975
116 1181
116 1569
116 1727
117 1682
118 869
119 266
119 1034
119 1174
119 1446
119 1493
119 1668
120 872
120 986
120 1603
121 738
121 1011
121 1030
121 1034
121 1056
121 1121
122 568
122 577
122 608
122 1538
123 399
123 418
123 531
123 656
123 1932
124 781
124 1784
124 1849
124 2032
125 918
125 1080
125 1584
126 1810
127 404
127 737
127 1373
127 1520
128 804
128 1210
128 1215
129 453
130 277
130 316
130 1291
130 1378
130 1651
130 2014
131 279
131 575
131 979
131 1066
131 1502
131 1540
132 165
132 748
132 1526
132 1533
132 1892
133 1093
133 1609
133 1767
134 1421
134 1852
134 2066
135 1009
135 1056
136 328
136 978
136 1240
136 1703
137 303
137 1110
137 1205
137 1322
137 1387
137 1564
137 1783
138 1089
138 1149
138 1524
138 1696
139 812
139 840
139 1113
139 1745
139 1927
140 431
140 636
140 712
140 1101
140 1263
140 1506
140 1748
140 1917
141 512
141 664
141 1434
143 609
143 1809
144 170
144 451
144 525
144 1686
146 295
146 1212
146 1408
146 1925
147 519
147 1069
147 1997
148 885
148 1804
149 1625
150 499
150 1036
150 1239
150 1553
151 997
151 1173
151 1852
152 359
152 778
152 1382
152 1404
152 1953
152 1987
152 1995
153 511
153 843
153 1488
154 677
154 1711
155 967
155 1131
155 1143
155 1995
156 263
156 306
156 1126
156 1224
156 1899
157 352
157 416
157 439
157 763
157 1246
158 415
159 331
159 716
159 1491
160 183
160 459
160 1645
161 474
161 684
161 816
161 1526
162 473
162 1128
162 1219
162 1424
163 723
163 2022
163 2034
164 426
164 1481
165 776
165 1388
166 925
166 1443
166 1898
167 1135
168 334
168 650
168 737
168 795
169 916
169 1037
169 1289
169 1294
169 2039
170 843
170 1173
170 1648
170 1655
170 1697
171 1726
172 674
172 874
173 770
175 1409
175 1523
175 1595
175 1646
176 561
176 935
176 1735
178 588
178 1478
178 1956
179 1167
180 628
180 707
181 389
181 408
181 528
182 881
182 1483
183 198
183 378
184 1203
184 2078
185 294
185 662
185 722
185 1475
185 1730
185 1850
185 1899
186 866
186 1267
186 1900
187 199
187 433
187 639
187 719
187 848
187 966
187 1020
187 1585
188 296
188 801
188 1824
189 325
189 914
189 1077
189 1146
190 341
190 735
190 759
191 964
191 1095
191 1470
191 1718
192 1257
192 1633
193 218
193 1052
193 1717
194 1486
194 1792
195 832
195 1055
196 777
196 859
196 909
196 965
196 1259
197 440
197 750
197 816
197 1555
197 1978
198 679
198 867
198 1104
198 1199
198 1223
199 814
199 1499
199 1558
200 392
200 514
200 976
200 1101
200 1195
200 1925
200 2011
201 1188
202 1064
202 1183
203 221
203 344
203 997
203 1372
204 626
204 1648
204 1962
205 937
205 1717
205 1799
205 1842
206 278
206 467
206 554
207 1071
207 1082
208 1749
209 342
209 1099
209 1260
209 1297
210 1530
210 1651
211 1089
211 1117
212 809
212 1232
213 306
213 756
213 1135
213 1259
213 1479
214 362
214 1222
215 578
215 1089
215 1656
215 1738
216 491
217 258
218 1424
219 244
219 631
219 1178
219 1378
219 1785
220 406
220 748
220 1197
220 1670
221 1084
222 249
222 695
222 813
222 866
222 2048
223 1290
224 1015
224 1057
224 1101
224 1411
225 710
225 746
225 973
225 1135
226 576
226 882
226 1074
226 1374
227 637
227 1187
227 1962
228 958
228 1091
228 1783
229 678
229 1494
230 650
231 670
231 1144
231 1330
232 931
232 1027
232 1163
232 1648
233 1237
233 1866
234 1270
234 1775
235 1108
235 1428
235 1478
235 1610
236 1773
237 477
237 1059
238 704
238 1241
238 1347
238 1407
238 1683
239 462
239 932
239 1236
239 2038
240 313
240 776
240 1820
241 389
241 1003
241 1200
241 1301
241 1922
243 1864
244 1012
244 1730
245 804
245 882
245 1511
245 2000
246 359
246 1178
246 1364
246 1637
246 1793
247 869
247 1058
247 1153
248 1796
249 276
249 544
249 851
249 1387
249 1762
249 1957
250 1232
250 1327
250 1476
251 363
251 368
251 980
252 1617
253 1567
254 519
254 1034
255 981
257 717
257 1495
257 1703
257 1942
258 352
258 1509
258 1739
258 2026
259 563
259 1336
259 1373
259 1554
260 835
260 1762
261 409
261 412
261 1258
261 1728
262 271
262 431
262 553
262 587
262 630
262 1164
262 1570
263 333
263 1020
263 1151
263 1228
263 1525
264 483
264 1042
264 1204
265 711
265 1395
266 308
266 1379
266 1462
267 963
267 1581
268 605
268 1555
269 1467
270 537
270 888
270 1370
270 1883
271 1704
271 1984
272 620
272 1289
273 1609
274 463
274 532
274 1798
275 1426
275 1901
276 480
276 491
276 550
276 1171
276 2038
277 330
277 370
277 857
277 1851
278 324
278 387
278 1636
278 1714
279 754
280 339
280 439
280 1432
281 1190
281 1847
282 1031
283 1270
284 1048
284 1356
284 1369
284 1730
284 1816
284 1890
284 2073
285 1393
285 1419
285 1959
286 1643
286 1804
287 375
287 865
287 1562
288 811
288 1422
289 864
289 1270
290 325
290 552
290 946
290 1744
290 1858
291 756
291 956
291 1415
292 398
292 759
293 347
293 622
293 701
293 1523
294 468
295 577
295 807
295 1903
296 388
296 458
296 630
296 1138
296 1172
296 1997
298 676
298 963
299 1025
299 1088
299 1724
299 1810
299 1845
300 407
300 472
300 1228
300 1840
301 519
302 1604
302 1637
302 1792
304 711
304 1671
304 1795
304 1969
305 468
305 611
305 727
305 1624
306 691
306 939
306 1853
307 334
307 1675
308 562
308 1818
308 2017
309 821
309 1424
309 1655
310 404
311 1573
311 1808
312 409
313 821
313 833
313 917
314 497
314 1051
314 1707
314 1999
315 447
315 601
315 723
315 1040
315 1497
315 1632
316 545
316 1119
316 1635
316 1849
317 1401
317 1437
317 1682
317 2029
318 1310
320 793
321 781
321 978
322 585
322 773
322 1712
323 526
323 795
324 771
324 904
324 1888
325 813
325 1724
326 1639
326 1749
328 586
328 1001
328 1749
329 1484
330 687
330 845
330 1074
330 1646
331 382
331 792
331 1058
332 763
332 1876
333 1188
334 406
334 1137
335 1131
335 1415
336 1376
336 1852
337 516
337 1680
338 419
338 434
338 1058
338 1083
338 1978
339 386
339 1335
339 1708
340 1519
341 804
341 1024
342 675
342 1229
342 1779
343 1088
343 1402
343 1610
344 1752
345 470
345 1374
346 370
346 821
347 624
349 1812
349 1852
350 630
350 1134
351 1953
352 679
352 1094
352 1499
353 812
353 1149
353 2032
354 683
355 400
355 1954
356 392
356 1435
356 1897
357 503
357 696
358 771
359 1208
359 1397
359 1466
359 1591
361 595
362 564
363 1638
363 1642
364 989
364 1781
365 588
365 650
365 1511
366 403
366 516
366 559
368 730
368 824
368 1164
368 1524
369 1109
369 1513
369 1606
369 1904
370 1466
370 1804
371 760
371 1565
371 1671
374 1479
375 845
376 1748
377 380
377 673
377 1982
377 2067
378 760
378 1224
378 1634
378 1708
380 445
380 704
380 710
380 1563
380 2001
381 727
381 811
381 843
381 990
382 829
382 870
382 1942
383 1731
384 1245
385 506
385 657
385 890
385 913
385 989
385 1437
385 1471
386 453
386 471
386 998
386 1889
386 1974
387 821
387 848
387 1031
387 1092
387 1496
388 615
388 676
388 932
388 1343
389 500
389 1343
389 1347
389 1973
390 393
390 533
390 1061
390 1883
390 1983
391 545
391 573
391 756
391 993
391 1064
391 1971
392 458
392 1810
394 1505
394 1600
394 1963
394 2026
395 849
395 1571
396 775
396 1463
396 1740
397 1244
397 1338
398 476
398 1634
399 720
399 1915
400 718
400 845
400 1021
400 1119
400 1772
401 866
401 1396
402 949
402 1518
402 1566
402 1647
402 1891
403 684
403 844
403 1206
404 500
405 1204
405 1562
405 1752
405 2047
406 2039
407 1160
407 1282
407 1895
407 1992
408 769
408 1068
408 1412
408 1564
408 1601
408 1643
408 1664
408 1681
409 917
409 998
410 1336
410 2040
411 423
411 1032
411 1084
412 870
412 1336
412 1849
413 528
413 1275
413 1988
414 1180
414 1557
414 1637
415 1230
415 1645
416 1367
417 781
417 1820
418 730
418 739
418 961
418 1409
418 1731
418 1900
418 2060
419 607
419 1638
420 687
420 1073
420 1774
420 2042
421 663
421 688
421 783
421 867
421 1994
422 1309
423 1206
424 1690
424 1873
425 901
425 1237
425 1544
425 1615
425 1942
426 1219
428 1128
429 1054
429 1675
429 1859
430 1790
431 442
431 1928
432 1124
432 1642
433 455
433 1357
434 1971
435 649
435 650
435 741
435 1827
435 1996
436 1041
436 1193
436 1504
437 834
437 849
438 1522
439 1335
440 462
440 467
440 1382
441 1251
441 1551
441 1769
442 967
442 1222
442 1564
443 1552
443 1684
443 1702
444 602
444 760
444 1860
444 2033
446 776
447 1450
447 1740
448 514
448 730
448 1047
450 1168
451 761
451 898
451 1201
451 1315
451 1844
451 2027
453 1015
453 1173
453 1965
454 2003
455 1020
455 1659
455 1826
455 1911
455 2044
456 1335
456 1340
456 1636
457 764
457 1065
457 1787
458 676
458 1110
458 1235
458 1325
459 626
459 1215
459 1595
459 1604
459 2065
460 740
460 1967
460 2030
461 624
461 1305
461 1474
461 1844
462 844
462 1268
462 1426
462 1583
463 961
463 1558
463 1740
463 1990
464 578
464 1792
465 1184
465 1228
465 1549
465 1805
465 1825
466 487
466 637
466 875
466 1197
467 923
467 1105
467 1396
467 1407
468 1943
469 1428
470 632
471 1427
472 487
472 849
472 1067
472 1848
473 980
473 999
473 1774
474 543
474 581
475 1862
476 1552
476 2070
478 1712
479 988
479 1719
479 1743
479 1830
480 921
480 1649
480 1739
480 1931
481 681
482 694
483 1747
484 595
485 1712
485 1970
486 514
486 1347
486 1582
486 1683
488 1183
488 1660
488 2038
489 641
489 1685
490 558
490 880
490 959
490 1448
490 1498
491 1035
491 1326
491 1717
492 1555
494 1560
496 896
496 998
496 1024
496 1733
497 622
497 1504
498 946
498 1973
499 1036
499 1783
499 1988
500 1609
500 1712
502 697
502 1963
503 1105
504 958
505 568
505 784
505 797
505 917
505 1284
505 1791
506 706
506 1116
506 1235
507 667
507 677
508 1226
509 545
509 1003
509 1965
510 767
510 1002
510 1912
510 1938
511 737
511 1120
511 1240
512 693
512 1067
513 1128
515 1034
515 1443
515 1777
516 1039
516 1184
516 1802
516 1834
517 1124
517 1746
517 1789
518 695
518 1417
519 735
519 1050
519 1737
519 1753
519 1947
520 1005
520 1008
520 1162
520 1272
520 1472
521 827
521 1924
522 523
522 636
522 1042
522 1131
522 1591
523 1032
523 1191
523 1363
523 1636
524 529
524 571
524 751
524 1226
524 1560
526 990
526 1328
527 1621
528 1591
528 1619
528 1673
528 1911
528 1950
529 690
529 1004
529 1352
529 1562
530 642
530 1349
531 1594
531 1627
531 1981
532 1284
532 1518
532 1996
532 2041
533 1148
534 671
534 733
534 1377
535 1280
535 1465
535 1613
536 875
536 1819
537 619
537 1012
537 1049
537 1097
537 1668
538 902
538 1977
539 931
539 1127
539 1194
539 1240
539 1739
540 673
540 981
540 1263
540 1482
540 2054
541 727
541 1911
542 1386
542 1450
542 1550
543 1578
544 1505
545 1537
545 1959
546 566
546 1486
546 1695
547 571
547 872
547 1030
547 1322
547 1323
547 1509
548 1046
548 1424
548 1887
549 895
549 1726
549 1847
550 798
551 1641
552 600
552 1254
552 1434
553 1247
553 1374
553 1572
554 583
554 919
555 1732
555 2015
556 806
557 1852
558 1036
558 1774
559 995
559 1338
560 959
560 973
560 1345
560 1396
561 1090
562 1077
563 1656
563 1788
564 759
564 978
565 1406
565 1968
565 1975
566 1887
567 935
567 992
568 830
568 1431
569 830
570 685
571 1241
571 1514
572 1117
572 1129
572 1533
573 1094
573 1576
573 1714
573 2065
574 955
574 1506
575 1615
576 926
576 1560
576 1603
577 844
577 1107
577 1296
578 1091
578 1223
579 1008
579 1934
580 679
580 803
580 1226
580 1702
580 1771
580 1864
580 1875
581 1305
581 1411
583 1658
584 747
584 1093
584 1231
584 1867
584 2012
584 2029
585 1245
585 1460
586 604
586 746
587 1440
587 1618
589 1702
589 1778
590 655
590 1931
591 769
591 1005
591 1308
591 1781
591 1954
592 1594
592 1983
594 787
594 1302
594 1704
594 1875
594 1920
595 1712
596 1161
596 1405
597 662
597 811
597 1873
598 917
598 1155
598 1383
599 1624
600 1066
600 1246
600 1887
601 1162
601 1330
601 1399
601 1633
601 1990
602 1192
602 1636
602 1877
602 2052
603 703
603 1318
603 1381
603 1523
603 1827
604 938
604 1438
604 2019
604 2065
605 758
606 677
606 679
606 1857
607 1141
607 1157
607 1159
607 1403
607 1558
607 1773
608 723
608 935
609 616
609 983
609 1177
609 1403
609 1572
610 714
610 1138
610 1259
610 1396
610 1912
610 1933
611 631
611 855
611 1299
611 1654
614 754
614 954
614 1703
616 1198
616 1214
616 1899
618 1701
620 1083
621 819
622 1238
622 1473
623 1138
624 1089
624 2015
625 806
625 1058
625 1306
625 1322
625 1431
626 1750
627 1273
627 1455
627 1708
628 883
629 883
629 929
629 1224
630 1364
631 882
631 1053
631 1342
631 1734
632 889
632 890
632 1150
632 1958
633 1137
634 1499
634 2076
635 1046
638 675
638 706
638 1970
639 707
641 646
641 1056
641 1441
641 1581
642 871
642 1506
642 1917
643 1670
643 1941
643 2059
644 1212
645 1857
645 2040
646 1084
646 1154
646 1197
646 1210
647 751
647 902
647 926
647 1100
647 1965
647 2008
648 802
649 2006
650 1286
650 1322
650 1510
650 1996
651 2003
652 902
652 1431
652 2025
655 768
655 1021
655 1472
655 1906
656 1755
657 1063
657 1791
658 820
658 2002
659 1063
659 1099
659 1231
659 1510
659 1653
659 1718
660 2030
661 673
661 734
662 1057
662 1621
663 1189
663 1226
663 1246
663 1425
663 1630
663 1784
664 879
664 1089
664 1452
664 1756
664 1928
665 1299
665 1758
666 739
667 1444
667 1688
668 1814
669 828
669 1253
669 1758
669 1793
669 1804
671 1191
672 1170
672 1349
672 1600
673 1704
673 1935
674 833
674 848
675 928
675 1218
675 1320
675 1364
675 1460
675 1601
675 1679
675 1916
676 739
676 1307
677 1386
677 1740
677 1943
678 1199
678 1980
679 1449
680 765
681 816
681 1042
683 1291
683 1298
683 1319
683 2041
685 1520
686 1512
686 1866
686 2031
687 940
687 1263
687 1733
687 2012
688 1143
688 1562
689 1992
690 1008
690 1685
690 2059
691 1444
691 1948
693 1408
693 1574
693 1680
693 1847
694 943
694 1885
694 1935
695 955
695 960
695 1922
696 719
696 788
696 1221
697 1074
697 1328
697 1671
698 744
698 1511
698 1683
699 750
699 1571
699 1750
700 1809
701 1127
702 905
702 1162
702 1423
702 1779
703 881
704 1869
705 1724
706 1555
706 1871
707 1972
708 797
708 896
708 1953
709 778
709 1157
709 1598
710 1188
710 1723
711 1071
711 1353
711 2039
712 947
712 1542
712 1599
713 2069
714 1069
714 1119
716 967
717 1077
717 1855
717 2027
718 1019
718 1098
719 1326
721 1208
721 1579
722 1074
723 1070
723 1210
723 1609
723 1817
725 807
725 1048
725 1105
725 1354
725 1413
725 1435
725 1493
725 1831
726 823
726 1366
727 1301
727 1727
728 1302
728 1722
729 974
729 1403
729 1505
729 1847
729 2002
731 1485
731 1615
731 1705
732 973
732 1341
732 2029
733 1022
734 1022
735 866
735 1049
735 1175
735 1486
735 1964
735 1999
736 1441
736 1938
737 975
737 1201
737 1298
737 1507
738 1176
740 782
741 1025
742 747
742 862
742 901
742 2007
743 991
743 1058
743 1059
743 1882
744 1616
745 1605
745 1620
746 1681
746 1893
746 2038
747 1273
747 1571
747 1994
748 1697
748 1792
748 1950
749 1738
750 1940
751 1202
753 1004
753 1822
753 1903
754 1117
754 1247
754 1350
755 1436
756 791
756 1742
757 1278
757 1687
757 1727
757 1911
758 999
758 1180
758 1683
759 1034
759 1869
760 882
761 1269
762 2061
763 1272
763 1667
764 1716
765 945
765 1448
765 1748
765 1861
766 934
766 1111
766 1378
767 1135
767 1332
769 887
770 1204
770 1317
770 1884
771 1827
772 940
773 943
773 1229
773 1810
774 787
775 830
776 1459
776 1541
776 1995
777 993
777 1641
777 1748
778 1290
778 1777
778 2009
779 986
780 1344
780 1473
780 1650
780 1661
782 1211
782 1509
783 1048
783 1698
783 1858
783 1882
783 2006
784 1286
785 919
785 1205
785 1622
785 1889
786 876
786 1324
787 1419
787 1717
788 1450
788 1562
788 2054
789 1128
790 875
790 1036
791 1188
791 1287
792 1379
793 1776
793 1931
794 1674
794 1994
795 1208
795 1572
796 871
796 1776
797 1462
798 1594
798 1674
799 987
800 875
800 902
800 1161
801 932
801 1404
801 1887
801 2066
802 1441
803 1084
803 1356
803 1441
804 1244
804 1269
804 1348
804 1719
804 1746
804 1829
805 1625
806 1685
807 894
807 1032
810 1697
811 894
811 1111
812 831
813 1233
814 1233
814 1843
814 2028
816 968
816 1422
817 1461
817 1473
818 1444
818 1984
819 1162
819 1782
820 878
820 1643
820 1735
821 995
821 1626
821 1828
822 823
822 1542
822 2010
823 1834
824 1847
824 2072
825 920
825 1024
825 1403
825 1421
825 1942
826 1404
827 968
827 2015
828 925
828 1014
828 1019
828 1690
828 2018
829 1009
829 1407
830 1157
830 1347
830 1987
831 988
831 1655
831 1880
832 1050
832 1493
832 1534
832 1721
833 1210
834 880
834 1406
834 1553
834 1766
835 1259
835 1661
835 1893
836 1207
836 1910
837 1358
837 1459
837 1934
838 938
838 1520
839 1135
840 851
841 1473
842 1123
842 1255
842 1875
842 1964
843 850
843 860
843 986
843 1334
844 1899
845 914
845 1426
846 1481
846 1490
846 1946
847 1543
847 1550
847 1870
847 1999
848 1389
848 1928
848 1987
849 936
851 1326
851 1503
852 1061
852 1063
853 1224
853 1699
853 2049
854 2015
855 1199
855 1941
857 1271
857 1342
857 1927
858 927
858 1401
858 1962
859 1217
859 1266
859 1670
860 1322
861 1360
861 2008
862 1978
863 1129
863 1807
864 1080
864 1241
865 1396
865 1874
866 1106
866 1515
867 991
867 1257
867 1500
868 1946
870 1185
870 1476
870 2003
870 2024
871 1269
873 1051
875 1450
875 1975
876 1555
877 1046
877 1824
877 1974
878 1426
878 2061
879 1769
880 1508
881 2037
882 1130
883 1040
883 1200
884 1047
886 905
886 1408
886 1702
886 1959
886 2066
887 1216
887 1613
888 1436
888 1977
888 2033
889 1511
890 1548
890 1591
890 1949
891 1109
891 1265
891 1349
891 1372
891 1950
893 923
893 1942
894 1267
894 1314
894 1537
894 1764
894 2029
895 2061
897 1794
897 1799
898 1080
898 1512
899 950
899 1551
900 938
900 1810
901 908
901 1445
901 2036
902 1019
902 1631
903 1613
904 1070
904 1777
905 996
905 1782
906 1189
907 1283
908 1118
910 1686
910 1810
910 1874
912 1024
912 1098
912 1176
912 1350
912 1727
912 1842
913 1672
914 975
914 1988
914 2073
915 2004
915 2048
916 1096
916 1936
917 1339
918 1800
918 1872
919 1205
919 1640
920 1029
921 1434
921 1749
922 1555
922 1788
922 2071
923 1614
923 1761
924 1253
924 1982
925 1090
926 1669
927 1060
927 1798
927 1925
928 982
928 1634
929 1680
930 1345
931 1272
932 936
932 1359
932 1362
933 966
933 1411
933 1446
933 1664
933 2051
934 1879
934 1985
935 1762
936 1296
937 997
937 1919
938 1329
938 1742
938 2064
939 1048
940 1109
940 1157
941 1519
941 1559
941 1856
943 1266
943 1475
943 1627
944 1939
945 1558
945 1769
946 1278
946 1370
947 1839
949 1181
950 2075
952 1158
952 1804
952 1854
953 1690
955 1202
956 1498
957 1518
957 1722
957 1922
959 1062
959 1814
960 1030
960 1740
960 1874
962 966
962 1009
962 1121
963 1384
963 1929
963 2053
965 1055
965 1486
965 1533
966 1451
967 1694
967 1857
968 1119
968 1408
969 995
969 1182
969 1299
970 1137
970 1677
970 1811
971 1452
971 1459
971 1965
972 1192
972 1866
972 1904
972 1963
973 1752
974 1262
974 1495
974 1556
974 1587
975 1293
975 1479
975 1792
976 1299
976 1300
976 1546
977 1263
977 1341
977 1727
978 1525
979 1065
979 1181
980 1150
980 1753
981 1035
981 1286
982 1523
982 1785
983 1217
983 2062
984 1050
984 1170
985 1119
985 1774
985 1802
986 1109
986 1128
986 1340
987 1230
987 1549
987 1774
987 2030
988 1370
988 1600
988 1640
990 1146
990 1171
991 1060
995 1190
995 1552
995 1644
995 2020
996 1477
997 1082
998 1598
999 1542
999 1903
1000 1541
1000 2044
1001 1767
1002 1257
1002 1387
1002 1569
1002 1768
1002 1910
1003 1016
1003 1311
1003 1736
1004 1306
1005 1912
1006 1042
1006 1307
1006 1430
1006 1473
1007 1100
1007 1350
1009 1258
1010 1305
1011 1117
1011 1127
1013 1316
1014 1767
1015 1711
1015 2034
1017 1063
1018 1162
1018 1481
1019 1420
1019 1576
1021 1792
1022 1452
1022 1934
1023 1363
1023 1481
1023 1539
1023 1579
1024 1754
1024 2074
1025 1777
1025 1918
1025 1919
1025 2020
1026 1689
1026 1958
1027 1373
1027 1792
1028 1481
1028 2056
1028 2058
1029 1252
1029 1272
1030 1359
1031 1145
1031 2054
1032 1200
1032 1525
1032 1963
1033 1536
1035 1847
1037 1289
1038 1109
1038 1385
1038 1560
1038 1922
1039 1074
1039 1478
1040 1446
1041 1380
1042 1147
1042 1479
1042 1737
1043 1236
1043 1455
1043 1942
1043 1950
1044 1097
1044 1459
1044 1638
1048 1061
1048 1160
1049 1274
1049 1886
1050 1225
1050 1298
1050 1360
1051 1092
1051 1652
1053 1404
1053 1843
1054 1511
1055 1380
1055 1795
1056 1090
1056 1142
1056 1431
1056 2036
1056 2061
1057 1982
1058 1532
1059 1497
1060 1782
1060 2053
1062 1261
1063 1361
1063 1608
1063 1621
1064 1229
1065 1329
1065 1987
1066 1329
1067 1439
1067 1762
1068 1706
1070 1135
1071 1353
1071 1380
1071 1392
1071 1937
1074 1947
1075 1200
1075 1518
1075 1952
1076 1591
1077 1147
1077 1242
1077 1515
1077 1871
1079 1544
1079 1791
1080 1105
1081 1386
1082 1703
1082 2041
1083 1392
1083 1467
1083 1741
1084 1310
1084 1511
1084 1980
1085 1400
1085 1932
1086 1153
1087 1164
1087 2038
1088 1829
1089 1178
1089 1503
1090 1171
1090 1717
1092 1358
1092 1753
1092 1978
1092 2008
1094 1246
1094 1779
1095 1295
1096 1318
1096 1327
1096 1859
1096 1979
1097 1494
1097 1541
1097 1592
1097 1734
1098 1793
1099 1937
1100 1388
1101 1485
1101 1950
1102 1247
1102 1677
1103 1519
1103 1570
1103 1571
1103 1835
1103 2024
1104 1495
1105 1611
1105 1762
1106 1532
1106 1703
1106 1774
1107 1970
1108 1162
1108 1459
1108 1574
1108 2053
1109 1488
1109 1723
1109 1812
1109 1922
1111 1149
1111 1323
1112 1272
1112 1591
1113 1599
1115 1187
1115 1772
1115 1777
1115 2010
1116 1304
1116 1455
1117 1505
1119 1635
1119 1652
1121 1193
1121 1548
1122 2066
1123 1725
1123 1859
1123 1948
1124 1395
1124 1558
1125 1131
1125 2007
1125 2016
1127 1315
1127 2009
1128 1744
1128 1843
1130 1542
1130 1558
1130 1983
1132 1433
1132 1543
1133 1180
1133 1483
1134 1315
1134 1661
1134 1717
1134 1997
1134 2016
1135 1769
1136 1760
1139 1266
1139 1530
1139 1540
1139 1962
1140 1581
1141 1690
1141 1778
1141 1851
1143 1331
1143 1620
1143 1771
1144 1695
1144 1876
1144 2078
1145 1503
1145 1909
1146 1162
1146 1418
1148 1718
1148 2069
1149 1627
1150 1300
1151 1177
1152 1803
1153 1767
1155 1437
1155 1706
1156 1230
1156 1269
1156 1984
1157 1461
1157 1546
1158 1713
1158 1822
1159 1972
1160 1930
1161 1361
1161 1363
1161 1558
1162 1444
1162 1521
1162 1619
1163 1212
1163 1783
1164 1268
1164 1670
1165 1853
1166 1834
1167 1411
1167 1604
1167 1921
1167 1925
1168 1181
1168 1378
1168 1525
1168 1694
1169 1971
1170 1379
1171 1872
1172 1587
1172 1978
1173 1429
1174 1322
1175 1311
1175 1347
1175 1593
1177 1493
1177 1912
1178 1793
1179 1225
1179 1526
1180 1801
1181 1925
1182 1205
1182 1234
1183 1512
1186 1273
1186 1299
1188 1200
1188 1533
1188 1604
1188 1670
1188 1805
1189 1328
1189 1634
1189 1701
1190 1941
1190 2016
1190 2018
1191 1650
1191 1881
1192 1698
1194 1911
1195 1774
1196 1262
1196 1400
1196 1966
1197 1545
1198 1328
1198 1710
1198 1720
1198 1812
1200 1977
1201 1459
1202 1288
1202 2070
1203 1914
1204 1361
1204 1740
1205 1466
1205 1533
1207 1795
1208 1998
1210 1282
1212 2021
1213 2058
1214 1728
1214 2035
1215 1223
1217 1422
1217 1721
1218 1501
1218 1678
1219 1411
1219 2032
1220 1496
1220 1872
1223 1233
1223 1653
1224 1237
1227 1791
1229 1409
1231 1368
1231 1447
1231 1557
1231 1681
1232 1595
1232 1619
1232 1885
1233 1582
1233 1786
1233 1914
1235 1701
1235 1892
1237 1353
1237 1581
1237 1670
1238 1756
1239 1589
1241 1245
1241 1829
1242 1746
1242 1767
1243 1630
1243 1769
1245 1277
1245 1553
1245 1788
1246 1327
1246 2067
1247 1724
1247 1881
1248 1798
1252 1478
1252 1747
1252 1943
1255 1696
1256 1773
1259 1616
1259 1816
1260 1844
1261 1607
1261 1768
1261 1883
1263 1618
1263 2030
1263 2033
1264 1318
1266 1884
1267 1398
1267 1407
1267 1949
1270 1330
1270 1995
1272 1302
1273 1734
1273 1959
1274 1892
1275 1362
1275 1719
1275 1965
1277 1569
1277 1628
1277 1936
1278 2064
1279 1289
1279 1388
1279 1976
1280 1390
1280 1545
1281 1437
1282 1531
1282 1791
1283 1720
1283 1738
1284 1728
1284 1920
1285 1481
1285 1764
1286 1541
1287 1809
1288 1974
1289 1496
1289 1668
1290 1922
1290 1965
1292 1690
1292 1900
1292 2020
1293 1692
1293 1760
1294 1422
1294 1630
1294 1632
1294 1812
1294 1942
1295 1847
1296 1841
1297 1489
1298 2055
1300 1455
1300 1866
1301 1768
1302 1698
1302 1986
1305 1333
1306 1311
1306 1958
1307 1628
1307 1935
1308 1520
1310 1458
1310 1960
1313 1533
1313 1562
1314 1773
1315 1719
1315 1868
1317 1646
1318 1662
1318 1914
1319 1955
1320 1563
1320 1600
1320 1966
1321 1961
1321 2001
1321 2016
1321 2060
1324 1981
1325 1911
1326 1353
1326 1726
1328 1649
1329 1565
1330 1563
1330 1662
1331 1335
1331 1422
1332 1459
1332 1553
1332 1930
1333 1502
1333 1598
1333 1853
1335 1382
1335 1407
1336 2075
1337 1877
1338 1443
1338 1667
1338 1779
1339 2076
1340 2028
1341 1343
1341 1767
1341 1868
1342 1949
1344 1883
1345 1609
1345 1718
1345 1955
1346 1405
1346 1437
1347 1783
1347 1785
1347 1884
1348 1634
1348 2043
1349 1623
1349 1740
1349 1793
1349 1869
1350 1793
1351 1764
1351 2064
1352 1573
1353 1397
1353 1847
1353 2039
1354 1595
1355 1699
1355 1906
1356 1650
1356 1890
1357 1362
1358 2039
1360 1917
1360 2029
1361 1550
1361 1970
1362 1825
1363 1968
1363 1984
1363 1999
1364 1648
1364 1831
1364 2054
1366 1698
1366 1924
1366 1945
1367 1961
1370 1991
1371 1726
1371 2063
1372 1532
1373 1852
1375 1651
1377 1631
1378 1839
1379 1548
1379 1657
1379 1779
1380 1759
1382 1642
1382 1999
1383 1635
1383 1768
1384 1418
1384 1423
1384 1645
1386 1617
1386 1737
1386 1953
1389 1784
1390 1628
1390 1947
1393 1452
1394 1878
1395 1609
1395 1979
1397 1929
1399 1888
1399 1991
1399 2005
1400 1425
1401 1596
1401 1642
1405 1636
1407 1794
1408 1640
1408 1674
1408 1865
1409 1593
1411 1599
1411 1625
1411 1688
1412 1533
1412 2026
1413 1867
1417 1809
1418 1710
1419 1775
1421 1824
1422 1492
1423 1652
1423 1769
1423 2003
1424 1951
1425 1478
1425 1985
1425 1999
1426 1694
1426 1896
1428 1928
1429 1704
1430 1477
1430 1828
1430 1878
1431 1936
1431 1945
1432 1935
1433 2002
1435 1804
1435 1826
1437 1510
1437 1599
1439 2036
1440 1672
1442 1912
1443 1513
1443 1682
1443 1757
1443 2028
1443 2035
1444 1488
1445 1587
1446 1904
1447 1937
1449 1497
1449 1606
1449 1697
1450 1994
1452 1997
1458 1503
1458 1601
1459 1746
1460 1599
1460 1721
1462 1928
1463 1857
1465 1698
1470 1572
1472 1875
1472 2074
1473 1663
1473 1700
1473 1773
1473 1802
1473 2035
1474 1842
1476 1763
1478 1572
1479 1914
1480 1511
1482 1500
1484 1696
1484 2038
1485 1542
1485 2060
1486 1491
1489 1660
1490 1496
1490 1780
1492 1621
1498 1598
1498 1719
1498 2012
1499 1674
1501 1755
1502 1517
1502 1531
1502 1854
1504 1588
1504 2026
1506 1737
1508 1642
1509 1829
1509 1876
1509 1992
1510 1726
1510 2069
1511 1964
1512 1525
1512 1679
1512 1736
1514 1746
1515 2027
1516 1848
1518 1831
1519 1544
1521 1844
1523 1953
1524 1752
1526 1932
1527 1756
1527 2070
1529 1845
1529 1987
1531 1574
1533 1969
1533 1989
1533 1998
1534 1768
1536 1785
1536 1917
1538 2003
1541 1599
1541 1803
1542 1974
1542 1975
1543 1570
1546 1975
1548 1911
1550 1652
1551 1930
1553 1589
1554 1985
1555 1644
1555 1711
1556 1575
1558 1626
1558 1846
1558 1891
1559 1570
1559 1807
1560 1604
1561 1582
1564 1971
1565 1659
1566 1587
1566 1987
1567 1903
1570 1944
1572 2030
1573 1895
1574 1611
1574 1687
1574 1862
1574 2020
1576 1723
1576 1845
1577 1850
1578 1825
1580 1831
1584 1884
1588 1679
1589 1630
1591 1934
1591 2031
1594 1681
1595 1654
1599 1603
1599 1654
1601 2057
1602 1805
1603 1704
1603 1877
1604 1839
1604 2054
1605 1627
1605 1749
1605 1868
1610 1679
1610 1793
1612 1852
1614 1948
1617 2033
1619 1848
1619 1870
1620 1658
1620 2038
1622 1665
1622 2066
1623 2066
1625 1765
1626 1692
1627 1713
1627 1822
1627 1827
1628 1696
1628 1866
1629 1637
1630 1952
1631 1637
1631 1737
1633 1805
1636 1728
1637 2025
1639 1749
1639 1894
1640 1862
1641 1813
1643 2065
1647 1892
1649 1677
1649 1795
1650 1835
1651 1798
1657 1695
1660 1972
1661 1707
1662 1675
1662 1784
1663 1691
1663 1731
1663 2023
1665 1917
1665 1922
1667 1760
1669 1681
1669 1915
1669 1969
1669 1994
1670 1784
1671 1704
1671 1956
1673 1682
1673 1943
1675 1936
1676 1790
1679 2033
1680 1981
1680 2028
1683 1699
1683 2054
1686 1983
1687 1991
1688 2069
1689 1720
1689 1924
1693 1793
1693 1911
1694 1760
1694 1779
1695 2048
1700 1916
1700 2044
1700 2060
1701 1993
1701 2039
1702 1837
1702 2063
1702 2068
1703 1826
1705 1981
1711 1829
1713 1986
1715 1846
1720 1857
1724 2019
1725 1754
1725 1772
1726 1807
1726 1887
1732 1798
1732 2057
1733 1754
1741 1743
1744 1799
1745 1774
1746 1867
1747 1781
1747 1912
1748 1851
1748 2037
1749 1996
1752 2031
1753 1967
1754 1761
1754 1858
1754 2027
1755 2024
1759 1807
1759 1900
1760 1856
1761 1942
1770 2042
1771 2068
1772 1876
1776 2078
1780 1830
1781 1851
1783 1784
1788 2046
1796 1865
1800 1938
1801 2044
1803 2066
1805 1849
1805 2063
1807 1866
1807 2011
1811 2001
1813 1836
1813 2059
1815 1930
1823 1875
1824 1976
1824 1979
1827 1863
1828 2073
1838 2074
1839 1867
1846 1847
1846 1984
1846 2052
1847 1998
1851 2048
1853 2020
1859 1949
1864 1915
1865 2072
1866 1974
1866 2051
1869 2042
1871 1930
1871 2005
1880 1950
1883 1989
1883 2055
1889 1910
1894 2001
1903 1957
1904 1923
1905 1965
1907 2062
1908 2002
1916 1958
1917 2014
1928 1948
1932 2074
1934 2014
1940 2072
1945 1993
1949 2061
1951 2073
1955 2015
1956 2073
1959 2017
1968 2008
1969 2034
1972 2051
1977 2040
1978 2009
1983 2013
1999 2046
2001 2025
2043 2060
2063 2070
2081 2082
2084 2086
2088 2087
2090 2092
2091 2093
2091 2094
2092 2095
2096 2098
2102 2103
2104 2105
2112 2106
2112 2108
2112 2109
2106 2110
2107 2108
2107 2110
2108 2111
2109 2110
2109 2111
2110 2111
2113 2114
2115 2117
2122 2123
2123 2124
2126 2127
2128 2129
2130 2132
2131 2132
2133 2134
2133 2135
2134 2135
2136 2137
2138 2139
2144 2145
2142 2143
2146 2147
2146 2149
2147 2148
2147 2149
2152 2153
2154 2155
2156 2157
2157 2158
2160 2159
2162 2163
2162 2164
2164 2165
2168 2166
2169 2170
2169 2171
2169 2172
2171 2172
2176 2173
2176 2175
2173 2174
2173 2175
2177 2178
2177 2179
2177 2180
2178 2179
2178 2180
2179 2180
2181 2182
2181 2183
2182 2183
2184 2185
2185 2186
2188 2189
2190 2191
2192 2193
2194 2195
2196 2197
2200 2198
2200 2199
2201 2202
2206 2207
2208 2210
2209 2210
2212 2213
2216 2214
2216 2215
2214 2215
2217 2218
2217 2219
2218 2219
2220 2221
2220 2222
2221 2222