0 36
0 41
1 481
2 49
3 7
3 46
4 11
4 29
5 16
5 133
6 24
6 52
8 43
8 53
9 32
10 19
10 22
10 340
11 41
11 48
11 222
12 58
15 38
16 51
17 57
17 144
18 39
18 49
19 55
20 45
21 24
22 61
23 53
24 62
25 27
25 31
28 49
29 31
31 32
31 43
33 58
34 37
35 61
39 53
40 41
47 62
49 461
50 114
51 59
54 59
59 126
61 160
63 72
64 89
65 80
65 85
65 115
66 107
69 126
69 172
70 79
70 83
72 92
74 95
76 85
77 101
79 363
80 83
80 98
80 539
85 93
85 478
86 112
89 90
89 106
97 234
101 513
104 112
112 126
129 117
130 464
132 127
133 113
133 126
134 142
140 116
142 150
142 117
143 113
143 119
145 148
147 113
147 478
148 466
150 125
114 119
117 122
118 121
119 121
124 232
152 251
154 155
154 470
155 323
155 473
157 168
157 221
160 172
160 175
161 185
165 168
165 172
165 175
165 442
166 174
169 362
172 176
173 180
174 180
174 184
178 181
181 214
181 483
187 203
188 215
189 196
191 322
194 205
196 541
198 202
202 206
206 457
209 211
209 228
209 341
210 216
210 331
212 380
214 216
215 219
217 218
220 235
220 238
220 483
221 231
221 232
221 470
226 232
226 236
228 239
238 332
241 254
243 255
247 252
247 380
248 249
250 251
251 473
254 535
256 259
257 262
258 480
259 263
260 264
267 273
267 274
268 270
268 278
269 480
271 330
275 528
290 283
290 284
291 285
291 373
292 281
293 279
293 285
293 451
279 287
282 283
282 481
294 295
296 520
297 364
301 302
304 473
305 306
306 384
306 363
309 454
312 403
310 348
320 315
323 318
314 476
315 316
331 336
333 336
333 339
333 350
335 346
337 344
337 346
338 347
340 349
341 342
384 379
386 351
386 360
388 358
389 351
351 373
353 374
353 482
354 377
355 379
356 372
356 376
358 363
359 380
359 382
360 365
360 374
377 378
377 381
394 531
395 487
398 528
406 544
412 414
419 444
422 444
423 427
424 429
424 445
425 432
426 427
428 436
429 457
430 459
431 451
434 436
439 454
443 447
447 462
448 453
449 456
455 457
463 478
464 467
465 476
467 470
471 481
473 481
479 481
489 491
492 493
494 495
496 499
514 515
515 501
516 500
516 511
519 509
520 500
520 501
500 509
501 508
527 532
532 542
534 540
537 540