0 36
0 41
0 118
0 126
0 133
0 170
0 187
0 226
0 249
0 267
0 311
0 375
0 403
0 433
0 491
1 3
1 10
1 12
1 22
1 24
1 54
1 93
1 96
1 163
1 166
1 173
1 233
1 249
1 333
1 357
1 387
1 389
1 416
1 426
1 442
1 467
2 3
2 13
2 62
2 93
2 94
2 108
2 114
2 189
2 191
2 212
2 222
2 239
2 269
2 271
2 275
2 285
2 309
2 321
2 398
2 413
2 438
2 477
2 488
3 73
3 80
3 129
3 131
3 214
3 221
3 231
3 239
3 262
3 270
3 283
3 344
3 378
3 397
3 425
3 452
4 16
4 24
4 26
4 40
4 57
4 105
4 121
4 143
4 148
4 216
4 320
4 350
4 362
4 366
4 447
4 456
4 476
5 49
5 73
5 112
5 123
5 128
5 163
5 196
5 225
5 230
5 239
5 244
5 255
5 259
5 311
5 331
5 399
5 431
5 444
5 463
5 482
6 8
6 24
6 41
6 54
6 66
6 97
6 252
6 255
6 257
6 381
6 396
6 408
6 469
7 8
7 26
7 39
7 48
7 109
7 148
7 225
7 268
7 273
7 276
7 291
7 297
7 329
7 369
7 429
7 450
7 470
7 486
8 10
8 18
8 68
8 97
8 105
8 113
8 197
8 200
8 234
8 303
8 307
8 310
8 328
8 423
8 439
8 450
8 454
8 485
9 91
9 121
9 205
9 211
9 244
9 274
9 406
9 409
9 421
9 422
9 464
10 20
10 24
10 52
10 96
10 154
10 215
10 248
10 270
10 305
10 329
10 346
10 347
10 353
10 460
10 461
10 479
10 486
10 492
11 21
11 70
11 122
11 189
11 225
11 262
11 375
11 410
11 413
11 424
11 451
11 476
11 478
11 491
12 34
12 36
12 81
12 85
12 127
12 176
12 185
12 187
12 244
12 256
12 257
12 284
12 372
12 405
12 408
12 467
13 20
13 27
13 46
13 50
13 70
13 74
13 112
13 153
13 155
13 161
13 167
13 170
13 242
13 348
13 374
13 412
13 415
13 439
14 61
14 91
14 112
14 123
14 145
14 185
14 201
14 225
14 256
14 265
14 316
14 321
14 334
14 374
14 387
14 388
14 398
14 422
14 445
15 21
15 40
15 69
15 83
15 106
15 131
15 183
15 187
15 227
15 258
15 311
15 339
15 344
15 360
15 407
15 418
15 448
15 466
15 474
16 25
16 52
16 117
16 138
16 177
16 206
16 212
16 225
16 286
16 314
16 331
16 342
16 388
16 393
16 394
16 438
16 447
17 67
17 142
17 159
17 180
17 229
17 235
17 314
17 333
17 349
17 474
18 64
18 72
18 115
18 116
18 146
18 189
18 205
18 219
18 245
18 254
18 268
18 328
18 360
19 36
19 44
19 84
19 144
19 151
19 158
19 171
19 211
19 223
19 236
19 240
19 241
19 256
19 257
19 267
19 284
19 325
19 379
19 423
19 447
20 39
20 53
20 86
20 87
20 101
20 118
20 131
20 157
20 173
20 205
20 212
20 230
20 262
20 272
20 287
20 305
20 320
20 355
20 400
20 416
20 418
20 442
20 443
20 452
21 47
21 63
21 87
21 90
21 98
21 101
21 106
21 110
21 119
21 151
21 178
21 188
21 210
21 243
21 299
21 317
21 327
21 331
21 385
21 392
21 405
21 453
21 485
22 27
22 29
22 42
22 97
22 109
22 140
22 143
22 195
22 238
22 327
22 331
22 357
22 426
23 80
23 112
23 127
23 267
23 302
23 391
23 411
23 444
23 447
23 452
23 461
23 487
24 25
24 38
24 67
24 69
24 91
24 96
24 98
24 116
24 149
24 168
24 181
24 188
24 189
24 274
24 285
24 346
24 354
24 360
24 370
24 388
24 397
24 401
24 418
24 475
24 477
24 478
24 484
24 491
25 54
25 70
25 105
25 123
25 269
25 333
25 335
25 345
25 395
25 423
25 446
25 485
26 30
26 71
26 125
26 127
26 160
26 240
26 315
26 360
26 364
26 414
26 461
26 473
27 28
27 106
27 206
27 222
27 224
27 226
27 247
27 273
27 315
27 334
27 368
27 414
27 424
27 432
27 464
27 469
28 84
28 113
28 119
28 162
28 188
28 190
28 205
28 216
28 232
28 254
28 308
28 324
28 331
28 339
28 381
28 387
28 389
28 393
28 450
29 84
29 102
29 133
29 140
29 151
29 195
29 273
29 276
29 279
29 286
29 307
29 331
29 351
29 353
29 356
29 402
29 412
29 418
29 419
29 434
29 473
30 63
30 81
30 113
30 122
30 123
30 130
30 139
30 141
30 144
30 175
30 209
30 242
30 255
30 262
30 290
30 315
30 343
30 349
30 366
30 368
30 412
30 466
30 480
31 37
31 43
31 46
31 47
31 64
31 81
31 183
31 233
31 265
31 445
31 466
31 488
32 79
32 89
32 102
32 132
32 135
32 179
32 183
32 217
32 221
32 250
32 308
32 333
32 409
32 424
32 426
33 66
33 78
33 89
33 99
33 123
33 133
33 152
33 187
33 208
33 234
33 241
33 268
33 269
33 295
33 307
33 356
33 359
33 396
33 426
33 446
33 454
34 47
34 48
34 54
34 112
34 127
34 131
34 145
34 233
34 236
34 246
34 257
34 271
34 274
34 283
34 301
34 307
34 332
34 355
34 371
34 403
34 410
34 426
34 440
34 472
34 485
35 92
35 129
35 171
35 184
35 187
35 190
35 255
35 358
35 412
35 427
35 460
35 486
35 488
36 50
36 134
36 136
36 177
36 183
36 187
36 228
36 327
36 367
36 440
36 453
37 64
37 83
37 95
37 102
37 121
37 141
37 151
37 152
37 175
37 257
37 308
37 332
37 393
37 424
37 425
37 427
38 47
38 70
38 91
38 92
38 108
38 127
38 146
38 162
38 200
38 219
38 222
38 340
38 402
38 457
39 74
39 100
39 101
39 164
39 173
39 200
39 251
39 301
39 321
39 373
39 374
39 403
39 404
39 413
39 421
39 482
40 41
40 127
40 161
40 169
40 172
40 218
40 275
40 293
40 341
40 347
40 351
40 393
40 418
40 420
40 436
40 441
40 445
40 455
41 52
41 115
41 143
41 171
41 191
41 200
41 363
41 382
41 442
41 481
41 492
42 84
42 100
42 158
42 284
42 327
42 353
42 364
42 401
42 418
42 455
43 67
43 136
43 154
43 193
43 211
43 232
43 353
43 378
43 407
43 423
43 450
43 453
44 53
44 71
44 109
44 120
44 141
44 179
44 201
44 229
44 236
44 252
44 254
44 267
44 308
44 347
44 389
44 398
44 471
45 53
45 115
45 144
45 228
45 269
45 299
45 330
45 369
45 424
45 449
45 457
45 462
46 95
46 127
46 151
46 161
46 264
46 265
46 285
46 315
46 378
46 396
46 411
46 432
46 468
46 490
47 71
47 118
47 219
47 248
47 312
47 315
47 342
47 355
47 385
47 431
47 435
47 448
47 461
47 464
47 487
47 491
47 492
48 63
48 118
48 162
48 231
48 234
48 239
48 246
48 251
48 331
48 477
48 484
49 84
49 88
49 89
49 104
49 132
49 142
49 174
49 193
49 208
49 260
49 280
49 284
49 305
49 313
49 317
49 349
49 384
49 439
49 476
49 488
50 60
50 88
50 125
50 183
50 206
50 211
50 212
50 250
50 263
50 285
50 292
50 381
50 388
50 403
50 418
50 444
50 492
51 72
51 80
51 88
51 120
51 127
51 169
51 201
51 252
51 273
51 345
51 348
51 474
52 226
52 307
52 317
52 353
52 364
52 366
52 372
52 419
52 422
52 433
52 466
53 90
53 101
53 139
53 183
53 206
53 298
53 311
53 319
53 327
53 345
53 346
53 382
53 413
53 419
53 482
53 483
54 78
54 100
54 102
54 110
54 125
54 167
54 206
54 207
54 270
54 272
54 289
54 315
54 325
54 375
54 427
55 67
55 272
55 319
55 348
55 352
55 363
55 399
55 401
55 403
55 475
55 476
56 59
56 84
56 107
56 121
56 259
56 291
56 384
56 427
56 488
57 61
57 83
57 128
57 226
57 251
57 307
57 309
57 313
57 318
57 359
57 471
57 480
58 69
58 86
58 144
58 161
58 171
58 300
58 315
58 405
58 466
59 87
59 164
59 218
59 232
59 305
59 318
59 333
59 427
59 429
59 444
60 97
60 98
60 101
60 134
60 171
60 218
60 273
60 298
60 302
60 322
60 362
60 444
61 116
61 145
61 202
61 218
61 239
61 272
61 293
61 345
61 353
61 398
61 419
61 425
61 451
62 89
62 93
62 195
62 244
62 257
62 266
62 296
62 405
62 407
62 414
62 427
62 447
62 457
62 475
63 88
63 175
63 178
63 194
63 199
63 201
63 217
63 262
63 298
63 334
63 433
63 457
63 471
63 480
64 82
64 102
64 112
64 125
64 136
64 197
64 216
64 293
64 353
64 357
64 448
64 454
64 482
65 75
65 84
65 93
65 141
65 157
65 175
65 194
65 195
65 224
65 244
65 250
65 268
65 269
65 319
65 368
65 371
65 390
65 391
65 475
66 69
66 83
66 129
66 188
66 203
66 211
66 286
66 311
66 329
66 388
66 409
66 411
66 414
66 452
66 461
67 80
67 116
67 137
67 140
67 161
67 204
67 219
67 230
67 238
67 271
67 279
67 290
67 327
67 377
67 394
67 482
68 80
68 105
68 172
68 211
68 253
68 273
68 298
68 316
68 339
68 352
68 373
68 374
68 397
68 451
68 458
68 466
69 111
69 149
69 174
69 196
69 201
69 237
69 243
69 276
69 280
69 283
69 394
69 400
69 406
69 416
69 430
69 443
69 456
69 460
70 86
70 91
70 111
70 129
70 148
70 174
70 214
70 215
70 218
70 250
70 288
70 333
70 346
70 353
70 367
70 388
70 443
70 460
71 85
71 104
71 105
71 190
71 261
71 298
71 337
71 358
71 379
71 380
71 474
71 483
72 91
72 118
72 155
72 166
72 200
72 229
72 260
72 265
72 299
72 414
72 424
72 425
72 433
72 449
72 455
73 118
73 138
73 199
73 212
73 226
73 273
73 274
73 291
73 295
73 305
73 328
73 365
73 367
73 420
73 431
74 86
74 203
74 253
74 277
74 280
74 320
74 321
74 402
74 437
74 438
74 472
75 90
75 115
75 121
75 149
75 159
75 198
75 245
75 251
75 262
75 303
75 305
75 320
75 338
75 367
75 381
75 433
75 459
76 81
76 91
76 96
76 106
76 140
76 166
76 172
76 190
76 195
76 205
76 217
76 233
76 410
76 438
76 445
76 446
76 463
76 472
76 480
76 485
77 141
77 273
77 280
77 286
77 391
77 428
77 434
77 444
77 450
77 478
77 480
77 483
78 105
78 110
78 157
78 193
78 194
78 208
78 210
78 241
78 254
78 287
78 336
78 372
78 383
78 455
78 487
79 91
79 200
79 224
79 230
79 289
79 305
79 308
79 319
79 327
79 360
79 387
79 410
79 452
79 460
79 471
79 473
80 100
80 102
80 166
80 191
80 211
80 262
80 327
80 336
80 348
80 405
80 433
80 450
80 467
80 468
80 474
80 475
81 121
81 179
81 241
81 252
81 279
81 312
81 351
81 376
81 396
81 399
81 445
81 491
82 85
82 121
82 134
82 136
82 142
82 186
82 232
82 234
82 241
82 245
82 263
82 271
82 308
82 309
82 372
82 380
82 394
82 439
82 456
82 492
83 131
83 214
83 241
83 265
83 276
83 326
83 328
83 330
83 340
83 378
83 396
83 422
83 479
83 482
83 483
83 490
84 118
84 201
84 242
84 292
84 447
84 472
84 479
84 482
85 100
85 127
85 161
85 188
85 210
85 221
85 235
85 284
85 292
85 293
85 303
85 311
85 346
85 382
85 397
85 409
85 437
85 463
86 131
86 192
86 207
86 222
86 225
86 241
86 249
86 265
86 319
86 320
86 323
86 350
86 354
86 390
86 394
86 475
87 146
87 150
87 171
87 174
87 185
87 207
87 214
87 226
87 242
87 269
87 289
87 331
87 348
87 357
87 411
87 451
87 456
87 458
87 459
87 480
88 182
88 194
88 266
88 412
88 435
88 452
88 465
89 114
89 115
89 215
89 216
89 221
89 245
89 263
89 303
89 309
89 373
89 392
89 413
89 482
90 119
90 126
90 141
90 161
90 178
90 218
90 266
90 337
90 407
90 422
90 465
91 143
91 162
91 201
91 210
91 223
91 295
91 348
91 466
91 470
92 95
92 110
92 112
92 131
92 187
92 188
92 288
92 329
92 343
92 384
92 407
92 444
92 456
92 482
93 110
93 149
93 230
93 263
93 269
93 291
93 317
93 360
93 385
93 401
93 434
94 112
94 160
94 163
94 223
94 315
94 331
94 341
94 363
94 389
94 390
94 414
94 438
94 466
95 141
95 151
95 180
95 197
95 204
95 247
95 303
95 307
95 313
95 328
95 366
95 370
95 417
95 434
95 441
95 454
96 110
96 187
96 193
96 222
96 231
96 240
96 264
96 266
96 274
96 341
96 345
96 354
96 360
96 378
96 403
96 445
96 462
96 474
97 164
97 181
97 209
97 211
97 212
97 220
97 318
97 414
97 422
97 435
97 468
97 490
98 207
98 210
98 226
98 235
98 239
98 283
98 287
98 318
98 329
98 387
98 402
98 404
98 414
98 415
98 444
98 476
99 271
99 275
99 325
99 329
100 130
100 131
100 167
100 179
100 186
100 214
100 280
100 281
100 318
100 331
100 374
100 388
100 452
100 460
100 483
101 127
101 133
101 134
101 167
101 187
101 210
101 255
101 425
102 104
102 148
102 178
102 213
102 267
102 282
102 353
102 354
102 361
102 362
102 369
102 407
102 459
102 466
103 130
103 144
103 165
103 168
103 213
103 264
103 269
103 274
103 313
103 341
103 346
103 358
103 418
103 433
104 110
104 248
104 292
104 301
104 302
104 333
104 357
104 358
104 410
104 417
104 436
104 454
104 459
105 107
105 109
105 146
105 165
105 175
105 235
105 245
105 277
105 279
105 311
105 374
105 438
105 464
105 480
106 114
106 147
106 299
106 318
106 322
106 344
106 354
106 373
106 379
106 490
107 119
107 128
107 146
107 261
107 273
107 311
107 318
107 323
107 369
107 399
107 437
107 486
107 492
108 131
108 138
108 141
108 164
108 174
108 195
108 234
108 248
108 253
108 300
108 368
108 375
108 410
108 433
108 450
108 474
109 122
109 156
109 184
109 186
109 189
109 267
109 286
109 315
109 383
109 411
109 441
110 114
110 146
110 193
110 253
110 270
110 343
110 344
110 382
110 436
110 442
110 475
111 116
111 169
111 186
111 208
111 256
111 297
111 304
111 316
111 351
111 354
111 387
111 403
111 417
112 120
112 133
112 174
112 176
112 217
112 256
112 301
112 302
112 320
112 333
112 364
112 365
112 386
112 413
112 443
112 460
112 469
113 236
113 292
113 309
113 323
113 404
113 409
113 469
114 135
114 184
114 237
114 252
114 290
114 326
114 379
114 428
114 450
114 459
114 460
114 477
114 487
115 146
115 157
115 202
115 222
115 252
115 384
115 385
115 388
115 427
115 449
115 452
116 255
116 271
116 313
116 343
116 359
116 368
116 434
116 465
116 479
117 151
117 178
117 196
117 252
117 288
117 345
117 420
117 443
118 184
118 252
118 279
118 285
118 346
118 381
118 397
118 407
118 442
118 465
118 487
118 491
119 139
119 168
119 195
119 218
119 219
119 259
119 264
119 431
119 458
119 481
119 484
120 235
120 255
120 266
120 282
120 292
120 363
120 379
120 418
120 448
120 454
120 458
121 126
121 152
121 219
121 229
121 267
121 278
121 279
121 288
121 292
121 297
121 326
121 352
121 369
121 371
121 374
121 380
121 391
121 401
121 430
121 443
121 485
122 132
122 159
122 176
122 181
122 224
122 230
122 273
122 279
122 289
122 290
122 323
122 361
122 375
122 467
122 472
123 155
123 172
123 187
123 188
123 204
123 226
123 243
123 277
123 354
123 363
123 394
123 432
123 460
124 144
124 177
124 180
124 191
124 193
124 252
124 277
124 303
124 410
124 452
124 453
124 457
124 471
125 128
125 165
125 177
125 278
125 280
125 289
125 292
125 297
125 314
125 332
125 397
125 410
125 464
125 482
126 246
126 261
126 299
126 355
126 390
126 407
126 417
126 423
126 444
126 468
127 138
127 167
127 181
127 190
127 229
127 302
127 378
127 425
127 458
128 161
128 238
128 256
128 258
128 290
128 318
128 354
128 355
128 373
128 374
128 403
128 419
128 433
128 454
128 461
128 470
128 488
129 167
129 224
129 242
129 252
129 261
129 274
129 327
129 366
129 396
129 422
130 160
130 231
130 243
130 251
130 325
130 340
130 357
130 384
130 402
130 434
130 480
131 154
131 157
131 180
131 202
131 236
131 254
131 337
131 346
131 356
131 449
132 152
132 155
132 164
132 233
132 280
132 330
132 331
132 364
132 380
132 416
132 492
133 158
133 192
133 225
133 242
133 249
133 256
133 259
133 279
133 343
133 356
133 371
133 410
133 488
134 143
134 188
134 237
134 248
134 292
134 307
134 374
134 389
134 391
134 398
134 405
134 426
134 445
135 141
135 343
135 354
135 374
135 491
135 492
136 149
136 182
136 236
136 266
136 291
136 311
136 330
136 355
136 387
136 432
136 462
136 473
137 218
137 220
137 221
137 230
137 250
137 351
137 406
137 456
137 492
138 176
138 185
138 192
138 228
138 295
138 303
138 318
138 330
138 376
138 428
139 184
139 212
139 249
139 277
139 284
139 381
139 429
139 474
140 157
140 167
140 273
140 362
140 375
140 380
140 398
140 480
140 488
141 160
141 188
141 192
141 232
141 311
141 389
141 428
141 447
142 209
142 264
142 301
142 327
142 328
142 333
142 351
142 357
142 360
142 390
142 411
142 431
142 439
143 191
143 258
143 295
143 328
143 429
144 178
144 200
144 351
144 365
144 409
144 415
144 444
144 453
144 460
144 486
145 148
145 190
145 222
145 225
145 233
145 235
145 249
145 256
145 262
145 280
145 299
145 344
145 406
145 416
145 456
145 489
146 152
146 153
146 154
146 175
146 207
146 234
146 312
146 355
146 360
146 381
146 444
146 476
147 190
147 207
147 217
147 281
147 313
147 358
147 395
147 399
147 401
147 420
147 465
148 149
148 177
148 249
148 264
148 285
148 300
148 346
148 357
148 363
148 370
148 409
148 432
148 487
149 186
149 214
149 235
149 239
149 393
149 451
150 355
150 361
150 416
150 444
150 485
150 491
151 195
151 198
151 226
151 232
151 274
151 292
151 344
151 450
152 213
152 214
152 218
152 226
152 253
152 264
152 296
152 340
152 430
152 464
152 478
153 171
153 234
153 245
153 291
153 314
153 317
153 323
153 435
153 442
153 444
153 465
154 265
154 294
154 313
154 315
154 321
154 390
154 407
154 418
154 440
154 491
155 166
155 182
155 199
155 220
155 225
155 266
155 271
155 275
155 288
155 289
155 384
155 406
155 426
155 433
155 446
155 468
155 479
156 167
156 244
156 260
156 264
156 265
156 327
156 339
156 386
156 398
156 430
156 450
156 463
156 470
157 167
157 211
157 226
157 262
157 292
157 332
157 339
157 360
157 374
157 387
157 437
157 449
157 464
158 180
158 198
158 217
158 220
158 237
158 272
158 275
158 284
158 307
158 335
158 360
158 380
158 386
158 390
158 395
158 397
158 400
158 406
158 431
159 203
159 211
159 212
159 222
159 260
159 268
159 269
159 270
159 293
159 316
159 331
159 340
159 344
159 372
159 387
159 400
159 406
159 415
159 434
159 438
160 244
160 269
160 282
160 382
160 427
160 446
160 455
161 291
161 311
161 381
161 418
161 433
161 441
162 181
162 192
162 214
162 223
162 238
162 263
162 280
162 283
162 286
162 297
162 363
162 370
162 404
162 434
162 445
162 451
163 167
163 170
163 183
163 250
163 271
163 289
163 318
163 335
163 354
163 370
163 393
164 171
164 222
164 280
164 294
164 316
164 329
164 330
164 337
164 376
164 377
164 396
164 431
164 433
164 434
164 449
164 489
165 173
165 190
165 230
165 297
165 323
165 334
165 351
165 367
165 369
166 175
166 202
166 203
166 218
166 272
166 278
166 296
166 348
166 360
166 370
166 377
166 419
166 435
166 492
167 186
167 221
167 277
167 290
167 294
167 378
167 437
167 448
168 180
168 200
168 214
168 236
168 256
168 280
168 284
168 303
168 328
168 421
168 459
168 462
168 484
169 209
169 224
169 229
169 267
169 405
169 447
170 221
170 226
170 246
170 271
170 288
170 303
170 397
170 436
171 207
171 288
171 289
171 300
171 313
171 315
171 347
171 352
172 191
172 264
172 271
172 301
172 393
172 416
172 437
172 440
172 487
173 177
173 232
173 243
173 266
173 293
173 307
173 377
173 417
173 420
173 423
173 467
173 484
174 217
174 243
174 265
174 324
174 354
174 396
174 417
174 444
174 450
174 488
175 223
175 230
175 236
175 269
175 271
175 297
175 388
175 400
175 416
175 430
175 450
175 477
176 190
176 207
176 216
176 228
176 283
176 290
176 358
176 396
176 401
176 403
176 425
176 432
176 445
176 449
176 482
176 489
177 351
177 440
177 474
177 491
178 182
178 232
178 266
178 305
178 370
178 433
178 443
178 469
179 210
179 211
179 216
179 261
179 264
179 347
179 387
179 469
179 475
179 481
179 483
180 231
180 259
180 308
180 331
180 382
180 419
180 446
181 203
181 271
181 274
181 286
181 307
181 324
181 325
181 330
181 428
181 436
181 488
181 489
182 279
182 303
182 328
182 329
182 398
182 447
183 257
183 262
183 284
183 289
183 296
183 318
183 321
183 388
183 407
183 473
183 482
184 246
184 296
184 316
184 346
184 386
184 406
184 417
185 233
185 254
185 289
185 431
185 436
185 438
185 479
185 488
186 187
186 191
186 199
186 251
186 258
186 398
187 219
187 222
187 239
187 283
187 330
187 333
187 411
187 469
187 474
187 477
187 483
187 484
187 489
188 248
188 249
188 285
188 345
188 354
188 382
188 387
188 389
188 446
188 447
188 451
188 454
188 461
188 491
189 315
189 383
189 390
189 392
189 395
189 418
189 421
190 225
190 234
190 238
190 243
190 307
190 340
190 358
190 400
190 401
190 449
190 461
190 474
191 262
191 285
191 321
191 323
191 398
191 401
191 446
191 456
191 464
191 472
191 481
192 259
192 271
192 272
192 274
192 294
192 305
192 346
192 368
192 375
192 391
192 404
192 441
192 476
192 484
193 227
193 238
193 257
193 260
193 287
193 305
193 359
193 391
193 400
193 406
193 431
193 453
193 456
193 492
194 211
194 255
194 324
194 338
194 398
194 427
194 428
194 477
195 213
195 215
195 253
195 274
195 325
195 368
195 372
195 437
195 457
196 197
196 208
196 230
196 232
196 253
196 258
196 364
196 424
196 457
196 482
196 488
197 200
197 253
197 299
197 320
197 330
197 349
197 352
197 363
197 441
197 452
197 473
197 474
198 225
198 227
198 258
198 259
198 277
198 288
198 382
198 385
198 430
198 492
199 224
199 254
199 288
199 402
199 429
200 242
200 338
200 352
200 410
200 485
201 214
201 216
201 232
201 289
201 326
201 350
201 368
201 378
201 385
201 413
201 466
201 468
202 260
202 264
202 278
202 330
202 418
203 213
203 289
203 359
203 366
203 460
203 485
204 284
204 288
204 308
204 313
204 330
204 371
204 442
205 220
205 224
205 282
205 302
205 312
205 377
205 382
205 396
205 438
205 445
205 488
206 228
206 244
206 247
206 292
206 327
206 332
206 336
206 341
206 431
206 436
206 476
206 480
207 221
207 234
207 256
207 292
207 329
207 362
207 380
207 389
207 392
207 435
208 253
208 268
208 309
208 352
208 415
208 440
208 476
209 308
209 390
209 422
210 217
210 265
210 304
210 308
210 327
210 346
210 416
210 440
210 449
210 466
211 215
211 255
211 336
211 389
211 417
211 421
212 276
212 277
212 283
212 375
212 426
212 466
212 492
213 295
213 347
213 364
213 384
213 398
213 439
213 481
214 224
214 252
214 257
214 299
214 307
214 313
214 327
214 349
214 353
214 371
214 378
214 423
214 431
214 463
215 219
215 225
215 237
215 258
215 272
215 276
215 277
215 316
215 419
215 442
215 451
216 223
216 225
216 246
216 247
216 317
216 330
216 355
216 378
216 395
216 402
216 419
216 435
217 219
217 245
217 317
217 355
217 380
218 302
218 400
218 427
218 440
218 446
218 475
219 306
219 311
219 325
219 380
219 404
219 437
219 459
219 483
220 282
220 289
220 348
220 427
220 446
220 472
220 484
221 234
221 246
221 257
221 329
221 373
221 408
221 439
221 471
222 256
222 290
222 354
222 394
222 470
223 250
223 275
223 313
223 350
223 351
223 366
223 389
223 399
223 437
223 450
223 457
224 254
224 315
224 375
224 381
224 394
224 492
225 248
225 301
225 315
225 355
225 359
225 385
225 389
225 394
225 425
225 434
225 455
226 243
226 251
226 264
226 302
226 317
226 338
226 346
226 411
226 463
226 468
226 483
227 250
227 261
227 273
227 309
227 374
227 404
227 415
227 417
227 443
227 461
227 470
227 483
228 282
228 292
228 296
228 355
228 460
228 471
229 239
229 290
229 319
229 328
229 350
229 364
229 391
229 465
230 272
230 300
230 306
230 332
230 334
230 355
230 362
230 367
230 378
230 479
230 488
230 490
231 250
231 274
231 327
231 348
231 354
231 369
231 421
231 424
231 445
231 483
232 243
232 258
232 339
232 367
232 379
232 398
232 409
232 436
233 281
233 368
233 380
233 402
233 430
233 443
233 478
234 248
234 264
234 272
234 274
234 290
234 483
235 246
235 267
235 269
235 314
235 439
235 476
236 248
236 274
236 286
236 305
236 310
236 314
236 328
236 342
236 344
236 358
236 433
236 490
237 255
237 273
237 276
237 296
237 345
237 404
237 411
237 419
237 444
238 267
238 285
238 328
238 372
238 381
238 388
238 433
238 440
238 452
238 473
239 366
239 369
239 479
240 258
240 274
240 278
240 291
240 311
240 324
240 360
240 468
240 492
241 267
241 275
241 288
241 341
241 344
241 397
241 410
241 412
241 490
242 286
242 307
242 322
242 338
242 344
242 355
242 376
242 394
242 408
242 445
242 461
242 481
243 292
243 345
243 352
243 394
243 407
243 412
243 436
243 472
244 304
244 308
244 326
244 342
244 369
244 374
244 429
245 250
245 254
245 346
245 369
245 387
245 408
245 421
245 431
245 433
245 483
246 247
246 326
246 347
246 363
246 374
246 400
246 402
246 457
247 255
247 265
247 270
247 275
247 281
247 314
247 374
247 381
247 389
247 411
247 425
247 443
248 258
248 317
248 363
248 389
248 400
248 453
249 279
249 293
249 318
249 330
249 353
249 373
249 444
249 474
250 260
250 274
250 399
250 433
250 434
250 460
250 492
251 268
251 338
251 396
251 397
251 406
251 411
251 444
251 461
251 483
252 284
252 290
252 327
252 370
252 397
252 406
252 424
252 430
252 455
252 471
252 489
253 259
253 282
253 299
253 301
253 303
253 328
253 342
253 353
253 364
253 379
253 413
253 431
253 473
253 474
253 489
254 258
254 291
254 297
254 321
254 349
254 370
254 387
254 442
254 446
254 461
255 267
255 274
255 297
255 312
255 330
255 389
256 261
256 325
256 327
256 421
256 477
257 316
257 323
257 354
257 434
257 470
258 294
258 322
258 404
258 416
258 426
258 466
259 267
259 278
259 284
259 318
259 320
259 362
259 364
259 372
259 394
259 407
259 480
259 482
260 274
260 308
260 326
260 452
260 455
260 472
261 312
261 334
261 359
261 430
261 467
261 492
262 279
262 310
262 371
262 385
263 290
263 295
263 307
263 318
263 327
263 360
263 420
263 448
263 462
263 483
264 299
264 326
264 350
264 402
264 404
264 413
264 419
265 279
265 290
265 323
265 344
265 454
265 462
265 478
265 485
265 486
265 492
266 325
266 349
266 435
267 344
267 347
267 376
268 306
268 314
268 413
268 457
268 468
268 476
269 304
269 340
269 344
269 384
269 400
269 413
269 419
269 442
269 450
269 454
269 463
270 282
270 302
270 320
270 331
270 366
270 373
270 387
270 464
271 313
271 324
271 365
271 381
271 384
271 392
271 399
271 401
271 414
271 415
271 428
272 277
272 321
272 331
272 405
273 316
273 331
273 334
273 382
273 403
273 466
273 491
274 305
274 307
274 319
274 392
275 291
275 411
275 460
275 487
276 289
276 298
276 314
276 390
276 407
276 480
277 294
277 416
277 446
277 473
277 478
278 297
278 302
278 306
278 317
278 334
278 388
278 413
278 445
278 447
278 490
279 290
279 316
279 474
279 475
280 343
280 352
280 355
280 359
280 404
280 413
280 418
280 427
280 482
280 492
281 284
281 312
281 324
281 411
281 434
281 479
282 317
282 329
282 429
282 461
283 312
283 393
283 489
284 289
284 341
284 375
284 378
284 419
284 433
284 448
284 474
284 489
285 311
285 319
285 339
285 347
285 350
285 390
285 407
285 429
285 436
285 449
285 460
286 297
286 299
286 309
286 359
286 488
287 327
287 382
287 385
287 474
287 486
287 489
288 294
288 309
288 328
288 340
288 349
288 362
288 365
288 424
288 454
288 459
288 464
289 297
289 369
289 390
289 412
290 339
290 350
290 371
290 374
290 385
290 426
291 314
291 323
291 349
291 393
291 396
291 457
291 459
291 482
292 325
292 409
292 414
292 415
292 443
292 449
292 450
293 322
293 358
293 362
293 370
293 389
293 395
293 451
293 477
294 298
294 302
294 361
294 378
294 381
294 395
294 405
294 406
294 417
294 443
294 445
294 465
295 354
295 420
295 459
295 487
296 302
296 315
296 394
296 397
296 428
296 458
297 301
297 367
297 394
297 457
298 353
298 389
298 403
298 416
298 441
298 483
299 348
299 374
299 411
299 457
299 490
300 319
300 322
300 490
301 330
301 377
301 386
301 433
301 458
302 315
302 328
302 356
302 400
302 411
302 441
302 448
302 455
303 355
303 361
303 420
303 429
303 432
303 467
303 484
304 375
304 392
304 396
304 455
305 311
305 317
305 357
305 376
305 383
305 396
305 487
306 314
306 320
306 321
306 324
306 351
306 372
306 401
306 461
307 394
307 440
307 481
308 361
308 439
308 457
308 475
309 334
309 345
309 346
309 375
309 403
309 424
309 460
309 469
310 338
310 391
310 396
310 432
310 466
310 479
311 347
311 390
311 453
312 347
312 366
313 321
313 382
313 453
313 480
314 346
314 367
314 369
314 390
314 429
314 438
314 448
314 451
314 470
315 318
315 347
315 389
315 400
315 402
315 422
315 433
315 449
315 454
315 462
315 477
316 341
316 362
316 379
316 380
316 436
316 455
316 468
317 344
317 353
317 418
317 467
318 402
318 406
318 408
318 427
318 441
318 485
319 356
319 446
320 339
320 352
320 375
320 390
320 413
320 441
320 492
321 385
321 403
321 464
321 471
321 474
321 492
322 327
322 378
322 379
322 392
322 445
322 466
322 471
323 356
323 358
323 375
323 429
323 488
323 491
324 334
324 337
324 390
324 412
324 434
324 440
324 470
326 327
326 371
326 425
326 445
326 446
326 451
326 470
326 475
326 476
327 342
327 348
327 356
327 383
327 413
327 419
327 446
327 485
328 338
328 401
328 405
328 472
328 487
328 492
329 335
329 340
329 368
329 373
329 397
329 402
329 407
330 378
330 442
330 477
331 347
331 368
331 389
331 398
331 448
331 476
332 363
332 410
332 411
332 431
332 445
332 478
332 479
332 484
332 485
333 341
333 345
333 412
333 443
333 452
333 456
333 484
334 350
334 382
334 449
335 343
335 393
335 419
335 427
335 444
335 455
335 479
335 483
335 489
336 353
336 365
336 381
336 488
336 492
337 404
337 445
337 469
338 359
338 366
338 373
338 387
338 409
338 485
339 378
339 380
339 416
339 419
339 469
339 472
340 350
340 412
340 429
340 442
341 355
341 427
341 444
341 458
341 487
342 383
342 418
342 443
342 469
343 370
343 377
343 388
343 423
343 458
344 390
344 415
344 426
344 453
344 464
344 472
345 417
346 353
346 405
346 407
346 423
346 431
346 434
346 486
347 348
347 353
347 411
347 456
347 490
348 368
348 393
348 407
348 429
348 442
348 447
348 462
349 403
349 405
349 434
349 474
350 365
350 378
350 433
351 352
351 427
351 451
351 480
352 375
352 408
352 481
353 384
353 409
353 445
353 446
353 451
354 362
354 430
354 470
355 374
355 393
355 400
355 456
355 492
356 411
356 456
356 481
358 374
358 395
358 453
359 373
359 377
360 381
360 414
360 435
360 470
360 471
360 488
361 477
362 406
362 434
363 397
363 407
363 414
363 416
363 450
363 471
364 408
364 420
364 456
365 374
365 411
365 426
365 434
365 437
365 439
365 453
365 466
366 384
366 392
366 396
367 374
367 384
367 467
368 392
368 411
368 424
368 457
368 490
368 491
369 384
369 420
369 440
369 462
370 403
370 411
370 430
370 437
370 440
370 442
370 450
370 452
370 482
371 391
371 412
372 377
372 381
372 395
372 483
373 396
373 413
373 420
373 422
373 437
373 439
374 412
375 386
375 389
375 424
375 440
375 459
375 479
376 401
376 413
376 448
376 450
376 451
376 453
376 458
377 381
377 399
377 430
378 384
378 390
378 411
378 464
378 466
379 419
379 489
380 410
380 447
380 483
381 401
381 429
382 414
382 424
382 440
382 442
382 445
382 447
382 490
383 432
383 433
383 435
383 450
383 458
383 477
383 478
383 492
384 388
384 416
384 440
384 487
384 491
385 408
385 455
385 491
386 399
386 403
386 436
386 488
387 483
387 484
388 398
388 400
388 405
389 442
389 451
389 473
390 418
390 432
390 450
390 471
390 491
391 466
392 414
392 463
393 474
394 403
394 466
394 486
395 410
395 424
395 456
396 421
396 429
396 433
396 479
396 485
397 412
397 418
397 424
397 479
398 403
398 440
398 451
398 473
399 418
399 483
399 486
400 410
400 435
400 439
400 443
400 445
400 464
401 435
401 438
401 458
401 467
401 489
402 405
402 423
402 455
402 468
404 458
405 432
406 443
406 459
407 415
407 485
408 410
408 420
408 432
408 441
408 476
408 477
409 415
409 420
409 446
409 450
409 457
409 474
410 423
410 492
411 438
411 490
412 422
412 478
413 460
413 463
413 468
413 481
414 447
414 492
415 427
415 462
416 421
416 443
417 424
417 468
417 473
418 449
418 461
419 461
419 482
420 429
420 442
420 448
420 460
421 478
422 426
422 450
423 460
423 464
423 472
423 485
424 442
424 443
424 467
426 461
426 462
427 430
427 476
427 489
428 480
429 434
429 445
430 444
430 489
431 439
431 473
432 458
432 488
433 438
433 473
433 489
434 449
435 460
435 481
436 484
437 442
437 480
438 455
438 473
439 453
439 462
440 453
440 477
441 455
441 468
441 485
442 443
442 455
442 483
443 453
444 469
444 491
445 451
446 449
446 461
447 482
449 453
451 474
451 475
451 476
453 468
453 475
454 470
455 477
456 465
456 473
457 467
457 473
457 478
459 464
459 474
459 487
460 464
460 477
461 464
461 486
462 463
462 490
462 492
464 478
464 485
466 482
466 487
468 483
469 491
470 489
472 485
473 483
477 484
478 485
481 491
483 491