0 303
1 124
1 191
1 382
4 297
5 406
5 423
6 457
7 8
7 28
8 54
10 16
10 23
11 16
11 33
12 29
12 52
13 28
13 331
14 31
15 55
16 44
19 33
19 43
19 79
20 40
21 45
21 48
23 53
23 545
24 29
26 30
30 48
30 169
31 54
31 309
33 38
33 48
35 48
35 167
36 55
37 47
40 48
42 53
43 55
43 88
44 50
44 520
45 143
51 603
53 174
54 146
56 65
57 211
58 63
58 65
58 69
58 79
59 80
59 226
60 70
61 469
63 113
64 69
64 299
65 67
66 76
68 481
69 73
70 72
74 243
74 402
75 288
75 334
75 460
77 390
80 81
81 321
83 98
83 100
84 100
84 186
84 246
86 95
87 515
88 93
88 100
88 249
89 95
89 103
89 597
90 182
90 196
90 208
91 99
92 95
93 97
95 456
97 324
98 99
99 297
100 377
102 104
129 134
129 122
129 459
130 255
131 142
131 111
131 113
131 127
133 125
135 139
135 105
136 210
136 517
137 114
139 246
139 590
141 112
142 118
142 165
143 107
143 111
108 119
109 121
110 446
111 165
113 119
115 118
118 127
120 123
121 145
121 278
122 310
144 156
145 162
145 177
146 320
147 424
149 159
149 253
150 167
150 468
151 169
151 181
152 162
152 316
152 414
156 601
159 176
164 177
170 172
171 174
171 187
172 181
173 255
173 457
174 317
181 188
185 227
187 323
189 219
190 207
191 199
193 222
194 206
195 206
195 275
195 474
197 203
198 199
198 215
198 316
198 334
199 452
201 206
202 214
203 550
205 227
207 516
209 228
210 223
211 214
212 462
215 258
218 226
219 446
223 371
225 340
228 451
229 275
232 233
232 237
232 310
232 324
233 235
233 365
234 237
234 241
234 514
235 236
235 237
235 242
235 511
236 240
239 242
241 413
258 283
258 286
258 252
260 250
260 254
260 348
261 288
265 255
265 306
267 287
267 319
267 454
268 243
268 309
269 252
270 274
270 316
272 322
272 505
273 248
273 317
279 244
282 251
284 252
288 300
245 313
245 461
289 303
289 306
290 293
290 366
291 297
292 300
292 302
293 294
294 297
294 299
294 543
295 330
296 307
296 311
299 305
303 304
303 313
304 305
309 481
315 335
318 602
319 352
321 327
321 330
322 410
323 421
324 338
324 479
327 328
327 335
329 331
329 335
331 336
331 340
336 407
343 354
346 351
346 354
346 378
353 371
354 464
355 360
357 365
357 368
359 363
371 373
374 376
374 473
375 378
376 378
377 466
378 402
378 551
379 381
380 404
381 443
384 392
384 399
385 389
385 396
385 424
387 390
388 394
388 397
390 397
392 453
394 398
394 423
396 398
417 404
417 409
418 405
418 449
400 414
401 413
401 414
402 411
404 412
404 569
405 425
407 408
410 579
412 448
420 424
421 451
424 425
428 468
429 430
432 434
433 434
433 442
433 459
435 436
435 440
437 439
441 506
442 445
444 574
447 454
448 465
449 464
452 455
452 460
452 476
454 479
454 608
456 476
458 464
459 469
466 468
466 509
468 470
468 476
469 477
469 566
474 606
477 478
482 489
483 485
483 496
485 503
486 490
486 491
487 512
488 502
489 496
498 501
498 514
500 513
505 506
508 510
513 514
513 515
518 556
520 566
522 546
523 601
526 606
527 538
528 535
528 539
528 540
529 544
530 563
533 586
535 537
535 587
536 602
538 574
538 597
540 558
540 591
541 597
541 607
542 544
543 552
544 579
544 581
550 609
553 561
553 593
556 586
558 607
560 604
562 581
564 580
566 586
571 590
571 603
583 596
584 599
592 605
610 611
618 619