0 26
0 36
0 41
0 47
0 123
0 187
0 204
0 280
0 331
0 366
0 382
0 517
0 485
0 522
0 525
0 569
0 597
0 660
0 664
0 666
0 667
1 3
1 7
1 11
1 25
1 26
1 30
1 55
1 119
1 123
1 124
1 212
1 217
1 245
1 292
1 305
1 349
1 529
1 531
1 547
1 551
1 565
1 581
1 586
1 594
1 657
1 662
1 673
1 627
2 7
2 14
2 15
2 19
2 20
2 22
2 27
2 34
2 35
2 37
2 38
2 39
2 42
2 44
2 46
2 184
2 210
2 231
2 288
2 309
2 383
2 524
2 533
2 539
2 543
2 550
2 558
2 567
2 606
2 607
2 651
2 673
2 689
2 620
2 622
3 5
3 7
3 8
3 10
3 15
3 18
3 25
3 35
3 38
3 40
3 177
3 191
3 201
3 274
3 312
3 516
3 521
3 542
3 548
3 556
3 563
3 579
3 588
3 595
3 671
3 677
3 680
3 616
4 9
4 10
4 12
4 22
4 25
4 37
4 40
4 46
4 111
4 132
4 169
4 237
4 274
4 288
4 304
4 315
4 340
4 365
4 515
4 529
4 540
4 575
4 612
4 640
4 666
4 687
4 638
5 6
5 9
5 10
5 15
5 18
5 23
5 29
5 30
5 36
5 45
5 47
5 60
5 147
5 199
5 219
5 254
5 294
5 359
5 512
5 476
5 479
5 482
5 522
5 556
5 558
5 571
5 584
5 602
5 649
5 673
6 7
6 13
6 14
6 21
6 22
6 23
6 25
6 29
6 46
6 47
6 68
6 97
6 107
6 158
6 168
6 276
6 303
6 312
6 355
6 361
6 374
6 388
6 435
6 492
6 525
6 541
6 551
6 569
6 573
6 597
6 653
6 678
6 682
6 615
6 618
6 619
7 9
7 10
7 24
7 30
7 32
7 33
7 35
7 36
7 37
7 40
7 43
7 73
7 113
7 163
7 201
7 210
7 242
7 243
7 251
7 289
7 377
7 379
7 386
7 424
7 506
7 528
7 540
7 542
7 603
7 609
7 644
7 654
7 657
7 667
7 616
8 14
8 16
8 21
8 22
8 29
8 30
8 32
8 33
8 34
8 35
8 38
8 39
8 138
8 193
8 279
8 286
8 291
8 335
8 364
8 477
8 600
8 640
8 641
8 662
8 665
8 669
8 675
8 681
8 686
8 689
9 14
9 25
9 26
9 29
9 35
9 37
9 40
9 41
9 47
9 157
9 172
9 266
9 281
9 285
9 286
9 299
9 348
9 354
9 355
9 399
9 402
9 499
9 523
9 528
9 541
9 555
9 578
9 590
9 655
9 686
9 616
10 15
10 17
10 18
10 21
10 32
10 36
10 45
10 144
10 150
10 228
10 286
10 288
10 289
10 298
10 314
10 391
10 429
10 522
10 543
10 550
10 559
10 561
10 562
10 573
10 643
10 654
10 667
10 621
11 15
11 16
11 23
11 24
11 31
11 37
11 40
11 43
11 47
11 56
11 187
11 242
11 521
11 541
11 552
11 559
11 560
11 590
11 663
12 13
12 15
12 17
12 20
12 22
12 23
12 26
12 27
12 29
12 32
12 33
12 36
12 44
12 46
12 73
12 212
12 225
12 242
12 321
12 343
12 358
12 361
12 388
12 403
12 482
12 552
12 555
12 559
12 564
12 577
12 584
12 599
12 657
12 661
12 622
12 623
12 624
12 630
13 14
13 23
13 24
13 25
13 26
13 27
13 31
13 34
13 38
13 43
13 77
13 86
13 207
13 277
13 342
13 360
13 361
13 503
13 534
13 550
13 554
13 558
13 559
13 561
13 568
13 579
13 585
13 644
13 666
13 682
13 619
13 635
14 26
14 30
14 31
14 34
14 39
14 44
14 131
14 180
14 185
14 199
14 218
14 246
14 257
14 307
14 323
14 343
14 384
14 394
14 517
14 521
14 523
14 529
14 538
14 552
14 560
14 568
14 570
14 580
14 605
14 641
14 643
14 675
14 618
15 16
15 18
15 23
15 29
15 36
15 85
15 249
15 260
15 463
15 467
15 469
15 527
15 550
15 552
15 555
15 565
15 592
15 645
15 616
15 619
15 631
16 20
16 24
16 33
16 36
16 38
16 41
16 43
16 124
16 169
16 218
16 293
16 298
16 307
16 337
16 420
16 551
16 584
16 598
16 605
16 678
16 692
16 624
16 629
16 634
17 18
17 19
17 25
17 28
17 31
17 38
17 45
17 46
17 103
17 153
17 235
17 258
17 285
17 318
17 340
17 397
17 538
17 545
17 548
17 553
17 567
17 575
17 576
17 578
17 596
17 603
17 669
17 677
17 689
18 20
18 22
18 23
18 24
18 25
18 27
18 45
18 47
18 65
18 283
18 294
18 298
18 322
18 330
18 541
18 551
18 568
18 582
18 596
18 603
18 606
18 681
18 632
18 639
19 20
19 21
19 23
19 31
19 37
19 38
19 40
19 42
19 43
19 53
19 90
19 118
19 125
19 158
19 291
19 298
19 302
19 375
19 383
19 390
19 396
19 455
19 527
19 558
19 563
19 568
19 569
19 584
19 597
19 607
19 609
19 657
19 658
19 670
19 677
19 630
20 24
20 26
20 29
20 33
20 34
20 35
20 40
20 44
20 45
20 47
20 63
20 203
20 210
20 222
20 230
20 279
20 300
20 365
20 380
20 523
20 585
20 611
20 643
20 649
20 653
20 681
20 615
20 628
21 29
21 35
21 36
21 38
21 47
21 79
21 100
21 211
21 220
21 273
21 506
21 522
21 531
21 534
21 549
21 575
21 642
21 655
21 676
21 680
21 682
21 618
21 626
22 24
22 30
22 32
22 35
22 38
22 43
22 44
22 58
22 61
22 97
22 258
22 287
22 370
22 572
22 573
22 606
22 643
22 653
22 660
22 672
22 679
22 684
22 687
22 634
23 24
23 30
23 38
23 43
23 44
23 49
23 72
23 131
23 265
23 270
23 294
23 298
23 301
23 402
23 466
23 522
23 534
23 550
23 560
23 601
23 602
23 661
23 673
23 685
23 689
23 619
23 621
23 626
23 638
24 35
24 36
24 73
24 119
24 207
24 236
24 280
24 325
24 353
24 386
24 484
24 522
24 590
24 604
24 609
24 642
24 655
24 674
24 689
24 621
24 629
25 27
25 28
25 30
25 31
25 32
25 34
25 35
25 39
25 42
25 113
25 196
25 200
25 221
25 273
25 367
25 375
25 405
25 536
25 541
25 546
25 570
25 571
25 680
25 686
25 687
25 619
26 32
26 36
26 37
26 41
26 46
26 74
26 81
26 104
26 107
26 142
26 148
26 167
26 279
26 310
26 380
26 537
26 540
26 551
26 582
26 604
26 665
26 693
27 28
27 31
27 32
27 37
27 42
27 44
27 45
27 47
27 100
27 168
27 228
27 262
27 338
27 345
27 353
27 512
27 424
27 521
27 542
27 545
27 570
27 586
27 597
27 650
27 674
27 678
28 29
28 98
28 166
28 236
28 243
28 289
28 399
28 429
28 523
28 527
28 549
28 588
28 632
28 635
28 637
29 30
29 32
29 38
29 43
29 66
29 73
29 167
29 194
29 365
29 404
29 486
29 527
29 535
29 545
29 590
29 591
29 603
29 666
29 614
29 615
29 633
29 637
30 39
30 183
30 187
30 262
30 287
30 342
30 403
30 530
30 536
30 596
30 610
30 636
30 637
31 33
31 34
31 35
31 36
31 44
31 217
31 349
31 525
31 526
31 531
31 533
31 568
31 582
31 626
31 635
31 637
32 33
32 34
32 36
32 37
32 48
32 59
32 60
32 246
32 256
32 286
32 295
32 376
32 382
32 390
32 511
32 546
32 567
32 583
32 601
32 641
32 661
32 665
32 681
32 693
32 629
33 37
33 42
33 74
33 228
33 240
33 328
33 352
33 510
33 525
33 529
33 556
33 560
33 570
33 588
33 598
33 647
33 657
33 662
33 669
33 674
34 39
34 40
34 129
34 153
34 165
34 184
34 230
34 536
34 548
34 610
34 665
34 676
34 694
34 639
35 41
35 187
35 226
35 231
35 267
35 274
35 298
35 310
35 340
35 356
35 359
35 383
35 389
35 521
35 539
35 557
35 558
35 566
35 581
35 585
35 641
35 669
35 616
36 38
36 47
36 69
36 135
36 229
36 261
36 289
36 385
36 537
36 547
36 558
36 561
36 570
36 582
36 593
36 597
36 646
36 654
36 663
36 675
36 685
36 687
36 690
36 692
37 38
37 39
37 47
37 77
37 201
37 244
37 523
37 533
37 539
37 540
37 546
37 547
37 562
37 570
37 575
37 592
37 660
37 662
38 41
38 44
38 47
38 50
38 52
38 92
38 132
38 168
38 239
38 313
38 374
38 382
38 522
38 523
38 540
38 541
38 544
38 569
38 573
38 574
38 595
38 602
38 607
38 640
38 648
38 650
38 662
38 677
38 614
38 616
38 618
38 627
38 633
39 42
39 43
39 44
39 46
39 69
39 90
39 134
39 160
39 169
39 170
39 176
39 223
39 286
39 348
39 377
39 380
39 459
39 555
39 559
39 578
39 584
39 585
39 652
39 686
39 687
39 613
39 636
39 637
40 189
40 213
40 249
40 264
40 309
40 547
40 555
40 575
40 610
40 646
40 665
40 667
40 629
40 633
41 46
41 47
41 103
41 254
41 270
41 293
41 354
41 395
41 484
41 524
41 525
41 536
41 554
41 567
41 582
41 593
41 608
41 665
41 622
42 43
42 47
42 94
42 105
42 107
42 213
42 220
42 291
42 303
42 363
42 366
42 379
42 429
42 437
42 557
42 558
42 559
42 588
42 611
42 646
42 652
42 661
42 676
42 626
42 628
42 633
43 45
43 149
43 165
43 265
43 271
43 313
43 353
43 533
43 539
43 595
43 598
43 606
43 640
43 644
43 649
43 687
43 692
43 614
43 619
43 632
43 639
44 122
44 163
44 170
44 214
44 218
44 234
44 258
44 293
44 304
44 342
44 371
44 402
44 513
44 434
44 536
44 539
44 546
44 565
44 575
44 576
44 679
44 684
44 625
44 630
44 638
45 47
45 130
45 181
45 223
45 248
45 249
45 276
45 317
45 321
45 356
45 398
45 511
45 533
45 539
45 542
45 548
45 580
45 589
45 593
45 608
45 650
45 661
45 624
46 95
46 128
46 132
46 182
46 204
46 217
46 239
46 253
46 292
46 303
46 304
46 310
46 341
46 392
46 525
46 548
46 567
46 571
46 583
46 596
46 679
47 116
47 119
47 201
47 227
47 282
47 326
47 384
47 538
47 554
47 565
47 589
47 593
47 609
47 669
47 674
47 626
48 58
48 61
48 70
48 83
48 85
48 88
48 135
48 148
48 156
48 166
48 221
48 237
48 260
48 311
48 523
48 592
49 78
49 90
49 94
49 97
49 140
49 175
49 184
49 204
49 221
49 246
49 316
49 382
49 542
50 53
50 73
50 77
50 107
50 116
50 127
50 132
50 160
50 167
50 200
50 229
50 234
50 243
50 248
50 259
51 53
51 62
51 91
51 105
51 116
51 125
51 129
51 139
51 143
51 144
51 145
51 173
51 193
51 225
51 233
51 238
51 257
51 268
51 304
51 548
51 557
51 648
51 635
52 67
52 79
52 95
52 112
52 125
52 137
52 168
52 171
52 244
52 670
53 71
53 101
53 115
53 118
53 120
53 123
53 139
53 193
53 194
53 239
53 244
53 259
53 288
53 529
53 532
53 674
54 64
54 97
54 125
54 149
54 150
54 167
54 180
54 189
54 190
54 217
54 225
54 250
54 260
54 266
54 590
54 592
54 601
54 663
55 83
55 85
55 126
55 160
55 176
55 203
55 208
55 211
55 214
55 226
55 232
55 252
55 257
55 290
55 392
55 543
55 570
55 608
55 644
55 657
56 59
56 99
56 136
56 140
56 159
56 164
56 180
56 189
56 195
56 200
56 216
56 224
56 232
56 290
56 392
56 418
56 560
57 78
57 107
57 115
57 123
57 159
57 190
57 207
57 210
57 224
57 244
57 258
57 523
57 543
57 644
58 60
58 75
58 110
58 114
58 117
58 118
58 127
58 135
58 140
58 174
58 226
58 230
58 246
58 255
58 257
58 261
58 591
59 80
59 90
59 104
59 176
59 179
59 190
59 209
59 223
59 254
59 547
59 559
60 92
60 98
60 102
60 119
60 123
60 125
60 126
60 131
60 159
60 161
60 168
60 169
60 178
60 192
60 211
60 255
60 266
60 270
60 545
61 93
61 96
61 108
61 109
61 131
61 145
61 151
61 189
61 193
61 221
61 243
61 247
61 388
61 394
61 416
61 474
61 537
61 592
61 650
62 66
62 76
62 124
62 150
62 185
62 189
62 202
62 218
62 228
62 240
62 252
62 540
62 585
62 634
63 70
63 77
63 101
63 103
63 104
63 118
63 119
63 125
63 133
63 202
63 206
63 232
63 233
63 236
63 245
63 251
63 258
63 266
63 490
63 543
64 66
64 67
64 77
64 91
64 126
64 138
64 168
64 178
64 192
64 239
64 245
64 292
64 349
64 544
65 85
65 122
65 158
65 160
65 216
65 235
65 249
65 264
65 559
65 586
66 75
66 78
66 89
66 116
66 128
66 132
66 141
66 143
66 156
66 157
66 179
66 181
66 186
66 197
66 226
66 230
66 243
66 299
66 356
67 78
67 84
67 127
67 136
67 138
67 185
67 195
67 207
67 208
67 211
67 235
67 249
67 250
67 264
67 301
67 315
67 693
68 76
68 126
68 130
68 163
68 166
68 220
68 225
68 229
68 232
68 257
68 426
68 448
68 475
68 648
69 72
69 73
69 79
69 91
69 92
69 95
69 115
69 118
69 119
69 122
69 138
69 157
69 198
69 200
69 206
69 212
69 215
69 382
69 562
69 640
69 685
70 96
70 144
70 202
70 204
70 216
70 228
70 232
70 293
71 76
71 79
71 80
71 91
71 103
71 124
71 187
71 203
71 224
71 233
71 239
71 254
71 260
71 275
71 659
72 76
72 98
72 105
72 110
72 117
72 138
72 154
72 157
72 178
72 209
72 218
72 233
72 236
72 299
72 648
72 652
73 81
73 86
73 99
73 132
73 139
73 152
73 153
73 157
73 163
73 172
73 177
73 187
73 210
73 675
74 76
74 80
74 95
74 114
74 121
74 124
74 138
74 151
74 161
74 186
74 192
74 238
74 242
74 363
74 370
74 531
74 548
74 644
75 96
75 97
75 127
75 180
75 193
75 208
75 213
75 228
75 229
75 289
75 575
76 78
76 91
76 102
76 132
76 150
76 158
76 185
76 212
76 226
76 260
76 566
76 617
76 636
77 93
77 99
77 105
77 114
77 132
77 153
77 160
77 178
77 182
77 188
77 201
77 241
77 401
77 424
77 583
78 79
78 107
78 124
78 135
78 158
78 166
78 181
78 186
78 187
78 209
78 224
78 231
78 240
78 251
78 278
78 312
78 395
78 544
78 620
79 82
79 136
79 153
79 192
79 203
79 228
79 245
79 366
79 394
79 534
79 582
79 611
79 659
79 690
79 633
80 84
80 85
80 134
80 140
80 219
80 237
80 238
80 254
80 524
80 577
80 602
80 681
81 130
81 145
81 199
81 252
81 255
81 346
81 465
82 84
82 92
82 95
82 97
82 122
82 135
82 136
82 166
82 172
82 197
82 209
82 225
82 239
82 254
82 523
82 535
82 559
82 670
83 87
83 96
83 102
83 110
83 147
83 170
83 176
83 202
83 274
83 402
83 580
84 95
84 146
84 174
84 181
84 182
84 201
84 213
84 222
84 237
84 255
84 540
85 106
85 113
85 120
85 133
85 146
85 151
85 173
85 180
85 185
85 196
85 198
85 202
85 203
85 218
85 219
85 229
85 246
85 266
85 523
85 546
85 577
85 582
86 112
86 136
86 166
86 177
86 185
86 206
86 210
86 224
86 234
86 304
86 353
87 93
87 124
87 138
87 150
87 171
87 172
87 185
87 186
87 203
87 211
87 216
87 218
87 219
87 242
87 248
87 258
87 280
87 351
87 526
88 117
88 124
88 130
88 136
88 142
88 153
88 174
88 184
88 188
88 199
88 217
88 218
88 232
88 553
88 593
89 95
89 101
89 140
89 156
89 158
89 182
89 183
89 192
89 228
89 250
89 254
89 258
89 303
89 345
89 662
89 614
90 96
90 99
90 103
90 127
90 130
90 138
90 141
90 146
90 150
90 159
90 164
90 165
90 181
90 191
90 218
90 228
90 232
90 250
90 526
90 529
90 637
91 113
91 149
91 169
91 176
91 187
91 197
91 201
91 255
91 259
91 383
92 93
92 106
92 145
92 154
92 156
92 186
92 198
92 200
92 203
92 213
92 224
92 260
92 306
92 568
92 646
93 100
93 107
93 109
93 112
93 122
93 143
93 145
93 146
93 150
93 155
93 190
93 198
93 211
93 241
93 244
93 246
93 549
93 605
93 618
94 97
94 163
94 167
94 193
94 257
94 309
94 346
94 400
94 536
94 539
94 576
94 679
94 629
95 96
95 107
95 193
95 219
95 249
95 251
95 253
95 536
95 679
96 101
96 120
96 132
96 200
96 217
96 218
96 219
96 236
96 241
96 642
97 112
97 163
97 201
97 221
97 254
97 257
97 627
98 99
98 108
98 121
98 127
98 134
98 139
98 140
98 153
98 158
98 171
98 182
98 184
98 189
98 190
98 206
98 211
98 213
98 220
98 231
98 232
98 290
98 555
98 556
98 562
98 676
99 102
99 120
99 121
99 124
99 126
99 134
99 141
99 142
99 197
99 211
99 221
99 227
99 238
99 287
99 574
99 602
100 101
100 126
100 133
100 138
100 146
100 152
100 154
100 162
100 180
100 189
100 193
100 198
100 210
101 107
101 109
101 110
101 116
101 123
101 153
101 160
101 169
101 204
101 222
101 230
101 234
101 239
101 308
101 540
101 594
101 674
101 629
102 115
102 119
102 145
102 146
102 209
102 539
102 546
103 115
103 117
103 126
103 127
103 158
103 177
103 205
103 228
103 357
103 596
103 644
104 110
104 121
104 147
104 155
104 162
104 196
104 214
104 216
104 217
104 218
104 248
104 251
104 258
104 326
104 536
104 636
105 117
105 127
105 155
105 169
105 175
105 226
105 230
105 245
105 250
105 253
105 256
105 376
105 618
106 125
106 128
106 129
106 140
106 144
106 158
106 194
106 228
106 241
106 253
106 543
106 649
107 119
107 156
107 197
107 215
107 244
107 285
107 308
107 346
108 144
108 154
108 160
108 162
108 164
108 185
108 211
108 226
108 253
108 269
108 535
108 595
108 632
109 119
109 120
109 154
109 157
109 162
109 181
109 199
109 200
109 210
109 214
109 218
109 250
109 255
109 393
109 658
109 627
110 119
110 181
110 183
110 212
110 216
110 218
110 219
110 222
110 226
110 236
110 261
110 591
111 127
111 137
111 139
111 144
111 154
111 165
111 181
111 203
111 216
111 233
111 237
111 256
111 257
111 310
111 316
111 431
111 681
112 119
112 124
112 131
112 139
112 152
112 181
112 187
112 189
112 193
112 198
112 202
112 208
112 214
112 229
112 250
112 261
112 463
112 466
112 544
112 555
112 679
112 685
113 147
113 181
113 199
113 202
113 217
113 240
113 248
113 255
113 346
113 370
113 386
113 570
113 628
114 119
114 129
114 142
114 154
114 163
114 166
114 185
114 230
114 238
114 241
114 244
114 247
114 254
114 269
114 504
114 527
114 644
114 627
115 129
115 153
115 156
115 158
115 160
115 163
115 173
115 175
115 178
115 224
115 234
115 240
115 241
115 252
115 255
115 256
115 434
116 119
116 150
116 153
116 200
116 202
116 220
116 252
116 261
116 361
116 400
116 528
117 118
117 125
117 134
117 136
117 139
117 170
117 179
117 197
117 204
117 217
117 237
117 240
117 250
117 257
118 137
118 138
118 142
118 158
118 166
118 167
118 185
118 195
118 201
118 205
118 218
118 220
118 253
118 552
118 563
119 122
119 152
119 163
119 176
119 187
119 190
119 208
119 209
119 214
119 217
119 218
119 235
119 246
119 247
119 252
119 397
120 157
120 160
120 185
120 213
120 224
120 253
120 254
120 283
120 365
120 456
120 644
120 623
121 123
121 155
121 204
121 233
121 253
121 556
121 580
121 658
121 632
122 196
122 197
122 198
122 203
122 214
122 217
122 229
122 230
122 239
122 241
123 128
123 148
123 152
123 162
123 175
123 205
123 208
123 252
123 256
123 305
123 367
123 645
123 689
124 153
124 156
124 157
124 174
124 186
124 208
124 214
124 228
124 244
124 383
124 679
125 133
125 172
125 201
125 209
125 224
125 226
125 243
125 283
125 539
125 561
125 585
125 660
125 672
126 152
126 165
126 190
126 202
126 213
126 223
126 238
126 247
126 257
126 547
127 142
127 177
127 182
127 198
127 224
127 231
127 258
127 259
127 355
127 541
127 615
128 132
128 152
128 164
128 213
128 216
128 232
128 253
128 255
128 542
128 579
129 151
129 171
129 179
129 230
129 231
129 237
130 164
130 179
130 183
130 197
130 206
130 217
130 346
130 584
131 134
131 155
131 158
131 159
131 168
131 179
131 193
131 195
131 196
131 205
131 223
131 229
131 240
131 254
131 258
132 148
132 164
132 180
132 196
132 203
132 219
132 225
132 233
132 352
133 137
133 144
133 150
133 184
133 214
133 224
133 251
133 258
134 166
134 177
134 179
134 182
134 185
134 188
134 199
134 211
134 250
134 403
134 584
135 218
135 227
135 260
135 555
135 593
135 675
135 682
135 623
136 156
136 171
136 204
136 223
136 230
136 232
136 250
136 322
137 154
137 210
137 212
137 253
137 259
137 354
137 532
137 575
138 140
138 181
138 182
138 226
138 236
138 250
138 409
138 540
138 548
139 151
139 158
139 160
139 198
139 537
139 651
140 150
140 163
140 172
140 224
140 229
140 248
140 260
140 261
140 582
141 147
141 166
141 186
141 196
141 197
141 201
141 212
141 220
141 346
141 679
142 144
142 183
142 199
142 204
142 234
142 258
142 260
142 545
142 554
142 652
142 625
143 184
143 201
143 232
143 233
143 235
143 259
143 567
143 593
144 186
144 192
144 215
144 226
144 236
144 237
144 253
144 261
144 285
144 376
144 556
144 566
144 651
145 155
145 156
145 162
145 172
145 175
145 191
145 217
145 218
145 229
145 248
145 251
145 387
145 404
145 495
145 651
145 616
146 179
146 204
146 254
146 288
146 314
146 693
147 185
147 202
147 225
147 257
147 303
147 662
148 167
148 189
148 214
148 240
148 241
148 243
148 246
148 665
149 174
149 188
149 191
149 192
149 193
149 201
149 228
149 320
149 343
149 515
149 493
149 555
149 577
149 601
149 687
150 156
150 159
150 168
150 193
150 218
150 238
150 244
150 394
150 528
150 531
150 590
151 180
151 181
151 183
151 210
151 211
151 220
151 228
151 449
151 501
151 529
151 553
152 172
152 175
152 180
152 191
152 196
152 204
152 205
152 254
152 315
152 530
152 620
152 634
153 169
153 200
153 203
153 211
153 214
153 222
153 228
153 260
153 378
153 631
153 635
154 191
154 195
154 208
154 210
154 214
154 216
154 228
154 255
154 561
154 587
154 681
155 169
155 170
155 176
155 180
155 222
155 247
155 249
155 676
155 683
155 623
156 160
156 163
156 165
156 169
156 179
156 192
156 198
156 227
156 252
156 571
157 174
157 186
157 208
157 214
157 221
157 230
157 242
157 573
157 612
157 652
157 626
158 159
158 168
158 175
158 226
158 251
158 314
158 326
158 682
158 626
159 175
159 226
159 229
159 233
159 248
159 397
159 441
160 161
160 180
160 207
160 241
160 246
160 257
160 258
160 325
160 358
160 465
160 558
160 604
160 612
161 180
161 199
161 201
161 215
161 233
161 252
161 277
161 329
161 690
162 168
162 174
162 209
162 228
162 241
162 404
162 427
162 567
163 167
163 202
163 229
163 245
163 590
164 174
164 182
164 185
164 186
164 213
164 219
164 222
164 226
164 239
164 243
164 481
164 600
164 604
164 694
165 180
165 194
165 241
165 258
165 436
165 439
165 609
166 215
166 233
166 248
166 586
166 599
166 649
167 178
167 196
167 217
167 240
167 242
168 221
168 240
168 245
168 250
168 550
168 570
169 178
169 194
169 207
169 213
169 217
169 223
169 235
169 250
169 253
169 293
169 566
169 650
169 669
169 694
169 623
169 637
170 192
170 201
170 210
170 223
170 228
170 349
170 384
170 606
170 665
171 176
171 187
171 208
171 239
171 245
171 246
171 578
171 690
172 179
172 189
172 207
172 212
172 214
172 218
172 219
172 230
172 232
172 233
172 245
172 292
172 433
172 567
173 198
173 237
173 244
173 248
173 330
173 338
173 383
173 642
173 690
173 613
174 192
174 201
174 225
174 247
174 255
174 261
174 504
174 677
174 690
174 626
175 188
175 217
175 523
175 559
175 596
176 194
176 201
176 223
176 403
176 546
176 549
176 679
177 216
177 223
177 226
177 231
177 234
177 453
177 538
178 181
178 211
178 218
178 225
178 235
178 242
178 595
178 657
179 190
179 199
179 252
179 254
179 552
179 594
180 190
180 198
180 199
180 206
180 211
180 244
180 325
180 526
180 610
180 681
180 692
181 210
181 233
181 242
181 360
181 611
182 187
182 197
182 223
182 259
182 277
182 315
182 403
182 450
182 688
183 222
183 223
183 243
183 376
183 689
184 196
184 216
184 240
184 259
185 201
185 216
185 219
185 222
185 237
185 393
185 632
186 188
186 195
186 198
186 220
186 246
186 374
186 560
187 219
187 227
187 376
187 594
188 228
188 247
188 404
188 408
188 535
188 644
189 190
189 204
189 238
189 605
190 197
190 200
190 227
190 231
190 234
190 240
190 255
190 259
190 417
190 536
191 200
191 241
191 246
191 250
191 354
191 535
191 589
192 194
192 204
192 207
192 210
192 233
192 237
192 238
192 253
192 556
193 206
193 220
193 240
193 253
193 261
193 328
193 530
193 597
194 217
194 219
194 233
194 326
194 542
194 555
194 556
195 220
195 221
195 223
195 228
195 232
195 235
195 240
195 316
195 366
195 536
195 586
196 245
196 255
196 256
196 257
196 309
196 440
196 567
196 575
197 270
197 363
197 530
197 549
197 594
197 645
198 256
198 423
198 553
198 611
199 212
199 214
199 217
199 219
199 249
199 576
199 661
199 635
200 201
200 205
200 206
200 214
200 221
200 249
200 255
200 259
200 533
201 231
201 250
201 362
201 552
202 206
202 228
202 235
202 258
202 615
203 219
203 220
203 224
203 229
203 245
203 248
203 253
203 257
203 532
203 543
203 594
203 671
204 232
204 591
205 211
205 216
205 235
205 258
206 211
206 248
206 260
206 507
206 533
206 542
206 633
207 218
207 220
207 248
207 249
207 365
207 529
207 549
208 215
208 232
208 353
208 569
209 223
209 232
209 238
209 245
209 261
209 267
209 277
209 388
209 526
209 530
209 601
210 215
210 216
210 226
210 254
210 686
211 217
211 239
211 246
211 436
211 451
211 529
211 560
211 613
212 213
212 238
212 240
212 254
212 256
212 397
212 675
213 229
213 238
213 245
213 260
213 261
213 381
213 674
213 623
214 228
214 254
214 497
214 565
215 223
215 228
215 245
215 250
215 256
215 305
216 232
216 240
216 248
216 304
217 232
217 236
217 243
217 256
217 571
217 580
217 643
218 224
218 234
218 236
218 242
218 269
218 585
218 624
219 232
219 252
219 595
219 664
219 666
220 223
220 234
220 242
220 267
220 341
220 538
220 642
220 661
221 223
221 234
221 249
221 260
221 389
221 464
221 591
221 659
221 694
221 614
221 616
222 230
222 244
222 256
222 258
222 259
222 261
222 268
222 563
222 683
222 616
223 234
223 267
223 413
223 438
223 505
223 548
223 552
223 604
223 626
224 256
224 300
224 549
225 227
225 256
226 239
226 271
226 348
226 488
226 610
226 612
226 690
227 239
227 537
228 232
228 237
228 345
228 396
228 562
228 582
228 647
228 639
229 450
229 542
229 605
229 643
230 381
230 539
230 558
230 648
231 402
231 527
232 242
232 261
232 262
232 558
232 609
232 679
233 241
233 242
233 253
233 612
233 644
234 331
234 402
235 242
235 252
235 554
235 685
236 242
236 273
236 401
237 239
237 250
237 252
237 258
237 268
237 347
237 525
237 645
237 664
237 679
238 619
239 260
239 284
239 402
239 558
239 582
240 242
240 253
240 385
240 552
240 589
240 681
241 259
241 293
241 296
242 247
242 336
242 355
242 549
243 431
244 248
244 550
244 611
244 650
245 256
245 259
245 482
246 255
246 259
246 345
246 400
246 439
246 537
247 373
247 588
247 605
247 618
248 281
248 368
248 396
248 612
248 661
249 254
249 256
249 312
249 337
249 397
249 544
249 546
249 658
249 670
249 673
250 287
251 273
251 384
251 551
251 678
252 383
252 456
252 593
252 594
252 614
253 260
253 271
253 306
253 400
253 537
253 653
253 638
254 335
254 556
254 625
255 338
255 541
255 582
255 679
255 618
255 628
256 355
256 535
256 640
257 258
257 261
257 556
258 378
258 521
258 553
258 596
260 283
260 607
260 645
260 651
260 624
261 521
261 586
262 263
262 266
262 279
262 283
262 287
262 304
262 325
262 327
262 336
262 340
262 355
262 365
262 374
262 398
262 528
262 580
262 597
262 665
262 666
262 621
263 272
263 281
263 286
263 305
263 311
263 327
263 332
263 334
263 335
263 364
263 365
263 368
263 385
263 399
263 630
264 295
264 300
264 303
264 305
264 312
264 334
264 338
264 349
264 351
264 371
264 373
264 385
264 387
264 389
264 400
264 528
264 568
264 612
264 629
265 284
265 298
265 299
265 305
265 321
265 322
265 334
265 341
265 347
265 350
265 358
265 366
265 386
265 389
265 403
265 582
266 268
266 301
266 318
266 353
266 355
266 371
266 395
266 402
266 464
266 555
266 600
266 643
267 296
267 297
267 303
267 322
267 346
267 347
267 352
267 378
267 382
267 389
267 396
267 416
268 295
268 315
268 356
268 364
268 386
268 388
268 546
268 595
268 609
268 660
269 283
269 285
269 295
269 304
269 338
269 361
269 376
269 382
269 384
269 393
269 661
269 690
269 694
270 283
270 300
270 312
270 327
270 328
270 329
270 332
270 333
270 335
270 339
270 341
270 345
270 350
270 358
270 364
270 386
270 391
270 392
270 401
270 544
270 609
270 667
270 682
271 302
271 306
271 308
271 323
271 346
271 351
271 361
271 369
271 378
271 383
271 384
271 401
271 543
271 545
271 693
271 639
272 285
272 303
272 310
272 312
272 318
272 323
272 327
272 333
272 343
272 359
272 360
272 370
272 391
272 415
272 475
272 532
272 542
272 579
272 581
272 585
273 287
273 313
273 314
273 315
273 343
273 367
273 370
273 382
273 386
273 391
273 399
273 472
273 526
273 568
273 569
273 660
274 304
274 305
274 317
274 321
274 322
274 334
274 341
274 357
274 374
274 402
274 461
274 690
274 613
275 313
275 326
275 337
275 355
275 383
275 403
275 536
275 570
275 577
275 606
276 289
276 293
276 313
276 322
276 328
276 342
276 343
276 359
276 380
276 391
276 394
276 399
276 431
276 563
276 576
276 635
277 287
277 294
277 300
277 307
277 315
277 336
277 337
277 365
277 388
277 392
277 396
277 681
278 282
278 284
278 299
278 310
278 313
278 319
278 330
278 351
278 356
278 359
278 381
278 382
278 384
278 385
278 388
279 289
279 291
279 295
279 332
279 379
279 572
279 637
280 288
280 292
280 300
280 305
280 309
280 334
280 338
280 345
280 348
280 356
280 358
280 364
280 370
280 387
280 398
280 401
280 556
280 571
280 572
280 574
280 650
281 294
281 309
281 317
281 319
281 349
281 350
281 353
281 356
281 397
281 530
281 543
281 554
281 591
281 654
281 631
282 328
282 336
282 347
282 365
282 548
282 647
282 653
282 671
282 617
283 300
283 309
283 316
283 337
283 358
283 359
283 361
283 370
283 383
283 391
283 414
283 532
283 533
283 539
283 546
283 580
283 584
283 586
283 617
284 290
284 301
284 309
284 314
284 319
284 322
284 330
284 332
284 356
284 370
284 371
284 375
284 387
284 395
284 396
284 402
284 478
284 550
284 586
284 611
284 644
284 662
284 682
284 622
285 291
285 297
285 308
285 320
285 324
285 334
285 341
285 348
285 362
285 376
285 378
285 380
285 392
285 400
285 404
285 585
285 641
285 663
285 672
285 677
285 614
286 290
286 294
286 316
286 320
286 326
286 329
286 330
286 363
286 364
286 371
286 382
286 392
286 529
286 532
286 592
286 668
286 626
287 290
287 291
287 294
287 299
287 307
287 316
287 346
287 367
287 371
287 396
287 399
287 402
287 404
287 665
287 620
287 639
288 307
288 310
288 335
288 337
288 338
288 340
288 342
288 344
288 347
288 360
288 380
288 381
288 385
288 390
288 574
288 650
289 292
289 298
289 329
289 334
289 361
289 370
289 388
289 391
289 443
289 568
289 592
290 292
290 299
290 306
290 309
290 311
290 325
290 330
290 332
290 337
290 343
290 348
290 358
290 367
290 380
290 390
290 392
290 393
290 394
290 402
290 405
290 407
290 536
290 647
290 678
291 293
291 303
291 315
291 318
291 327
291 333
291 349
291 351
291 371
291 388
291 397
291 569
291 577
291 674
291 622
292 313
292 314
292 325
292 334
292 337
292 359
292 361
292 362
292 375
292 378
292 384
292 388
292 395
292 674
292 616
293 299
293 301
293 302
293 322
293 329
293 330
293 332
293 345
293 356
293 363
293 380
293 386
293 391
293 401
293 581
293 588
293 609
293 653
293 656
293 687
294 306
294 317
294 325
294 339
294 361
294 402
294 538
294 557
294 661
294 678
294 617
295 309
295 351
295 352
295 356
295 366
295 410
295 552
295 568
295 603
295 611
295 636
296 304
296 307
296 332
296 334
296 338
296 344
296 372
296 392
296 393
296 394
296 401
296 542
296 581
296 643
296 670
297 302
297 336
297 350
297 366
297 373
297 384
297 385
297 397
297 401
297 403
297 404
297 571
297 586
298 313
298 317
298 320
298 326
298 346
298 347
298 352
298 370
298 371
298 386
298 388
298 524
298 573
298 582
298 595
298 609
298 618
298 626
299 315
299 321
299 325
299 364
299 367
299 373
299 386
299 387
299 590
300 309
300 318
300 321
300 329
300 341
300 358
300 366
300 367
300 386
300 394
300 400
300 403
301 305
301 312
301 316
301 325
301 334
301 339
301 342
301 350
301 352
301 354
301 364
301 401
301 426
301 531
301 608
301 685
301 614
301 617
301 632
302 313
302 321
302 323
302 332
302 352
302 364
302 367
302 373
302 374
302 390
302 396
302 397
302 562
302 576
303 319
303 336
303 337
303 341
303 373
303 383
303 396
303 397
303 398
303 400
303 537
303 571
303 590
303 622
304 315
304 316
304 317
304 318
304 321
304 328
304 338
304 346
304 359
304 364
304 368
304 370
304 372
304 376
304 383
304 500
304 567
304 619
304 622
304 631
304 637
305 312
305 346
305 348
305 369
305 372
305 387
305 393
305 400
306 310
306 324
306 337
306 352
306 356
306 359
306 363
306 371
306 386
306 404
306 532
306 602
306 644
306 677
306 616
307 309
307 314
307 316
307 324
307 325
307 333
307 351
307 362
307 369
307 398
307 401
307 480
307 608
308 315
308 332
308 342
308 380
308 383
308 384
308 391
308 531
308 552
308 593
308 608
308 667
308 628
309 324
309 326
309 346
309 350
309 361
309 370
309 371
309 375
309 378
309 385
309 397
310 343
310 349
310 360
310 367
310 382
310 392
310 401
310 404
310 550
310 609
310 642
310 665
310 678
311 327
311 330
311 338
311 350
311 353
311 356
311 375
311 382
311 387
311 393
311 405
311 543
311 565
311 588
311 646
311 650
311 689
311 616
312 323
312 329
312 336
312 352
312 357
312 358
312 378
312 381
312 387
312 400
312 551
312 563
312 584
312 607
312 657
313 325
313 334
313 343
313 350
313 358
313 374
313 397
313 464
313 558
313 592
314 324
314 330
314 335
314 363
314 373
314 394
314 398
314 410
314 537
314 603
314 664
314 633
315 319
315 330
315 335
315 337
315 368
315 371
315 376
315 377
315 380
315 382
315 390
315 530
315 550
315 608
315 641
315 644
315 671
316 318
316 319
316 320
316 321
316 325
316 326
316 328
316 329
316 333
316 336
316 341
316 354
316 374
316 383
316 396
316 406
316 537
316 591
316 684
316 613
317 322
317 324
317 335
317 340
317 341
317 351
317 357
317 361
317 363
317 373
317 387
317 395
317 398
317 400
317 402
317 478
317 531
317 532
317 544
317 580
317 657
317 624
317 625
318 321
318 326
318 330
318 363
318 378
318 383
318 395
318 403
318 548
318 664
318 628
319 320
319 335
319 337
319 346
319 348
319 354
319 374
319 380
319 387
319 396
319 607
319 651
319 688
320 335
320 336
320 339
320 345
320 371
320 559
320 644
320 653
320 655
320 616
320 624
321 325
321 353
321 370
321 380
321 383
321 390
321 393
321 396
321 404
321 471
322 325
322 342
322 348
322 365
322 397
322 398
322 400
322 537
322 582
322 609
322 656
322 675
322 626
322 632
323 326
323 332
323 334
323 378
323 397
323 398
323 399
323 546
323 573
324 333
324 351
324 380
324 385
324 391
324 402
324 415
324 572
324 603
324 604
324 609
324 664
324 694
325 331
325 341
325 351
325 383
325 393
325 404
325 415
325 445
325 561
325 571
325 659
325 692
326 327
326 350
326 351
326 352
326 361
326 364
326 380
326 390
326 392
326 469
326 546
326 573
326 597
326 666
327 333
327 342
327 354
327 355
327 395
327 407
327 521
327 656
327 680
328 338
328 347
328 372
328 381
328 390
328 391
328 404
328 523
328 624
328 633
329 333
329 340
329 358
329 360
329 366
329 388
329 397
329 653
330 333
330 354
330 367
330 379
330 387
330 396
330 423
330 477
330 541
330 683
331 352
331 353
331 354
331 356
331 358
331 362
331 366
331 370
331 392
331 597
332 334
332 348
332 351
332 355
332 361
332 363
332 375
332 377
332 384
332 388
332 513
332 534
332 658
333 346
333 353
333 360
333 362
333 372
333 373
333 376
333 381
333 397
333 401
333 403
333 685
334 340
334 342
334 350
334 367
334 373
334 522
334 531
334 545
334 680
335 342
335 344
335 347
335 361
335 364
335 379
335 381
335 389
335 391
335 400
335 402
335 441
335 531
335 542
335 594
336 341
336 352
336 356
336 365
336 369
336 383
336 395
336 596
336 608
336 652
337 357
337 362
337 363
337 366
337 380
337 384
337 394
337 398
337 611
337 660
338 350
338 356
338 377
338 387
338 389
338 399
338 404
338 544
338 547
338 614
338 635
339 371
339 376
339 384
339 387
339 392
339 395
339 396
339 688
340 361
340 364
340 377
340 380
340 388
340 395
340 397
340 400
340 403
340 512
340 540
341 357
341 360
341 376
341 381
341 546
342 367
342 373
342 376
342 380
342 385
342 398
342 404
342 542
342 555
342 558
342 607
343 354
343 372
343 373
343 375
343 382
343 385
343 396
343 397
343 400
343 605
343 649
343 661
343 614
344 376
344 379
344 380
344 385
344 388
344 390
344 403
344 430
344 564
344 653
344 664
344 669
344 694
345 352
345 370
345 378
345 392
345 401
345 462
345 628
345 638
346 368
346 371
346 375
346 377
346 378
346 380
346 381
346 397
346 578
347 352
347 354
347 358
347 360
347 362
347 371
347 376
347 380
347 389
347 469
347 557
347 686
347 616
348 355
348 357
348 363
348 389
348 391
348 394
348 401
348 403
348 509
348 640
348 630
349 370
349 376
349 384
349 387
349 470
349 524
349 557
349 610
350 376
350 377
350 382
350 384
350 393
350 403
350 416
350 443
350 527
350 578
350 581
350 611
350 646
350 653
351 361
351 362
351 380
351 382
351 384
351 397
351 398
351 403
351 517
351 414
351 533
352 357
352 362
352 374
352 391
352 392
352 395
352 398
352 402
352 405
352 427
352 533
352 590
352 663
352 639
353 405
353 507
353 522
353 532
353 544
353 556
353 595
353 614
353 634
354 380
354 395
354 399
354 402
354 536
354 553
354 559
354 654
354 673
355 362
355 368
355 378
355 380
355 383
355 393
355 529
355 643
355 619
355 627
356 370
356 375
356 378
356 401
356 404
356 538
356 590
356 611
357 362
357 363
357 364
357 367
357 374
357 380
357 385
357 389
357 395
357 401
357 403
357 527
357 589
357 678
358 360
358 376
358 402
358 562
358 597
358 608
359 365
359 370
359 381
359 387
359 396
359 441
359 559
359 596
359 625
360 538
360 559
360 684
360 633
361 368
361 377
361 389
361 395
361 399
361 640
361 641
361 664
362 364
362 375
362 380
362 388
362 394
362 403
362 495
362 574
362 680
362 638
363 366
363 368
363 369
363 383
363 386
363 395
363 397
363 403
363 569
363 685
364 367
364 374
364 387
364 536
364 595
364 659
364 629
365 398
365 403
365 554
365 574
365 592
365 593
365 648
365 628
366 368
366 374
366 443
366 576
366 609
366 657
366 667
366 624
367 369
367 371
367 375
367 383
367 412
367 531
367 590
367 591
367 655
368 385
368 411
368 549
368 562
368 585
368 603
368 615
369 373
369 380
369 387
369 393
369 421
369 567
369 581
369 600
369 608
369 677
369 683
370 381
370 382
370 389
370 400
370 512
370 439
370 447
370 550
371 379
371 394
371 556
372 373
372 396
372 538
372 594
373 378
373 396
373 401
373 530
373 560
373 665
373 690
374 376
374 380
374 386
374 392
374 397
374 405
374 685
374 631
375 376
375 390
375 392
375 395
375 470
375 540
375 592
376 382
376 393
376 396
376 399
376 402
376 403
376 507
376 652
377 379
377 556
377 589
377 590
377 592
377 610
377 663
378 379
378 388
378 399
378 594
378 603
378 606
379 381
379 388
379 395
379 404
379 445
379 528
379 560
379 642
379 644
379 683
379 620
380 384
380 385
380 386
380 394
380 399
380 401
380 411
380 435
380 541
380 642
381 391
381 399
381 401
381 405
381 533
381 627
382 385
382 398
382 519
382 521
382 586
382 588
382 597
382 630
383 384
383 386
383 402
383 533
383 548
383 550
383 579
383 600
384 388
384 389
384 398
384 652
384 657
385 396
385 590
385 633
386 398
386 400
386 512
386 521
386 553
386 610
386 644
386 657
386 624
386 637
387 388
387 389
387 434
387 525
387 562
387 574
387 637
388 390
388 391
388 395
388 399
388 515
388 538
388 598
388 644
388 671
389 393
389 394
389 530
389 548
389 555
389 579
389 594
389 667
389 613
390 398
390 454
390 526
390 553
390 557
390 687
390 689
391 401
391 405
391 693
391 613
392 403
392 468
392 510
392 526
392 556
393 402
393 408
393 541
393 558
393 563
393 626
394 401
394 404
394 544
394 588
394 609
394 644
395 396
395 401
395 402
395 524
395 551
395 555
395 605
395 650
396 403
396 405
396 638
397 523
397 590
397 604
397 647
397 671
397 677
397 627
398 399
398 401
398 492
398 534
398 547
398 551
398 602
398 618
399 610
399 640
399 648
399 657
399 635
400 402
400 405
400 528
400 654
400 682
401 403
401 526
401 542
401 645
401 674
402 576
402 604
402 660
402 663
402 692
403 468
403 484
403 657
403 664
405 559
405 687
512 419
512 420
512 424
512 425
512 461
512 468
512 470
512 482
512 500
512 525
512 549
512 602
512 656
512 614
512 618
513 407
513 426
513 438
513 453
513 454
513 460
513 466
513 468
513 471
513 474
513 483
513 488
513 489
513 491
513 495
513 496
513 501
513 569
513 679
513 693
513 613
514 517
514 413
514 416
514 424
514 427
514 441
514 451
514 496
514 499
514 523
514 574
514 595
514 596
514 614
515 412
515 422
515 430
515 439
515 448
515 449
515 450
515 461
515 475
515 485
515 486
515 488
515 490
515 546
515 640
515 641
515 646
515 690
516 411
516 419
516 438
516 450
516 475
516 495
516 498
516 522
516 541
516 573
516 589
517 418
517 426
517 430
517 434
517 435
517 458
517 464
517 474
517 479
517 481
517 485
517 486
517 495
517 496
517 554
517 644
517 633
518 413
518 426
518 428
518 434
518 449
518 461
518 478
518 499
518 591
518 604
518 608
518 642
518 670
518 688
519 415
519 417
519 419
519 426
519 428
519 430
519 438
519 448
519 456
519 458
519 493
519 494
519 570
519 678
519 685
519 629
520 409
520 427
520 451
520 459
520 466
520 473
520 505
520 508
520 509
520 510
520 521
520 532
520 598
406 413
406 430
406 433
406 442
406 466
406 479
406 484
406 488
406 539
406 544
406 550
406 661
407 410
407 415
407 419
407 478
407 491
407 493
407 533
407 546
407 597
407 600
407 601
407 606
407 642
407 681
407 684
408 415
408 417
408 441
408 452
408 502
408 504
408 506
408 508
408 538
408 539
408 570
408 575
408 593
408 661
409 414
409 419
409 452
409 469
409 470
409 496
409 503
409 511
409 532
409 556
409 640
409 642
409 625
409 626
410 415
410 417
410 423
410 431
410 452
410 455
410 456
410 463
410 475
410 476
410 485
410 493
410 499
410 504
410 540
410 551
410 646
410 677
411 454
411 482
411 485
411 498
411 651
411 667
411 691
411 633
412 418
412 422
412 424
412 459
412 474
412 493
412 500
412 562
412 583
412 585
412 655
412 665
412 673
412 684
413 457
413 469
413 473
413 475
413 480
413 483
413 536
413 558
413 573
413 647
413 674
413 626
414 432
414 434
414 459
414 466
414 469
414 494
414 563
414 568
414 591
414 655
415 425
415 459
415 468
415 474
415 486
415 493
415 508
415 511
415 548
415 573
415 575
415 672
416 422
416 424
416 438
416 460
416 463
416 467
416 474
416 479
416 482
416 487
416 495
416 496
416 506
416 555
416 576
416 590
416 591
416 666
417 418
417 420
417 455
417 457
417 472
417 483
417 491
417 499
417 506
417 511
417 529
417 537
417 547
417 604
417 669
418 425
418 453
418 456
418 479
418 577
418 653
419 426
419 440
419 447
419 455
419 461
419 469
419 486
419 509
419 540
419 567
419 598
419 641
419 676
420 431
420 433
420 446
420 458
420 461
420 464
420 468
420 480
420 488
420 504
420 584
420 623
420 632
421 428
421 433
421 447
421 468
421 469
421 472
421 477
421 499
421 503
421 510
421 536
421 545
421 642
421 656
421 672
422 424
422 450
422 452
422 454
422 487
422 503
422 543
422 612
422 687
423 447
423 478
423 581
423 612
423 670
424 436
424 440
424 458
424 461
424 464
424 475
424 497
424 504
424 538
424 546
424 571
424 573
424 599
424 609
424 683
424 684
424 618
425 430
425 433
425 446
425 459
425 468
425 473
425 493
425 501
425 532
425 541
425 554
425 571
425 608
425 688
426 436
426 449
426 450
426 454
426 467
426 476
426 485
426 617
427 446
427 474
427 478
427 486
427 491
427 493
427 494
427 502
427 665
427 624
427 637
428 432
428 463
428 548
428 570
428 575
428 612
428 694
429 432
429 451
429 456
429 468
429 482
429 484
429 550
429 579
429 580
429 588
429 669
430 439
430 453
430 459
430 474
430 475
430 486
430 494
430 507
430 538
430 566
430 587
430 600
430 607
431 450
431 451
431 487
431 490
431 509
431 531
431 586
431 594
431 600
431 663
431 666
432 438
432 440
432 446
432 469
432 475
432 486
432 499
432 662
432 674
433 437
433 450
433 462
433 473
433 474
433 482
433 568
433 588
433 645
433 674
433 692
434 467
434 470
434 491
434 492
434 493
434 497
434 498
434 501
434 503
434 652
434 668
435 451
435 469
435 472
435 476
435 498
435 509
435 522
435 537
435 586
435 688
436 440
436 450
436 504
436 570
436 571
436 591
436 663
436 625
436 636
437 449
437 465
437 470
437 502
437 647
437 672
437 615
438 466
438 496
438 505
438 522
438 551
438 585
438 690
438 614
439 440
439 455
439 475
439 480
439 486
439 492
439 494
439 555
439 628
440 457
440 461
440 481
440 509
440 663
440 685
440 633
441 470
441 508
441 510
441 528
441 540
441 619
442 449
442 458
442 511
442 534
442 535
442 555
442 575
442 579
442 590
442 661
442 670
443 444
443 451
443 454
443 458
443 501
443 522
443 540
443 571
443 579
443 694
444 467
444 480
444 490
444 508
444 509
444 546
444 604
444 620
445 447
445 466
445 488
445 505
445 560
445 576
445 646
445 636
446 449
446 462
446 483
446 492
446 501
446 560
446 563
446 566
446 590
446 609
446 640
446 636
446 638
447 453
447 470
447 491
447 500
447 532
447 539
447 563
447 585
447 660
447 678
447 689
447 692
448 460
448 463
448 589
448 663
448 618
448 631
449 478
449 488
449 500
449 589
449 605
449 653
449 623
450 455
450 459
450 484
450 494
450 497
450 499
450 501
450 545
450 573
450 583
450 590
450 661
450 637
451 460
451 488
451 489
451 499
451 504
451 532
451 539
451 549
451 642
451 679
451 623
452 457
452 458
452 511
452 541
452 595
453 486
453 500
453 509
453 540
453 640
454 457
454 484
454 495
454 498
454 525
454 544
454 640
454 663
454 669
454 674
454 676
454 635
455 483
455 494
455 496
455 505
455 506
455 530
455 605
455 647
455 676
455 677
455 685
456 464
456 466
456 475
456 485
456 488
456 494
456 499
456 500
456 532
456 546
456 600
456 614
457 472
457 499
457 534
457 549
457 656
457 657
457 638
458 474
458 485
458 486
458 526
458 532
458 582
458 681
458 682
458 614
459 464
459 533
459 548
459 602
459 659
459 662
459 684
459 689
459 630
460 463
460 468
460 478
460 496
460 502
460 507
460 509
460 574
460 664
460 681
460 636
461 468
461 474
461 479
461 491
461 500
461 504
461 572
461 600
461 601
461 647
461 654
462 494
462 528
462 549
462 561
462 566
462 569
462 688
462 636
463 471
463 478
463 483
463 487
463 497
463 531
463 541
463 599
463 601
463 643
463 687
463 623
464 473
464 474
464 489
464 490
464 498
464 507
464 510
464 538
464 545
464 644
464 647
464 687
465 485
465 490
465 503
465 560
465 656
465 691
465 613
465 623
466 506
466 509
466 562
466 641
467 500
467 510
467 524
467 574
467 654
467 689
468 479
468 482
468 497
468 536
468 563
468 573
468 675
469 488
469 502
469 503
469 541
469 545
469 594
469 665
469 690
470 478
470 479
470 491
470 505
470 507
470 549
470 561
470 592
470 600
470 607
470 610
470 648
470 686
470 626
471 477
471 482
471 499
471 503
471 538
471 649
472 474
472 486
472 487
472 508
472 511
473 481
473 493
473 497
473 511
473 568
473 581
473 602
473 640
473 625
473 632
473 639
474 488
474 653
474 618
474 635
475 482
475 485
475 496
475 528
475 540
475 576
475 645
476 489
476 497
476 499
476 506
476 522
476 556
476 602
477 490
477 494
477 502
477 511
477 591
477 617
478 485
478 489
478 491
478 503
478 504
478 526
478 538
478 553
478 577
478 607
478 674
478 681
478 686
478 629
478 635
479 496
479 574
479 585
479 659
479 676
479 636
480 492
480 501
480 660
480 630
481 485
481 490
481 491
481 495
481 501
481 552
481 565
481 582
481 589
481 641
481 652
482 485
482 487
482 502
482 503
482 504
482 507
482 538
482 551
482 552
482 609
483 487
483 497
483 501
483 503
483 521
483 534
483 537
483 540
483 560
483 596
483 647
483 660
483 682
484 489
484 504
484 531
484 575
484 607
484 649
484 659
485 493
485 495
485 541
485 595
485 603
485 627
486 487
486 488
486 494
486 496
486 503
486 507
486 543
486 581
486 600
486 606
486 692
487 542
487 555
487 570
487 606
488 502
488 660
489 490
489 562
489 606
489 660
489 623
490 502
490 665
491 496
491 550
491 643
491 631
492 507
492 598
492 670
493 495
493 509
493 567
493 593
493 601
493 608
493 633
494 498
494 507
494 565
494 654
494 622
495 500
495 509
495 525
495 571
496 611
496 651
497 502
497 504
497 506
497 507
497 554
497 679
497 624
498 501
498 539
498 644
498 651
499 506
499 540
499 575
499 595
499 600
499 606
499 653
499 673
499 633
500 508
500 554
500 571
500 674
500 621
501 547
501 600
501 603
501 678
502 607
502 642
502 655
502 671
502 690
502 638
503 548
503 551
503 559
504 511
504 529
504 560
505 509
505 542
505 659
505 661
505 668
506 508
506 546
506 668
506 688
507 509
507 553
507 593
507 691
508 542
508 552
508 577
508 584
508 645
508 681
508 683
509 510
509 566
509 657
509 664
510 537
510 563
510 621
510 631
511 531
511 600
511 666
511 676
511 677
511 683
511 691
511 693
511 615
511 632
521 522
521 530
521 531
521 543
521 556
521 557
521 560
521 564
521 570
521 587
521 595
521 597
521 600
521 603
521 605
521 607
521 652
521 654
521 662
521 673
522 527
522 533
522 534
522 543
522 546
522 552
522 555
522 559
522 561
522 562
522 566
522 571
522 575
522 586
522 587
522 592
522 597
522 600
522 608
522 642
522 622
522 623
523 525
523 530
523 534
523 538
523 545
523 550
523 556
523 558
523 565
523 568
523 576
523 594
523 600
523 601
523 612
523 645
523 666
523 631
524 546
524 553
524 555
524 557
524 561
524 563
524 573
524 574
524 576
524 583
524 596
524 597
524 600
524 603
524 608
524 679
525 536
525 541
525 548
525 557
525 565
525 571
525 584
525 603
525 607
525 610
525 684
526 530
526 539
526 555
526 559
526 572
526 586
526 588
526 593
526 601
526 607
527 538
527 542
527 548
527 549
527 552
527 565
527 569
527 570
527 577
527 586
527 593
527 598
527 602
527 603
527 608
527 610
527 660
527 663
527 692
528 535
528 539
528 542
528 543
528 566
528 567
528 571
528 575
528 586
528 598
528 654
528 662
528 692
528 630
529 534
529 566
529 568
529 571
529 585
529 589
529 591
529 602
529 607
529 614
529 637
530 534
530 538
530 542
530 545
530 552
530 567
530 568
530 575
530 593
530 595
530 597
530 604
530 618
531 535
531 540
531 542
531 543
531 570
531 576
531 593
531 597
531 604
531 605
531 610
531 620
532 546
532 550
532 556
532 557
532 560
532 572
532 591
532 594
532 607
532 650
532 655
532 657
532 664
533 548
533 571
533 578
533 585
533 589
533 597
533 598
533 602
533 609
533 610
533 661
533 614
534 546
534 554
534 571
534 573
534 579
534 587
534 596
534 600
534 602
534 606
534 608
534 612
534 646
534 667
535 537
535 559
535 560
535 562
535 563
535 566
535 567
535 578
535 584
535 599
535 600
535 601
535 607
535 645
535 653
535 663
535 693
536 537
536 544
536 549
536 555
536 559
536 565
536 567
536 577
536 596
536 597
536 600
536 603
536 608
536 612
537 545
537 546
537 553
537 562
537 565
537 566
537 590
537 595
537 598
537 599
537 662
537 666
537 667
537 685
537 636
538 540
538 550
538 551
538 556
538 567
538 580
538 586
538 595
538 601
538 643
538 654
538 685
538 689
538 613
539 560
539 563
539 578
539 580
539 585
539 591
539 600
539 601
539 644
539 657
539 674
539 624
540 556
540 557
540 562
540 569
540 570
540 588
540 592
540 601
540 645
540 656
540 614
541 546
541 548
541 554
541 558
541 560
541 561
541 563
541 567
541 571
541 581
541 592
541 595
541 599
541 607
541 609
542 543
542 547
542 555
542 558
542 560
542 562
542 577
542 579
542 581
542 584
542 585
542 594
542 596
542 608
542 687
542 692
543 544
543 590
543 596
543 597
543 604
543 605
543 608
543 612
543 666
543 627
544 545
544 548
544 557
544 559
544 560
544 573
544 578
544 582
544 606
544 640
544 649
545 548
545 555
545 567
545 568
545 569
545 574
545 577
545 580
545 583
545 596
545 640
545 653
545 656
545 669
545 670
545 691
545 694
545 614
545 629
546 550
546 551
546 561
546 568
546 571
546 573
546 575
546 577
546 578
546 583
546 584
546 586
546 596
546 599
546 601
546 610
546 668
546 625
546 636
547 548
547 549
547 556
547 565
547 571
547 573
547 579
547 581
547 589
547 595
547 603
547 604
547 676
547 626
548 549
548 566
548 570
548 571
548 576
548 580
548 584
548 586
548 607
548 610
548 611
548 649
548 650
548 655
548 656
549 552
549 553
549 564
549 567
549 580
549 585
549 586
549 592
549 596
549 597
549 686
549 634
550 553
550 558
550 575
550 580
550 584
550 590
550 595
550 599
550 600
550 603
550 610
550 647
550 672
550 676
550 687
550 621
550 622
550 637
551 556
551 558
551 562
551 579
551 585
551 588
551 590
551 592
551 597
551 602
551 608
551 642
551 658
551 674
551 677
551 689
551 626
552 554
552 558
552 570
552 582
552 589
552 590
552 596
552 607
552 653
552 616
553 554
553 562
553 567
553 573
553 577
553 578
553 583
553 590
553 595
553 606
553 645
553 671
554 558
554 560
554 561
554 567
554 575
554 578
554 579
554 584
554 600
554 607
554 643
554 655
554 670
554 619
555 562
555 564
555 569
555 571
555 572
555 574
555 598
555 601
555 603
555 606
555 662
555 616
556 559
556 561
556 567
556 569
556 571
556 572
556 573
556 581
556 583
556 590
556 591
556 602
556 609
556 611
556 643
556 685
557 562
557 563
557 569
557 576
557 578
557 584
557 591
557 593
557 595
557 602
557 608
557 611
557 653
557 667
557 689
558 559
558 564
558 569
558 574
558 580
558 586
558 592
558 594
558 595
558 599
558 601
558 644
559 562
559 563
559 564
559 575
559 576
559 578
559 579
559 580
559 583
559 585
559 590
559 604
559 626
560 562
560 569
560 572
560 576
560 581
560 585
560 586
560 588
560 591
560 599
560 604
560 612
560 647
560 659
561 563
561 571
561 578
561 581
561 583
561 587
561 596
561 599
561 600
561 605
561 679
561 682
561 623
562 563
562 565
562 567
562 569
562 572
562 575
562 585
562 591
562 595
562 597
562 610
562 659
562 692
562 622
563 574
563 576
563 577
563 587
563 589
563 592
563 593
563 595
563 596
563 601
563 611
563 678
563 683
563 691
563 628
563 634
564 580
564 588
564 611
564 612
564 675
564 679
565 580
565 581
565 586
565 588
565 606
565 610
565 642
565 676
566 574
566 576
566 596
566 605
566 654
566 662
566 684
566 626
566 631
567 569
567 574
567 576
567 582
567 584
567 589
567 590
567 591
567 594
567 612
567 650
567 624
567 638
568 570
568 581
568 582
568 583
568 586
568 589
568 590
568 598
568 600
568 602
568 607
568 609
568 664
569 571
569 573
569 583
569 595
569 599
569 612
569 641
569 677
569 622
570 573
570 575
570 585
570 589
570 593
570 597
570 602
570 607
570 610
570 615
571 584
571 585
571 589
571 593
571 611
571 615
571 637
572 581
572 600
572 604
572 606
572 661
573 577
573 579
573 588
573 602
573 604
574 576
574 583
574 584
574 591
574 597
574 601
574 603
574 605
574 687
574 616
574 617
574 625
575 586
575 587
575 603
575 659
576 577
576 578
576 581
576 590
576 598
576 604
576 608
576 610
576 612
576 652
576 691
577 581
577 593
577 597
577 611
577 646
578 595
578 597
578 612
578 669
578 677
578 689
579 595
579 601
579 605
579 646
579 655
579 617
580 582
580 583
580 584
580 589
580 593
580 600
580 601
580 611
580 668
580 678
580 688
581 591
581 595
581 598
581 600
581 608
581 609
581 610
581 643
582 585
582 587
582 588
582 590
582 593
582 600
582 604
582 648
582 661
582 676
582 690
583 590
583 599
583 606
583 607
583 610
583 666
584 605
584 609
584 612
584 641
584 663
584 692
584 632
584 634
585 598
585 601
585 602
585 604
586 594
586 608
586 611
586 673
586 692
587 601
587 604
587 606
587 607
587 611
588 590
588 594
588 596
588 597
588 598
588 600
588 602
588 605
588 609
588 664
588 668
588 682
589 590
589 595
589 596
589 600
589 607
589 610
589 636
590 595
590 610
590 611
590 612
590 640
590 673
590 689
590 614
590 635
590 637
591 595
591 597
591 600
591 601
591 603
591 660
591 689
592 599
592 601
592 605
592 607
592 612
592 675
592 693
592 622
593 600
593 601
593 649
593 669
593 636
594 603
594 675
595 600
595 604
595 605
595 606
595 667
595 669
596 603
596 663
596 669
596 677
596 685
597 605
597 611
597 691
597 616
597 626
598 607
598 679
598 633
599 603
599 605
599 685
600 605
600 608
600 651
600 653
600 673
600 627
601 607
601 609
601 612
601 643
601 647
601 628
602 607
602 610
603 649
603 652
603 654
603 622
603 624
604 610
604 611
604 612
604 648
604 684
604 686
605 612
605 684
606 610
606 642
606 648
606 625
606 626
606 634
607 608
607 665
607 693
608 662
608 681
609 678
609 636
610 659
610 667
610 619
611 667
611 692
611 620
611 621
611 636
611 637
612 633
640 645
640 653
640 671
640 672
640 682
640 688
640 619
640 631
641 643
641 655
641 660
641 689
641 635
642 651
642 666
642 668
642 671
642 675
643 645
643 664
643 675
643 676
643 677
643 688
643 689
643 626
644 647
644 648
644 652
644 659
644 666
644 670
644 672
644 676
644 677
644 685
644 692
644 619
644 625
644 635
645 648
645 653
645 668
645 672
645 674
645 682
645 689
645 632
645 636
645 639
646 647
646 660
646 665
646 677
646 679
646 685
646 693
646 620
646 621
646 623
646 627
646 636
647 663
647 665
647 671
647 676
647 684
647 686
647 691
647 622
648 653
648 655
648 669
648 690
648 624
648 638
649 651
649 655
649 657
649 661
649 665
649 673
649 680
649 691
649 620
649 623
649 630
649 633
649 635
649 639
650 661
650 672
650 675
650 687
650 691
650 615
650 616
650 617
650 622
650 623
650 628
650 630
651 654
651 675
651 677
651 678
651 680
651 690
651 618
651 629
651 631
652 657
652 658
652 672
652 677
652 681
652 683
652 616
652 627
652 631
652 636
652 637
653 655
653 662
653 669
653 684
653 687
653 693
653 613
653 618
653 637
654 655
654 674
654 676
654 680
654 685
654 629
654 632
654 635
654 639
655 660
655 670
655 678
655 690
655 691
655 613
655 622
656 670
656 671
656 672
656 681
656 683
656 689
656 620
656 626
657 659
657 669
657 670
657 682
657 688
657 691
657 636
658 663
658 685
658 687
658 690
658 691
658 618
658 620
658 629
659 679
659 680
659 683
659 684
659 692
659 622
659 625
660 673
660 674
660 678
660 687
660 693
660 694
660 614
660 619
661 672
661 674
661 676
661 680
661 618
661 630
662 663
662 671
662 688
662 617
662 620
662 627
663 670
663 671
663 672
663 673
663 688
663 624
663 630
663 637
664 668
664 673
664 680
664 689
664 615
664 617
664 631
664 639
665 676
665 677
665 684
665 613
665 616
665 621
665 632
665 634
665 636
665 637
665 639
666 674
666 679
666 684
666 685
666 624
666 626
666 633
667 677
667 692
667 622
667 627
667 630
667 632
668 671
668 672
668 674
668 676
668 683
668 690
668 613
668 619
668 630
668 632
668 639
669 670
669 616
669 628
670 675
670 678
670 682
670 615
670 618
670 638
671 684
671 687
671 617
671 639
672 675
672 677
672 681
672 682
672 614
672 617
672 627
672 634
673 674
673 686
673 692
673 614
673 615
673 618
673 622
673 626
673 638
674 675
674 679
674 685
674 613
674 624
674 628
674 638
675 680
675 684
675 687
675 618
675 621
675 625
675 628
675 636
676 681
676 614
676 621
676 637
677 624
677 625
677 633
678 691
678 613
678 616
678 620
678 627
678 628
678 629
678 632
679 693
679 624
679 629
679 635
680 692
680 693
680 613
680 614
680 626
680 635
681 619
681 621
682 687
682 688
683 694
683 626
683 632
683 634
683 635
684 685
684 688
684 690
684 614
684 623
684 629
684 638
685 687
685 617
685 618
686 615
686 623
686 625
687 621
687 624
687 627
687 628
687 636
687 637
688 692
688 613
688 617
688 629
688 632
688 635
688 638
689 626
689 628
690 694
690 614
690 616
690 636
691 617
691 622
691 631
691 633
691 637
692 631
692 635
693 620
693 621
694 613
694 617
694 620
694 621
694 625
694 639
613 622
613 624
614 623
614 625
614 633
614 638
615 616
615 620
615 622
616 633
617 635
617 636
618 625
619 624
619 627
621 633
621 637
621 638
622 624
622 625
622 636
623 632
623 635
624 632
625 626
626 627
626 638
627 631
627 635
628 632
628 638
629 630
631 635
632 633
634 639
635 636