0 41
0 187
0 226
0 267
0 311
0 403
0 503
0 513
1 65
1 68
1 138
1 145
1 205
1 388
1 465
1 475
1 657
1 669
1 1596
2 58
2 215
2 342
2 421
2 432
2 506
2 513
2 751
2 1372
2 1612
2 1484
3 47
3 137
3 420
3 428
4 31
4 36
4 104
4 250
4 254
4 344
4 487
5 23
5 119
5 259
5 304
5 370
5 696
6 87
6 213
6 356
6 550
6 1462
7 233
7 290
7 356
7 401
7 485
7 919
7 1326
8 226
8 464
8 503
8 1093
9 154
9 157
9 250
9 282
9 445
10 25
10 73
10 323
10 581
10 717
10 905
10 1657
11 67
11 102
11 116
11 143
11 170
11 183
11 253
11 299
11 348
11 456
11 565
11 669
12 69
12 131
12 163
12 193
12 213
12 298
12 304
12 313
13 48
13 51
13 75
13 205
13 237
13 259
13 339
13 370
13 448
13 502
13 665
14 53
14 125
14 343
14 424
15 46
15 81
15 108
15 262
15 268
15 281
15 387
15 444
15 450
15 840
15 1518
16 376
16 1557
17 62
17 217
17 358
17 1396
18 113
18 127
18 205
18 209
18 210
18 294
18 392
18 602
18 1445
18 1523
19 145
19 245
19 295
19 383
19 498
19 600
20 21
20 121
20 154
20 228
20 316
20 408
20 410
20 600
20 1735
20 1517
21 308
21 431
21 463
21 1744
22 120
22 340
22 412
22 502
22 1515
23 98
23 302
24 190
24 218
24 388
24 890
24 1667
24 1676
25 259
25 453
25 457
25 478
26 314
26 363
26 391
26 455
26 509
27 32
27 273
27 322
27 444
27 502
28 32
28 91
28 97
28 204
28 263
28 285
28 403
28 484
29 62
29 154
29 157
29 175
29 192
29 823
29 1011
30 170
30 183
30 264
30 298
30 302
31 129
31 320
31 358
31 410
32 152
32 278
32 292
32 328
32 353
32 447
32 506
32 776
32 1528
33 162
33 178
33 479
33 497
33 990
33 1266
33 1651
34 95
34 148
34 189
34 414
34 480
34 499
34 1724
35 82
35 83
35 239
35 432
35 455
35 493
36 303
36 518
36 1034
36 1538
36 1443
37 192
37 274
37 275
37 492
37 783
37 949
37 1564
38 116
38 134
38 182
38 192
38 259
38 261
38 463
38 1638
39 193
39 1572
40 134
40 182
40 297
40 384
40 788
41 129
41 319
41 340
41 378
41 428
41 453
42 119
42 221
42 283
42 396
42 467
42 783
42 889
42 1263
43 515
43 1098
43 1606
44 72
44 325
44 354
44 418
44 448
44 613
45 66
45 92
45 122
45 123
45 193
45 306
45 309
45 321
45 660
45 786
45 1224
45 1536
45 1465
46 85
46 148
46 176
46 186
46 218
46 237
46 304
46 428
46 483
46 1479
46 1528
47 59
47 138
47 224
47 305
47 401
47 505
47 597
47 1383
48 62
48 102
48 151
48 255
48 1656
49 268
49 315
49 317
49 323
49 384
49 417
50 59
50 231
50 239
50 266
50 333
50 403
50 468
50 483
50 764
50 1287
51 56
51 178
51 204
51 214
51 264
51 1606
51 1482
51 1486
52 206
52 210
52 334
52 1279
53 211
53 254
53 488
53 513
54 105
54 155
54 299
54 1526
55 65
55 231
55 362
55 430
56 263
56 468
56 488
56 786
57 250
57 373
58 91
58 346
58 359
58 1071
59 158
59 264
59 271
59 686
59 764
59 1605
59 1443
60 81
60 140
60 235
60 391
60 783
60 1313
60 1664
61 99
61 200
61 275
61 396
61 501
61 515
62 103
62 162
62 285
62 303
62 383
62 435
62 912
62 1252
63 79
63 146
63 172
63 424
63 1248
63 1619
64 208
64 226
64 249
64 283
64 361
64 368
64 376
64 507
64 963
64 1397
64 1611
65 154
65 161
65 272
65 338
65 448
65 515
65 518
65 546
66 199
66 234
66 352
66 371
66 1162
67 172
67 193
67 194
67 288
67 389
67 463
67 494
67 1633
67 1725
68 196
68 215
68 427
68 492
68 855
68 1639
69 115
69 254
69 1377
69 1521
70 156
70 190
70 225
70 294
70 333
70 438
70 440
70 473
70 502
71 307
71 335
72 100
72 126
72 134
72 139
72 210
72 355
73 141
73 323
73 408
74 77
74 203
74 455
75 136
75 181
75 297
76 116
76 313
76 382
76 481
76 489
76 723
77 149
77 212
77 213
77 276
77 343
77 360
77 1134
78 136
78 201
78 211
78 267
78 293
78 742
78 814
78 843
79 310
79 320
79 406
79 433
79 1271
79 1680
80 89
80 108
80 116
80 187
80 268
80 418
80 433
80 460
81 91
81 92
81 122
81 166
81 446
81 508
82 87
82 409
82 1703
83 118
83 141
83 158
83 223
83 224
83 330
83 501
83 1609
84 201
84 293
84 341
84 1570
85 251
85 389
85 507
85 1143
86 117
86 119
86 336
86 350
86 414
86 463
86 516
87 203
87 236
87 333
87 358
87 374
88 270
88 280
88 329
88 353
88 617
89 271
89 346
89 359
89 411
89 704
89 1142
89 1729
89 1492
90 93
90 274
90 316
90 430
90 849
90 1714
91 259
91 305
91 441
91 457
91 514
91 693
91 1683
92 217
92 247
92 1557
92 1734
93 340
93 441
93 442
93 492
93 857
93 1462
94 195
94 259
94 260
94 293
94 313
94 336
95 304
95 358
95 373
95 452
95 460
96 126
96 221
96 269
96 582
96 1625
97 313
97 457
97 1311
98 1750
99 273
99 295
99 324
99 1043
99 1218
99 1682
100 239
100 408
100 431
100 474
101 256
101 331
101 386
101 420
101 716
101 1110
102 113
102 229
102 342
102 481
102 498
102 757
103 247
103 378
103 448
103 496
103 847
104 130
104 332
104 412
104 489
104 520
104 1137
105 106
105 127
105 356
105 443
105 803
106 219
106 374
106 410
107 205
107 300
107 436
107 475
108 283
108 355
108 477
108 839
108 866
108 1539
108 1752
109 172
109 228
109 264
109 321
109 419
109 1562
110 225
110 382
110 427
110 508
110 1459
111 122
111 168
111 362
111 385
111 511
111 989
111 1089
111 1505
112 286
112 316
112 458
112 517
112 1118
112 1714
113 120
113 124
113 158
113 206
113 212
113 262
113 426
113 432
113 475
113 481
113 1453
114 263
114 442
114 580
115 272
115 305
115 308
115 380
115 654
115 679
115 1463
116 134
116 256
116 383
116 405
116 423
116 488
116 836
116 1203
117 409
117 471
117 576
117 1440
118 120
118 155
118 442
118 798
118 810
119 218
119 236
119 238
119 335
119 434
119 441
119 450
120 185
120 217
120 465
120 681
121 137
121 157
121 263
121 386
121 421
121 469
121 752
121 879
121 931
122 225
122 318
122 462
122 509
122 713
123 416
123 447
123 470
123 547
124 138
124 151
124 166
124 205
124 296
124 460
124 811
124 1241
125 147
125 149
125 163
125 778
125 1496
126 212
126 259
126 313
126 368
126 388
126 509
127 146
127 157
127 269
127 289
127 390
127 445
128 186
128 229
128 319
128 730
128 973
128 1023
128 1312
129 147
129 240
129 344
129 437
129 472
129 784
130 323
130 436
130 468
131 276
131 501
131 1141
132 182
132 206
132 209
132 239
132 702
133 139
133 240
133 337
133 1272
134 182
134 233
134 268
134 310
134 464
134 686
135 141
135 151
135 224
135 256
135 288
135 441
135 462
135 1740
136 173
136 232
136 355
136 400
136 560
136 618
137 152
137 267
137 412
137 435
137 1117
138 150
138 199
139 341
139 464
139 492
139 498
139 618
139 1719
140 230
140 1199
141 143
141 311
141 357
141 420
141 431
141 477
141 556
141 745
141 971
141 1151
141 1324
141 1550
141 1696
141 1457
142 243
142 250
142 252
142 440
142 459
142 467
143 176
143 272
143 326
143 490
143 512
144 198
144 233
144 464
144 496
144 516
144 686
145 193
145 252
145 836
146 166
146 258
146 270
146 346
146 376
146 386
146 685
146 691
146 835
146 1096
146 1277
147 168
147 215
147 277
147 582
147 769
147 827
147 1516
148 288
148 352
149 177
149 247
149 284
149 307
149 419
149 434
149 476
149 482
149 493
150 322
150 325
150 405
150 490
150 671
150 1561
151 394
151 443
151 451
151 490
151 491
151 510
151 734
151 1259
152 195
152 396
152 440
152 1229
153 207
153 234
153 235
153 633
154 268
154 495
155 164
155 234
155 412
155 482
155 608
155 681
155 689
156 314
156 356
156 477
157 477
157 676
157 1203
158 174
158 179
158 418
158 448
159 202
159 223
159 398
159 546
159 786
160 168
160 306
160 328
160 387
160 417
160 459
160 513
161 192
161 290
161 292
161 789
161 1248
161 1684
161 1521
162 207
162 337
162 380
162 411
162 424
162 468
162 785
162 1666
162 1470
163 411
164 364
164 418
164 419
164 1737
165 240
165 396
165 496
165 827
166 325
166 452
166 1619
167 197
167 205
167 257
167 258
167 358
167 382
167 407
167 408
168 174
168 325
168 354
168 509
168 1000
169 309
169 399
169 652
169 866
170 183
170 204
170 239
170 429
170 447
170 507
170 514
170 534
171 451
171 830
171 1718
171 1504
172 275
172 416
172 513
173 268
173 275
173 282
173 312
173 582
173 1437
174 199
174 305
174 314
174 387
174 438
174 481
174 1164
175 298
175 500
175 517
175 1740
176 297
176 433
176 468
176 803
176 1690
176 1758
177 307
177 348
177 379
177 440
178 302
178 381
178 475
178 1342
178 1614
179 353
179 364
179 388
179 409
179 520
179 1127
179 1174
180 820
180 1293
181 213
181 224
181 354
181 496
181 550
182 245
183 481
183 499
184 281
184 316
184 344
184 397
184 485
184 1416
185 304
185 388
185 464
185 581
185 1310
185 1545
186 417
186 442
186 459
186 500
187 385
187 460
187 625
187 633
187 1634
188 369
188 373
188 468
188 517
188 1498
188 1530
189 283
189 371
190 198
190 254
190 568
190 593
190 1062
191 398
191 489
191 508
191 1350
192 319
192 349
192 389
192 670
192 822
192 1662
193 224
193 228
193 363
193 370
193 800
193 863
193 1258
194 387
194 424
194 643
194 848
194 1174
195 196
195 250
195 292
195 300
195 306
195 342
195 346
195 371
195 416
195 424
195 495
195 507
196 204
196 445
196 447
197 229
197 419
198 614
198 1505
199 232
199 482
199 585
199 1064
199 1540
199 1737
200 217
200 457
200 676
201 311
201 963
202 328
202 478
202 516
202 800
202 1343
203 237
203 252
203 275
203 285
203 336
203 1143
203 1651
203 1678
204 213
204 232
204 460
204 1243
204 1362
205 299
205 307
205 373
205 519
205 1053
205 1480
205 1531
206 225
206 381
206 411
206 477
207 511
207 953
207 1736
208 228
208 477
208 503
208 505
208 1456
209 215
209 222
209 339
210 235
210 450
210 828
211 464
211 640
211 1642
211 1685
212 219
212 235
212 261
212 454
212 474
213 235
213 397
213 425
213 451
213 463
213 505
214 215
214 1091
215 232
215 456
215 1747
217 264
217 297
217 465
217 512
217 657
218 263
218 479
218 494
218 510
218 641
218 864
218 1318
218 1387
219 247
219 332
219 697
219 1267
220 497
220 1701
221 266
221 385
221 403
221 740
221 1295
222 290
222 311
222 338
222 490
222 951
222 1030
222 1638
223 286
223 323
223 337
223 519
223 746
223 1585
224 260
224 313
224 476
224 721
224 1543
225 324
225 586
225 603
225 934
225 1030
225 1170
226 265
226 335
226 394
226 408
226 441
226 640
226 1499
227 314
227 341
227 350
227 368
227 399
227 415
227 465
227 486
227 855
227 1460
228 233
228 478
228 499
228 516
228 1333
229 284
229 387
229 464
230 348
230 442
230 688
230 838
230 1422
231 321
231 752
231 1297
232 235
232 317
232 339
232 413
232 424
232 833
232 1167
232 1207
233 253
233 1700
233 1535
234 991
235 291
235 366
235 500
235 505
235 638
235 1567
235 1709
236 244
236 374
236 409
236 480
236 504
236 643
236 791
237 273
237 275
237 377
237 690
237 1325
238 301
238 391
238 1072
239 330
239 333
239 362
240 244
240 387
240 497
240 601
240 714
240 809
240 1418
240 1591
240 1712
240 1445
241 258
241 274
241 287
241 293
241 337
241 398
241 427
241 462
241 640
241 1120
241 1616
242 363
242 404
242 420
242 453
242 636
242 1145
243 1267
244 307
244 391
244 628
245 376
245 1468
246 271
246 507
246 1488
247 263
247 415
247 480
247 489
247 678
247 1078
248 401
248 440
249 327
249 408
249 417
249 420
249 483
249 492
249 1668
250 290
250 330
251 264
251 584
251 849
252 1034
253 262
253 426
253 465
254 273
254 285
254 711
254 1266
254 1570
254 1704
255 390
255 402
255 429
255 485
255 1066
255 1728
256 310
256 356
256 428
256 449
257 372
257 383
257 424
258 394
258 462
258 1031
258 1264
259 285
259 291
259 319
259 326
259 464
259 1371
260 315
260 391
260 394
260 456
260 478
260 852
261 410
261 462
261 630
261 1677
262 451
262 478
262 1426
263 374
263 410
263 424
264 306
264 369
264 415
264 1494
265 385
265 1649
265 1498
266 422
266 433
266 477
266 649
266 673
267 378
268 269
268 349
268 477
268 574
268 1017
268 1268
269 317
269 330
269 336
269 340
269 417
269 477
269 1248
269 1557
270 496
271 325
271 343
272 341
272 585
272 1628
273 284
273 464
273 800
273 961
273 1675
274 1623
275 329
275 373
275 412
275 1712
276 370
276 472
276 636
276 727
276 1114
276 1495
277 285
277 317
277 491
277 1258
278 362
278 485
278 1634
279 473
279 501
280 312
280 465
281 300
281 314
281 447
281 466
281 825
281 1272
282 341
282 461
282 556
282 1652
283 488
283 1210
284 306
284 326
284 332
284 356
284 394
284 429
284 465
284 878
285 376
285 380
285 462
285 1731
286 444
286 627
286 1690
287 310
287 362
287 383
287 392
287 1086
287 1413
288 332
288 422
288 942
289 334
289 390
289 535
289 1691
290 328
290 414
290 1383
291 350
291 462
292 302
292 309
292 316
292 428
293 338
294 390
294 433
294 479
294 514
294 1311
295 478
295 666
295 1584
296 370
296 416
296 1743
297 437
297 507
297 867
297 1429
298 348
298 393
298 474
298 1277
299 322
299 408
299 1486
299 1490
300 517
300 803
300 1267
301 362
301 510
301 1553
302 354
302 359
302 408
302 476
302 554
303 340
303 774
304 342
304 367
304 1637
305 764
305 921
305 1600
305 1608
305 1730
305 1523
306 462
306 1681
307 386
307 1527
308 353
308 370
308 427
308 492
308 571
308 752
309 453
309 610
309 675
309 685
309 1336
310 1031
310 1090
311 413
311 463
311 519
311 1164
312 433
312 505
312 586
312 765
312 1287
313 404
313 422
313 610
313 635
313 646
313 669
314 336
314 740
314 1664
315 359
315 429
315 449
315 1690
316 340
316 378
316 396
316 495
316 501
316 602
317 372
317 847
317 1700
318 341
318 471
318 735
318 784
318 1338
319 365
319 375
319 398
319 495
319 819
320 338
320 455
320 624
321 381
321 418
322 398
322 604
322 714
323 341
323 472
323 492
323 1014
323 1214
323 1666
323 1744
325 474
325 494
325 515
326 335
326 367
326 436
326 492
326 514
326 520
326 1297
326 1324
327 454
327 553
327 859
328 460
328 570
328 703
328 775
329 334
329 441
329 454
329 1198
329 1538
329 1556
330 431
330 1378
331 457
331 1114
331 1579
331 1633
332 370
332 379
332 441
332 467
332 731
332 878
333 339
333 499
334 430
334 433
334 451
334 495
334 1709
335 355
335 402
336 442
337 391
337 403
337 773
338 352
338 435
338 443
338 506
338 841
338 849
338 1295
338 1568
340 352
340 1134
340 1246
342 377
342 395
342 692
342 1722
343 366
343 464
343 497
343 1004
344 397
345 348
345 434
345 441
345 485
345 1562
346 447
347 379
347 1012
347 1455
348 424
348 488
348 498
348 703
348 1664
349 380
349 402
349 438
349 488
350 630
350 666
350 1135
350 1730
351 1142
351 1571
352 417
352 462
352 469
352 487
352 510
353 422
353 475
353 1122
354 360
354 1660
355 593
355 1595
355 1439
356 422
356 463
356 474
356 502
356 520
357 380
357 390
357 395
357 510
358 403
358 582
358 807
358 1095
358 1636
358 1464
359 382
359 403
359 774
359 1623
360 422
360 427
360 583
360 696
360 1466
361 391
361 513
362 520
362 1205
362 1560
362 1535
363 367
363 431
363 492
364 366
364 406
364 464
364 472
365 425
365 584
365 1469
366 380
366 385
366 396
366 458
366 1112
366 1124
367 430
367 480
367 759
368 508
368 578
368 1654
368 1458
369 537
369 550
369 691
369 740
369 1088
369 1491
370 390
370 407
370 453
370 631
370 733
370 1010
370 1527
371 474
371 475
371 1175
371 1625
372 390
372 1655
372 1502
373 492
374 515
374 560
374 660
374 1451
375 805
375 863
376 520
376 1492
377 414
377 470
377 1444
378 557
378 689
378 958
379 459
379 491
379 498
379 519
379 1397
380 403
380 1205
381 419
381 750
381 986
382 465
382 594
382 840
382 958
383 386
383 417
383 841
383 1170
383 1573
383 1447
384 401
384 423
384 440
384 1717
385 992
385 1433
385 1602
385 1733
386 480
387 440
387 475
387 1302
388 487
388 945
389 410
389 457
390 459
390 643
391 427
392 501
393 842
395 506
395 879
395 1546
396 444
396 447
396 461
396 1393
396 1638
396 1480
397 430
397 520
397 1577
399 1210
400 408
400 499
401 479
401 548
401 1719
402 410
402 416
402 487
402 490
402 497
402 795
402 1533
403 1451
404 472
404 501
404 1705
404 1721
405 1140
406 486
406 1212
407 458
407 468
407 814
407 1673
408 424
408 468
408 799
408 1109
409 466
409 500
409 745
410 418
410 485
410 1702
410 1456
411 729
411 1554
411 1466
412 503
413 434
413 439
413 442
413 710
413 1740
414 430
414 516
414 1634
415 517
415 1346
415 1596
416 478
416 1212
417 419
417 436
417 482
417 1758
417 1505
418 495
418 753
418 1515
419 507
419 1126
420 515
421 1683
422 505
423 687
423 1240
423 1623
423 1497
424 460
424 508
425 488
425 501
425 782
425 962
426 447
426 1588
426 1738
427 486
427 855
427 1626
428 459
428 476
428 1307
430 497
430 910
431 443
431 1592
431 1724
432 488
432 629
432 1086
434 496
435 471
435 934
435 1558
436 786
436 901
437 821
437 872
437 1692
438 461
439 477
439 622
439 1752
439 1500
440 483
440 542
440 1350
441 836
442 498
443 591
443 744
444 1108
444 1446
445 485
446 500
446 912
446 1238
446 1404
447 673
448 572
448 1007
449 517
449 761
450 519
450 759
450 1030
451 676
451 865
451 1224
453 629
454 458
454 812
454 1029
454 1387
454 1642
454 1528
455 494
455 690
455 1719
455 1481
457 714
458 687
458 1684
458 1518
459 888
460 487
460 1477
461 727
461 1715
462 902
462 1057
464 556
464 730
464 1052
466 480
466 856
466 1016
467 504
468 1056
469 486
469 513
469 727
469 1559
469 1571
470 499
470 501
470 511
471 664
471 835
472 811
472 955
473 516
473 1113
473 1216
474 738
474 1689
476 484
476 1096
477 1640
478 492
478 517
478 660
479 1089
479 1656
480 514
480 520
481 486
481 755
481 1185
481 1735
482 742
483 1651
484 504
484 511
484 780
485 872
485 948
485 1639
486 577
488 887
489 690
489 1335
489 1371
490 917
490 1123
490 1569
491 518
491 767
491 933
491 1684
491 1506
492 1442
492 1516
493 1601
494 564
494 809
494 1046
496 616
496 1598
496 1607
497 799
497 866
497 944
497 1123
497 1484
498 748
498 1184
498 1478
499 1319
499 1615
500 515
500 1327
500 1617
501 1731
503 759
504 778
504 1760
505 508
505 820
505 906
505 1416
506 508
507 602
507 790
508 959
508 1094
509 1221
510 934
510 1266
510 1329
510 1598
511 1128
511 1350
512 764
512 1474
515 1636
516 1028
516 1724
517 1153
517 1400
518 832
518 1598
518 1672
518 1688
519 1168
520 795
520 1427
520 1759
521 530
521 732
521 1312
521 1617
521 1631
521 1654
521 1472
522 674
522 953
522 969
522 1605
522 1754
522 1513
522 1529
523 1073
524 539
524 1281
524 1423
524 1682
524 1708
525 582
525 751
525 1637
526 529
526 607
526 646
526 814
526 1090
526 1598
526 1490
527 620
527 706
527 740
527 786
528 609
528 684
528 1611
528 1694
528 1704
528 1739
529 1156
529 1574
529 1693
529 1439
530 600
530 648
530 802
530 847
530 1031
530 1267
531 577
531 743
531 1031
531 1538
531 1551
531 1723
532 675
532 717
532 732
532 748
532 753
532 882
532 1651
532 1691
532 1513
532 1533
533 638
533 681
533 715
533 730
533 748
533 756
533 1445
534 535
534 736
534 744
534 777
534 851
534 1224
535 563
535 569
535 576
535 826
535 967
535 1206
535 1538
535 1648
536 565
536 628
536 683
536 720
536 775
536 779
536 824
536 1133
536 1738
537 656
537 743
537 774
537 1559
538 605
538 620
538 692
538 822
538 861
538 1140
538 1508
539 598
539 602
539 613
539 617
539 625
539 758
539 787
540 607
540 732
540 757
540 773
540 814
541 640
541 724
541 778
541 794
541 805
541 860
541 935
541 1322
542 587
542 605
542 621
542 660
542 806
542 815
542 854
542 878
542 1461
543 555
543 587
543 671
543 679
543 706
543 765
543 811
543 836
543 851
543 1025
544 612
544 767
544 777
544 841
544 860
545 566
545 678
545 702
545 889
545 1033
545 1093
545 1599
546 604
546 617
546 661
546 772
546 1157
546 1182
546 1587
547 563
547 626
547 687
547 726
547 787
547 797
548 595
548 623
548 637
548 683
548 797
549 559
549 638
549 797
549 1595
549 1599
550 603
550 630
550 645
550 646
550 723
550 745
550 788
550 833
550 838
550 1412
551 758
551 1706
551 1717
551 1531
552 564
552 578
552 619
552 635
552 637
552 649
552 727
552 797
552 825
552 826
552 848
552 850
552 1595
552 1606
554 581
554 753
554 792
554 829
554 1058
554 1261
554 1404
555 585
555 592
555 624
555 771
556 584
556 591
556 779
556 805
556 1400
557 563
557 615
557 626
557 754
557 801
557 837
557 926
557 1170
557 1531
558 578
558 644
558 656
558 686
558 740
558 756
558 757
558 759
558 768
558 779
559 595
559 634
559 712
559 755
559 1677
560 633
560 719
560 739
560 1741
560 1460
561 628
561 653
561 685
561 697
561 715
561 758
561 818
561 824
561 1302
561 1474
562 597
562 601
562 700
562 775
562 779
562 999
563 694
563 703
563 843
563 1549
563 1685
563 1505
564 625
564 747
564 1625
565 604
565 745
565 812
565 852
565 1435
565 1673
565 1697
565 1753
566 1414
566 1663
567 618
567 639
567 668
567 760
567 794
567 1089
567 1536
567 1481
568 597
568 619
568 734
568 809
568 1724
568 1441
569 589
569 611
569 646
569 685
569 750
569 792
569 1537
569 1558
569 1515
570 802
570 845
571 583
571 659
571 731
571 787
571 803
571 821
571 828
571 1146
572 586
572 604
572 669
572 705
572 771
573 720
573 773
573 815
573 851
573 1415
573 1634
574 626
574 695
574 755
574 838
574 861
574 1642
575 638
575 672
575 685
575 699
575 701
575 723
575 804
575 845
576 642
576 674
576 803
576 1739
576 1438
577 581
577 694
577 703
577 818
577 830
577 847
577 1635
577 1686
578 590
578 593
578 718
578 756
578 767
578 873
579 592
579 676
579 761
579 809
579 1109
579 1670
580 642
580 699
580 817
580 842
580 1625
580 1691
580 1741
581 619
581 647
581 755
581 810
581 968
581 1592
582 744
582 751
582 759
582 800
582 804
582 826
582 864
583 638
583 676
583 687
583 823
583 829
583 839
583 1753
584 652
584 741
584 759
584 769
584 793
584 820
584 1347
584 1585
584 1608
585 635
585 661
585 693
585 704
585 724
585 752
585 765
585 801
585 880
586 590
586 607
586 673
586 779
586 840
586 857
587 689
587 690
587 781
587 840
587 985
587 1579
587 1647
587 1441
588 784
588 800
588 835
588 907
589 594
589 645
589 670
589 684
589 756
589 769
589 778
589 860
589 1642
590 733
590 753
590 776
590 834
590 1055
590 1117
590 1430
591 691
591 717
591 804
591 1142
592 812
592 1688
593 594
593 630
593 730
593 754
593 863
593 1472
594 652
594 794
594 808
594 845
594 1468
595 622
595 708
595 732
595 774
595 828
595 1352
596 614
596 624
596 698
596 707
596 785
597 616
597 626
597 713
597 745
597 772
597 913
598 632
598 641
598 647
598 830
598 851
598 1443
599 604
599 645
599 687
599 693
599 734
599 748
599 833
599 946
599 981
599 1121
599 1562
600 637
600 639
600 671
600 741
600 812
600 823
600 1670
601 630
601 634
601 660
601 681
601 714
601 721
601 734
601 956
601 1664
602 675
602 1583
603 633
603 691
603 813
603 1520
604 636
604 753
604 776
604 788
604 804
604 835
605 618
605 668
605 827
605 1103
605 1232
605 1685
606 607
606 651
606 745
606 783
606 866
607 612
607 744
607 838
607 1216
607 1657
608 610
608 652
608 657
608 658
608 680
608 710
608 774
608 1469
609 620
609 635
609 655
609 662
609 701
609 727
609 728
609 1341
610 669
610 670
610 671
610 789
610 827
610 856
610 873
610 1317
611 779
611 786
612 701
612 770
612 1672
613 675
613 723
613 819
613 829
613 1448
614 646
614 675
614 696
614 699
614 815
614 1551
615 678
615 719
615 772
615 776
615 1650
615 1738
615 1471
616 703
616 1625
617 662
617 690
617 704
617 723
617 726
617 747
617 748
617 772
617 799
617 811
617 827
617 1099
617 1547
617 1622
618 643
618 646
618 694
618 715
618 756
618 769
618 778
618 1103
618 1644
618 1716
619 745
619 794
619 962
619 1041
619 1590
619 1454
620 628
620 731
620 787
620 797
620 824
620 846
620 867
620 1511
621 640
621 681
621 763
621 807
621 1579
622 623
622 629
622 757
622 842
622 1001
622 1662
623 633
623 641
623 681
623 744
623 794
623 859
624 655
624 718
624 819
624 820
624 836
624 1076
625 630
625 701
625 755
625 825
625 852
625 1587
626 689
626 736
626 839
626 852
626 861
626 1237
627 671
627 694
627 703
627 780
627 806
627 812
627 858
627 1201
628 705
628 736
628 777
628 786
628 846
628 850
628 1086
629 657
629 686
629 713
629 717
629 741
629 743
629 811
629 833
629 842
629 854
629 1096
629 1573
629 1592
630 782
630 852
630 1653
631 814
631 850
631 1676
632 732
632 743
632 747
632 768
632 848
633 743
633 842
633 851
634 705
634 767
634 799
634 802
634 832
634 836
634 844
635 650
635 653
635 668
635 752
635 1030
636 657
636 1041
636 1696
637 1281
637 1308
638 661
638 680
638 802
638 818
638 819
638 1635
639 718
639 808
639 843
640 685
640 832
641 643
641 687
641 844
641 1650
642 648
642 681
642 723
642 826
642 849
642 861
642 1081
643 757
644 815
644 847
644 1748
645 760
645 782
645 813
645 832
646 764
646 776
646 802
646 811
646 830
646 867
646 1546
647 766
647 770
647 799
647 801
647 831
647 840
647 1203
647 1665
648 699
648 721
648 836
648 1225
648 1381
649 774
649 800
649 862
649 1639
650 680
650 756
650 817
650 820
650 851
650 1654
651 723
651 730
651 762
651 831
651 1529
652 655
652 683
652 844
652 1611
653 666
653 670
653 704
653 797
653 804
653 1586
653 1665
654 728
654 769
654 789
654 863
654 1063
654 1581
655 670
655 716
655 777
655 825
656 679
656 705
656 829
656 838
656 1587
657 752
657 1597
658 699
658 793
658 809
658 844
658 1105
658 1178
659 763
659 787
659 793
659 834
660 665
660 757
660 769
660 777
660 812
661 802
661 826
661 1611
662 668
662 697
662 843
662 930
662 1450
663 697
663 817
663 1495
664 666
664 725
664 815
665 771
665 1257
665 1606
665 1688
666 758
666 773
666 787
666 791
666 806
666 824
666 830
666 859
666 1709
667 721
667 859
668 749
668 792
668 814
668 860
668 1247
669 781
669 1466
670 739
670 747
670 815
670 834
670 1744
671 1441
672 679
672 747
672 820
672 847
672 857
672 1439
673 708
673 725
673 1489
674 703
674 818
674 1640
675 787
675 849
675 850
675 1099
676 717
676 729
676 764
676 767
676 768
676 1033
676 1075
677 700
677 706
677 749
677 768
677 798
677 834
677 837
677 838
677 851
677 905
677 1709
678 703
678 713
678 738
678 741
679 866
679 867
679 882
680 684
680 735
680 836
680 1564
680 1577
680 1727
681 744
681 746
681 756
681 758
681 799
681 893
681 1632
682 765
682 842
682 858
682 1135
682 1179
682 1370
682 1617
683 733
683 749
683 811
683 813
683 860
683 1242
684 706
684 849
684 863
684 1134
685 807
685 823
685 1479
686 861
687 693
687 706
687 728
687 767
687 818
687 831
687 843
687 848
687 1016
687 1326
688 721
688 810
688 996
688 1037
689 762
689 844
689 857
689 1123
690 731
690 795
690 844
690 1577
691 697
691 782
692 762
692 834
692 837
692 1492
693 697
693 773
693 1151
694 774
694 835
695 813
695 982
695 1252
695 1320
695 1562
695 1500
696 716
696 769
696 802
696 806
696 818
696 831
696 843
696 858
696 1437
696 1500
697 791
697 808
697 834
697 858
697 1234
697 1312
698 734
698 758
698 803
698 1253
698 1659
699 791
699 1555
699 1653
700 765
700 838
700 867
700 1243
700 1451
701 803
701 810
701 1098
702 720
702 735
702 863
702 1304
702 1324
703 724
703 737
703 923
704 713
704 1457
705 771
705 797
705 1635
705 1744
706 708
706 736
706 816
706 818
706 1652
707 741
707 759
707 789
707 829
707 855
707 1537
707 1657
707 1686
708 736
708 755
708 762
708 778
708 827
708 843
708 869
708 1102
708 1697
709 728
709 751
709 753
709 1526
710 725
710 774
710 784
710 823
710 840
710 1377
710 1635
710 1454
710 1510
711 732
711 764
711 797
711 831
711 858
711 859
711 954
712 717
712 762
712 771
713 828
713 847
713 988
713 1132
713 1686
713 1533
714 755
714 770
714 802
714 825
714 826
714 1369
714 1511
715 731
715 733
715 758
715 860
715 1645
715 1749
716 784
716 854
716 857
716 1365
716 1417
716 1516
717 762
717 763
717 851
718 793
719 757
719 788
719 821
719 1135
719 1139
720 731
720 786
720 809
721 723
721 742
721 796
721 826
722 751
722 766
722 795
722 1247
722 1647
722 1488
723 734
723 783
723 1197
723 1716
723 1728
723 1499
724 741
724 785
724 858
724 865
724 1211
724 1260
725 807
725 1180
725 1525
726 800
726 855
727 752
727 1679
728 825
728 1216
728 1291
728 1572
729 1269
729 1319
730 736
730 818
731 744
731 803
731 823
731 1633
732 860
732 892
732 1313
732 1569
733 744
733 1636
734 802
734 823
734 846
735 830
735 1429
736 1703
737 794
737 825
738 772
738 779
738 816
738 833
738 848
738 854
738 969
738 1426
739 785
739 798
739 1548
739 1493
740 1218
741 756
741 836
741 861
741 1369
741 1624
741 1728
741 1507
742 743
742 771
742 778
742 915
742 972
742 1277
742 1580
743 765
743 1542
744 748
744 764
744 785
744 797
744 876
744 1638
744 1728
745 746
745 831
745 1465
746 838
746 840
746 1574
746 1453
746 1455
747 781
747 842
747 1111
748 780
748 851
748 1076
748 1697
749 811
749 843
749 852
749 1209
749 1600
749 1675
750 780
750 781
750 833
750 1247
750 1717
750 1749
751 763
751 783
751 811
751 825
751 834
751 1542
752 852
752 935
752 1033
752 1409
752 1669
752 1494
754 773
754 809
754 811
754 828
754 891
754 1030
754 1321
755 802
755 806
755 840
755 885
756 817
756 855
756 866
756 1732
757 776
757 784
757 786
757 830
757 1725
759 842
759 864
759 1137
760 821
761 834
761 1743
762 865
762 1055
762 1641
763 1434
764 780
764 803
764 863
765 839
765 1208
765 1470
766 805
766 880
766 1247
766 1497
767 826
767 859
767 1536
767 1652
768 772
768 867
768 1205
769 783
769 840
769 841
770 1126
771 1565
771 1615
772 812
772 824
772 1599
772 1675
772 1515
773 792
773 819
773 832
773 841
775 783
775 1589
776 1629
777 843
777 1181
777 1464
778 797
778 863
778 1063
779 844
779 1241
779 1628
779 1638
779 1683
779 1531
780 862
780 914
780 1628
781 831
781 1460
782 859
783 1607
784 788
784 1540
784 1563
785 849
785 853
786 810
786 860
786 1662
787 1555
787 1564
787 1606
788 835
788 856
788 1742
788 1441
789 806
789 826
789 1525
790 805
790 1613
791 839
791 1523
792 867
792 1354
793 810
793 1509
794 828
794 1543
795 866
795 1424
795 1691
795 1503
796 803
796 807
796 1561
796 1725
798 838
798 859
798 1198
798 1476
799 817
799 1572
800 803
801 816
801 860
801 1231
801 1354
802 806
802 829
802 862
802 864
802 1485
803 873
803 943
803 1581
803 1641
804 807
805 836
805 1510
806 819
806 843
807 841
807 1138
807 1444
808 815
808 848
808 1472
809 1341
810 826
810 862
810 1637
811 822
811 1110
813 828
813 1304
813 1682
814 1041
814 1463
815 818
815 839
815 855
815 1242
815 1607
816 843
816 851
817 839
817 1689
817 1456
818 844
819 1166
820 860
820 1636
821 858
822 984
822 1323
822 1616
823 858
823 1662
823 1494
825 1107
825 1511
826 845
826 1563
827 957
827 961
827 1240
827 1346
828 855
828 866
829 1072
829 1535
830 1070
830 1474
831 1345
832 842
832 867
832 1165
832 1278
832 1757
832 1514
833 1310
833 1577
833 1662
834 1493
835 1573
837 1166
837 1473
838 841
838 1563
839 924
839 991
839 1634
840 844
840 854
840 1189
840 1329
841 863
843 845
843 859
843 864
844 849
844 1664
845 1691
846 1381
847 1027
848 862
848 1554
849 1151
849 1752
849 1489
850 861
850 1361
850 1618
852 1382
854 1671
854 1507
854 1516
854 1528
856 991
857 951
857 1690
859 957
859 1239
859 1268
860 1645
860 1499
861 1654
862 1667
862 1528
863 1034
863 1559
864 1409
864 1505
865 1075
865 1372
865 1611
866 1748
868 972
868 1175
868 1256
869 1043
870 940
870 987
870 1009
870 1211
870 1420
870 1426
871 1050
871 1198
871 1205
871 1301
871 1405
871 1586
872 962
872 1080
872 1082
872 1311
872 1356
872 1499
873 960
873 961
873 999
873 1131
873 1314
873 1392
873 1400
874 940
874 950
874 1252
874 1365
874 1398
875 959
875 1426
875 1479
876 909
876 974
876 1006
876 1068
876 1108
876 1268
876 1430
877 1117
877 1145
877 1163
877 1371
877 1468
878 965
878 1134
878 1186
878 1357
878 1389
879 880
879 971
879 1271
879 1277
880 954
880 967
880 1089
880 1110
880 1311
880 1375
881 979
881 1047
881 1277
882 900
882 1094
882 1593
883 1114
883 1157
883 1161
883 1238
883 1255
883 1331
883 1430
884 977
884 989
884 1132
884 1415
885 1024
885 1276
885 1683
886 969
886 974
886 1050
886 1080
886 1130
886 1170
886 1756
887 964
887 986
887 1122
887 1208
887 1242
887 1287
888 1094
888 1114
888 1194
888 1205
888 1349
888 1431
889 1055
889 1092
889 1157
889 1189
889 1221
889 1255
889 1270
890 1040
890 1044
890 1104
890 1280
891 1029
891 1049
891 1103
891 1175
891 1301
891 1382
891 1419
891 1655
891 1665
892 987
892 1219
892 1408
892 1476
893 901
893 947
893 1026
893 1062
893 1095
893 1412
894 946
894 1003
894 1036
894 1082
894 1110
894 1114
894 1164
894 1330
895 1007
895 1125
895 1283
896 1005
896 1188
896 1314
896 1592
897 1001
897 1012
897 1052
897 1116
897 1289
897 1295
897 1588
898 912
898 1039
898 1141
898 1306
898 1335
898 1368
898 1658
899 1035
899 1239
899 1297
899 1588
900 936
900 1198
900 1212
900 1279
900 1331
900 1332
901 1193
901 1334
901 1568
901 1598
902 944
902 1056
902 1059
902 1137
902 1149
902 1221
902 1273
902 1297
903 1356
903 1642
904 1089
904 1254
904 1324
904 1477
905 1267
906 959
906 1000
906 1132
906 1393
906 1431
906 1560
906 1594
907 997
907 1246
907 1286
907 1396
907 1684
908 987
908 1040
908 1055
908 1067
908 1197
908 1255
908 1339
908 1391
908 1411
908 1723
909 937
909 948
909 1177
909 1279
909 1313
910 919
910 1172
910 1350
911 1288
911 1411
912 959
912 1305
912 1343
913 1064
913 1098
913 1125
913 1294
913 1404
913 1419
914 1266
914 1391
915 959
915 1109
915 1234
915 1237
915 1683
916 947
916 1034
916 1093
916 1235
917 1066
917 1161
917 1188
917 1285
918 1041
918 1209
918 1278
918 1420
919 946
919 1015
919 1212
919 1278
919 1355
919 1643
920 999
920 1115
920 1136
921 1165
921 1374
922 1039
922 1309
922 1649
923 1269
923 1299
923 1346
923 1349
924 1235
924 1261
924 1281
925 939
925 1031
925 1087
925 1321
925 1334
925 1377
926 1068
926 1351
926 1553
927 936
927 953
927 991
927 1076
927 1161
927 1177
927 1250
927 1321
927 1399
927 1421
928 950
928 1273
928 1274
928 1336
929 972
929 1048
929 1120
929 1242
929 1249
930 1004
930 1082
930 1131
930 1344
930 1395
931 936
931 979
931 1018
931 1024
931 1317
931 1326
931 1354
931 1560
931 1660
931 1723
932 962
932 1197
932 1335
932 1344
932 1386
932 1407
932 1411
933 1336
933 1433
934 969
934 1023
934 1070
934 1164
934 1233
934 1237
934 1306
934 1309
934 1618
935 936
935 1023
935 1398
936 976
936 1027
936 1260
936 1327
937 1005
937 1198
937 1279
938 1192
938 1397
938 1412
938 1466
939 957
939 983
939 1201
939 1309
939 1735
940 1000
940 1198
940 1315
940 1426
940 1438
941 958
941 986
941 1125
942 1035
942 1388
943 987
943 1107
943 1172
943 1362
944 1084
944 1281
944 1674
945 1032
945 1065
945 1150
945 1243
945 1374
945 1403
945 1436
945 1663
945 1470
946 1030
946 1037
946 1076
946 1091
946 1118
946 1122
947 969
947 1295
947 1543
948 965
948 1010
948 1018
948 1126
948 1183
948 1309
948 1351
949 1101
949 1210
949 1269
949 1368
950 1019
950 1058
950 1210
950 1293
950 1587
951 1408
952 1092
952 1146
952 1195
952 1706
953 981
953 1346
953 1692
954 1019
954 1137
954 1168
954 1421
954 1637
955 1016
955 1161
955 1302
955 1693
956 1032
956 1034
956 1044
956 1050
956 1245
956 1613
957 985
957 1171
957 1325
957 1689
958 996
958 1125
958 1284
958 1432
959 972
959 1064
960 1248
960 1264
960 1404
960 1529
961 1201
961 1205
961 1248
961 1423
963 985
963 1069
963 1211
964 988
964 1059
964 1100
964 1142
964 1166
964 1205
964 1206
964 1247
964 1260
964 1280
964 1415
964 1417
964 1433
965 1176
965 1251
965 1426
966 1404
966 1420
967 1270
967 1302
967 1303
967 1352
967 1369
968 1090
968 1111
968 1114
968 1384
968 1403
968 1407
968 1429
969 1027
969 1340
969 1376
970 1645
971 1020
971 1124
971 1307
971 1599
972 1035
972 1044
972 1075
972 1146
972 1174
972 1290
972 1412
972 1723
974 1051
974 1080
974 1304
974 1344
975 1042
975 1075
975 1181
975 1376
975 1384
975 1435
976 994
976 1102
976 1107
976 1178
976 1203
976 1232
976 1329
976 1377
978 1150
978 1309
978 1317
978 1386
979 1071
979 1134
979 1164
979 1349
979 1713
980 991
980 1049
980 1125
980 1155
980 1228
980 1428
981 1026
981 1048
981 1066
981 1136
982 1108
982 1162
982 1409
982 1427
983 1122
983 1187
983 1370
984 997
984 1028
984 1145
984 1227
985 1069
985 1306
986 1018
986 1230
986 1382
987 1073
987 1211
987 1264
988 1022
988 1083
988 1093
988 1289
989 1093
989 1095
989 1376
989 1398
990 1169
990 1195
990 1390
990 1393
990 1568
991 1149
992 1021
992 1153
992 1229
992 1247
993 1045
993 1123
993 1339
993 1377
994 1014
994 1227
994 1263
994 1368
995 1209
995 1219
995 1267
995 1356
996 1002
996 1262
996 1303
997 1674
997 1503
998 1273
998 1351
998 1423
999 1019
999 1230
999 1242
999 1247
999 1339
999 1467
1000 1376
1000 1409
1001 1013
1001 1062
1001 1086
1001 1092
1001 1146
1001 1149
1001 1623
1002 1026
1002 1070
1002 1129
1002 1166
1002 1257
1003 1024
1003 1117
1003 1141
1004 1297
1004 1307
1004 1318
1004 1338
1004 1688
1005 1057
1005 1097
1005 1111
1005 1184
1005 1325
1005 1346
1005 1347
1006 1175
1006 1214
1006 1247
1006 1386
1007 1106
1007 1149
1007 1177
1007 1209
1007 1625
1008 1332
1008 1391
1008 1419
1009 1070
1009 1265
1009 1306
1010 1189
1010 1202
1010 1412
1010 1414
1011 1073
1011 1281
1011 1285
1011 1337
1012 1187
1012 1215
1012 1265
1012 1352
1012 1375
1013 1365
1013 1403
1013 1414
1014 1159
1014 1162
1014 1237
1014 1304
1014 1348
1014 1387
1014 1436
1015 1060
1015 1066
1015 1131
1015 1294
1015 1319
1015 1334
1015 1621
1016 1283
1016 1294
1016 1385
1017 1039
1017 1044
1017 1243
1017 1405
1017 1735
1017 1462
1018 1121
1018 1190
1018 1235
1018 1242
1018 1722
1019 1042
1019 1120
1019 1130
1019 1175
1019 1184
1019 1217
1019 1604
1020 1195
1020 1605
1021 1248
1021 1343
1021 1362
1022 1085
1022 1165
1022 1473
1023 1188
1023 1197
1023 1346
1023 1403
1024 1066
1024 1070
1025 1317
1025 1353
1025 1689
1026 1047
1026 1101
1026 1144
1026 1504
1027 1302
1027 1403
1028 1083
1028 1158
1028 1325
1028 1392
1029 1132
1029 1251
1029 1352
1030 1193
1030 1217
1030 1249
1030 1651
1031 1033
1031 1103
1031 1207
1031 1254
1031 1321
1031 1363
1031 1659
1032 1057
1032 1071
1032 1133
1032 1220
1032 1312
1032 1378
1032 1721
1032 1502
1033 1368
1033 1492
1034 1117
1034 1166
1034 1259
1034 1643
1034 1700
1035 1088
1035 1189
1035 1258
1035 1423
1036 1108
1036 1325
1036 1331
1036 1370
1037 1111
1037 1231
1037 1434
1038 1068
1038 1397
1039 1087
1039 1180
1039 1342
1039 1753
1039 1506
1040 1147
1040 1246
1040 1260
1041 1139
1041 1196
1041 1260
1041 1291
1041 1408
1041 1735
1042 1079
1042 1219
1042 1256
1042 1419
1043 1082
1043 1187
1043 1719
1044 1076
1044 1138
1044 1147
1045 1115
1045 1408
1046 1113
1046 1155
1046 1175
1046 1215
1046 1376
1046 1422
1047 1201
1047 1373
1047 1528
1049 1070
1049 1289
1049 1307
1050 1263
1050 1267
1050 1295
1051 1183
1051 1371
1051 1629
1052 1133
1052 1152
1052 1235
1052 1309
1052 1363
1052 1431
1052 1586
1053 1114
1053 1223
1053 1230
1053 1261
1053 1271
1054 1106
1054 1183
1054 1269
1054 1284
1054 1290
1054 1461
1055 1057
1055 1114
1055 1190
1055 1323
1055 1385
1055 1387
1055 1584
1056 1161
1056 1199
1056 1361
1056 1407
1056 1416
1057 1225
1057 1229
1057 1689
1057 1482
1058 1089
1058 1258
1058 1323
1059 1369
1059 1390
1059 1413
1059 1714
1060 1103
1060 1189
1060 1199
1060 1367
1061 1134
1061 1428
1062 1189
1062 1210
1062 1391
1063 1191
1063 1307
1064 1071
1064 1389
1064 1419
1064 1645
1064 1663
1065 1218
1066 1231
1066 1374
1066 1738
1067 1187
1069 1305
1069 1384
1069 1741
1070 1139
1070 1300
1071 1154
1071 1159
1072 1126
1072 1137
1072 1214
1072 1391
1072 1426
1073 1346
1073 1408
1074 1229
1074 1339
1074 1341
1075 1261
1075 1279
1075 1335
1077 1215
1077 1370
1078 1139
1078 1158
1078 1239
1078 1267
1078 1278
1078 1312
1078 1389
1078 1419
1078 1505
1079 1124
1079 1155
1079 1199
1079 1207
1079 1232
1079 1242
1079 1346
1080 1162
1080 1234
1081 1193
1081 1206
1081 1247
1081 1656
1082 1564
1083 1164
1083 1301
1083 1352
1083 1392
1084 1429
1085 1288
1085 1386
1085 1415
1086 1108
1086 1116
1086 1150
1086 1258
1086 1552
1087 1204
1087 1408
1088 1233
1088 1285
1088 1321
1088 1331
1088 1383
1088 1424
1089 1134
1089 1233
1089 1321
1089 1329
1089 1349
1089 1507
1090 1159
1090 1305
1091 1181
1091 1206
1091 1250
1091 1342
1091 1523
1092 1141
1092 1186
1092 1214
1092 1258
1092 1281
1092 1383
1093 1119
1093 1325
1093 1348
1093 1389
1094 1096
1094 1172
1094 1250
1094 1304
1094 1315
1094 1327
1094 1356
1094 1455
1095 1119
1095 1127
1095 1296
1095 1624
1095 1734
1095 1506
1096 1195
1096 1253
1096 1411
1096 1414
1097 1125
1097 1215
1097 1316
1097 1518
1098 1136
1098 1255
1098 1394
1098 1595
1099 1320
1099 1408
1099 1435
1100 1166
1101 1153
1101 1297
1101 1305
1101 1655
1102 1367
1103 1231
1104 1156
1104 1183
1104 1184
1104 1505
1105 1184
1105 1322
1105 1418
1105 1564
1106 1360
1106 1395
1107 1167
1107 1197
1107 1320
1107 1340
1109 1201
1109 1213
1109 1329
1110 1117
1110 1424
1111 1125
1111 1209
1111 1302
1111 1318
1111 1392
1112 1292
1113 1247
1113 1421
1114 1156
1114 1325
1114 1404
1114 1612
1115 1152
1115 1418
1115 1511
1116 1279
1116 1342
1116 1377
1116 1669
1117 1127
1117 1234
1118 1299
1118 1372
1118 1374
1119 1185
1119 1256
1119 1278
1119 1346
1119 1418
1120 1127
1120 1144
1120 1186
1120 1207
1120 1236
1120 1395
1121 1211
1121 1217
1122 1123
1122 1185
1122 1337
1122 1343
1123 1406
1124 1164
1124 1186
1124 1364
1124 1434
1125 1182
1125 1218
1125 1225
1125 1279
1125 1321
1125 1401
1125 1424
1125 1454
1125 1518
1126 1138
1126 1148
1126 1156
1126 1415
1126 1426
1127 1288
1127 1356
1127 1402
1128 1312
1128 1422
1129 1318
1130 1336
1130 1344
1130 1347
1130 1382
1131 1208
1131 1279
1131 1457
1132 1201
1132 1258
1132 1344
1133 1204
1134 1177
1134 1243
1134 1271
1134 1296
1134 1306
1135 1138
1135 1323
1136 1148
1136 1393
1136 1403
1137 1377
1137 1383
1137 1392
1138 1393
1139 1271
1140 1149
1140 1293
1140 1335
1140 1402
1141 1162
1141 1370
1141 1425
1142 1240
1142 1252
1142 1323
1142 1390
1143 1213
1143 1384
1144 1209
1144 1235
1144 1347
1145 1228
1145 1344
1145 1418
1146 1171
1146 1677
1146 1476
1148 1210
1148 1286
1148 1414
1149 1225
1149 1237
1149 1497
1150 1384
1150 1388
1151 1329
1151 1513
1152 1198
1152 1409
1152 1419
1153 1200
1153 1223
1154 1209
1154 1265
1154 1369
1154 1425
1155 1220
1156 1187
1156 1274
1156 1369
1156 1402
1156 1418
1157 1277
1157 1290
1157 1412
1158 1350
1158 1397
1159 1374
1160 1166
1161 1209
1161 1272
1162 1186
1162 1323
1162 1398
1162 1599
1162 1479
1163 1177
1163 1265
1163 1438
1163 1489
1164 1228
1164 1404
1164 1593
1164 1464
1165 1239
1165 1422
1165 1444
1166 1326
1166 1366
1167 1176
1167 1197
1167 1278
1167 1395
1168 1214
1168 1273
1168 1285
1168 1287
1168 1300
1168 1342
1170 1200
1170 1277
1170 1296
1171 1191
1171 1265
1172 1191
1173 1258
1173 1274
1174 1179
1174 1283
1174 1288
1174 1313
1174 1341
1174 1382
1174 1714
1176 1597
1177 1215
1177 1308
1177 1629
1177 1634
1177 1528
1178 1202
1178 1237
1178 1368
1178 1414
1178 1436
1178 1612
1179 1194
1179 1217
1179 1253
1180 1220
1180 1372
1180 1432
1180 1709
1181 1414
1182 1332
1182 1370
1183 1249
1183 1301
1183 1386
1183 1419
1184 1187
1184 1348
1185 1307
1185 1340
1186 1190
1186 1206
1186 1209
1187 1238
1187 1320
1187 1343
1188 1310
1189 1284
1189 1325
1189 1381
1189 1384
1189 1686
1190 1239
1190 1324
1190 1592
1190 1502
1191 1199
1191 1260
1191 1359
1191 1370
1191 1433
1191 1589
1192 1217
1192 1245
1192 1336
1192 1374
1193 1298
1193 1327
1193 1395
1194 1216
1194 1242
1194 1245
1194 1253
1194 1353
1195 1479
1195 1532
1196 1283
1196 1338
1196 1420
1197 1226
1197 1691
1198 1270
1198 1312
1199 1305
1200 1362
1200 1376
1200 1395
1201 1217
1201 1248
1201 1295
1202 1694
1203 1265
1203 1309
1203 1324
1203 1360
1203 1436
1203 1567
1203 1630
1204 1214
1204 1216
1204 1315
1205 1275
1205 1291
1205 1300
1205 1343
1206 1232
1207 1225
1208 1277
1208 1311
1208 1329
1209 1211
1209 1251
1209 1432
1209 1590
1210 1230
1210 1298
1211 1281
1212 1245
1212 1270
1213 1246
1213 1265
1213 1280
1215 1299
1216 1493
1217 1225
1217 1231
1217 1237
1217 1327
1217 1343
1217 1353
1217 1434
1218 1254
1218 1314
1218 1325
1219 1303
1219 1411
1221 1288
1221 1338
1221 1413
1221 1639
1223 1345
1224 1406
1224 1416
1225 1274
1225 1284
1226 1250
1226 1362
1226 1373
1226 1479
1227 1304
1227 1346
1228 1352
1228 1383
1229 1254
1229 1296
1229 1344
1230 1411
1232 1330
1232 1370
1233 1350
1233 1358
1233 1417
1233 1429
1235 1271
1236 1237
1236 1276
1236 1354
1238 1270
1238 1387
1240 1390
1242 1317
1242 1404
1242 1434
1243 1269
1243 1311
1243 1334
1243 1557
1244 1305
1244 1407
1245 1426
1246 1251
1246 1385
1247 1255
1247 1274
1248 1392
1249 1302
1249 1415
1249 1583
1250 1367
1250 1407
1250 1605
1251 1268
1251 1415
1251 1581
1252 1304
1252 1589
1253 1424
1253 1707
1254 1289
1254 1363
1254 1539
1254 1717
1255 1428
1255 1434
1256 1259
1256 1382
1256 1400
1257 1299
1257 1395
1257 1710
1257 1716
1258 1306
1258 1451
1259 1331
1260 1294
1260 1372
1260 1406
1260 1416
1260 1497
1261 1326
1261 1418
1261 1674
1262 1265
1262 1296
1262 1382
1262 1416
1263 1278
1264 1312
1264 1638
1265 1358
1265 1641
1266 1282
1266 1301
1267 1362
1267 1453
1268 1364
1268 1613
1268 1479
1269 1272
1269 1279
1269 1321
1270 1353
1270 1390
1271 1277
1271 1523
1272 1364
1273 1301
1273 1651
1273 1463
1274 1374
1274 1490
1277 1383
1278 1299
1278 1319
1279 1286
1279 1536
1279 1618
1280 1392
1280 1434
1280 1524
1281 1312
1281 1331
1281 1360
1281 1407
1281 1424
1281 1451
1282 1369
1282 1482
1283 1290
1283 1601
1285 1415
1286 1371
1286 1425
1287 1345
1288 1328
1288 1427
1288 1583
1288 1660
1288 1666
1290 1398
1291 1563
1292 1300
1293 1621
1294 1385
1295 1398
1295 1409
1295 1596
1296 1416
1296 1418
1297 1612
1297 1618
1298 1314
1298 1430
1300 1431
1301 1374
1301 1399
1301 1428
1301 1572
1303 1314
1303 1405
1303 1637
1304 1361
1304 1636
1306 1409
1306 1513
1307 1351
1307 1369
1307 1401
1307 1669
1308 1310
1309 1357
1309 1398
1309 1412
1310 1738
1311 1419
1311 1493
1315 1358
1316 1625
1317 1322
1318 1729
1319 1552
1320 1669
1322 1713
1323 1441
1325 1354
1325 1355
1326 1335
1326 1363
1326 1383
1327 1564
1329 1669
1329 1711
1329 1750
1332 1345
1333 1362
1333 1394
1333 1491
1334 1438
1335 1471
1336 1401
1337 1390
1338 1346
1338 1347
1339 1353
1339 1360
1339 1743
1340 1370
1340 1371
1340 1642
1340 1711
1341 1348
1341 1399
1341 1535
1342 1362
1342 1429
1343 1428
1344 1431
1345 1434
1346 1366
1346 1757
1346 1512
1347 1389
1350 1406
1350 1701
1353 1385
1353 1388
1354 1668
1355 1365
1355 1398
1355 1417
1356 1400
1356 1423
1360 1399
1360 1418
1360 1664
1362 1375
1365 1410
1366 1429
1368 1402
1368 1630
1369 1414
1369 1438
1369 1453
1370 1681
1371 1486
1372 1388
1372 1753
1373 1391
1373 1627
1375 1620
1377 1725
1378 1611
1378 1715
1379 1390
1379 1559
1379 1584
1380 1396
1380 1431
1383 1675
1383 1676
1384 1535
1386 1435
1388 1578
1388 1737
1390 1492
1395 1645
1396 1425
1397 1588
1400 1580
1401 1420
1401 1741
1402 1413
1403 1424
1403 1540
1404 1405
1404 1493
1405 1722
1408 1749
1409 1507
1413 1538
1413 1712
1413 1739
1417 1432
1417 1739
1418 1735
1419 1681
1422 1430
1431 1690
1433 1473
1536 1567
1536 1588
1536 1597
1536 1606
1536 1614
1536 1701
1536 1468
1537 1551
1537 1563
1537 1637
1537 1495
1538 1597
1538 1627
1538 1634
1538 1682
1539 1622
1539 1437
1539 1446
1539 1516
1540 1663
1540 1486
1540 1504
1541 1579
1541 1599
1541 1485
1542 1647
1542 1701
1543 1658
1543 1680
1543 1516
1544 1654
1544 1683
1544 1748
1545 1758
1545 1472
1545 1509
1546 1748
1546 1474
1547 1574
1547 1461
1547 1476
1548 1553
1548 1731
1548 1485
1548 1518
1549 1719
1549 1723
1550 1533
1551 1643
1551 1682
1551 1728
1551 1497
1552 1659
1552 1664
1553 1592
1553 1600
1553 1611
1553 1731
1553 1515
1554 1442
1555 1587
1555 1713
1555 1480
1556 1622
1556 1698
1556 1454
1556 1456
1558 1584
1558 1593
1558 1731
1558 1469
1558 1501
1559 1579
1559 1647
1559 1669
1559 1706
1559 1505
1560 1722
1560 1759
1561 1568
1561 1590
1561 1673
1561 1476
1561 1479
1563 1577
1563 1732
1564 1575
1564 1656
1565 1598
1565 1636
1565 1650
1565 1444
1565 1454
1565 1486
1565 1501
1565 1517
1565 1526
1566 1592
1566 1617
1566 1639
1566 1643
1566 1681
1567 1601
1567 1613
1567 1695
1567 1445
1567 1476
1568 1706
1568 1516
1569 1631
1570 1680
1570 1686
1571 1588
1571 1642
1571 1511
1572 1592
1572 1685
1572 1759
1573 1695
1573 1713
1573 1499
1573 1533
1574 1638
1574 1440
1574 1490
1574 1491
1574 1526
1575 1612
1575 1711
1575 1747
1575 1481
1576 1728
1576 1439
1577 1612
1578 1633
1578 1641
1578 1750
1579 1514
1579 1522
1580 1609
1580 1619
1580 1687
1580 1727
1581 1617
1581 1619
1581 1707
1582 1651
1582 1671
1582 1679
1582 1702
1582 1718
1582 1748
1582 1493
1583 1604
1583 1616
1583 1669
1583 1681
1583 1472
1583 1495
1584 1641
1584 1690
1584 1708
1584 1474
1585 1635
1585 1718
1585 1723
1585 1728
1585 1524
1586 1718
1586 1453
1587 1666
1587 1730
1587 1462
1587 1496
1588 1589
1588 1626
1588 1715
1588 1473
1588 1506
1588 1519
1588 1522
1589 1590
1589 1679
1589 1724
1589 1513
1590 1683
1591 1600
1591 1686
1592 1609
1592 1695
1592 1451
1592 1519
1593 1594
1593 1614
1593 1659
1593 1665
1593 1672
1593 1459
1594 1598
1594 1642
1594 1672
1594 1727
1594 1486
1594 1521
1595 1604
1595 1635
1595 1696
1597 1675
1597 1457
1597 1466
1597 1535
1598 1634
1598 1662
1598 1714
1598 1439
1599 1652
1599 1755
1599 1505
1600 1707
1600 1442
1601 1734
1601 1743
1601 1751
1602 1475
1603 1744
1603 1750
1603 1523
1604 1617
1604 1740
1605 1671
1605 1732
1605 1744
1605 1472
1605 1518
1606 1657
1606 1664
1607 1629
1607 1732
1608 1629
1608 1648
1608 1480
1609 1717
1609 1746
1610 1631
1610 1700
1610 1755
1611 1626
1611 1647
1611 1477
1612 1696
1612 1712
1613 1656
1613 1677
1613 1751
1613 1752
1613 1502
1614 1733
1614 1450
1614 1473
1614 1507
1616 1694
1616 1696
1616 1704
1616 1728
1616 1737
1617 1679
1617 1758
1617 1452
1617 1508
1618 1647
1618 1677
1618 1477
1619 1660
1619 1729
1619 1496
1620 1649
1620 1449
1620 1491
1620 1528
1621 1657
1621 1468
1622 1654
1622 1720
1622 1526
1622 1527
1623 1636
1623 1671
1623 1752
1624 1754
1624 1481
1624 1505
1625 1664
1625 1678
1625 1485
1625 1493
1626 1700
1626 1717
1626 1446
1627 1665
1627 1719
1627 1739
1628 1736
1628 1530
1629 1732
1629 1463
1630 1649
1630 1444
1630 1459
1630 1518
1631 1637
1631 1493
1632 1720
1632 1463
1633 1650
1633 1743
1634 1674
1634 1462
1634 1472
1635 1652
1635 1665
1635 1714
1635 1727
1635 1449
1636 1657
1636 1699
1636 1725
1636 1755
1638 1719
1638 1752
1638 1470
1639 1699
1639 1437
1639 1478
1639 1518
1640 1692
1640 1460
1641 1656
1642 1669
1642 1691
1642 1712
1643 1499
1643 1516
1644 1498
1645 1732
1645 1759
1645 1521
1646 1439
1646 1534
1647 1742
1647 1474
1648 1669
1648 1496
1649 1688
1649 1525
1650 1445
1650 1486
1652 1730
1652 1747
1653 1682
1653 1700
1653 1709
1653 1489
1654 1486
1655 1668
1656 1743
1656 1459
1656 1465
1656 1534
1657 1671
1657 1514
1658 1513
1659 1669
1659 1673
1659 1723
1659 1747
1660 1661
1660 1681
1660 1747
1660 1755
1660 1459
1662 1688
1662 1497
1663 1746
1663 1470
1664 1445
1665 1670
1665 1671
1665 1722
1665 1741
1665 1444
1665 1478
1666 1726
1666 1463
1668 1471
1669 1687
1669 1737
1669 1469
1669 1480
1669 1483
1669 1530
1670 1459
1671 1710
1671 1758
1671 1493
1672 1481
1672 1507
1673 1708
1673 1732
1674 1749
1674 1754
1674 1446
1674 1535
1676 1735
1676 1746
1676 1523
1676 1526
1678 1706
1678 1470
1679 1680
1679 1458
1679 1518
1680 1490
1681 1474
1682 1698
1683 1709
1683 1451
1683 1526
1684 1477
1685 1459
1686 1752
1686 1445
1687 1704
1687 1707
1687 1716
1687 1443
1687 1479
1688 1455
1688 1524
1689 1714
1689 1461
1690 1697
1690 1700
1691 1442
1692 1694
1692 1718
1693 1753
1693 1506
1693 1522
1695 1468
1696 1503
1696 1508
1697 1753
1697 1471
1699 1502
1700 1465
1701 1730
1701 1470
1701 1507
1702 1500
1703 1717
1703 1720
1703 1728
1705 1726
1705 1469
1705 1528
1706 1512
1706 1535
1708 1720
1708 1736
1708 1760
1709 1505
1709 1534
1710 1734
1710 1745
1710 1449
1710 1470
1710 1485
1711 1743
1711 1438
1711 1459
1711 1461
1711 1534
1712 1505
1713 1533
1714 1451
1714 1483
1714 1497
1714 1514
1715 1449
1715 1464
1716 1739
1716 1501
1717 1447
1717 1455
1717 1498
1717 1516
1717 1529
1718 1725
1718 1744
1719 1756
1719 1441
1719 1457
1719 1514
1720 1497
1721 1729
1721 1743
1721 1445
1721 1521
1721 1531
1722 1446
1722 1491
1723 1502
1724 1726
1724 1734
1726 1495
1726 1499
1727 1479
1729 1751
1729 1451
1729 1517
1730 1734
1730 1490
1733 1504
1733 1513
1735 1748
1736 1533
1737 1505
1738 1753
1738 1467
1739 1445
1739 1490
1740 1526
1741 1451
1741 1496
1741 1525
1742 1509
1742 1526
1743 1484
1744 1439
1744 1525
1745 1444
1745 1474
1747 1535
1748 1530
1749 1444
1749 1488
1749 1500
1750 1756
1750 1485
1751 1481
1752 1458
1752 1508
1753 1444
1753 1481
1753 1535
1754 1499
1756 1520
1758 1462
1759 1530
1437 1445
1438 1493
1439 1457
1440 1460
1440 1469
1440 1532
1443 1493
1444 1521
1446 1488
1446 1517
1449 1531
1451 1464
1451 1471
1453 1481
1453 1516
1455 1532
1458 1465
1459 1516
1459 1527
1463 1520
1464 1520
1465 1523
1466 1470
1466 1479
1467 1495
1468 1479
1469 1529
1471 1494
1471 1510
1471 1529
1472 1484
1472 1507
1474 1487
1474 1491
1475 1477
1475 1483
1475 1521
1476 1518
1478 1493
1480 1510
1480 1530
1482 1488
1482 1512
1485 1502
1487 1496
1487 1507
1492 1518
1494 1496
1496 1529
1497 1525
1498 1525
1500 1508
1503 1517
1508 1510
1511 1517
1512 1535
1513 1515
1515 1525
1531 1532