0 36
0 41
0 113
0 118
0 125
0 126
0 133
0 142
0 153
0 170
0 173
0 187
0 200
0 226
0 565
0 893
0 908
0 914
0 983
0 1004
1 12
1 13
1 19
1 30
1 37
1 46
1 74
1 97
1 124
1 135
1 137
1 138
1 166
1 181
1 182
1 193
1 196
1 230
1 424
1 826
1 940
1 968
2 18
2 21
2 28
2 30
2 40
2 42
2 70
2 72
2 85
2 111
2 114
2 130
2 141
2 179
2 181
2 184
2 191
2 192
2 222
2 227
2 283
2 393
2 724
2 1121
3 14
3 16
3 32
3 33
3 46
3 51
3 66
3 116
3 140
3 156
3 170
3 172
3 173
3 195
3 199
3 209
3 225
3 227
3 457
3 511
3 629
3 631
3 828
3 852
3 964
3 1046
3 996
3 998
4 16
4 18
4 42
4 52
4 54
4 101
4 132
4 133
4 141
4 147
4 150
4 153
4 157
4 176
4 178
4 198
4 201
4 228
4 230
4 237
4 293
4 432
4 769
4 1029
4 1212
5 10
5 18
5 28
5 34
5 45
5 49
5 64
5 75
5 77
5 81
5 84
5 91
5 115
5 119
5 125
5 127
5 204
5 219
5 376
5 379
5 698
5 813
5 846
5 865
5 886
5 957
5 1067
6 12
6 51
6 62
6 126
6 134
6 136
6 143
6 192
6 194
6 214
6 768
6 829
6 839
7 15
7 46
7 53
7 63
7 71
7 94
7 102
7 115
7 157
7 176
7 185
7 210
7 229
7 256
7 385
7 471
7 637
7 789
7 874
7 1006
8 27
8 43
8 54
8 97
8 106
8 114
8 116
8 130
8 145
8 147
8 194
8 195
8 208
8 211
8 220
8 233
8 235
8 238
8 256
8 282
8 720
8 755
8 892
8 1039
8 1125
9 56
9 69
9 77
9 87
9 142
9 181
9 211
9 223
9 227
9 230
9 393
9 690
9 789
9 842
9 985
10 45
10 80
10 89
10 109
10 126
10 151
10 169
10 193
10 223
10 232
10 382
10 464
10 876
10 895
10 1058
10 985
11 16
11 21
11 49
11 56
11 89
11 118
11 123
11 132
11 137
11 148
11 152
11 161
11 190
11 204
11 215
11 224
11 238
11 300
11 430
11 576
11 1036
11 980
11 1096
12 16
12 17
12 18
12 46
12 66
12 98
12 106
12 111
12 130
12 149
12 161
12 177
12 194
12 207
12 219
12 597
12 677
12 887
12 889
12 904
12 1026
13 25
13 28
13 101
13 136
13 166
13 180
13 183
13 185
13 188
13 204
13 290
13 380
13 415
13 768
13 877
13 1009
14 34
14 35
14 85
14 100
14 112
14 145
14 173
14 197
14 198
14 215
14 228
14 237
14 238
14 717
14 845
15 42
15 50
15 75
15 85
15 114
15 116
15 157
15 191
15 207
15 234
15 443
15 608
15 866
15 899
15 1034
15 1222
16 17
16 20
16 23
16 35
16 41
16 61
16 66
16 73
16 113
16 150
16 154
16 173
16 178
16 194
16 203
16 209
16 214
16 230
16 238
16 535
16 633
16 867
16 974
17 25
17 75
17 104
17 112
17 120
17 156
17 187
17 204
17 207
17 221
17 276
17 479
17 495
17 622
17 758
17 1072
17 1186
17 1277
18 21
18 35
18 40
18 55
18 90
18 94
18 97
18 98
18 107
18 115
18 120
18 154
18 206
18 210
18 226
18 235
18 237
18 248
18 527
18 612
18 934
19 22
19 53
19 67
19 139
19 142
19 153
19 172
19 186
19 217
19 266
19 267
19 637
19 852
19 943
19 999
20 38
20 44
20 48
20 71
20 72
20 77
20 105
20 107
20 114
20 115
20 124
20 138
20 201
20 299
20 680
20 1004
20 1129
21 22
21 25
21 37
21 38
21 60
21 74
21 80
21 118
21 122
21 150
21 176
21 194
21 759
21 1090
22 36
22 62
22 97
22 101
22 114
22 130
22 140
22 152
22 164
22 187
22 211
22 213
22 214
22 228
22 229
22 235
22 388
22 389
22 501
22 502
22 668
22 1073
23 28
23 97
23 101
23 127
23 128
23 131
23 140
23 146
23 153
23 158
23 159
23 169
23 183
23 218
23 888
23 1037
23 986
23 987
23 1001
23 1228
24 46
24 56
24 70
24 117
24 123
24 159
24 196
24 232
24 234
24 270
24 411
24 473
24 507
24 574
24 875
25 77
25 96
25 110
25 131
25 134
25 145
25 172
25 184
25 188
25 197
25 199
25 212
25 213
25 235
25 237
25 268
25 310
25 849
25 853
26 30
26 41
26 70
26 74
26 116
26 165
26 174
26 176
26 223
26 233
26 280
26 364
26 404
26 417
26 459
26 564
26 610
26 613
26 662
26 769
26 977
27 34
27 35
27 38
27 62
27 76
27 77
27 96
27 146
27 150
27 183
27 186
27 399
27 529
27 685
27 788
28 35
28 39
28 42
28 67
28 74
28 81
28 93
28 97
28 117
28 120
28 121
28 124
28 140
28 159
28 200
28 202
28 208
28 214
28 217
28 306
28 330
28 408
28 518
28 918
28 1046
29 80
29 128
29 186
29 188
29 200
29 212
29 386
29 608
29 786
29 980
29 1183
30 42
30 45
30 69
30 90
30 153
30 169
30 190
30 199
30 205
30 220
30 226
30 231
30 254
30 300
30 818
30 884
30 906
30 994
30 1226
31 46
31 53
31 58
31 65
31 86
31 102
31 105
31 126
31 157
31 166
31 181
31 184
31 217
31 222
31 235
31 359
31 661
31 846
31 877
32 62
32 69
32 82
32 83
32 87
32 93
32 107
32 117
32 140
32 193
32 197
32 212
32 231
32 238
32 317
32 481
32 555
32 635
32 841
32 902
32 917
32 1056
32 970
33 36
33 50
33 63
33 73
33 98
33 104
33 150
33 154
33 194
33 195
33 225
33 327
33 385
33 515
33 812
34 74
34 87
34 102
34 107
34 122
34 123
34 157
34 170
34 181
34 211
34 229
34 237
34 375
34 546
34 805
34 933
34 1054
35 61
35 88
35 102
35 136
35 153
35 159
35 174
35 213
35 220
35 238
35 300
35 601
35 614
35 1045
35 983
35 998
36 40
36 46
36 59
36 99
36 120
36 148
36 165
36 176
36 199
36 207
36 222
36 227
36 228
36 459
36 786
36 860
36 887
36 947
36 1044
36 968
36 1020
37 49
37 71
37 80
37 91
37 104
37 158
37 175
37 214
37 225
37 300
37 331
37 352
37 442
37 749
37 834
37 948
37 1014
37 1215
38 50
38 67
38 87
38 88
38 137
38 143
38 222
38 443
38 514
38 557
38 994
39 41
39 42
39 58
39 114
39 129
39 183
39 236
39 250
39 281
39 401
39 467
39 747
39 1035
39 1009
39 1012
39 1142
39 1265
40 41
40 49
40 57
40 60
40 62
40 87
40 100
40 101
40 131
40 137
40 174
40 190
40 204
40 230
40 255
40 269
40 279
40 426
40 910
40 1046
41 42
41 56
41 93
41 116
41 122
41 148
41 218
41 246
41 898
41 1052
41 974
42 73
42 101
42 108
42 109
42 128
42 140
42 149
42 164
42 182
42 209
42 216
42 223
42 236
42 276
42 541
42 562
42 810
42 840
42 891
42 895
42 1189
43 54
43 81
43 88
43 93
43 104
43 106
43 110
43 111
43 126
43 127
43 137
43 154
43 195
43 219
43 609
43 745
43 754
43 810
43 820
44 55
44 66
44 74
44 95
44 99
44 123
44 156
44 187
44 201
44 234
44 235
44 267
44 275
44 754
44 771
44 913
44 978
45 55
45 56
45 73
45 81
45 86
45 88
45 89
45 112
45 118
45 128
45 160
45 167
45 173
45 179
45 185
45 196
45 217
45 227
45 231
45 365
45 367
45 520
45 753
45 819
46 50
46 68
46 69
46 83
46 118
46 124
46 163
46 179
46 181
46 205
46 206
46 215
46 529
46 716
46 877
46 903
46 1021
47 60
47 82
47 86
47 90
47 99
47 102
47 106
47 130
47 133
47 141
47 144
47 149
47 153
47 162
47 167
47 168
47 184
47 194
47 221
47 231
47 392
47 428
47 814
47 825
47 864
47 874
47 897
48 63
48 96
48 132
48 152
48 159
48 170
48 180
48 184
48 238
48 450
48 467
48 748
48 798
48 827
48 938
48 979
49 53
49 56
49 69
49 117
49 119
49 149
49 161
49 163
49 166
49 176
49 187
49 223
49 231
49 238
49 251
49 266
49 344
49 397
49 548
49 580
50 55
50 65
50 86
50 88
50 89
50 93
50 98
50 133
50 141
50 154
50 184
50 187
50 189
50 207
50 281
50 291
50 428
50 469
50 531
50 740
50 792
50 949
51 86
51 90
51 116
51 180
51 185
51 196
51 1098
51 1245
51 1301
52 96
52 122
52 152
52 154
52 169
52 188
52 200
52 369
52 413
52 435
52 484
52 617
52 708
52 824
53 83
53 100
53 101
53 102
53 124
53 159
53 210
53 247
53 393
53 461
53 472
53 531
54 64
54 84
54 117
54 120
54 125
54 134
54 147
54 160
54 166
54 179
54 184
54 197
54 208
54 210
54 215
54 216
54 232
54 237
54 768
54 859
54 1045
54 998
54 1018
55 56
55 63
55 74
55 75
55 107
55 125
55 126
55 129
55 131
55 139
55 146
55 147
55 202
55 216
55 226
55 232
55 445
55 679
55 706
55 779
55 852
55 1138
56 61
56 85
56 110
56 117
56 122
56 130
56 136
56 138
56 146
56 164
56 173
56 177
56 182
56 194
56 1101
57 70
57 72
57 73
57 79
57 86
57 116
57 123
57 132
57 167
57 185
57 193
57 197
57 202
57 237
57 569
57 727
57 979
58 87
58 88
58 151
58 215
58 217
58 226
58 227
58 428
58 747
58 789
58 812
58 920
59 98
59 126
59 149
59 188
59 199
59 225
59 233
59 467
59 491
59 546
59 915
60 62
60 96
60 114
60 116
60 118
60 148
60 151
60 173
60 183
60 225
60 231
60 309
60 336
60 381
60 653
60 695
60 731
60 833
60 955
60 1050
60 1159
61 124
61 129
61 132
61 135
61 159
61 174
61 178
61 192
61 228
61 749
61 790
62 86
62 99
62 111
62 131
62 168
62 209
62 227
62 507
62 626
62 697
62 913
62 1035
62 996
63 81
63 134
63 144
63 150
63 152
63 154
63 175
63 201
63 216
63 272
63 432
63 824
63 849
63 878
63 937
63 1038
64 69
64 87
64 88
64 122
64 130
64 149
64 167
64 168
64 178
64 186
64 218
64 223
64 238
64 291
64 371
64 405
64 450
64 457
64 571
64 622
64 756
64 843
64 874
65 127
65 129
65 158
65 162
65 164
65 165
65 168
65 172
65 182
65 207
65 223
65 233
65 235
65 391
65 545
65 731
65 751
65 754
65 904
65 974
66 68
66 78
66 89
66 105
66 127
66 140
66 157
66 161
66 180
66 181
66 192
66 197
66 204
66 212
66 225
66 261
66 609
66 623
66 680
66 683
66 784
66 800
67 83
67 89
67 91
67 95
67 104
67 110
67 116
67 131
67 152
67 163
67 197
67 231
67 408
67 582
68 79
68 82
68 97
68 120
68 128
68 135
68 146
68 156
68 169
68 181
68 190
68 193
68 295
68 314
68 329
68 476
68 569
68 594
68 935
68 979
69 96
69 99
69 102
69 105
69 112
69 133
69 157
69 162
69 167
69 177
69 179
69 182
69 228
69 238
69 420
69 727
69 746
69 981
69 1283
70 76
70 77
70 88
70 91
70 92
70 100
70 131
70 134
70 181
70 183
70 201
70 233
70 1015
71 75
71 76
71 83
71 92
71 94
71 97
71 128
71 137
71 155
71 162
71 195
71 208
71 215
71 238
71 359
71 366
71 459
71 774
72 73
72 77
72 93
72 101
72 102
72 120
72 130
72 136
72 140
72 153
72 155
72 188
72 199
72 249
72 533
72 614
72 678
72 876
72 938
72 1120
73 75
73 88
73 99
73 102
73 120
73 126
73 129
73 130
73 147
73 158
73 159
73 164
73 238
73 262
73 277
73 285
73 346
73 348
73 379
73 419
73 651
73 702
73 985
74 102
74 113
74 142
74 152
74 184
74 233
74 643
74 712
74 776
74 1050
74 1003
75 99
75 201
75 202
75 203
75 208
75 219
75 222
75 234
75 235
75 474
75 568
75 602
75 612
75 1044
76 82
76 84
76 109
76 129
76 133
76 143
76 156
76 186
76 189
76 233
76 237
76 468
76 526
76 628
76 841
76 974
77 110
77 113
77 114
77 131
77 143
77 171
77 185
77 201
77 226
77 362
77 382
77 406
77 703
77 814
77 851
77 1227
78 105
78 134
78 142
78 157
78 159
78 176
78 220
78 364
78 963
78 1243
79 99
79 111
79 122
79 132
79 147
79 156
79 166
79 185
79 220
79 225
79 375
79 393
79 410
79 651
79 728
79 789
80 83
80 109
80 116
80 143
80 144
80 150
80 170
80 182
80 231
80 234
80 258
80 353
80 567
80 659
80 660
80 804
80 820
80 846
80 943
80 1148
81 93
81 114
81 144
81 164
81 172
81 223
81 224
81 230
81 314
81 622
81 1025
82 132
82 147
82 151
82 165
82 174
82 185
82 232
82 461
82 668
82 827
82 844
82 1060
83 98
83 101
83 102
83 111
83 122
83 136
83 138
83 139
83 148
83 166
83 172
83 183
83 197
83 201
83 220
83 236
83 271
83 322
83 750
83 926
83 954
83 1043
83 974
83 1231
84 98
84 114
84 121
84 137
84 143
84 151
84 183
84 190
84 196
84 230
84 260
84 544
84 510
84 593
84 890
84 929
84 956
84 1175
85 107
85 117
85 144
85 151
85 186
85 197
85 199
85 202
85 205
85 208
85 219
85 231
85 360
85 413
85 619
85 735
85 766
85 1002
86 118
86 212
86 221
86 254
86 260
86 497
86 688
86 1039
86 1176
87 103
87 124
87 139
87 172
87 191
87 198
87 200
87 218
87 290
87 777
87 795
87 933
87 1025
88 96
88 152
88 154
88 195
88 201
88 205
88 273
88 327
88 736
88 761
88 831
88 849
88 900
88 917
88 983
88 992
88 1004
88 1018
88 1227
89 97
89 98
89 142
89 152
89 166
89 189
89 196
89 198
89 236
89 383
89 536
89 857
89 938
89 946
89 1046
89 989
90 161
90 174
90 183
90 235
90 277
90 674
90 910
90 974
90 1283
91 93
91 112
91 124
91 125
91 131
91 150
91 170
91 180
91 181
91 185
91 196
91 204
91 396
91 776
91 818
91 820
91 1042
92 101
92 140
92 156
92 161
92 191
92 215
92 217
92 251
92 407
92 534
92 1018
92 1220
93 114
93 131
93 162
93 163
93 165
93 233
93 256
93 266
93 395
93 700
93 832
93 1003
93 1010
94 95
94 118
94 129
94 139
94 140
94 156
94 164
94 174
94 175
94 181
94 191
94 194
94 210
94 236
94 254
94 645
94 650
94 745
94 751
94 805
94 1056
94 1207
94 1236
94 1257
95 105
95 124
95 127
95 195
95 358
95 378
95 476
95 486
95 561
95 804
95 842
95 905
95 1096
95 1189
95 1222
96 103
96 148
96 165
96 188
96 220
96 396
96 726
96 751
96 905
96 1098
97 102
97 124
97 149
97 175
97 176
97 178
97 181
97 221
97 235
97 411
97 724
97 851
97 958
97 1032
97 999
97 1006
97 1085
98 99
98 100
98 108
98 135
98 174
98 177
98 186
98 236
98 642
98 771
98 803
98 804
99 117
99 123
99 169
99 170
99 199
99 200
99 209
99 217
99 253
99 551
99 612
99 928
99 987
99 1063
99 1096
100 132
100 135
100 140
100 151
100 156
100 164
100 165
100 214
100 237
100 447
100 698
100 705
100 904
100 957
100 1049
100 1125
101 131
101 134
101 142
101 145
101 153
101 159
101 191
101 229
101 233
101 273
101 793
101 833
101 850
101 1254
101 1302
102 110
102 112
102 116
102 118
102 130
102 157
102 177
102 178
102 184
102 188
102 230
102 265
102 486
102 543
102 897
102 1132
103 120
103 122
103 138
103 141
103 143
103 147
103 157
103 170
103 176
103 205
103 230
103 303
103 353
103 837
103 853
103 1058
104 122
104 134
104 156
104 162
104 169
104 178
104 190
104 210
104 219
104 226
104 293
104 444
104 618
104 823
104 826
104 830
104 881
104 1046
104 1293
105 144
105 169
105 195
105 260
105 303
105 630
105 720
105 800
105 899
105 1207
106 114
106 117
106 121
106 136
106 150
106 169
106 196
106 230
106 235
106 340
106 360
106 464
106 527
106 540
106 687
106 732
106 746
106 830
106 921
106 939
106 1049
106 986
107 115
107 116
107 138
107 157
107 173
107 191
107 210
107 225
107 231
107 257
107 1054
108 155
108 168
108 192
108 227
108 400
108 675
108 849
108 1034
108 1046
108 976
108 979
109 125
109 141
109 167
109 175
109 178
109 179
109 206
109 212
109 215
109 232
109 236
109 470
109 832
109 1058
110 141
110 155
110 202
110 219
110 336
110 496
110 537
110 598
110 719
110 774
110 778
110 1025
110 1297
111 144
111 162
111 177
111 201
111 219
111 261
111 398
111 450
111 522
111 849
111 1050
112 114
112 137
112 139
112 211
112 230
112 235
112 363
112 389
112 390
112 499
112 625
112 671
112 879
112 980
113 115
113 135
113 151
113 164
113 170
113 174
113 180
113 192
113 207
113 210
113 285
113 314
113 400
113 425
113 620
113 782
113 929
114 125
114 134
114 147
114 152
114 190
114 201
114 222
114 1050
114 1058
115 130
115 136
115 137
115 159
115 169
115 187
115 194
115 198
115 199
115 210
115 212
115 213
115 225
115 476
115 611
115 621
115 707
115 788
115 944
116 144
116 183
116 190
116 194
116 225
116 234
116 442
116 553
116 687
116 777
116 810
116 850
116 853
116 859
116 1042
116 992
117 137
117 159
117 167
117 173
117 186
117 215
117 527
117 537
117 511
117 586
117 797
117 897
117 982
118 157
118 164
118 186
118 299
118 348
118 798
118 840
118 871
118 913
118 920
118 925
119 144
119 151
119 154
119 159
119 162
119 192
119 222
119 229
119 236
119 526
119 549
119 563
119 679
119 809
119 836
120 128
120 135
120 165
120 174
120 227
120 229
120 446
120 783
120 784
120 848
120 866
120 1186
120 1298
121 129
121 137
121 138
121 145
121 150
121 183
121 229
121 389
121 977
122 136
122 145
122 169
122 179
122 205
122 361
122 399
122 410
122 448
122 480
122 872
122 875
122 936
122 966
123 126
123 167
123 168
123 188
123 218
123 238
123 286
123 652
123 723
123 920
123 1249
124 148
124 167
124 185
124 200
124 203
124 206
124 221
124 257
124 357
124 444
124 898
124 912
124 1183
125 134
125 141
125 144
125 166
125 192
125 265
125 527
125 705
125 840
125 959
126 127
126 135
126 209
126 228
126 496
126 511
126 778
126 904
126 963
127 132
127 146
127 180
127 210
127 213
127 288
127 305
127 706
127 746
127 846
127 911
128 130
128 134
128 137
128 143
128 158
128 162
128 173
128 214
128 219
128 223
128 236
128 297
128 347
128 424
128 572
128 642
128 749
128 756
128 766
128 1033
129 137
129 140
129 143
129 166
129 170
129 171
129 186
129 207
129 221
129 445
129 806
129 902
129 904
129 949
129 1000
129 1095
130 133
130 146
130 154
130 177
130 179
130 193
130 261
130 769
130 805
131 139
131 142
131 147
131 151
131 154
131 159
131 229
131 360
131 488
131 517
131 652
131 777
131 783
131 888
131 1041
131 979
132 133
132 134
132 135
132 334
132 419
132 621
132 672
132 772
132 937
132 945
132 1144
133 156
133 174
133 176
133 179
133 181
133 211
133 224
133 228
133 229
133 237
133 824
133 921
133 941
133 1120
134 140
134 168
134 174
134 178
134 210
134 229
134 346
134 407
134 450
134 461
134 485
134 668
134 776
134 1185
134 1251
135 141
135 163
135 170
135 193
135 212
135 213
135 217
135 222
135 238
135 528
135 640
135 644
135 736
135 758
135 862
135 1251
135 1255
136 144
136 148
136 180
136 215
136 220
136 357
136 662
136 728
136 773
136 1012
136 1279
137 138
137 161
137 169
137 206
137 218
137 230
137 232
137 274
137 319
137 352
137 604
137 618
137 1145
138 160
138 161
138 180
138 197
138 471
138 539
138 502
138 570
138 602
138 701
138 717
138 760
138 781
138 879
138 938
138 978
139 141
139 150
139 156
139 163
139 179
139 184
139 185
139 223
139 236
139 328
139 380
139 389
139 502
139 625
139 742
139 852
139 953
140 160
140 167
140 183
140 208
140 210
140 224
140 226
140 260
140 564
140 699
140 761
140 817
140 822
140 879
141 150
141 159
141 166
141 181
141 182
141 196
141 222
141 237
141 305
141 319
141 455
141 629
141 700
141 720
141 851
141 922
141 939
141 981
142 146
142 163
142 168
142 174
142 195
142 203
142 211
142 462
142 468
142 527
142 719
142 737
142 852
142 977
142 1016
142 1135
143 144
143 148
143 155
143 168
143 179
143 189
143 197
143 229
143 444
143 522
143 581
143 662
143 853
144 155
144 167
144 178
144 186
144 207
144 218
144 233
144 358
144 447
144 490
144 609
144 649
144 784
144 867
145 151
145 160
145 174
145 186
145 189
145 191
145 202
145 351
145 408
145 639
145 909
145 965
145 1022
146 169
146 205
146 223
146 388
146 396
146 466
146 693
146 759
146 842
146 847
147 166
147 192
147 197
147 449
147 692
147 693
147 842
147 931
147 949
147 1111
148 234
148 303
148 324
148 696
148 974
149 164
149 172
149 173
149 226
149 236
149 430
149 551
149 565
149 650
149 811
149 818
149 904
149 1257
150 163
150 184
150 195
150 197
150 203
150 279
150 372
150 386
150 817
150 859
151 163
151 166
151 177
151 203
151 210
151 510
151 809
151 810
151 851
151 867
151 1032
152 160
152 184
152 187
152 198
152 202
152 236
152 238
152 351
152 455
152 589
152 720
152 778
153 195
153 215
153 218
153 237
153 257
153 882
153 888
153 998
153 1018
154 194
154 213
154 221
154 226
154 247
154 329
154 480
154 631
154 634
154 745
154 849
154 941
155 156
155 164
155 171
155 172
155 190
155 191
155 196
155 227
155 520
155 691
155 882
155 891
155 962
155 1170
156 176
156 182
156 212
156 381
156 794
156 819
157 164
157 165
157 191
157 198
157 220
157 222
157 230
157 249
157 359
157 806
157 916
157 968
158 165
158 195
158 207
158 482
158 514
158 816
158 997
159 167
159 168
159 179
159 231
159 233
159 736
159 1046
159 1141
159 1201
160 172
160 198
160 208
160 211
160 222
160 460
160 634
160 827
160 892
160 937
160 951
160 1119
161 181
161 186
161 187
161 192
161 218
161 219
161 233
161 443
161 480
161 558
161 734
161 771
161 823
161 846
161 863
161 1001
162 185
162 202
162 225
162 234
162 238
162 486
162 652
162 696
162 779
162 817
162 864
162 998
163 197
163 765
163 766
163 787
163 1056
164 172
164 177
164 196
164 202
164 223
164 225
164 297
164 474
164 585
164 672
164 733
164 836
164 893
164 909
164 933
164 995
165 217
165 312
165 418
165 789
165 796
165 867
165 893
165 1042
165 1049
166 182
166 192
166 221
166 225
166 236
166 445
166 547
166 503
166 623
166 756
166 785
166 786
166 948
167 187
167 201
167 203
167 205
167 304
167 329
167 360
167 367
167 478
167 600
167 740
167 820
167 1027
167 1048
167 1009
168 184
168 207
168 208
168 220
168 227
168 233
168 267
168 494
168 581
168 659
168 897
168 996
169 175
169 183
169 203
169 206
169 220
169 385
169 507
169 617
169 876
169 938
170 189
170 338
170 350
170 372
170 416
170 420
170 740
170 1037
170 968
171 174
171 192
171 223
171 490
171 627
171 896
171 1003
171 1110
172 189
172 196
172 347
172 380
172 390
172 482
172 554
172 730
172 851
172 955
173 206
173 217
173 316
173 328
173 468
173 650
173 703
173 736
173 762
173 848
173 928
173 934
174 196
174 216
174 345
174 375
174 443
174 623
174 625
174 752
174 854
174 1052
174 995
175 194
175 202
175 224
175 661
175 781
175 927
175 966
176 207
176 491
176 570
176 730
176 846
176 1301
177 227
177 235
177 596
177 674
177 696
177 761
177 923
177 977
177 1000
178 184
178 209
178 226
178 406
178 614
178 636
178 652
178 675
178 679
178 905
178 1011
179 200
179 206
179 208
179 212
179 217
179 225
179 231
179 260
179 275
179 356
179 433
179 506
179 777
179 798
179 870
180 200
180 210
180 254
180 417
180 519
180 521
180 969
181 194
181 209
181 725
181 747
181 1017
182 199
182 208
182 213
182 214
182 231
182 332
182 746
182 872
182 1059
182 1295
183 193
183 211
183 218
183 220
183 226
183 330
183 342
183 412
183 460
183 567
183 620
183 780
183 815
183 1055
183 1082
184 197
184 213
184 214
184 224
184 685
184 727
184 1006
184 1091
185 220
185 256
185 307
185 385
185 576
185 891
185 936
185 966
185 1007
186 195
186 224
186 390
186 733
186 827
186 907
187 197
187 212
187 221
187 420
187 595
187 737
187 903
187 1032
188 216
188 365
188 550
188 584
188 987
188 1189
189 203
189 483
189 531
189 666
189 719
189 851
189 951
189 1068
189 1297
190 216
190 481
190 843
190 892
190 1037
190 1040
191 210
191 223
191 234
191 383
191 436
191 740
191 821
191 843
191 929
191 946
191 995
192 206
192 253
192 327
192 351
192 477
192 639
192 654
192 715
192 741
192 773
192 949
192 963
193 209
193 224
193 228
193 263
193 400
193 704
193 712
193 850
193 1010
193 1136
194 204
194 219
194 233
194 234
194 650
194 705
194 831
194 849
195 207
195 247
195 296
195 483
195 561
195 606
195 642
195 759
195 993
196 197
196 221
196 234
196 413
196 430
196 605
196 666
196 771
196 777
196 936
197 208
197 260
197 284
197 310
197 372
197 665
197 692
197 832
197 841
197 857
197 860
197 915
198 218
198 389
198 498
198 814
198 868
198 891
198 1057
199 202
199 210
199 223
199 225
199 308
199 577
199 654
199 685
199 806
199 916
200 202
200 213
200 216
200 233
200 262
200 265
200 505
200 960
200 975
201 222
201 258
201 304
201 430
201 628
201 750
201 758
201 1049
202 212
202 214
202 215
202 218
202 551
202 899
202 1069
203 216
203 300
203 735
203 853
203 1043
203 1084
203 1216
204 219
204 397
204 601
204 886
204 906
204 1035
204 1074
205 233
205 272
205 287
205 555
205 568
206 845
206 1025
206 1056
207 225
207 630
207 667
207 709
207 1039
207 1200
208 220
208 224
208 231
208 542
208 817
208 844
208 847
208 1015
209 215
209 431
209 512
209 556
209 574
209 720
209 1017
210 227
210 230
210 345
210 484
210 731
210 741
210 799
210 910
210 932
210 954
211 336
211 398
211 511
211 613
211 658
211 728
211 814
211 959
211 1020
211 1206
212 219
212 585
212 756
212 883
212 911
212 1004
212 1294
213 224
213 225
213 231
213 329
213 373
213 405
213 466
213 501
213 664
213 681
213 748
213 825
213 960
213 1062
213 1150
214 264
214 294
214 384
214 387
214 521
214 499
214 505
214 818
214 844
214 925
215 568
215 701
215 908
215 988
217 389
217 454
217 573
217 684
217 892
218 224
218 316
218 687
218 769
218 878
219 234
219 248
219 255
219 315
219 522
219 801
219 905
219 1022
220 384
220 843
220 888
221 347
221 361
221 573
221 886
221 1041
221 1007
222 516
222 856
222 867
223 225
223 234
223 420
223 524
223 574
223 724
223 774
223 813
223 871
224 227
224 263
224 322
224 415
224 421
224 657
224 783
224 903
225 235
225 331
225 425
225 585
225 1023
225 1224
226 283
226 440
226 546
226 998
226 1108
226 1156
226 1170
227 233
227 332
227 370
227 403
227 625
227 773
227 877
227 899
228 235
228 318
228 835
228 1025
228 1044
228 1012
229 354
229 609
229 797
229 937
229 971
229 1232
230 407
230 747
230 1140
231 232
231 305
231 686
231 708
231 887
231 894
232 252
232 496
232 499
232 654
232 664
232 673
232 682
232 687
232 744
232 769
232 934
232 960
232 1054
233 329
233 840
233 952
233 1006
234 255
234 361
234 551
234 930
234 1030
234 1149
235 365
235 405
235 413
235 441
235 758
235 783
235 1004
236 406
236 795
236 915
236 944
237 464
237 541
237 567
237 582
237 716
237 865
237 886
237 1258
238 267
238 517
238 880
238 1043
239 302
239 350
239 351
239 382
239 422
239 430
239 433
239 517
239 522
239 537
239 546
239 551
239 559
239 636
239 657
239 658
239 667
239 671
239 680
239 717
239 729
239 746
239 775
239 806
239 841
239 871
239 884
239 900
239 918
239 924
239 926
239 927
239 945
239 947
239 952
239 955
239 1033
239 1034
239 1038
239 1058
239 969
239 977
239 984
239 1004
239 1013
239 1014
239 1112
239 1158
239 1268
239 1303
240 324
240 330
240 411
240 454
240 520
240 524
240 534
240 536
240 504
240 569
240 585
240 604
240 624
240 739
240 745
240 777
240 785
240 819
240 845
240 846
240 848
240 880
240 886
240 899
240 922
240 932
240 939
240 940
240 947
240 955
240 963
240 967
240 1029
240 1031
240 1054
240 1056
240 1060
240 974
240 977
240 982
240 988
240 994
240 1003
240 1005
240 1010
240 1112
240 1164
240 1235
240 1256
240 1271
241 293
241 322
241 345
241 392
241 409
241 411
241 434
241 435
241 482
241 496
241 517
241 509
241 566
241 648
241 675
241 711
241 713
241 742
241 771
241 828
241 829
241 862
241 872
241 878
241 879
241 882
241 884
241 892
241 907
241 909
241 914
241 929
241 938
241 940
241 942
241 953
241 1025
241 1034
241 1039
241 976
241 1003
241 1023
241 1117
242 268
242 346
242 489
242 497
242 537
242 543
242 547
242 500
242 501
242 603
242 733
242 747
242 767
242 781
242 813
242 842
242 866
242 873
242 880
242 888
242 931
242 941
242 957
242 1033
242 1050
242 1061
242 994
242 1004
242 1008
243 244
243 269
243 311
243 312
243 339
243 343
243 469
243 489
243 514
243 515
243 519
243 523
243 527
243 528
243 530
243 534
243 544
243 546
243 547
243 573
243 622
243 626
243 635
243 657
243 659
243 686
243 696
243 723
243 746
243 775
243 781
243 785
243 792
243 810
243 831
243 843
243 916
243 923
243 927
243 932
243 937
243 946
243 1045
243 977
243 990
243 1023
243 1095
243 1124
243 1148
244 246
244 308
244 314
244 367
244 421
244 516
244 530
244 531
244 532
244 498
244 500
244 511
244 571
244 615
244 651
244 699
244 710
244 730
244 752
244 762
244 776
244 784
244 806
244 839
244 848
244 856
244 868
244 884
244 907
244 918
244 934
244 954
244 962
244 966
244 1032
244 1037
244 1041
244 1047
244 972
244 979
244 988
244 1066
244 1072
244 1228
244 1297
244 1301
245 252
245 288
245 293
245 321
245 368
245 529
245 533
245 537
245 538
245 541
245 543
245 564
245 570
245 614
245 619
245 729
245 760
245 761
245 828
245 832
245 843
245 850
245 851
245 876
245 879
245 897
245 905
245 913
245 939
245 1025
245 1032
245 1035
245 1049
245 1061
245 970
245 990
245 991
245 996
245 997
245 1004
245 1011
245 1313
245 1317
246 277
246 393
246 409
246 410
246 430
246 447
246 457
246 517
246 533
246 537
246 540
246 543
246 503
246 508
246 568
246 739
246 791
246 799
246 800
246 812
246 856
246 863
246 942
246 1045
246 973
246 974
246 984
246 1003
246 1023
247 262
247 276
247 322
247 381
247 396
247 404
247 479
247 867
247 910
248 255
248 273
248 353
248 355
248 396
248 405
248 449
248 485
248 658
248 740
248 773
248 781
248 866
248 923
249 258
249 325
249 351
249 359
249 392
249 400
249 411
249 448
249 608
249 686
249 932
249 988
250 251
250 268
250 356
250 378
250 403
250 470
250 670
251 263
251 305
251 350
251 368
251 391
251 404
251 425
251 426
251 449
251 579
251 607
251 613
251 794
251 813
252 258
252 265
252 273
252 404
252 426
252 467
252 665
252 671
252 735
252 809
252 819
252 823
252 1270
253 262
253 266
253 269
253 380
253 386
253 416
253 442
253 446
253 571
253 627
253 687
253 742
253 949
253 1024
253 1006
254 256
254 294
254 313
254 339
254 379
254 380
254 383
254 453
254 580
254 614
254 627
254 670
254 791
254 810
255 256
255 269
255 276
255 290
255 311
255 366
255 383
255 429
255 448
255 449
255 700
255 816
255 872
255 938
255 1258
256 293
256 364
256 401
256 440
256 461
256 482
256 483
256 502
256 578
256 915
256 1024
256 1040
257 337
257 374
257 401
257 438
257 449
257 744
257 816
257 824
257 1053
257 1004
258 273
258 304
258 343
258 458
258 469
258 477
258 493
258 544
258 679
258 1039
258 1016
259 261
259 343
259 363
259 424
259 437
259 451
259 694
259 730
259 739
259 996
260 262
260 279
260 283
260 293
260 353
260 355
260 408
260 419
260 492
260 563
260 1090
261 373
261 423
261 447
261 450
261 490
261 503
261 691
261 1144
261 1230
262 372
262 373
262 407
262 442
262 467
262 473
262 564
262 746
262 751
262 837
262 847
262 1043
262 1280
263 277
263 316
263 363
263 380
263 421
263 423
263 438
263 456
263 485
263 800
263 869
264 266
264 318
264 344
264 382
264 392
264 407
264 467
264 473
264 491
264 496
264 760
264 1041
265 274
265 302
265 479
265 508
265 509
265 910
265 932
265 1026
265 1178
266 283
266 284
266 301
266 310
266 318
266 323
266 394
266 514
266 737
266 768
266 1052
267 296
267 303
267 309
267 414
267 451
267 467
267 500
267 907
267 973
267 1300
268 272
268 277
268 313
268 318
268 365
268 401
268 416
268 418
268 449
268 462
268 495
268 645
268 800
268 945
269 316
269 352
269 363
269 435
269 467
269 484
269 503
269 760
269 857
269 1024
270 366
270 396
270 471
270 474
270 485
270 493
270 512
270 542
270 635
270 801
270 850
270 1030
271 300
271 350
271 392
271 413
271 452
271 454
271 717
271 735
271 1116
272 293
272 318
272 338
272 454
272 463
272 475
272 514
272 606
272 1035
273 308
273 336
273 353
273 370
273 371
273 377
273 378
273 435
273 493
273 515
273 594
273 614
273 716
273 721
273 887
273 982
274 332
274 343
274 403
274 467
274 487
274 490
274 902
274 912
274 1048
274 974
274 1066
275 314
275 360
275 364
275 400
275 413
275 415
275 421
275 465
275 672
275 726
275 755
276 290
276 292
276 303
276 321
276 329
276 366
276 367
276 430
276 438
276 452
276 497
276 579
276 616
276 693
276 884
276 907
277 294
277 330
277 378
277 461
277 488
277 514
277 641
277 738
277 1006
278 293
278 304
278 358
278 368
278 406
278 424
278 450
278 515
278 520
278 507
278 569
278 829
278 901
278 971
279 292
279 300
279 336
279 419
279 645
280 293
280 448
280 473
280 480
280 483
280 657
280 731
280 986
280 1003
281 319
281 353
281 380
281 402
281 413
281 476
281 484
281 485
281 495
281 1185
282 288
282 323
282 359
282 374
282 386
282 414
282 440
282 680
282 810
282 988
282 1012
283 300
283 361
283 376
283 391
283 394
283 410
283 418
283 434
283 488
283 489
283 492
283 537
283 798
283 809
283 884
284 306
284 346
284 350
284 632
284 650
284 868
284 980
284 1020
285 295
285 299
285 323
285 356
285 363
285 391
285 418
285 438
285 480
285 497
285 507
285 596
285 732
285 1048
286 295
286 349
286 389
286 396
286 397
286 418
286 522
286 841
286 979
287 314
287 326
287 398
287 520
287 637
287 694
287 823
287 846
287 920
287 1048
288 335
288 358
288 375
288 388
288 440
288 441
288 498
288 847
288 1037
288 1040
289 333
289 334
289 339
289 381
289 421
289 427
289 523
289 648
289 688
289 741
289 990
289 1087
290 303
290 324
290 393
290 432
290 439
290 454
290 474
290 491
290 861
290 870
290 961
290 1012
291 325
291 373
291 444
292 309
292 324
292 367
292 446
292 465
292 707
292 962
293 300
293 309
293 322
293 447
293 543
293 580
293 756
293 876
293 971
293 1180
294 362
294 366
294 391
294 406
294 408
294 427
294 483
294 484
294 531
294 548
294 592
294 842
294 889
295 423
295 437
295 769
295 928
295 943
295 979
295 1263
295 1297
296 300
296 337
296 349
296 375
296 402
296 441
296 523
296 550
296 561
296 563
296 631
296 687
296 1029
297 322
297 355
297 361
297 383
297 452
297 477
297 493
297 837
297 914
297 938
297 992
298 451
298 454
298 977
299 316
299 408
299 424
299 434
299 456
299 482
299 483
299 585
299 615
299 690
300 310
300 334
300 362
300 434
300 473
300 497
300 574
300 650
300 825
300 1056
300 979
301 400
301 410
301 425
301 463
301 502
301 757
301 797
301 987
301 1070
302 319
302 343
302 356
302 408
302 485
302 530
302 562
302 798
302 831
302 893
302 920
302 1011
303 326
303 335
303 344
303 370
303 378
303 445
303 464
303 482
303 974
304 314
304 356
304 373
304 385
304 470
304 487
304 743
304 815
304 864
304 903
305 323
305 326
305 334
305 432
305 527
305 531
305 677
305 767
305 790
305 795
305 985
306 337
306 345
306 358
306 391
306 518
306 579
306 645
306 983
307 334
307 337
307 353
307 362
307 410
307 414
307 445
307 456
307 816
307 843
307 1286
308 340
308 342
308 352
308 353
308 382
308 414
308 857
308 879
308 1061
309 414
309 418
309 472
309 535
309 550
309 639
309 847
310 478
310 479
310 502
310 967
310 1042
311 341
311 348
311 442
311 443
311 480
311 493
311 1109
312 351
312 365
312 429
312 437
312 460
312 495
312 959
313 317
313 318
313 351
313 371
313 394
313 439
313 590
313 655
313 753
313 771
313 1075
314 426
314 495
314 862
314 912
314 1174
315 357
315 387
315 422
315 476
315 491
315 782
315 1042
315 1013
315 1268
316 382
316 389
316 390
316 397
316 435
316 487
316 494
316 838
316 877
317 367
317 381
317 402
317 405
317 450
317 606
317 788
317 818
317 843
317 1138
318 322
318 327
318 332
318 371
318 399
318 404
318 416
318 476
318 838
319 616
319 680
319 802
320 339
320 383
320 392
320 393
320 424
320 449
320 553
320 622
320 797
320 823
320 998
321 325
321 332
321 351
321 374
321 409
321 411
321 448
321 467
321 601
321 755
321 759
321 761
321 793
321 956
322 362
322 372
322 404
322 406
322 438
322 656
322 730
322 887
322 950
322 1286
323 327
323 391
323 417
323 433
323 453
323 486
323 807
324 465
324 484
324 488
324 588
324 626
324 817
324 877
324 904
324 945
324 997
324 998
324 1124
325 338
325 367
325 373
325 484
325 527
325 692
325 740
325 762
325 815
325 831
325 970
326 327
326 469
326 481
326 660
326 770
326 839
326 953
326 1014
326 1209
326 1230
327 356
327 361
327 437
327 475
327 688
327 737
327 891
327 1204
328 355
328 361
328 384
328 391
328 394
328 417
328 427
328 448
328 487
328 578
328 784
328 866
328 930
328 1001
328 1128
329 333
329 338
329 385
329 453
329 460
329 495
329 798
329 1301
330 351
330 368
330 423
330 457
330 485
330 487
330 490
330 664
330 788
330 958
330 979
330 1063
331 402
331 421
331 450
331 565
331 901
331 1033
331 1224
332 353
332 411
332 466
332 601
332 659
332 782
333 334
333 441
333 458
333 732
333 781
333 1282
334 368
334 369
334 461
334 467
334 597
334 747
334 910
334 1224
335 360
335 413
335 430
335 525
335 639
336 339
336 380
336 387
336 434
336 437
336 470
336 486
336 850
336 862
336 884
336 963
337 340
337 423
337 436
337 479
338 361
338 400
338 445
338 446
338 464
338 477
338 782
338 887
338 899
338 1031
339 350
339 351
339 372
339 399
339 429
339 446
339 455
339 547
339 668
339 765
339 789
339 958
340 444
340 741
340 818
340 822
340 857
340 931
340 940
340 1005
341 344
341 361
341 375
341 456
341 461
341 543
341 669
341 807
341 820
341 919
341 990
341 1278
342 366
342 410
342 459
342 551
342 579
342 631
342 779
342 956
342 978
343 358
343 373
343 411
343 447
343 646
344 418
344 427
344 445
344 491
344 677
344 1035
344 972
344 984
344 1134
344 1192
344 1204
345 350
345 395
345 415
345 445
345 536
345 841
345 866
346 426
346 427
346 430
346 469
346 491
346 494
346 608
346 811
346 980
346 994
346 1182
347 682
347 767
347 1060
348 374
348 390
348 432
348 462
348 478
348 487
348 522
348 680
348 821
349 405
349 436
349 497
349 600
349 1043
349 980
350 395
350 451
350 487
350 688
350 757
350 870
350 1051
350 981
351 398
351 496
351 859
351 1088
352 504
352 726
352 910
352 970
353 390
353 417
353 423
353 742
353 890
353 949
354 376
354 402
354 437
354 460
354 482
354 486
354 551
354 597
354 795
354 942
355 394
355 421
355 444
355 485
355 490
355 1039
355 1061
355 1003
355 1018
355 1102
356 610
357 403
357 426
357 429
357 869
358 413
358 444
358 470
358 692
358 834
358 864
358 979
358 1004
358 1301
359 419
359 458
359 488
359 494
359 562
359 572
359 639
359 742
359 811
359 950
359 1055
359 987
360 361
360 400
360 426
360 493
360 597
360 675
360 868
360 937
360 1047
360 1199
360 1208
360 1247
361 367
361 405
361 416
361 426
361 430
361 464
361 490
361 925
362 372
362 377
362 383
362 394
362 404
362 433
362 446
362 488
362 534
362 627
362 636
362 1010
362 1257
363 371
363 398
363 415
363 420
363 463
363 469
363 630
363 663
364 379
364 385
364 396
364 429
364 467
364 481
364 587
364 780
364 975
364 1170
365 441
365 446
365 584
365 825
365 895
366 367
366 399
366 438
366 455
366 489
366 1009
367 436
367 587
367 701
367 731
367 782
367 908
367 912
367 938
367 956
368 385
368 413
368 465
368 601
368 772
368 798
368 872
368 881
368 902
369 370
369 373
369 386
369 445
369 470
369 496
369 607
369 1036
369 1140
369 1174
370 476
370 681
370 696
371 392
371 393
371 411
371 472
371 484
371 893
371 987
372 460
372 462
372 474
372 479
372 496
372 533
372 553
372 585
372 736
372 796
372 899
372 945
372 1049
373 390
373 455
373 468
373 514
373 715
373 804
373 869
374 399
374 417
374 701
374 756
375 425
375 440
375 478
375 750
375 891
375 1055
375 1056
376 413
376 465
376 475
376 481
376 550
376 598
376 625
376 628
376 856
376 987
376 1072
377 406
377 441
377 470
377 498
377 652
377 702
377 849
377 1136
377 1276
378 413
378 486
378 632
378 776
378 795
378 808
378 859
378 860
378 895
378 1006
379 444
379 491
379 867
379 881
380 407
380 528
380 659
380 728
380 784
380 819
380 966
380 1246
380 1269
380 1293
381 435
381 453
381 455
381 487
381 586
381 728
382 436
382 437
382 455
382 456
382 485
382 830
383 387
383 401
383 422
383 429
383 438
383 456
383 927
383 1036
384 385
384 442
384 460
384 492
384 580
384 796
384 1027
384 1248
385 433
385 472
385 519
385 694
385 826
385 889
385 913
385 1002
385 1003
385 1021
385 1200
386 391
386 776
387 407
387 478
387 490
387 505
387 977
387 1287
388 389
388 463
388 478
388 495
388 791
388 877
388 1007
389 414
389 432
389 464
389 636
389 730
390 403
390 438
390 441
390 464
390 486
390 1042
391 432
391 648
391 723
391 729
391 847
391 898
391 1002
391 1204
392 419
392 429
392 498
392 737
392 931
392 1053
393 418
393 481
393 484
393 603
393 640
394 459
394 520
394 606
394 822
394 851
394 978
395 404
395 454
395 488
395 598
395 672
395 753
395 881
396 439
396 753
396 980
396 989
396 1098
397 415
397 440
397 474
397 500
397 618
397 626
397 758
397 934
397 1038
397 1166
398 408
398 425
398 432
398 439
398 442
398 462
398 733
398 871
398 1158
398 1171
399 428
399 441
399 456
399 495
399 510
399 715
399 729
399 756
399 827
399 873
399 947
400 489
400 693
400 959
400 1026
400 989
400 1234
401 438
401 487
401 514
401 548
401 671
401 737
401 1050
402 403
402 447
402 462
402 519
402 499
402 606
403 450
403 452
403 459
403 466
403 487
403 888
403 1036
403 1056
403 988
403 1014
403 1107
404 413
404 516
404 648
405 688
405 880
405 922
406 485
406 496
406 520
406 799
406 883
406 932
408 454
408 468
408 581
408 618
408 679
408 722
408 816
408 924
408 925
408 985
408 1000
408 1001
409 413
409 467
409 497
409 528
409 655
409 819
410 435
410 455
410 474
410 625
410 716
410 785
410 812
410 1297
411 413
411 445
411 490
411 575
411 615
411 955
411 1076
412 435
412 446
412 576
412 653
412 862
412 896
412 907
413 462
413 464
413 465
413 474
413 494
413 513
413 747
413 765
414 612
414 838
415 430
415 485
415 1029
416 454
416 490
416 784
416 841
416 1028
417 457
417 464
417 755
417 759
417 898
417 904
418 421
418 488
418 496
418 775
418 800
418 881
418 942
419 433
419 445
419 491
419 519
419 508
419 641
419 736
419 831
419 839
419 871
419 1027
419 1049
419 1050
419 979
419 1249
420 466
420 550
420 625
420 759
420 1117
421 917
422 424
422 452
422 489
422 691
422 765
422 937
423 443
423 569
423 612
423 816
423 817
423 905
423 966
423 1049
423 1226
424 474
424 633
424 724
424 951
424 992
424 1010
425 450
425 495
425 912
425 924
425 972
426 459
426 469
426 590
426 877
426 917
427 577
427 586
427 798
427 893
427 1092
427 1184
428 436
428 863
428 924
429 457
429 475
429 493
429 701
429 732
429 769
429 808
429 864
429 1084
430 858
430 933
430 1061
430 1242
431 442
431 450
431 473
431 609
432 440
432 480
432 827
433 684
433 845
433 898
433 1054
434 617
434 741
434 807
434 881
434 954
435 448
435 1040
436 445
436 551
436 676
436 990
437 595
437 724
437 754
437 1181
438 493
438 501
438 635
438 736
438 758
438 831
438 984
439 472
439 519
439 605
439 712
439 809
439 935
440 441
440 442
440 447
440 471
440 474
440 524
440 646
440 848
440 852
440 941
440 957
441 448
441 469
441 489
441 497
441 592
441 599
441 862
441 896
441 1048
441 1176
441 1220
441 1260
442 992
442 1199
443 489
443 595
443 753
443 829
443 945
443 1106
444 697
444 805
444 819
444 894
445 451
445 488
445 750
445 924
445 1063
445 1126
446 470
446 706
446 882
446 1248
447 514
447 555
447 557
447 743
447 836
447 1027
447 1023
448 472
448 510
448 838
448 938
449 918
449 1129
450 474
450 496
450 516
450 758
450 766
450 790
450 875
450 933
450 988
451 613
451 857
451 978
452 602
452 646
452 728
452 795
453 500
453 611
453 1130
454 469
454 753
454 960
455 485
455 491
455 515
455 528
455 506
455 1033
455 1253
456 479
456 488
456 495
456 553
456 584
456 849
456 1060
456 1012
456 1117
457 481
457 490
457 697
457 1011
458 493
458 571
458 812
458 953
459 490
459 657
459 747
459 770
460 461
460 477
460 647
460 809
460 1217
461 472
461 491
461 509
461 1057
461 999
462 574
462 775
462 811
462 880
462 947
462 1055
462 977
462 978
463 467
463 531
463 561
463 1050
464 496
464 761
464 817
464 894
464 1041
464 1047
465 474
465 595
465 598
465 809
465 827
465 863
465 940
465 1030
465 1015
465 1281
466 483
466 759
466 903
466 930
466 931
466 1033
467 486
467 495
467 496
467 497
467 658
467 782
467 927
468 489
468 660
468 914
468 1017
469 493
469 571
469 656
469 665
469 833
470 530
470 647
470 776
470 804
470 844
470 849
470 862
470 967
471 498
471 668
471 1035
471 1057
471 971
472 687
472 1013
472 1213
472 1244
473 496
473 991
473 1174
474 683
474 715
474 752
474 801
474 1134
474 1182
475 494
475 731
475 785
475 903
475 977
476 478
476 725
476 737
476 820
476 844
476 847
476 856
476 1284
477 479
477 541
477 606
477 879
477 887
478 683
478 914
478 938
478 974
478 1102
479 759
479 800
480 488
480 568
480 592
480 606
480 771
480 838
480 850
480 862
480 942
480 982
480 1236
481 548
481 626
481 771
481 1027
481 1093
482 489
482 605
482 873
483 562
484 653
484 747
484 782
484 932
484 1290
485 846
485 887
485 899
485 909
485 1013
485 1303
486 534
486 582
486 661
486 713
486 754
486 864
486 1155
487 488
487 727
487 752
487 795
487 1035
488 496
488 498
488 831
489 963
489 1114
490 491
490 502
490 557
490 674
490 859
491 674
491 710
491 744
491 845
491 968
491 1137
492 627
492 974
493 623
493 780
493 956
494 646
494 839
494 851
495 936
495 1010
496 502
496 707
496 822
496 838
496 965
496 1168
497 591
497 599
497 609
497 656
497 673
497 734
512 525
512 529
512 541
512 544
512 501
512 508
512 554
512 568
512 684
512 689
512 727
512 742
512 744
512 799
512 807
512 831
512 835
512 894
512 912
512 931
512 943
512 1060
512 1016
512 1137
513 515
513 517
513 528
513 529
513 533
513 535
513 548
513 500
513 505
513 635
513 643
513 712
513 747
513 786
513 788
513 792
513 810
513 813
513 882
513 890
513 925
513 942
514 519
514 521
514 523
514 526
514 533
514 501
514 504
514 595
514 597
514 619
514 792
514 834
514 843
514 859
514 864
514 877
514 890
514 954
514 1024
514 1047
515 517
515 536
515 542
515 549
515 498
515 504
515 505
515 508
515 572
515 659
515 670
515 694
515 734
515 752
515 843
515 898
515 965
515 966
515 1037
515 1157
516 522
516 528
516 534
516 536
516 545
516 506
516 617
516 628
516 734
516 830
516 832
516 864
516 912
516 963
516 1031
516 1046
516 972
516 1107
517 531
517 534
517 543
517 544
517 546
517 500
517 505
517 508
517 569
517 583
517 649
517 745
517 747
517 757
517 766
517 781
517 801
517 804
517 852
517 876
517 912
517 942
517 1043
517 1061
517 976
517 984
517 1010
517 1014
518 521
518 531
518 540
518 545
518 509
518 553
518 614
518 620
518 704
518 747
518 1093
518 1142
518 1172
518 1285
518 1308
519 531
519 535
519 536
519 547
519 549
519 499
519 506
519 580
519 677
519 700
519 777
519 873
519 912
519 936
519 954
519 967
519 1027
519 1037
519 983
519 986
519 1016
519 1023
520 542
520 502
520 509
520 587
520 641
520 652
520 768
520 772
520 861
520 876
520 879
520 896
520 919
520 922
520 931
520 942
520 1058
520 988
520 1005
520 1023
521 535
521 542
521 549
521 498
521 505
521 595
521 623
521 708
521 715
521 841
521 936
521 965
521 1048
521 975
521 1021
521 1216
522 528
522 539
522 546
522 498
522 499
522 507
522 509
522 596
522 624
522 629
522 656
522 701
522 719
522 745
522 754
522 763
522 817
522 840
522 845
522 857
522 895
522 919
522 952
522 977
522 999
522 1015
522 1022
523 529
523 542
523 550
523 505
523 510
523 658
523 670
523 672
523 694
523 770
523 777
523 789
523 831
523 852
523 854
523 855
523 859
523 890
523 899
523 914
523 935
523 941
523 949
523 989
523 991
523 994
523 1016
523 1296
524 544
524 502
524 504
524 511
524 556
524 578
524 587
524 651
524 694
524 740
524 795
524 827
524 842
524 902
524 948
524 958
524 1037
524 1039
524 973
524 986
525 541
525 542
525 546
525 498
525 499
525 500
525 723
525 768
525 785
525 808
525 838
525 869
525 903
525 1048
525 1056
525 1059
525 1005
525 1020
526 531
526 542
526 544
526 499
526 500
526 504
526 585
526 618
526 659
526 676
526 756
526 794
526 801
526 858
526 876
526 880
526 892
526 910
526 961
526 962
526 965
526 1029
526 986
526 997
526 1010
526 1016
527 533
527 540
527 547
527 550
527 498
527 503
527 603
527 628
527 678
527 742
527 753
527 758
527 759
527 768
527 868
527 878
527 892
527 1041
527 1022
528 538
528 547
528 500
528 502
528 508
528 509
528 577
528 659
528 703
528 799
528 814
528 821
528 841
528 845
528 939
528 945
528 1053
528 974
528 998
529 542
529 544
529 501
529 506
529 604
529 685
529 719
529 746
529 867
529 916
529 946
529 988
529 991
529 1010
529 1139
529 1269
530 534
530 548
530 507
530 594
530 598
530 734
530 743
530 763
530 776
530 894
530 904
530 909
530 922
530 934
530 952
530 1056
530 969
530 979
530 1015
530 1290
531 539
531 547
531 501
531 504
531 573
531 733
531 762
531 778
531 819
531 899
531 903
531 945
531 962
531 965
531 1020
531 1157
531 1184
532 533
532 540
532 544
532 546
532 547
532 500
532 649
532 667
532 781
532 814
532 847
532 848
532 851
532 909
532 932
532 1024
532 1033
532 1043
532 993
532 1262
533 500
533 501
533 502
533 557
533 571
533 600
533 651
533 653
533 688
533 716
533 740
533 741
533 744
533 750
533 831
533 854
533 882
533 910
533 912
533 924
533 926
533 958
533 1029
533 999
533 1005
534 536
534 499
534 568
534 596
534 731
534 734
534 866
534 889
534 907
534 913
534 916
534 923
534 952
534 977
534 1116
534 1119
534 1141
534 1232
535 549
535 550
535 500
535 502
535 503
535 636
535 717
535 829
535 857
535 876
535 881
535 882
535 899
535 915
535 919
535 924
535 932
535 1046
535 989
535 994
536 538
536 546
536 602
536 605
536 629
536 659
536 690
536 742
536 796
536 814
536 823
536 827
536 880
536 940
536 945
537 550
537 502
537 503
537 511
537 569
537 585
537 593
537 601
537 749
537 758
537 770
537 804
537 810
537 814
537 819
537 824
537 825
537 886
537 890
537 909
537 926
537 935
537 946
537 1026
537 1027
537 1056
537 1057
537 1009
537 1014
537 1229
537 1245
538 498
538 501
538 507
538 588
538 603
538 644
538 667
538 775
538 854
538 874
538 883
538 896
538 926
538 928
538 948
538 950
538 967
538 970
538 977
538 993
538 998
539 542
539 584
539 619
539 674
539 704
539 793
539 827
539 880
539 904
539 926
539 936
539 951
539 1037
539 1055
539 973
539 997
539 1005
539 1010
539 1185
540 602
540 637
540 649
540 737
540 772
540 807
540 832
540 850
540 857
540 892
540 913
540 931
540 945
540 956
540 960
540 964
540 977
540 1017
540 1147
541 499
541 504
541 507
541 665
541 677
541 691
541 720
541 723
541 762
541 780
541 785
541 815
541 840
541 846
541 851
541 861
541 881
541 898
541 899
541 959
541 960
541 964
541 1026
541 982
541 1000
541 1208
541 1259
542 502
542 505
542 510
542 632
542 644
542 668
542 680
542 712
542 755
542 776
542 788
542 805
542 835
542 836
542 844
542 848
542 858
542 880
542 902
542 930
542 954
542 1034
542 1059
542 987
542 993
542 995
542 1182
543 551
543 499
543 506
543 508
543 565
543 586
543 608
543 642
543 647
543 703
543 718
543 778
543 784
543 786
543 787
543 821
543 835
543 838
543 844
543 880
543 905
543 1045
543 1046
543 1023
543 1104
543 1280
544 503
544 508
544 573
544 605
544 613
544 619
544 678
544 705
544 716
544 740
544 802
544 803
544 911
544 921
544 957
544 1036
544 1053
544 1057
544 1167
544 1177
545 546
545 504
545 507
545 603
545 677
545 689
545 703
545 723
545 732
545 765
545 824
545 833
545 859
545 883
545 886
545 909
545 922
545 934
545 951
545 1076
545 1115
546 547
546 508
546 509
546 567
546 580
546 732
546 737
546 745
546 754
546 766
546 823
546 841
546 850
546 871
546 900
546 915
546 935
546 1009
547 506
547 509
547 554
547 620
547 708
547 755
547 763
547 790
547 795
547 812
547 820
547 846
547 875
547 887
547 917
547 950
547 965
547 1024
547 1030
547 970
547 973
547 985
547 995
547 998
547 1014
547 1015
547 1241
548 498
548 509
548 511
548 595
548 681
548 749
548 758
548 782
548 799
548 830
548 833
548 840
548 846
548 974
548 1185
548 1267
549 499
549 595
549 620
549 640
549 699
549 719
549 748
549 761
549 763
549 869
549 870
549 872
549 876
549 924
549 925
549 928
549 1033
549 997
549 1197
550 508
550 576
550 586
550 727
550 751
550 815
550 854
550 934
550 978
550 992
550 1299
551 501
551 504
551 509
551 569
551 603
551 663
551 704
551 711
551 712
551 855
551 856
551 862
551 953
551 965
551 1035
551 1054
551 1058
551 996
551 1119
498 503
498 554
498 661
498 733
498 764
498 784
498 805
498 846
498 863
498 876
498 916
498 967
498 1042
498 1193
498 1195
498 1237
499 502
499 670
499 749
499 766
499 769
499 794
499 811
499 836
499 851
499 854
499 858
499 943
499 945
499 964
499 980
499 996
499 1015
499 1262
499 1289
500 570
500 571
500 593
500 695
500 707
500 752
500 786
500 788
500 799
500 879
500 888
500 902
500 937
500 944
500 957
500 1025
500 1060
500 984
500 1148
501 505
501 506
501 508
501 510
501 644
501 687
501 712
501 814
501 824
501 849
501 862
501 868
501 869
501 871
501 907
501 1030
501 1056
501 1060
501 1061
501 1000
501 1021
501 1180
502 506
502 555
502 639
502 662
502 728
502 767
502 780
502 795
502 888
502 907
502 919
502 930
502 952
502 1036
502 1258
503 506
503 743
503 751
503 787
503 795
503 799
503 809
503 848
503 902
503 903
503 916
503 938
503 1055
503 1226
504 505
504 507
504 679
504 802
504 843
504 911
504 962
504 1038
504 974
505 507
505 627
505 650
505 686
505 688
505 832
505 838
505 857
505 861
505 873
505 887
505 939
505 947
505 1043
505 983
505 1071
505 1220
505 1244
505 1270
506 556
506 573
506 803
506 858
506 878
506 880
506 892
506 1041
506 974
507 508
507 509
507 576
507 581
507 664
507 696
507 823
507 864
507 877
507 926
507 949
507 978
507 1001
507 1117
508 595
508 600
508 743
508 784
508 822
508 887
508 901
508 907
508 933
508 941
508 943
508 949
508 958
508 1034
508 1042
508 1001
508 1011
508 1070
509 510
509 511
509 553
509 564
509 666
509 739
509 766
509 781
509 829
509 858
509 888
509 1029
509 1030
509 1061
509 970
509 980
509 986
510 720
510 732
510 736
510 768
510 876
510 921
510 922
510 964
510 967
510 1036
510 1043
510 1058
510 983
510 999
511 659
511 685
511 728
511 826
511 876
511 886
511 891
511 902
511 914
511 923
511 927
511 934
511 950
511 955
511 1043
511 1061
511 1006
511 1013
511 1020
552 563
552 599
552 629
552 669
552 675
552 676
552 697
552 711
552 724
552 792
552 806
552 807
552 841
552 874
553 602
553 606
553 614
553 629
553 656
553 679
553 697
553 716
553 719
553 775
553 796
553 985
553 998
554 565
554 600
554 603
554 605
554 609
554 612
554 635
554 663
554 670
554 688
554 708
554 714
554 718
554 723
554 724
554 725
554 764
554 959
554 965
554 1030
555 558
555 564
555 589
555 677
555 680
555 694
555 702
555 703
555 713
555 863
555 965
555 1092
555 1098
555 1243
555 1248
556 582
556 590
556 591
556 592
556 615
556 638
556 652
556 653
556 662
556 666
556 689
556 694
556 709
556 710
556 722
556 767
556 804
556 811
556 861
556 936
556 1058
557 560
557 569
557 588
557 592
557 633
557 702
557 704
557 721
557 933
558 563
558 588
558 601
558 646
558 701
558 880
558 913
558 955
558 965
559 580
559 599
559 608
559 715
559 915
559 1229
560 561
560 571
560 606
560 610
560 630
560 638
560 677
560 691
560 700
560 704
560 705
560 1132
561 573
561 583
561 588
561 596
561 666
561 670
561 677
561 699
561 708
561 723
561 777
561 806
561 817
561 881
561 901
561 926
561 949
561 1053
562 585
562 602
562 605
562 608
562 619
562 627
562 671
562 685
562 692
562 768
562 870
562 955
562 974
562 1021
562 1272
563 564
563 593
563 594
563 600
563 605
563 611
563 636
563 640
563 648
563 656
563 659
563 672
564 574
564 576
564 578
564 599
564 613
564 617
564 634
564 641
564 646
564 663
564 682
564 686
564 691
564 698
564 721
564 860
564 951
564 1030
564 1038
564 1012
564 1295
565 581
565 616
565 638
565 666
565 667
565 718
565 1036
565 1169
565 1255
566 570
566 607
566 617
566 631
566 653
566 655
566 666
566 667
566 674
566 713
566 714
566 804
566 898
566 901
566 965
566 991
566 1007
567 575
567 599
567 607
567 610
567 612
567 613
567 628
567 656
567 659
567 660
567 665
567 668
567 679
567 696
567 768
567 826
567 867
567 926
567 934
567 954
567 973
568 579
568 584
568 606
568 642
568 646
568 672
568 683
568 691
568 700
568 716
568 718
568 720
568 760
568 842
568 940
568 959
568 1259
569 590
569 640
569 694
569 698
569 700
569 721
569 722
569 723
569 873
569 961
569 1007
570 582
570 636
570 642
570 659
570 660
570 665
570 712
570 720
570 724
570 742
570 756
570 763
570 769
570 856
570 987
571 580
571 587
571 610
571 629
571 639
571 645
571 673
571 675
571 702
571 715
571 721
571 906
571 921
571 1055
571 1021
571 1231
571 1300
572 598
572 603
572 622
572 654
572 656
572 659
572 671
572 672
572 676
572 789
573 600
573 606
573 608
573 667
573 678
573 706
573 919
573 1008
574 583
574 603
574 617
574 639
574 645
574 651
574 659
574 683
574 687
574 706
574 819
574 891
574 945
574 987
575 581
575 592
575 620
575 674
575 712
575 715
575 790
575 1114
575 1180
576 588
576 610
576 620
576 636
576 651
576 656
576 692
576 694
576 801
576 810
576 872
576 893
576 1014
577 595
577 625
577 641
577 684
577 719
577 791
577 794
577 1024
577 1029
577 1087
577 1159
578 579
578 642
578 675
578 680
578 700
578 725
578 851
578 911
578 996
578 1168
579 596
579 611
579 615
579 686
579 705
579 769
579 847
579 894
579 978
579 1019
580 599
580 632
580 648
580 691
580 771
580 820
580 920
580 1214
581 611
581 628
581 629
581 640
581 646
581 653
581 655
581 661
581 666
581 687
581 691
581 692
581 700
581 705
581 707
581 742
581 793
581 820
581 860
581 1039
581 980
581 1021
582 591
582 602
582 664
582 708
582 717
582 743
582 747
582 794
582 817
582 829
582 949
582 966
582 1040
582 981
582 1180
583 594
583 609
583 639
583 646
583 665
583 676
583 679
583 689
583 701
583 787
583 888
583 1044
583 1131
584 627
584 650
584 656
584 658
584 671
584 674
584 721
584 750
584 917
585 590
585 645
585 656
585 661
585 679
585 701
585 706
585 720
585 744
585 809
585 826
585 845
586 622
586 651
586 691
586 694
586 697
586 794
586 895
586 959
586 1029
586 1037
586 1269
587 603
587 607
587 620
587 671
587 676
587 697
587 711
587 717
587 719
587 781
587 828
587 868
587 931
587 933
587 1201
588 641
588 671
588 682
588 713
588 716
588 745
588 906
588 1019
589 598
589 625
589 631
589 640
589 669
589 711
589 721
589 731
589 761
589 873
589 1225
590 593
590 599
590 612
590 632
590 634
590 660
590 685
590 694
590 812
590 908
590 990
590 992
590 993
590 1071
590 1231
590 1304
591 617
591 618
591 629
591 645
591 651
591 659
591 679
591 704
591 706
591 724
591 746
591 804
591 865
591 898
591 911
591 1050
591 1015
591 1018
592 602
592 619
592 628
592 640
592 695
592 698
592 702
592 753
592 760
592 863
592 897
593 638
593 676
593 681
593 683
593 705
593 712
593 725
593 903
593 946
594 598
594 601
594 631
594 638
594 870
594 960
595 607
595 685
595 687
595 766
595 833
596 616
596 625
596 645
596 653
596 679
596 681
596 696
596 699
596 701
596 769
596 813
596 863
596 1034
596 1010
596 1019
596 1130
597 623
597 657
597 696
597 712
598 612
598 634
598 663
598 683
598 697
598 707
598 724
598 796
598 1006
599 603
599 607
599 654
599 656
599 661
599 662
599 667
599 712
599 715
599 883
599 940
599 964
599 1181
600 619
600 673
600 682
600 689
600 706
600 713
600 725
600 791
600 926
600 1045
600 1053
600 1090
601 616
601 618
601 620
601 671
601 677
601 683
601 685
601 743
601 752
601 962
601 993
601 1218
602 622
602 624
602 650
602 690
602 699
602 722
602 800
602 868
602 1041
602 1042
602 1058
603 632
603 634
603 651
603 653
603 658
603 688
603 715
603 774
603 828
603 856
603 1000
603 1106
603 1262
604 639
604 655
604 662
604 781
604 801
604 813
604 831
604 976
604 1012
604 1176
605 610
605 613
605 625
605 646
605 663
605 664
605 669
605 773
605 807
605 834
605 856
605 887
605 1032
605 1015
606 610
606 648
606 656
606 677
606 708
606 709
606 762
606 906
606 917
606 1032
606 994
607 645
607 653
607 679
607 689
607 691
607 698
607 701
607 715
607 802
607 845
607 908
607 953
608 619
608 623
608 624
608 626
608 692
608 693
608 843
608 844
608 845
608 916
608 958
608 1046
609 626
609 707
609 715
609 780
609 881
609 1056
609 1125
610 630
610 635
610 657
610 662
610 669
610 691
610 694
610 774
610 1026
610 1009
611 636
611 647
611 654
611 666
611 669
611 702
611 752
611 836
611 850
611 858
611 913
611 937
611 956
611 1037
611 1042
611 1233
612 617
612 619
612 627
612 628
612 700
612 709
612 1107
612 1140
612 1294
613 628
613 638
613 658
613 688
613 717
613 727
613 814
613 825
613 830
613 861
613 867
613 905
613 923
613 1021
614 617
614 634
614 637
614 648
614 664
614 826
614 868
614 938
614 1044
614 1137
615 637
615 661
615 682
615 717
615 769
615 778
615 789
615 857
615 1282
616 692
616 823
616 944
616 956
616 980
616 1007
616 1191
617 642
617 647
617 649
617 683
617 690
617 699
617 704
617 705
617 708
617 716
617 949
617 988
617 1023
618 661
618 666
618 668
618 721
618 739
618 816
618 949
619 653
619 702
619 934
619 1044
619 1007
619 1018
619 1022
620 650
620 674
620 723
620 791
620 841
620 846
621 622
621 639
621 667
621 683
621 809
621 837
621 943
621 954
621 1134
621 1269
622 627
622 630
622 687
622 708
622 719
622 774
622 826
622 836
622 865
623 646
623 664
623 669
623 672
623 678
623 679
623 684
623 694
623 759
623 972
624 646
624 647
624 679
624 683
624 692
624 771
624 889
625 643
625 652
625 671
625 680
625 685
625 687
625 696
625 704
625 954
625 1039
626 645
626 646
626 650
626 653
626 657
626 660
626 671
626 690
626 734
626 751
626 780
626 786
626 839
626 881
626 911
626 920
626 1027
626 988
627 637
627 653
627 664
627 672
627 712
627 719
627 815
627 982
627 1067
627 1083
627 1300
628 651
628 664
628 669
628 690
628 697
628 699
628 702
628 725
628 730
628 744
628 965
628 971
628 1128
629 632
629 640
629 667
629 762
629 1219
629 1280
630 643
630 652
630 656
630 661
630 703
630 725
630 735
630 757
630 760
630 798
630 806
630 957
630 998
630 1259
631 664
631 679
631 682
631 723
631 724
631 725
631 820
631 890
631 894
631 930
631 1041
631 1049
631 1008
632 663
632 665
632 680
632 692
632 705
632 1032
632 1056
632 980
633 660
633 685
633 702
633 725
633 798
633 899
633 941
634 651
634 670
634 672
634 679
634 700
634 711
634 774
634 968
634 1188
635 657
635 660
635 705
635 715
635 723
635 833
635 839
635 847
635 960
635 1001
635 1017
636 642
636 651
636 672
636 713
636 820
636 894
636 996
637 638
637 641
637 653
637 654
637 656
637 676
637 683
637 687
637 782
637 841
637 938
637 1186
638 641
638 657
638 663
638 670
638 686
638 689
638 699
638 825
638 892
638 1005
639 650
639 685
639 693
639 720
639 766
639 864
639 1162
640 650
640 661
640 680
640 683
640 710
640 778
640 890
640 897
640 923
641 644
641 698
641 710
641 724
641 824
641 866
642 647
642 656
642 662
642 687
642 707
642 709
642 712
642 797
642 855
643 666
643 683
643 712
643 964
643 1055
643 975
644 646
644 652
644 715
645 649
645 655
645 687
645 703
645 709
645 751
645 818
645 847
645 889
645 993
645 995
645 1016
645 1062
646 659
646 660
646 709
646 946
646 948
646 1019
646 1090
647 659
647 664
647 666
647 704
647 721
647 725
647 852
647 1025
648 654
648 699
648 749
648 795
648 868
648 1052
648 1266
649 664
649 666
649 670
649 725
650 660
650 680
650 685
650 698
650 703
650 716
650 801
650 958
651 653
651 669
651 675
651 677
651 691
651 698
651 703
651 825
651 861
651 875
651 903
651 1027
651 1090
652 661
652 930
652 948
653 664
653 688
653 691
653 724
653 814
653 928
654 663
654 686
654 711
654 717
654 724
654 729
654 860
654 1052
654 994
654 1146
655 656
655 704
655 707
655 871
655 946
655 1052
656 657
656 666
656 674
656 684
656 702
656 705
656 715
656 811
656 853
656 1251
656 1283
657 666
657 669
657 680
657 760
657 853
657 954
657 958
658 660
658 691
658 702
658 723
658 724
658 756
658 1021
659 664
659 703
659 705
659 729
659 843
659 868
659 877
659 953
659 1021
660 671
660 672
660 690
660 701
660 744
660 815
660 827
661 808
661 869
661 907
661 942
661 989
662 668
662 671
662 716
662 821
662 882
662 994
663 716
663 861
663 901
663 906
663 919
663 1024
664 680
664 685
664 690
664 710
664 807
664 968
665 684
665 698
665 843
665 847
665 856
665 968
665 1004
665 1006
665 1011
666 692
666 800
666 812
666 825
666 831
666 847
666 888
666 898
666 1055
666 1020
667 681
667 705
667 708
667 750
667 825
667 1042
667 970
668 708
668 713
668 762
668 790
668 881
668 1040
668 1055
668 999
669 672
669 700
669 719
669 825
669 894
669 1117
669 1174
670 857
670 915
670 987
670 1021
670 1105
671 675
671 679
671 687
671 695
671 701
671 721
671 732
671 797
672 680
672 706
672 716
672 783
672 935
672 955
673 708
673 719
673 950
673 1036
673 1003
673 1147
673 1155
673 1179
674 678
674 698
674 700
674 716
674 817
674 829
674 867
674 951
674 1047
675 706
675 723
675 758
675 779
675 942
675 1278
676 704
676 711
676 736
676 758
676 816
676 844
677 687
677 705
677 715
677 722
677 868
677 1059
678 703
678 718
678 790
678 963
678 1028
678 1033
678 1043
678 1048
679 706
679 710
679 712
679 743
679 915
679 972
680 756
680 791
680 821
680 842
680 961
680 967
680 1002
680 1007
680 1069
680 1299
681 705
681 709
681 723
681 874
681 916
681 1038
681 1049
681 1060
681 1009
682 716
682 718
682 813
682 1033
683 690
683 739
683 786
683 995
683 1166
683 1179
684 885
684 900
684 938
684 954
685 697
685 698
685 754
685 852
685 1240
686 796
686 842
686 953
686 1002
686 1004
687 699
687 704
687 1002
687 1112
688 719
688 739
688 749
688 766
689 707
689 785
689 802
689 883
689 894
689 917
689 971
689 1298
690 743
690 800
690 861
691 708
691 715
691 768
691 971
691 997
692 736
692 776
692 942
692 951
692 1042
692 1219
693 700
693 714
693 901
693 966
694 713
694 724
694 804
694 880
694 938
694 950
694 955
695 708
695 744
695 842
695 896
695 930
695 934
695 981
695 1017
696 793
696 898
696 946
696 1049
696 977
696 980
697 757
697 955
697 1043
697 997
698 711
698 715
698 895
698 909
698 965
698 1025
699 700
699 703
699 709
699 714
699 819
699 843
699 1032
699 1238
700 706
700 717
700 726
700 812
700 883
700 889
701 720
701 723
701 877
701 906
701 1046
701 1216
701 1289
702 718
702 719
702 881
702 1123
703 712
703 722
703 778
703 1055
703 973
703 1266
704 1037
705 707
705 708
705 744
705 842
705 845
705 920
705 1019
705 1070
705 1302
706 769
706 882
706 934
706 1035
706 991
707 928
707 1058
707 971
708 719
708 723
708 768
708 821
708 865
708 1050
708 1248
709 724
709 794
709 836
709 862
709 963
709 1039
709 1061
709 1178
709 1294
710 713
710 863
710 894
710 989
711 836
712 723
712 744
712 769
712 786
712 797
712 883
712 998
713 717
714 720
714 749
714 753
714 855
714 869
714 888
714 896
714 917
714 919
714 998
715 720
715 755
715 760
715 771
715 815
715 826
715 892
715 909
715 951
715 1007
715 1124
715 1283
716 846
716 852
716 901
716 992
717 724
717 793
717 830
717 858
717 945
717 1037
717 1018
718 745
718 851
718 882
718 902
718 906
718 1038
718 1175
719 919
719 924
719 949
719 952
719 956
719 969
719 1158
720 728
720 809
720 978
720 986
720 1074
721 906
721 925
721 946
722 742
722 931
722 934
722 1031
722 1039
722 1048
722 993
722 1020
722 1135
723 737
723 766
723 838
723 931
723 1026
723 1059
723 1084
723 1202
723 1254
723 1287
723 1288
724 786
724 859
724 968
725 729
725 754
725 808
725 947
726 743
726 786
726 834
726 849
726 874
726 1025
726 981
727 762
727 778
727 782
727 826
727 837
727 935
727 940
727 1042
727 1190
728 729
728 730
728 778
728 812
728 829
728 844
728 858
728 860
728 881
728 899
728 1093
728 1234
729 775
729 810
729 823
729 862
729 866
729 1018
730 740
730 759
730 780
730 804
730 829
730 845
730 853
730 862
730 890
730 904
730 929
730 1008
730 1198
731 735
731 765
731 805
731 924
731 925
731 964
731 1030
731 1042
731 1063
731 1143
731 1273
732 743
732 775
732 782
732 796
732 819
732 824
732 828
732 829
732 848
732 877
732 885
732 887
732 942
733 815
733 821
733 822
733 828
733 867
733 889
733 1038
734 762
734 779
734 830
734 870
734 910
734 1193
735 756
735 838
735 875
736 751
736 752
736 757
736 768
736 788
736 802
736 843
736 1294
737 747
737 768
737 796
737 801
737 843
737 850
737 851
737 857
737 866
737 871
737 929
737 1056
738 756
738 760
738 778
738 785
738 791
738 822
738 830
738 838
738 845
738 869
738 870
738 885
738 970
739 767
739 773
739 785
739 806
739 820
739 824
739 825
739 864
739 876
739 1060
739 1222
739 1261
739 1301
740 745
740 746
740 832
740 848
740 855
740 864
740 868
740 890
740 900
740 1047
740 1128
741 778
741 780
741 801
741 802
741 872
741 955
741 996
741 1096
742 750
742 752
742 777
742 800
742 817
742 824
742 841
742 857
742 929
742 981
742 1100
742 1265
742 1295
743 784
743 810
743 867
743 1051
744 751
744 789
744 814
744 962
744 965
744 968
745 1005
746 751
746 752
746 849
746 901
746 914
746 921
746 1047
746 1009
747 748
747 761
747 767
747 785
747 796
747 876
747 900
747 915
747 1098
748 773
748 778
748 792
748 820
748 847
748 871
748 937
748 954
748 1007
748 1021
749 778
749 800
749 824
749 842
749 881
749 930
749 969
749 992
749 1008
749 1205
750 755
750 770
750 777
750 836
750 878
750 1081
750 1113
751 791
751 810
751 836
751 840
751 848
751 869
751 909
751 1041
751 1011
752 758
752 769
752 841
752 893
752 1128
753 763
753 798
753 829
753 861
753 1041
753 1006
754 795
754 824
754 829
754 924
754 941
754 1028
754 1033
754 996
754 1020
754 1216
754 1271
755 773
755 813
755 844
755 871
755 965
755 967
755 995
755 1014
756 770
756 803
756 819
756 844
756 1058
756 991
757 764
757 801
757 802
757 817
757 840
757 850
757 883
757 980
757 985
758 768
758 771
758 784
758 791
758 856
758 910
758 960
758 1039
758 1011
759 800
759 801
759 849
759 861
759 867
759 944
759 994
760 765
760 863
760 872
761 772
761 819
761 825
761 839
761 906
761 938
762 766
762 770
762 796
762 799
762 800
762 805
762 836
762 845
762 848
762 851
762 866
762 1166
762 1186
762 1261
763 808
763 816
763 829
763 867
763 987
763 1005
763 1198
764 771
764 792
764 800
764 848
764 865
764 906
764 1056
764 1015
765 807
765 812
765 827
765 859
765 870
765 898
765 936
765 979
765 1106
766 773
766 809
766 833
766 874
766 917
766 942
766 1055
767 796
767 807
767 809
767 835
767 853
767 862
767 867
767 875
767 900
767 935
767 961
767 1014
768 801
768 831
768 841
768 845
768 876
768 894
768 1035
768 1045
768 1161
769 798
769 824
769 826
769 844
769 881
770 798
770 804
770 809
770 817
770 840
770 937
770 1027
770 974
770 1007
770 1092
771 787
771 816
771 825
771 847
771 861
771 932
771 957
771 971
771 981
772 785
772 848
772 859
772 899
772 926
772 1208
773 826
773 854
773 860
773 904
773 1292
774 785
774 787
774 807
774 808
774 815
774 818
774 820
774 831
774 862
774 1031
775 814
775 832
775 836
775 841
775 843
775 864
775 875
776 789
776 842
776 850
776 863
776 869
776 1033
776 1055
776 1097
777 786
777 838
777 841
777 845
777 862
777 863
777 1173
778 803
778 823
778 838
778 942
778 1278
779 823
779 851
779 863
779 1044
779 1055
780 787
780 797
780 798
780 825
780 889
780 923
780 963
780 1036
780 973
780 1022
780 1258
781 784
781 814
781 835
781 1055
782 829
782 841
782 863
782 893
782 920
782 924
782 1015
783 797
783 799
783 812
783 819
783 825
783 847
783 875
783 1047
783 974
783 997
784 800
784 808
784 810
784 826
784 935
785 958
785 1025
785 977
785 1188
786 840
786 860
786 888
786 900
786 970
786 972
787 793
787 795
787 840
787 853
787 1049
788 934
788 945
788 1029
789 792
789 829
789 857
789 891
789 910
789 973
789 983
789 1220
790 798
790 810
790 829
790 834
790 838
790 852
790 866
790 868
790 870
790 1034
790 1056
790 1296
791 798
791 829
791 873
791 883
791 935
791 1094
792 847
792 867
792 1042
792 976
793 803
793 806
793 826
793 875
793 942
793 957
793 1287
794 853
794 860
794 868
794 914
794 923
794 959
795 813
795 851
795 859
795 868
795 897
795 927
795 1049
795 1189
796 801
796 811
796 829
796 845
796 872
796 898
796 950
796 986
796 1119
796 1169
796 1182
796 1272
797 838
797 847
797 854
797 862
797 979
797 1239
798 822
798 829
798 841
798 845
798 862
798 911
799 938
799 967
799 1053
799 1003
799 1098
800 811
800 857
800 860
800 928
800 1032
800 1043
800 1046
801 899
801 947
801 1029
801 1036
801 1000
801 1292
802 823
802 843
802 854
802 870
802 874
802 899
802 907
802 928
802 933
802 946
802 1047
803 815
803 835
803 848
803 1058
803 977
804 813
804 818
804 898
805 809
805 845
805 851
805 875
805 908
805 1017
806 832
806 840
806 853
806 879
806 955
806 1041
806 1226
807 833
807 838
807 841
807 842
807 850
808 827
808 840
808 842
808 934
808 990
809 817
809 830
809 854
809 879
809 967
809 1027
810 835
810 856
810 871
810 922
810 962
810 1051
811 823
811 829
811 840
811 848
811 861
811 911
811 1017
812 816
812 830
812 867
812 941
812 943
812 952
813 821
813 841
813 879
813 1025
813 1026
814 840
814 953
814 966
814 1030
814 1125
815 833
815 840
815 946
815 948
815 1042
815 1053
815 1006
815 1019
816 823
816 836
816 841
816 865
816 1036
817 843
817 861
817 904
817 985
818 835
818 866
818 870
818 898
818 946
818 982
819 832
819 848
819 875
819 881
819 942
819 945
819 951
819 1064
820 825
820 930
820 1046
820 980
820 1002
820 1167
821 826
821 839
821 1057
822 823
822 841
822 845
822 933
822 963
823 895
823 926
823 1048
823 981
823 1012
823 1193
824 834
824 850
824 852
824 857
824 875
824 905
824 915
824 956
825 843
825 846
825 859
825 869
825 871
826 872
826 1035
826 1073
827 834
827 968
827 1299
828 866
828 926
828 954
828 998
829 841
829 857
829 868
829 922
829 1026
829 1119
830 849
830 851
830 896
831 862
831 891
831 923
831 930
831 996
831 1175
832 862
832 863
832 872
832 880
832 956
832 1088
833 835
833 840
833 846
833 1030
833 1047
833 1012
834 838
834 920
834 941
834 978
834 992
835 856
835 858
835 865
835 873
835 965
836 856
836 870
836 940
837 846
837 850
837 886
837 1054
837 975
838 872
838 903
838 905
838 957
838 1024
838 1028
838 987
838 990
839 855
839 860
839 899
839 932
839 968
839 972
840 860
840 913
840 1058
840 977
840 986
840 1234
841 872
841 900
842 865
842 868
842 967
842 1004
843 844
843 923
843 1053
843 1004
843 1020
843 1112
843 1133
843 1204
844 866
845 846
845 889
845 1010
845 1012
846 874
846 1120
847 848
847 851
847 862
847 906
847 1049
847 1057
847 1103
847 1288
848 860
848 869
848 872
848 891
848 1030
849 869
849 874
849 915
849 930
849 1038
849 978
849 999
849 1293
850 864
850 1002
850 1023
851 868
851 870
851 961
851 1025
851 1268
852 875
852 931
852 950
852 1000
853 866
853 877
853 886
853 903
853 1036
853 1046
853 968
853 1002
853 1248
854 875
854 882
854 884
854 953
854 1003
855 908
855 923
855 931
855 1005
855 1163
855 1241
856 864
857 860
857 942
857 945
857 986
857 1015
858 874
858 972
858 981
859 872
859 888
859 898
859 948
859 1215
860 872
860 896
860 929
860 944
860 1255
861 906
861 939
861 1010
861 1281
862 895
862 1042
862 1003
863 878
863 897
863 925
863 944
863 963
863 1059
863 970
863 999
863 1008
863 1016
864 944
864 945
864 1130
866 868
866 870
866 1047
866 1164
867 952
867 1027
868 1195
869 1042
869 1050
871 872
871 873
871 994
872 955
872 999
872 1000
873 877
873 893
874 878
874 932
874 970
875 997
875 1009
876 879
876 894
876 904
876 920
876 928
876 938
876 941
876 947
876 954
876 1041
876 1296
877 880
877 897
877 899
877 900
877 901
877 926
877 940
877 951
877 962
877 1052
878 888
878 906
878 921
878 922
878 940
878 1044
878 1046
878 1017
878 1181
879 894
879 895
879 910
879 917
879 950
879 956
879 973
879 1011
879 1162
880 884
880 893
880 898
880 921
880 942
880 959
880 965
880 967
880 1056
880 1090
880 1181
880 1285
881 883
881 911
881 928
881 932
881 945
881 947
881 950
881 1009
881 1124
881 1216
881 1284
882 896
882 905
882 912
882 928
882 935
882 938
882 950
882 1045
882 980
882 1013
883 884
883 887
883 901
883 902
883 913
883 918
883 927
883 940
883 943
883 947
883 963
883 970
883 990
883 1007
883 1008
884 909
884 963
884 990
885 886
885 898
885 915
885 931
885 950
885 952
885 1028
885 1032
885 973
885 996
885 1016
885 1023
886 928
886 960
886 962
886 965
886 1035
886 1113
887 930
887 941
887 950
887 1037
887 989
887 1255
888 900
888 910
888 913
888 921
888 936
888 940
888 942
888 943
888 976
888 1023
888 1250
888 1260
889 896
889 900
889 903
889 906
889 922
889 923
889 935
889 981
889 1164
889 1256
890 899
890 911
890 923
890 935
890 963
890 1026
890 1050
890 1020
890 1097
891 896
891 912
891 917
891 937
891 945
891 961
891 1057
891 993
892 948
892 949
892 952
892 963
892 964
892 1162
892 1219
893 900
893 903
893 917
893 940
893 1039
893 1004
894 901
894 912
894 918
894 923
894 943
894 952
894 954
894 967
894 1027
894 1032
894 1038
894 1046
894 1047
894 981
894 997
894 1215
894 1245
894 1261
895 899
895 924
895 926
895 934
895 954
895 956
895 966
895 1034
895 977
895 998
895 1002
895 1164
895 1296
896 898
896 902
896 921
896 927
896 945
896 966
896 970
896 993
896 1245
897 901
897 903
897 927
897 940
897 942
897 961
897 1052
897 969
897 1022
898 910
898 924
898 929
898 944
898 945
898 1029
898 1045
898 969
898 1012
898 1064
899 913
899 915
899 940
899 971
899 997
899 1239
900 901
900 904
900 911
900 914
900 921
900 934
900 941
900 953
900 1028
900 997
900 1005
900 1246
901 926
901 948
901 963
901 1046
901 988
901 1166
902 908
902 953
902 956
902 1052
902 1053
902 969
902 1001
902 1021
902 1070
902 1180
903 915
903 923
903 945
903 946
903 952
903 954
903 964
903 1099
904 914
904 931
904 956
904 962
904 993
905 917
905 945
905 961
905 967
905 1029
905 1043
905 980
905 1248
905 1253
906 914
906 952
906 959
906 960
906 1057
906 995
907 913
907 1028
907 1037
907 1011
907 1284
908 920
908 929
908 934
908 940
908 946
908 953
908 957
908 966
908 989
908 1257
909 918
909 924
909 939
909 941
909 1045
909 1071
910 944
910 1103
910 1263
911 915
911 916
911 930
911 951
911 1060
911 1279
912 936
912 940
912 967
912 971
912 1004
912 1005
913 928
913 932
913 937
913 954
913 1029
913 972
913 1002
913 1014
913 1088
914 936
914 938
914 944
914 947
914 953
914 1045
914 1021
914 1155
915 936
915 958
915 967
915 1048
915 986
915 1003
916 922
916 937
916 942
916 945
916 947
916 948
916 952
916 960
916 965
916 988
916 1022
916 1136
916 1253
917 931
917 933
917 941
917 952
917 1050
917 983
917 1015
918 1025
919 935
919 955
919 965
919 1034
919 1040
919 1061
919 1012
919 1101
919 1210
919 1258
920 926
920 928
920 942
920 949
920 950
920 956
920 986
921 927
921 932
921 1055
921 969
921 999
921 1188
921 1265
922 924
922 948
922 958
922 991
922 1011
922 1195
922 1221
923 934
923 937
923 1046
923 1018
923 1137
924 947
924 948
924 952
924 997
924 1020
924 1178
924 1269
925 948
925 967
925 1033
925 1044
926 929
926 1041
926 1001
926 1284
927 958
927 961
927 1040
927 1042
927 969
927 991
927 1269
928 941
928 942
928 951
928 961
928 1273
929 1081
929 1142
930 951
930 961
930 963
930 967
930 1053
930 1019
931 989
931 992
931 1181
932 957
932 959
932 966
932 967
932 978
932 1015
932 1087
932 1303
933 970
933 1084
933 1252
934 948
934 961
934 968
934 1150
935 967
935 980
935 985
935 1135
935 1204
936 941
936 960
936 966
936 1030
936 1035
936 1061
936 1015
936 1069
937 950
937 961
938 940
938 950
938 968
938 1006
938 1157
938 1230
939 940
939 963
939 1188
940 949
940 958
940 959
940 1137
941 946
941 950
941 1033
941 977
941 1073
942 961
942 964
942 965
942 1042
942 1075
943 957
943 1013
943 1020
943 1067
943 1189
944 947
944 953
944 962
944 1050
944 1139
945 954
945 962
945 966
945 1060
945 1005
945 1010
945 1015
946 954
946 969
947 961
947 965
948 956
948 965
948 1057
948 1112
948 1194
949 955
949 956
949 958
949 960
949 993
949 1000
950 951
950 957
950 959
950 965
950 997
950 1023
951 954
951 964
951 1001
952 1045
952 1245
953 960
953 967
953 1019
953 1078
955 956
955 962
955 966
955 1036
955 1211
955 1299
956 1090
957 1031
957 1061
957 983
957 1018
957 1205
959 973
959 987
960 966
960 977
960 1148
960 1156
961 1040
961 1052
961 1058
961 996
961 1284
962 1053
962 980
963 1300
964 1021
964 1125
965 1201
965 1288
966 967
966 978
967 996
967 1005
967 1217
1024 1028
1024 1045
1024 1051
1024 1056
1024 1061
1024 990
1024 992
1024 1013
1024 1017
1024 1166
1024 1214
1025 1040
1025 1043
1025 1049
1025 1012
1026 1038
1026 1045
1026 1049
1026 1052
1026 986
1026 988
1026 1003
1026 1006
1026 1007
1026 1008
1026 1012
1026 1018
1027 1051
1027 1058
1027 968
1027 975
1027 977
1027 985
1027 1105
1028 1032
1028 1053
1028 1056
1028 983
1028 984
1028 989
1028 990
1028 993
1028 1016
1028 1018
1028 1200
1029 1036
1029 1043
1029 1051
1029 1053
1029 1055
1029 1056
1029 1057
1029 1060
1029 978
1029 1013
1029 1014
1029 1015
1030 1036
1030 1039
1030 1052
1030 973
1030 979
1030 985
1030 999
1030 1099
1030 1219
1031 1043
1031 1052
1031 1061
1031 978
1031 995
1031 999
1031 1000
1031 1008
1031 1121
1031 1282
1032 993
1032 1000
1032 1271
1033 1047
1033 1052
1033 1055
1033 978
1033 985
1033 992
1033 993
1033 1003
1033 1010
1033 1012
1033 1016
1034 1039
1034 976
1034 983
1034 1021
1035 1038
1035 1045
1035 1050
1035 1053
1035 1056
1035 1061
1035 969
1035 976
1035 993
1035 1005
1035 1007
1035 1019
1035 1020
1036 1040
1036 1042
1036 1051
1036 969
1036 977
1036 991
1036 1012
1036 1131
1036 1201
1037 1042
1037 1048
1037 1054
1037 970
1037 986
1037 987
1037 989
1037 994
1037 1019
1037 1192
1037 1198
1038 1040
1038 970
1038 997
1038 1002
1038 1009
1038 1013
1038 1015
1038 1273
1039 1042
1039 1051
1039 1056
1039 1060
1039 974
1039 977
1039 988
1039 994
1039 1013
1040 971
1040 988
1040 996
1040 999
1040 1010
1040 1016
1040 1017
1040 1199
1040 1270
1041 1042
1041 1046
1041 1048
1041 1051
1041 1057
1041 968
1041 973
1041 979
1041 982
1041 986
1041 997
1041 1010
1041 1235
1042 1055
1042 1056
1042 978
1042 1007
1042 1009
1042 1014
1042 1021
1042 1023
1042 1252
1043 1047
1043 1048
1043 1055
1043 969
1043 975
1043 977
1043 997
1043 1003
1043 1009
1044 1052
1044 972
1044 973
1044 975
1044 978
1044 999
1044 1001
1044 1101
1044 1177
1045 1051
1045 969
1045 981
1045 990
1045 993
1045 996
1045 997
1045 1001
1045 1023
1045 1083
1046 1054
1046 971
1046 980
1046 981
1046 983
1046 985
1046 994
1046 1022
1046 1289
1047 978
1047 979
1047 980
1047 989
1047 992
1047 994
1047 997
1047 1020
1048 1054
1048 1057
1048 978
1048 994
1048 1011
1048 1013
1048 1137
1049 1052
1049 1053
1049 1059
1049 979
1049 982
1049 995
1049 1005
1049 1007
1049 1008
1049 1285
1050 1061
1050 980
1050 983
1050 988
1050 1016
1050 1017
1051 1059
1051 976
1051 977
1051 992
1051 998
1051 1010
1051 1019
1051 1210
1052 1054
1052 987
1052 1011
1052 1012
1053 970
1053 980
1053 989
1053 1178
1054 977
1054 981
1054 986
1054 989
1054 991
1054 994
1054 997
1054 1003
1054 1011
1054 1241
1055 975
1055 989
1055 996
1055 1001
1055 1009
1055 1016
1055 1017
1055 1023
1056 1060
1056 983
1056 984
1056 987
1056 1010
1056 1014
1056 1122
1057 971
1057 978
1057 979
1057 999
1057 1145
1058 972
1058 990
1058 997
1058 1006
1058 1007
1058 1009
1058 1014
1059 1061
1059 982
1059 988
1059 992
1059 997
1059 1006
1059 1012
1059 1021
1060 984
1060 990
1060 1004
1060 1005
1060 1014
1060 1016
1060 1078
1061 978
1061 981
1061 986
1061 1006
1061 1008
1061 1014
1061 1017
1061 1023
968 982
968 1002
968 1016
968 1019
968 1120
969 980
969 987
969 994
969 1007
969 1009
969 1016
969 1018
969 1136
970 996
970 1008
970 1010
970 1020
970 1023
970 1199
971 975
971 981
971 983
971 1017
971 1018
972 994
973 978
973 998
973 1017
973 1094
974 978
974 996
974 997
974 1010
974 1015
974 1019
974 1023
974 1156
975 984
975 988
975 992
975 993
975 996
976 991
976 994
976 996
976 1001
976 1004
976 1009
976 1017
976 1019
977 1004
977 1015
978 979
978 980
978 991
978 997
978 1002
978 1014
978 1017
978 1170
979 982
979 997
979 1008
979 1016
979 1125
979 1257
980 985
980 991
980 994
980 1002
980 1007
980 1010
980 1013
980 1020
981 983
981 988
981 1013
982 986
982 991
982 996
982 1016
982 1021
982 1022
982 1023
983 986
983 992
983 993
983 999
983 1004
983 1008
983 1022
983 1256
984 995
984 1006
984 1019
984 1020
985 1011
985 1017
986 1001
986 1002
986 1023
986 1126
986 1279
987 1007
987 1021
987 1092
988 1008
988 1087
988 1117
989 999
989 1000
990 991
990 998
990 1014
991 992
991 993
991 1002
991 1014
991 1017
992 995
992 997
992 1006
993 995
993 1008
993 1156
994 996
994 1007
994 1008
994 1016
994 1208
994 1280
995 1001
995 1018
995 1020
995 1023
996 1000
996 1005
996 1006
996 1009
996 1011
996 1013
996 1019
996 1022
996 1023
997 1010
997 1022
998 1011
998 1012
998 1090
999 1017
999 1020
1000 1001
1000 1002
1000 1003
1000 1010
1000 1017
1000 1290
1002 1008
1002 1009
1002 1015
1002 1017
1002 1018
1002 1021
1002 1192
1003 1014
1003 1020
1004 1008
1004 1011
1004 1102
1005 1015
1005 1066
1005 1091
1005 1239
1006 1009
1006 1015
1006 1016
1006 1260
1006 1279
1006 1290
1007 1019
1008 1112
1008 1264
1009 1241
1010 1011
1011 1017
1011 1023
1011 1242
1011 1243
1012 1013
1012 1014
1012 1017
1012 1018
1012 1020
1012 1218
1014 1180
1015 1019
1015 1067
1015 1248
1016 1017
1016 1018
1016 1019
1016 1021
1016 1262
1017 1198
1019 1023
1019 1155
1021 1119
1021 1280
1022 1023
1022 1176
1062 1067
1062 1071
1062 1079
1062 1098
1062 1104
1062 1160
1062 1186
1062 1205
1062 1209
1062 1268
1062 1285
1062 1288
1062 1302
1063 1070
1063 1071
1063 1108
1063 1110
1063 1130
1063 1282
1064 1080
1064 1119
1064 1132
1064 1214
1064 1245
1064 1275
1065 1073
1065 1139
1065 1166
1065 1229
1066 1080
1066 1116
1066 1130
1066 1168
1066 1210
1066 1268
1066 1294
1067 1093
1067 1139
1067 1172
1067 1193
1067 1196
1068 1127
1068 1205
1068 1214
1068 1261
1069 1110
1069 1182
1069 1193
1069 1223
1069 1230
1069 1237
1070 1091
1070 1156
1070 1165
1070 1168
1070 1203
1070 1299
1071 1082
1071 1086
1071 1145
1071 1188
1071 1194
1071 1234
1071 1253
1071 1260
1071 1273
1072 1131
1072 1144
1072 1150
1072 1151
1072 1154
1072 1181
1072 1202
1072 1231
1072 1291
1073 1177
1073 1223
1073 1264
1074 1097
1074 1175
1074 1193
1074 1211
1074 1265
1074 1294
1075 1092
1075 1113
1075 1149
1075 1158
1075 1209
1075 1267
1075 1303
1076 1108
1076 1121
1076 1170
1076 1276
1077 1122
1077 1275
1078 1180
1078 1207
1078 1251
1078 1272
1078 1274
1078 1295
1079 1108
1079 1117
1079 1127
1079 1130
1079 1149
1079 1174
1079 1203
1079 1245
1079 1256
1079 1258
1079 1289
1080 1085
1080 1093
1080 1148
1080 1186
1080 1187
1080 1243
1080 1262
1080 1275
1081 1102
1081 1176
1081 1225
1082 1111
1082 1115
1082 1117
1082 1136
1082 1150
1082 1194
1082 1238
1083 1106
1083 1171
1083 1184
1083 1207
1083 1222
1083 1245
1083 1273
1084 1103
1084 1167
1084 1185
1084 1246
1084 1253
1084 1256
1084 1279
1085 1110
1085 1111
1085 1124
1085 1177
1085 1198
1085 1203
1085 1257
1085 1259
1085 1276
1086 1170
1086 1173
1086 1262
1086 1290
1087 1102
1087 1292
1088 1119
1088 1173
1088 1193
1088 1194
1088 1199
1088 1218
1088 1223
1088 1224
1088 1255
1088 1261
1088 1269
1088 1296
1089 1110
1089 1116
1089 1182
1089 1262
1089 1266
1090 1118
1090 1133
1090 1138
1090 1149
1090 1177
1090 1182
1090 1206
1090 1211
1090 1216
1091 1135
1091 1234
1091 1265
1091 1286
1092 1094
1092 1103
1092 1153
1092 1181
1092 1228
1092 1275
1092 1276
1092 1296
1093 1098
1093 1131
1093 1132
1093 1137
1093 1138
1093 1153
1093 1157
1093 1224
1093 1255
1093 1264
1093 1296
1094 1109
1094 1141
1094 1259
1095 1099
1095 1125
1095 1133
1095 1161
1095 1185
1095 1189
1095 1195
1095 1215
1095 1243
1096 1141
1096 1212
1096 1253
1097 1113
1097 1120
1097 1127
1097 1141
1097 1163
1097 1239
1097 1285
1097 1287
1098 1116
1098 1169
1098 1172
1098 1202
1098 1264
1098 1281
1098 1294
1099 1224
1099 1241
1099 1255
1099 1284
1100 1125
1100 1160
1100 1185
1100 1261
1100 1279
1101 1110
1101 1145
1101 1250
1101 1261
1101 1288
1101 1299
1102 1104
1102 1196
1103 1128
1103 1130
1103 1146
1103 1154
1103 1157
1103 1209
1103 1216
1103 1221
1103 1279
1104 1123
1104 1157
1104 1179
1104 1204
1104 1218
1104 1240
1104 1258
1104 1273
1105 1157
1105 1159
1105 1188
1105 1228
1105 1261
1105 1274
1106 1130
1106 1190
1106 1265
1106 1289
1107 1120
1107 1155
1107 1188
1107 1261
1107 1303
1108 1131
1108 1168
1108 1173
1108 1222
1108 1290
1109 1134
1109 1175
1109 1194
1109 1201
1109 1257
1109 1293
1110 1153
1110 1198
1110 1223
1111 1212
1111 1270
1112 1130
1112 1134
1112 1270
1112 1303
1113 1167
1113 1168
1113 1185
1113 1305
1114 1173
1114 1201
1114 1293
1114 1303
1115 1120
1115 1122
1115 1156
1115 1177
1115 1242
1115 1254
1116 1146
1116 1183
1116 1198
1116 1209
1116 1211
1116 1225
1116 1238
1116 1282
1116 1290
1117 1209
1117 1219
1117 1302
1118 1164
1118 1196
1118 1229
1118 1262
1118 1263
1118 1279
1119 1129
1119 1149
1119 1171
1119 1234
1119 1242
1119 1261
1119 1271
1119 1281
1119 1283
1120 1128
1120 1158
1120 1179
1120 1264
1120 1282
1121 1218
1121 1235
1121 1242
1121 1244
1121 1259
1122 1169
1122 1263
1122 1298
1123 1151
1123 1171
1123 1209
1123 1221
1123 1256
1123 1259
1123 1266
1123 1304
1124 1141
1124 1172
1124 1240
1124 1246
1125 1140
1125 1142
1125 1208
1125 1278
1126 1132
1126 1169
1126 1205
1126 1234
1126 1262
1127 1179
1127 1189
1127 1205
1127 1207
1127 1210
1127 1212
1128 1129
1128 1130
1128 1132
1128 1174
1128 1175
1128 1189
1128 1193
1128 1221
1128 1245
1128 1292
1129 1144
1129 1191
1129 1227
1129 1241
1129 1245
1129 1278
1130 1155
1130 1255
1130 1274
1130 1276
1130 1281
1131 1247
1131 1256
1131 1278
1132 1152
1132 1166
1132 1205
1132 1225
1132 1301
1133 1177
1133 1226
1134 1165
1134 1192
1134 1255
1134 1275
1134 1296
1135 1140
1135 1172
1135 1241
1135 1245
1135 1297
1136 1150
1136 1156
1136 1162
1136 1217
1136 1235
1136 1272
1136 1283
1136 1305
1137 1175
1137 1240
1137 1259
1137 1292
1137 1294
1138 1146
1138 1208
1138 1211
1138 1231
1138 1262
1138 1286
1139 1152
1139 1165
1140 1167
1140 1228
1141 1218
1141 1288
1142 1144
1142 1156
1142 1165
1142 1200
1142 1201
1142 1227
1142 1253
1142 1257
1142 1264
1142 1281
1143 1150
1143 1219
1144 1149
1144 1205
1144 1266
1144 1269
1144 1274
1144 1287
1145 1171
1145 1216
1145 1228
1145 1263
1145 1298
1146 1161
1146 1261
1146 1266
1147 1158
1147 1170
1147 1243
1147 1264
1147 1296
1147 1302
1148 1157
1148 1246
1148 1264
1148 1288
1149 1211
1149 1215
1149 1223
1149 1236
1149 1261
1149 1262
1149 1286
1150 1258
1150 1259
1150 1292
1151 1184
1151 1197
1151 1252
1152 1188
1152 1233
1152 1244
1152 1278
1153 1201
1153 1210
1153 1245
1153 1261
1153 1279
1154 1196
1154 1217
1154 1276
1154 1289
1155 1206
1155 1224
1155 1257
1155 1266
1156 1160
1156 1184
1156 1226
1156 1243
1156 1251
1156 1263
1156 1291
1157 1162
1157 1226
1157 1248
1157 1255
1157 1299
1158 1288
1159 1246
1159 1247
1159 1248
1160 1174
1160 1181
1160 1258
1160 1282
1161 1175
1161 1181
1161 1186
1161 1239
1161 1249
1161 1262
1161 1271
1161 1284
1161 1302
1162 1181
1162 1215
1162 1217
1162 1267
1163 1175
1163 1180
1163 1225
1163 1276
1164 1172
1164 1189
1164 1256
1164 1271
1165 1173
1165 1192
1165 1280
1166 1167
1166 1186
1166 1189
1166 1193
1166 1211
1166 1234
1166 1252
1167 1175
1167 1201
1167 1228
1167 1279
1168 1190
1168 1204
1168 1232
1168 1294
1168 1295
1169 1179
1169 1264
1169 1281
1170 1262
1170 1303
1171 1180
1171 1205
1171 1208
1171 1226
1171 1230
1171 1248
1171 1249
1171 1258
1171 1259
1171 1261
1171 1264
1171 1301
1172 1240
1172 1246
1172 1254
1172 1301
1173 1199
1173 1236
1173 1257
1174 1178
1174 1199
1174 1256
1174 1286
1174 1301
1175 1180
1175 1239
1175 1248
1175 1253
1175 1301
1176 1238
1176 1242
1176 1247
1176 1265
1177 1183
1177 1241
1177 1267
1177 1293
1178 1236
1178 1279
1178 1283
1178 1285
1179 1221
1179 1222
1179 1235
1179 1282
1180 1187
1180 1227
1180 1254
1180 1285
1180 1286
1180 1293
1181 1185
1181 1271
1181 1277
1182 1261
1182 1263
1182 1268
1182 1279
1182 1281
1183 1219
1183 1225
1183 1234
1184 1223
1184 1227
1184 1242
1184 1247
1184 1273
1185 1201
1185 1230
1185 1251
1185 1272
1186 1214
1186 1229
1187 1276
1187 1279
1187 1296
1187 1297
1187 1298
1188 1225
1188 1266
1189 1279
1189 1280
1189 1287
1189 1289
1189 1291
1190 1228
1190 1232
1190 1234
1190 1244
1191 1206
1192 1226
1192 1250
1192 1272
1192 1299
1193 1213
1193 1279
1194 1195
1194 1196
1194 1219
1194 1268
1195 1208
1195 1304
1196 1238
1196 1244
1196 1254
1196 1271
1197 1200
1197 1256
1198 1207
1199 1275
1200 1210
1200 1242
1200 1249
1200 1270
1200 1294
1201 1205
1201 1270
1201 1286
1201 1295
1201 1297
1202 1242
1203 1204
1204 1223
1204 1281
1205 1206
1205 1212
1205 1246
1206 1233
1206 1255
1206 1272
1206 1275
1206 1283
1207 1218
1207 1232
1208 1211
1209 1290
1209 1303
1210 1229
1210 1288
1210 1292
1211 1218
1211 1228
1211 1229
1211 1260
1212 1237
1212 1265
1212 1278
1212 1280
1212 1288
1213 1242
1213 1289
1214 1241
1214 1272
1215 1240
1216 1224
1216 1248
1216 1280
1217 1265
1217 1288
1218 1275
1218 1301
1219 1278
1220 1255
1222 1225
1222 1291
1223 1238
1223 1268
1223 1300
1223 1303
1224 1236
1224 1267
1224 1291
1224 1294
1225 1248
1225 1280
1226 1259
1228 1233
1228 1237
1228 1253
1229 1268
1229 1279
1229 1302
1230 1295
1232 1233
1232 1237
1232 1247
1232 1296
1232 1302
1233 1236
1233 1253
1233 1301
1233 1304
1234 1239
1234 1240
1234 1247
1234 1260
1237 1241
1237 1258
1237 1270
1238 1293
1240 1257
1240 1278
1240 1286
1241 1264
1241 1285
1242 1244
1242 1254
1242 1259
1242 1291
1243 1260
1243 1304
1244 1259
1245 1287
1245 1292
1246 1267
1246 1295
1246 1302
1247 1266
1247 1286
1247 1304
1251 1254
1251 1266
1251 1281
1252 1254
1252 1264
1252 1302
1253 1255
1253 1258
1253 1288
1254 1301
1256 1288
1256 1296
1257 1259
1258 1288
1258 1299
1259 1302
1260 1273
1261 1273
1261 1275
1261 1290
1261 1293
1262 1293
1263 1268
1263 1293
1263 1295
1263 1305
1265 1285
1265 1290
1268 1284
1270 1299
1271 1287
1274 1294
1277 1291
1278 1295
1278 1303
1280 1284
1283 1292
1285 1299
1286 1289
1286 1293
1288 1292
1289 1304
1290 1302
1293 1303
1310 1311
1313 1316
1314 1316
1315 1317
1316 1317