0 58
0 62
0 67
0 111
0 158
0 186
0 196
1 16
1 21
1 28
1 29
1 177
2 163
2 182
3 35
3 41
3 120
3 129
3 155
3 162
3 163
3 190
3 191
3 208
3 218
4 37
4 65
4 80
4 163
5 58
5 79
5 116
5 117
5 151
5 164
5 189
5 215
6 13
6 20
6 21
6 50
6 56
6 62
6 85
6 126
6 156
6 177
6 211
7 14
7 94
7 125
7 160
7 181
8 10
8 24
8 50
8 85
8 113
8 133
8 137
8 140
8 157
8 190
8 206
9 24
9 29
9 122
9 153
9 154
9 212
9 217
10 15
10 83
10 115
10 132
10 169
11 26
11 47
11 70
12 13
12 27
12 98
12 151
12 187
12 207
13 27
13 32
13 192
13 182
13 185
14 40
14 161
14 188
14 216
15 102
15 133
15 179
15 199
16 127
16 207
17 64
17 117
17 154
17 217
18 19
18 32
18 166
18 179
19 78
19 185
20 93
20 109
20 218
21 33
21 46
21 65
21 82
21 107
21 189
21 203
21 204
21 205
22 30
22 41
22 43
22 44
22 99
22 163
22 199
22 203
23 40
23 55
24 25
24 36
24 39
24 75
24 184
25 43
25 176
25 208
25 213
26 38
26 41
26 48
26 50
26 170
26 180
26 181
26 198
27 32
27 34
27 104
27 197
28 35
28 37
28 50
28 131
28 147
28 199
29 50
29 53
29 204
30 44
30 55
31 66
31 82
31 96
32 46
32 48
32 51
32 125
32 165
33 36
33 37
33 147
34 46
34 51
34 89
34 137
34 150
35 53
35 55
35 66
35 93
35 123
36 52
36 53
36 137
36 156
37 48
37 53
37 198
38 51
38 99
38 160
39 60
39 119
39 155
39 208
40 103
40 166
40 214
41 116
41 134
41 136
41 138
41 167
42 43
42 182
43 55
43 81
43 87
43 117
43 141
43 206
44 84
44 121
44 132
44 196
45 50
45 78
45 150
45 152
45 156
46 55
46 94
46 104
46 145
46 162
47 49
47 50
47 144
47 194
48 98
48 104
48 159
48 164
49 102
49 104
49 117
49 132
50 54
50 69
50 113
50 150
50 165
51 54
51 66
51 208
52 116
53 84
53 103
54 60
54 83
54 110
54 127
54 180
56 86
56 138
56 165
57 79
57 80
57 94
58 63
59 129
59 138
59 163
60 67
60 69
60 90
61 66
61 156
61 171
62 80
62 82
62 86
62 102
62 154
62 156
62 192
62 207
63 64
63 88
63 100
64 69
65 109
65 166
66 87
66 168
66 193
67 74
67 146
68 72
68 129
68 139
68 161
69 85
69 110
69 187
70 71
70 99
70 101
71 109
71 164
71 212
72 157
72 180
73 76
73 83
73 108
73 134
73 208
73 213
74 124
74 148
74 184
74 188
75 91
75 93
75 143
76 113
77 119
77 149
77 200
79 109
79 142
79 155
80 91
80 160
81 84
81 94
82 89
82 132
82 215
83 193
83 219
84 89
84 99
84 101
84 102
84 193
84 183
84 215
85 143
85 199
86 91
86 164
87 110
87 165
87 183
90 99
90 138
90 151
91 117
91 184
92 107
92 132
92 173
94 142
96 118
96 150
96 191
97 104
97 115
97 144
98 133
98 188
99 110
99 118
99 120
99 137
100 107
100 124
100 136
100 189
101 143
101 189
102 120
102 121
103 113
104 112
104 117
104 145
104 187
105 137
105 177
105 210
106 121
106 177
107 114
107 122
107 162
107 179
108 113
108 143
108 157
111 117
111 128
113 127
113 129
113 212
114 159
115 146
115 193
115 217
116 121
116 151
116 157
116 200
117 123
117 127
117 148
117 179
117 191
118 121
118 141
118 218
120 138
121 180
121 213
122 179
122 181
122 199
122 213
123 139
123 143
124 177
125 186
125 201
126 139
127 202
128 137
128 154
129 143
129 161
129 202
130 150
131 155
132 133
132 138
132 212
133 141
134 143
134 181
135 142
135 147
135 156
135 161
136 143
136 147
136 156
136 177
136 190
136 191
137 157
138 144
138 155
138 164
139 152
139 157
139 158
139 194
139 213
140 161
140 205
141 157
143 144
143 152
143 157
144 155
145 154
146 147
146 163
146 190
146 209
147 162
148 158
149 154
149 187
150 209
151 156
151 159
151 185
151 189
151 201
156 171
159 177
159 182
159 196
161 187
162 199
162 216
164 202
165 169
165 200
166 184
166 201
166 210
166 216
167 171
167 173
167 192
167 180
167 184
167 209
167 214
167 218
168 211
168 213
169 184
169 188
169 191
169 203
169 215
170 217
171 197
171 199
171 212
172 198
172 199
172 200
172 216
173 179
173 182
173 187
173 189
173 195
173 205
173 215
174 192
174 180
174 183
174 201
174 202
174 216
174 218
192 199
193 188
193 189
194 198
176 186
176 191
177 200
178 179
178 191
178 206
178 214
180 201
181 191
181 212
182 219
185 189
185 214
187 216
187 217
189 206
195 205
196 206
197 204
197 205
200 205
201 206
203 216
208 219
209 217
213 216
213 218