0 26
0 36
0 41
0 53
0 57
0 76
0 98
0 105
0 110
0 113
0 118
0 125
0 126
0 129
0 133
0 135
1 3
1 4
1 14
1 31
1 34
1 48
1 61
1 79
1 87
1 90
1 91
1 96
1 99
1 110
1 111
1 117
1 128
1 135
1 210
1 1192
2 6
2 9
2 13
2 30
2 31
2 33
2 34
2 48
2 54
2 57
2 84
2 92
2 93
2 95
2 97
2 98
2 126
2 130
2 136
2 138
2 393
3 4
3 5
3 16
3 19
3 22
3 33
3 37
3 52
3 53
3 61
3 68
3 74
3 77
3 80
3 84
3 85
3 87
3 89
3 92
3 98
3 99
3 101
3 105
3 118
3 129
3 131
3 132
3 133
3 140
4 8
4 34
4 37
4 51
4 53
4 58
4 64
4 99
4 102
4 104
4 107
4 109
4 114
4 115
4 124
5 10
5 13
5 15
5 37
5 39
5 49
5 55
5 56
5 69
5 71
5 74
5 78
5 79
5 80
5 85
5 89
5 107
5 109
5 118
5 120
5 139
5 349
5 1283
6 10
6 24
6 29
6 44
6 45
6 59
6 61
6 62
6 65
6 66
6 84
6 88
6 98
6 104
6 114
6 116
6 117
6 139
6 790
7 8
7 32
7 42
7 44
7 45
7 61
7 91
7 104
7 121
7 122
7 123
7 131
7 134
7 137
7 140
7 214
7 524
7 570
8 11
8 13
8 15
8 28
8 29
8 34
8 36
8 43
8 56
8 59
8 62
8 76
8 84
8 86
8 88
8 92
8 95
8 100
8 101
8 109
8 114
8 119
8 124
8 125
8 131
8 136
8 140
8 376
9 24
9 35
9 37
9 41
9 44
9 46
9 51
9 59
9 75
9 79
9 83
9 85
9 87
9 124
9 140
9 339
10 34
10 44
10 49
10 53
10 62
10 74
10 81
10 87
10 98
10 99
10 105
10 113
10 123
10 124
10 133
10 299
11 39
11 52
11 59
11 60
11 63
11 67
11 69
11 70
11 76
11 79
11 96
11 108
11 109
11 111
11 125
11 127
11 179
11 565
12 13
12 19
12 51
12 82
12 89
12 96
12 99
12 107
12 121
12 125
12 130
12 136
12 138
12 222
13 24
13 32
13 61
13 66
13 69
13 78
13 85
13 94
13 108
13 119
13 122
13 128
13 138
13 175
13 205
13 351
14 32
14 38
14 39
14 40
14 42
14 56
14 59
14 67
14 110
14 114
14 116
14 119
14 127
14 129
14 305
15 18
15 33
15 35
15 54
15 57
15 68
15 74
15 81
15 82
15 83
15 86
15 92
15 96
15 99
15 108
15 113
15 121
15 123
15 125
15 126
15 132
15 138
16 20
16 26
16 32
16 49
16 55
16 56
16 61
16 62
16 70
16 80
16 120
16 127
16 135
16 140
16 1182
16 1292
17 27
17 28
17 42
17 49
17 51
17 55
17 75
17 81
17 84
17 93
17 97
17 98
17 100
17 117
17 121
17 131
17 139
17 336
18 21
18 28
18 30
18 42
18 44
18 56
18 65
18 76
18 77
18 85
18 102
18 122
18 125
18 127
18 217
18 563
19 24
19 34
19 44
19 48
19 78
19 87
19 88
19 98
19 102
19 103
19 109
19 123
19 130
19 131
19 138
19 140
19 596
20 30
20 31
20 34
20 37
20 51
20 52
20 80
20 85
20 86
20 94
20 99
20 101
20 109
20 110
20 114
20 122
20 123
20 734
21 33
21 36
21 44
21 45
21 47
21 58
21 61
21 62
21 67
21 71
21 81
21 85
21 86
21 87
21 91
21 96
21 97
21 99
21 103
21 113
21 115
21 135
21 724
22 23
22 26
22 35
22 40
22 49
22 57
22 62
22 81
22 100
22 112
22 125
22 128
22 131
22 274
22 311
22 1063
23 28
23 38
23 41
23 53
23 56
23 57
23 78
23 84
23 87
23 91
23 99
23 118
23 129
23 133
23 138
23 1295
24 38
24 40
24 44
24 45
24 49
24 50
24 74
24 79
24 83
24 86
24 88
24 109
24 123
24 126
24 128
24 131
24 194
24 577
25 32
25 39
25 81
25 86
25 87
25 89
25 91
25 97
25 108
25 121
25 132
25 137
26 38
26 50
26 69
26 70
26 83
26 111
26 117
26 135
26 136
26 591
27 30
27 40
27 42
27 46
27 53
27 62
27 63
27 64
27 69
27 90
27 91
27 98
27 123
27 124
27 133
28 50
28 52
28 54
28 58
28 75
28 81
28 86
28 93
28 95
28 97
28 98
28 101
28 127
28 135
28 394
28 882
29 31
29 32
29 44
29 59
29 64
29 66
29 67
29 70
29 82
29 88
29 93
29 108
29 113
29 120
29 310
29 1103
30 34
30 50
30 72
30 84
30 87
30 91
30 101
30 110
30 115
30 131
30 136
30 140
30 367
30 1280
30 1329
31 37
31 42
31 58
31 66
31 74
31 86
31 100
31 106
31 111
31 124
31 518
31 1180
31 1197
32 39
32 44
32 45
32 53
32 61
32 97
32 103
32 112
32 125
32 128
32 135
32 333
32 1213
33 38
33 41
33 50
33 55
33 62
33 64
33 75
33 80
33 89
33 91
33 93
33 94
33 96
33 102
33 109
33 115
33 151
33 1059
34 38
34 42
34 45
34 46
34 55
34 57
34 63
34 68
34 72
34 73
34 82
34 102
35 49
35 53
35 54
35 69
35 78
35 80
35 82
35 84
35 105
35 115
35 129
36 41
36 52
36 59
36 60
36 97
36 100
36 102
36 109
36 111
36 126
36 130
36 1217
37 41
37 42
37 48
37 60
37 65
37 72
37 86
37 95
37 101
37 111
37 117
37 121
37 124
37 128
37 138
37 1324
38 40
38 42
38 43
38 48
38 52
38 66
38 71
38 73
38 76
38 78
38 85
38 86
38 89
38 93
38 95
38 103
38 105
38 109
38 120
38 124
38 128
39 60
39 67
39 71
39 86
39 95
39 102
39 103
39 109
39 112
39 124
39 125
39 132
39 133
39 1289
40 47
40 57
40 61
40 67
40 96
40 105
40 108
40 109
40 119
40 137
40 273
40 281
40 1238
41 60
41 64
41 68
41 69
41 78
41 82
41 92
41 98
41 137
41 140
41 558
42 51
42 66
42 67
42 68
42 76
42 101
42 103
42 107
42 120
42 136
42 138
42 1062
42 1163
43 47
43 49
43 61
43 73
43 89
43 90
43 92
43 96
43 114
43 120
43 121
43 122
43 123
43 126
43 133
43 137
43 138
43 139
43 1242
44 48
44 56
44 63
44 64
44 67
44 98
44 125
44 129
44 136
44 524
45 60
45 61
45 64
45 65
45 68
45 69
45 70
45 73
45 79
45 86
45 91
45 92
45 102
45 113
45 116
45 127
45 128
45 800
46 55
46 57
46 58
46 65
46 69
46 99
46 109
46 122
46 123
46 130
47 52
47 77
47 83
47 91
47 105
47 117
47 119
47 123
47 743
47 1061
48 50
48 56
48 64
48 75
48 81
48 88
48 89
48 100
48 101
48 102
48 140
48 221
49 59
49 67
49 86
49 96
49 100
49 113
49 121
49 124
49 128
49 135
49 151
49 254
50 55
50 72
50 84
50 87
50 88
50 97
50 99
50 112
50 113
50 135
50 137
50 253
51 53
51 62
51 63
51 64
51 89
51 93
51 97
51 100
51 110
51 131
51 139
51 279
51 1303
52 57
52 61
52 68
52 69
52 71
52 87
52 91
52 92
52 100
52 109
52 111
52 118
52 122
52 134
52 734
53 66
53 68
53 71
53 81
53 93
53 94
53 97
53 99
53 121
53 129
53 135
53 136
53 138
53 1293
54 69
54 96
54 110
54 117
54 119
54 121
54 123
54 126
54 136
54 1312
55 59
55 67
55 71
55 74
55 82
55 128
55 133
55 137
55 140
55 378
55 589
56 64
56 68
56 71
56 81
56 88
56 89
56 92
56 95
56 104
56 107
56 108
56 111
56 126
56 128
56 131
56 134
56 135
56 138
57 71
57 90
57 127
57 129
57 131
57 133
57 135
57 139
58 63
58 66
58 79
58 82
58 98
58 104
58 136
58 138
59 74
59 87
59 105
59 120
59 131
59 139
60 82
60 83
60 85
60 97
60 99
60 109
60 113
60 118
61 68
61 71
61 72
61 83
61 84
61 95
61 109
61 116
61 126
61 136
62 95
62 101
62 117
62 138
62 186
62 264
62 355
62 1292
63 70
63 73
63 76
63 81
63 91
63 93
63 97
63 102
63 103
63 108
63 123
63 124
63 131
63 133
63 136
63 167
63 703
64 67
64 88
64 101
64 104
64 107
64 117
64 128
64 137
65 67
65 82
65 84
65 93
65 100
65 108
65 111
65 116
66 70
66 72
66 75
66 88
66 100
66 117
66 121
66 128
66 138
66 140
67 68
67 69
67 72
67 73
67 75
67 79
67 88
67 93
67 103
67 118
67 126
67 130
68 74
68 88
68 107
68 111
68 126
69 74
69 81
69 84
69 97
69 98
69 101
69 108
69 111
69 115
69 121
69 135
69 360
69 775
69 1204
70 72
70 76
70 77
70 80
70 82
70 84
70 91
70 96
70 107
70 122
70 128
70 132
70 136
71 75
71 89
71 96
71 101
71 102
71 103
71 104
71 110
71 117
71 134
71 534
72 90
72 119
72 129
72 130
72 132
72 136
73 80
73 85
73 94
73 100
73 101
73 110
73 120
73 128
73 135
74 82
74 84
74 88
74 93
74 108
74 116
74 123
74 124
74 126
74 131
74 597
74 1275
75 76
75 84
75 98
75 100
75 111
75 133
75 137
75 138
75 828
76 88
76 97
76 107
76 122
76 139
77 82
77 86
77 88
77 97
77 98
77 102
77 104
77 115
77 120
77 123
77 128
77 135
77 136
77 139
78 81
78 84
78 87
78 93
78 94
78 99
78 103
78 109
78 115
78 121
78 122
78 124
78 133
78 360
78 1114
79 88
79 90
79 92
79 94
79 101
79 122
79 129
79 1233
80 90
80 107
80 118
80 126
80 132
80 141
80 1215
81 82
81 90
81 92
81 105
81 110
81 111
81 132
81 133
81 137
81 273
81 275
81 821
82 84
82 90
82 91
82 97
82 102
82 106
82 117
82 130
82 331
82 870
83 95
83 103
83 125
83 127
83 130
83 134
83 140
84 88
84 95
84 98
84 116
84 120
84 127
84 138
85 90
85 93
85 106
85 108
85 117
85 122
85 125
85 132
85 135
86 87
86 91
86 92
86 97
86 105
86 111
86 121
87 88
87 94
87 115
87 119
87 121
87 133
87 139
87 1315
88 92
88 103
88 108
88 121
88 123
88 126
88 139
88 140
88 378
88 855
88 1116
89 105
89 118
89 124
90 111
90 118
90 121
90 126
90 130
90 137
90 151
90 1250
91 95
91 118
91 126
91 128
91 131
91 139
92 106
92 133
92 136
92 139
93 100
93 108
93 109
93 111
93 113
93 127
93 132
93 138
94 103
94 105
94 106
94 108
94 114
94 136
94 138
94 139
95 97
95 100
95 122
95 134
95 1308
96 106
96 110
96 113
96 120
96 135
96 260
97 103
97 112
97 118
97 124
97 126
97 1251
98 107
98 121
98 131
98 135
98 139
99 103
99 109
99 124
99 135
99 1244
100 102
100 107
100 108
100 111
100 116
100 124
100 126
100 131
100 140
100 319
100 1325
100 1327
101 126
101 130
101 136
101 378
102 107
102 112
102 129
102 139
102 236
103 117
103 130
103 137
103 138
104 116
104 121
104 122
104 133
104 136
104 1179
105 107
105 116
105 122
105 131
105 140
106 133
106 134
106 140
106 200
107 112
107 114
107 127
107 132
107 140
107 267
107 557
107 1170
108 113
108 115
108 127
108 135
108 138
108 984
108 1155
108 1339
109 111
109 113
109 116
109 123
109 127
109 129
109 133
109 134
110 119
110 120
110 130
111 118
112 122
112 131
112 622
113 118
113 128
113 130
113 138
113 334
114 132
114 175
115 118
115 126
115 134
115 138
115 176
115 1200
116 123
116 127
116 819
117 118
117 127
117 128
117 1228
118 130
118 134
118 139
119 133
119 134
119 136
119 265
119 850
120 129
120 306
120 361
121 124
121 125
121 136
122 139
122 140
122 325
122 586
123 136
123 137
124 138
124 1122
125 131
125 136
125 137
125 138
125 139
126 128
126 1098
126 1131
126 1261
127 135
128 129
128 139
128 354
129 133
129 134
129 135
129 137
129 556
129 1292
130 139
130 140
130 1202
130 1229
132 133
132 139
132 140
132 1159
133 139
133 367
133 1215
134 139
134 140
134 1211
135 140
135 611
136 139
139 375
139 1330
141 142
141 144
141 145
141 146
141 378
141 586
141 871
141 1101
141 1143
141 1165
141 1333
141 1336
142 143
142 144
142 145
142 200
142 276
142 365
142 550
143 144
143 145
143 146
143 163
143 263
143 276
143 277
143 284
143 538
143 1085
143 1142
143 1177
143 1226
144 145
144 146
144 322
144 369
144 570
144 606
144 1133
144 1322
144 1339
145 146
145 235
145 283
145 302
145 337
145 376
145 522
145 567
145 1104
145 1130
145 1313
146 162
146 295
146 362
146 742
146 1093
146 1156
146 1251
147 153
147 154
147 155
147 157
147 175
147 177
147 181
147 185
147 186
147 194
147 197
147 201
147 207
147 221
147 224
147 225
147 228
147 236
147 239
147 244
147 245
147 248
147 252
147 255
147 257
147 262
147 263
147 275
147 293
147 431
147 617
147 1235
148 150
148 152
148 155
148 157
148 162
148 169
148 177
148 183
148 189
148 192
148 199
148 200
148 203
148 210
148 216
148 217
148 221
148 230
148 250
148 254
148 260
148 263
148 370
148 1082
148 1213
148 1250
148 1312
149 152
149 156
149 160
149 162
149 164
149 173
149 181
149 184
149 191
149 197
149 202
149 208
149 212
149 216
149 217
149 222
149 227
149 237
149 248
149 252
149 259
149 260
149 263
149 270
149 274
149 1180
150 152
150 163
150 165
150 168
150 175
150 177
150 182
150 183
150 204
150 213
150 215
150 216
150 219
150 238
150 245
150 254
150 256
150 257
150 259
150 262
150 271
150 272
150 275
150 330
150 332
151 159
151 162
151 176
151 177
151 181
151 182
151 186
151 195
151 198
151 201
151 203
151 204
151 206
151 210
151 212
151 215
151 217
151 220
151 222
151 225
151 230
151 241
151 244
151 246
151 248
151 249
151 253
151 258
151 274
152 162
152 167
152 170
152 171
152 173
152 178
152 184
152 191
152 195
152 208
152 210
152 214
152 216
152 218
152 221
152 222
152 224
152 226
152 237
152 241
152 244
152 245
152 250
152 255
152 259
152 267
152 273
152 275
152 1242
153 154
153 157
153 161
153 168
153 170
153 175
153 186
153 188
153 189
153 192
153 195
153 198
153 211
153 212
153 218
153 219
153 223
153 225
153 230
153 235
153 236
153 248
153 249
153 250
153 256
153 257
153 269
153 275
153 1174
154 161
154 166
154 171
154 177
154 192
154 194
154 195
154 196
154 202
154 224
154 229
154 230
154 242
154 245
154 251
154 256
154 259
154 263
154 269
154 272
155 161
155 164
155 165
155 167
155 169
155 176
155 180
155 183
155 189
155 193
155 197
155 199
155 201
155 202
155 203
155 207
155 209
155 215
155 216
155 224
155 227
155 229
155 233
155 235
155 238
155 242
155 247
155 261
155 331
155 1231
155 1294
156 173
156 177
156 183
156 190
156 192
156 196
156 199
156 203
156 206
156 207
156 212
156 213
156 214
156 215
156 225
156 231
156 232
156 237
156 239
156 244
156 246
156 248
156 255
156 269
156 271
156 272
156 275
156 1107
156 1238
157 158
157 161
157 162
157 166
157 170
157 178
157 184
157 190
157 199
157 205
157 216
157 224
157 229
157 232
157 238
157 240
157 243
157 244
157 245
157 249
157 257
157 263
157 264
157 270
157 273
158 160
158 163
158 170
158 171
158 179
158 180
158 182
158 187
158 196
158 203
158 204
158 205
158 208
158 209
158 212
158 213
158 214
158 215
158 222
158 227
158 228
158 230
158 232
158 233
158 241
158 246
158 251
158 257
158 259
158 265
158 270
158 272
159 160
159 161
159 162
159 163
159 168
159 170
159 172
159 176
159 178
159 183
159 185
159 187
159 192
159 201
159 202
159 203
159 204
159 207
159 208
159 211
159 212
159 215
159 223
159 224
159 228
159 229
159 231
159 234
159 236
159 253
159 254
159 255
159 256
159 258
159 260
159 268
159 275
159 309
160 161
160 164
160 166
160 169
160 182
160 195
160 207
160 210
160 214
160 215
160 216
160 217
160 218
160 222
160 230
160 235
160 236
160 237
160 240
160 246
160 248
160 250
160 257
160 265
160 267
160 270
160 1131
161 165
161 167
161 169
161 171
161 177
161 192
161 199
161 204
161 212
161 218
161 220
161 228
161 241
161 245
161 246
161 247
161 255
161 257
161 259
161 264
162 163
162 177
162 190
162 209
162 212
162 214
162 218
162 220
162 222
162 223
162 228
162 229
162 230
162 236
162 238
162 240
162 245
162 248
162 250
162 251
162 254
162 257
162 265
162 266
162 271
162 273
162 274
162 275
162 804
163 166
163 170
163 172
163 174
163 178
163 180
163 192
163 205
163 206
163 212
163 221
163 223
163 226
163 231
163 235
163 240
163 242
163 243
163 258
163 264
163 265
163 275
163 292
163 1160
164 167
164 168
164 176
164 177
164 178
164 179
164 180
164 183
164 187
164 192
164 194
164 195
164 203
164 206
164 210
164 211
164 213
164 214
164 220
164 222
164 224
164 228
164 241
164 245
164 246
164 253
164 255
164 258
164 260
165 171
165 172
165 173
165 176
165 183
165 186
165 199
165 201
165 203
165 212
165 214
165 217
165 223
165 224
165 226
165 228
165 233
165 239
165 241
165 247
165 249
165 254
165 255
165 260
165 271
165 274
165 275
165 1258
166 168
166 187
166 190
166 191
166 193
166 195
166 200
166 213
166 216
166 226
166 227
166 231
166 235
166 236
166 250
166 255
166 266
166 267
166 272
166 1062
167 184
167 188
167 190
167 192
167 193
167 196
167 199
167 202
167 210
167 229
167 233
167 236
167 243
167 247
167 248
167 251
167 253
167 254
167 255
167 261
167 267
167 827
167 1236
168 171
168 175
168 178
168 181
168 182
168 184
168 186
168 187
168 188
168 203
168 210
168 213
168 218
168 226
168 229
168 234
168 235
168 241
168 243
168 255
168 260
168 261
168 269
169 171
169 176
169 183
169 186
169 206
169 207
169 208
169 210
169 214
169 222
169 223
169 225
169 228
169 230
169 233
169 234
169 236
169 240
169 245
169 253
169 260
169 263
169 264
169 275
169 1251
170 174
170 177
170 178
170 180
170 188
170 189
170 198
170 201
170 202
170 207
170 210
170 217
170 221
170 224
170 225
170 227
170 231
170 237
170 240
170 248
170 252
170 255
170 258
170 263
170 269
170 270
170 271
170 275
170 733
170 1251
171 172
171 177
171 179
171 183
171 184
171 186
171 188
171 191
171 195
171 199
171 200
171 205
171 206
171 218
171 230
171 236
171 241
171 244
171 247
171 266
171 270
172 174
172 175
172 192
172 193
172 200
172 202
172 218
172 221
172 232
172 236
172 237
172 270
172 274
172 404
172 1233
173 175
173 182
173 184
173 188
173 190
173 192
173 195
173 198
173 206
173 213
173 217
173 218
173 224
173 232
173 238
173 239
173 246
173 247
173 254
173 260
173 262
173 1323
174 176
174 177
174 180
174 185
174 198
174 199
174 203
174 213
174 214
174 221
174 229
174 233
174 236
174 238
174 241
174 242
174 245
174 252
174 255
174 258
174 260
174 265
174 269
174 273
174 481
174 583
174 603
174 1129
174 1298
175 178
175 179
175 181
175 189
175 193
175 194
175 197
175 203
175 204
175 211
175 215
175 218
175 219
175 229
175 234
175 241
175 243
175 245
175 249
175 250
175 251
175 253
175 254
175 256
175 263
175 264
175 267
175 269
175 360
176 177
176 190
176 196
176 198
176 208
176 212
176 214
176 227
176 230
176 234
176 241
176 243
176 247
176 249
176 250
176 251
176 253
176 257
176 267
176 320
176 531
177 194
177 198
177 201
177 209
177 210
177 213
177 218
177 220
177 222
177 227
177 231
177 233
177 234
177 237
177 244
177 248
177 255
177 264
177 275
177 1291
178 180
178 184
178 189
178 194
178 201
178 202
178 218
178 219
178 220
178 221
178 223
178 226
178 236
178 242
178 243
178 245
178 252
178 254
178 255
178 256
178 259
178 260
178 265
178 266
178 270
178 272
178 274
178 275
178 342
179 181
179 191
179 192
179 198
179 201
179 202
179 211
179 216
179 220
179 226
179 228
179 232
179 236
179 237
179 241
179 243
179 247
179 248
179 253
179 265
179 266
179 268
180 188
180 194
180 201
180 203
180 205
180 209
180 210
180 215
180 233
180 238
180 239
180 241
180 247
180 265
180 266
180 271
180 273
181 188
181 190
181 192
181 197
181 200
181 204
181 208
181 211
181 215
181 222
181 229
181 238
181 246
181 250
181 251
181 253
181 254
181 264
181 267
181 274
181 331
181 1242
182 187
182 194
182 201
182 206
182 215
182 216
182 218
182 221
182 237
182 239
182 244
182 247
182 265
182 275
182 308
183 190
183 198
183 201
183 204
183 207
183 208
183 209
183 214
183 220
183 221
183 222
183 229
183 235
183 236
183 238
183 239
183 241
183 253
183 255
183 259
183 262
183 263
183 264
183 266
183 269
183 1153
184 188
184 190
184 192
184 193
184 194
184 196
184 197
184 202
184 214
184 226
184 232
184 239
184 244
184 247
184 248
184 249
184 252
184 255
184 256
184 257
184 264
184 267
184 268
184 270
184 271
185 189
185 206
185 210
185 215
185 220
185 223
185 226
185 232
185 234
185 235
185 236
185 237
185 238
185 250
185 257
185 260
185 262
185 263
185 270
185 272
185 273
185 584
186 192
186 196
186 200
186 201
186 214
186 217
186 219
186 221
186 226
186 231
186 233
186 241
186 242
186 243
186 249
186 250
186 251
186 252
186 257
186 259
186 261
186 264
186 270
186 596
187 188
187 191
187 193
187 195
187 207
187 211
187 216
187 228
187 229
187 232
187 234
187 241
187 244
187 246
187 248
187 250
187 252
187 254
187 257
187 262
187 272
187 273
187 274
187 1065
188 190
188 194
188 200
188 207
188 210
188 212
188 215
188 221
188 225
188 230
188 231
188 233
188 235
188 236
188 243
188 244
188 245
188 251
188 259
188 260
188 275
189 192
189 200
189 202
189 208
189 212
189 215
189 222
189 225
189 227
189 229
189 230
189 235
189 236
189 240
189 241
189 242
189 243
189 252
189 257
189 260
189 271
189 272
189 273
190 193
190 194
190 203
190 205
190 207
190 209
190 215
190 216
190 220
190 222
190 227
190 229
190 240
190 241
190 246
190 247
190 248
190 251
190 254
190 255
190 269
190 272
190 273
191 194
191 197
191 198
191 202
191 203
191 208
191 215
191 224
191 226
191 227
191 232
191 234
191 237
191 257
191 259
191 261
191 265
192 193
192 195
192 198
192 210
192 213
192 214
192 217
192 219
192 220
192 223
192 231
192 237
192 244
192 246
192 250
192 251
192 262
192 263
192 265
192 269
193 198
193 203
193 209
193 210
193 219
193 222
193 223
193 224
193 227
193 236
193 239
193 251
193 260
193 266
193 267
193 269
193 272
194 196
194 197
194 198
194 201
194 203
194 206
194 219
194 224
194 236
194 239
194 246
194 248
194 257
194 259
194 261
194 266
194 268
194 274
194 1216
195 198
195 199
195 201
195 206
195 209
195 211
195 217
195 220
195 231
195 236
195 237
195 242
195 243
195 259
195 263
195 270
195 271
195 272
195 275
195 1199
196 197
196 198
196 200
196 209
196 211
196 212
196 213
196 215
196 218
196 224
196 225
196 228
196 234
196 236
196 241
196 243
196 247
196 257
196 261
196 262
196 352
197 203
197 207
197 210
197 216
197 217
197 219
197 222
197 226
197 230
197 233
197 234
197 235
197 236
197 243
197 244
197 249
197 250
197 251
197 256
197 260
197 263
197 265
197 266
197 268
197 271
197 273
197 274
197 275
197 1184
197 1315
198 199
198 201
198 202
198 213
198 216
198 218
198 220
198 222
198 227
198 230
198 234
198 244
198 245
198 267
198 268
198 271
198 272
199 201
199 204
199 205
199 206
199 210
199 212
199 213
199 225
199 229
199 236
199 247
199 253
199 258
199 259
199 267
199 269
199 272
199 275
199 838
200 202
200 204
200 205
200 208
200 211
200 215
200 217
200 230
200 231
200 233
200 237
200 255
200 264
200 269
200 272
200 1078
200 1261
201 214
201 215
201 217
201 218
201 225
201 227
201 232
201 235
201 245
201 246
201 250
201 251
201 252
201 255
201 260
201 265
201 269
201 270
201 271
201 275
202 208
202 211
202 222
202 237
202 240
202 241
202 245
202 249
202 253
202 254
202 260
202 271
202 274
202 275
202 383
202 550
202 1314
203 204
203 206
203 212
203 217
203 218
203 221
203 222
203 229
203 239
203 249
203 253
203 254
203 255
203 256
203 263
203 273
204 215
204 216
204 217
204 218
204 219
204 221
204 231
204 235
204 236
204 239
204 243
204 253
204 256
204 261
204 270
204 1168
204 1233
205 207
205 210
205 212
205 214
205 215
205 223
205 229
205 233
205 240
205 250
205 267
205 268
205 269
205 272
205 273
205 274
205 275
205 304
205 310
205 343
206 207
206 210
206 218
206 225
206 228
206 237
206 247
206 248
206 259
206 263
206 275
207 218
207 221
207 231
207 237
207 240
207 249
207 258
207 260
207 268
207 269
207 274
207 1258
208 212
208 215
208 221
208 235
208 241
208 249
208 252
208 260
208 537
208 1217
209 213
209 218
209 221
209 226
209 228
209 234
209 235
209 241
209 252
209 254
209 257
209 259
209 269
209 589
209 1274
210 221
210 226
210 229
210 232
210 234
210 236
210 242
210 249
210 253
210 258
210 262
210 267
210 270
210 272
210 273
210 594
211 212
211 213
211 215
211 221
211 223
211 226
211 228
211 229
211 231
211 237
211 238
211 247
211 253
211 266
211 268
211 270
211 271
211 275
212 221
212 222
212 228
212 229
212 231
212 232
212 236
212 240
212 241
212 242
212 243
212 246
212 252
212 256
212 261
212 264
212 266
212 268
212 269
212 270
212 330
213 216
213 217
213 221
213 229
213 234
213 235
213 238
213 240
213 246
213 251
213 258
213 265
213 266
213 267
213 269
213 270
213 271
213 272
213 330
214 218
214 221
214 227
214 237
214 243
214 246
214 256
214 259
214 275
215 221
215 222
215 233
215 234
215 238
215 244
215 246
215 249
215 252
215 258
215 260
216 223
216 225
216 229
216 232
216 233
216 236
216 237
216 238
216 240
216 241
216 249
216 272
216 274
216 740
216 1206
217 232
217 236
217 238
217 239
217 244
217 252
217 254
217 262
217 268
217 1216
217 1322
218 224
218 228
218 229
218 231
218 232
218 233
218 234
218 239
218 247
218 250
218 255
218 266
218 268
218 270
218 272
218 273
219 221
219 223
219 224
219 225
219 226
219 229
219 230
219 232
219 235
219 236
219 243
219 251
219 255
219 259
219 260
219 265
219 268
219 275
219 1200
220 234
220 238
220 239
220 248
220 255
220 267
220 268
221 222
221 226
221 228
221 232
221 234
221 241
221 260
221 271
221 359
221 1151
222 226
222 235
222 236
222 237
222 255
222 256
222 267
222 268
222 269
222 270
223 224
223 226
223 229
223 235
223 237
223 244
223 248
223 252
223 253
223 257
223 260
223 271
223 275
223 750
224 234
224 248
224 251
224 253
224 256
224 258
224 260
224 261
224 262
224 265
224 272
224 1311
225 230
225 234
225 236
225 237
225 241
225 244
225 255
225 258
225 259
225 263
225 270
225 271
225 1225
226 232
226 245
226 249
226 260
226 265
226 267
226 373
227 232
227 235
227 239
227 242
227 244
227 245
227 249
227 259
227 260
227 261
227 266
227 267
227 270
227 784
227 1206
228 234
228 250
228 255
228 258
228 264
228 265
228 270
228 347
228 1167
229 231
229 234
229 235
229 241
229 245
229 255
229 263
229 271
229 272
229 273
229 515
229 1284
229 1300
230 242
230 243
230 249
230 253
230 263
230 265
230 272
230 273
230 274
230 275
231 237
231 243
231 246
231 251
231 254
231 255
231 263
231 268
231 318
232 236
232 242
232 244
232 245
232 249
232 253
232 259
232 263
232 264
232 267
232 275
232 296
233 235
233 239
233 241
233 244
233 246
233 250
233 251
233 256
233 269
233 336
234 235
234 237
234 238
234 242
234 246
234 251
234 257
234 259
234 262
234 263
234 269
234 283
234 587
235 242
235 249
235 254
235 272
235 273
235 274
235 1066
235 1161
235 1194
235 1312
236 239
236 245
236 246
236 247
236 253
236 272
236 526
237 240
237 243
237 254
237 261
237 263
237 264
237 265
237 268
237 269
237 270
237 271
237 1263
237 1282
238 243
238 244
238 247
238 251
238 258
238 260
238 266
238 275
238 827
239 241
239 247
239 254
239 258
239 267
239 268
239 273
240 241
240 257
240 262
240 263
240 264
240 265
240 266
240 268
241 243
241 244
241 249
241 259
241 261
241 271
241 275
241 625
241 728
241 1113
242 246
242 259
242 262
242 266
242 267
242 270
242 272
243 252
243 254
243 258
243 265
243 269
243 300
244 247
244 251
244 255
244 256
244 262
244 265
244 268
244 272
244 275
245 267
245 268
245 269
245 270
245 272
245 273
245 274
245 492
246 248
246 259
246 267
246 273
247 252
247 257
247 268
247 275
248 256
248 261
248 262
248 270
248 569
248 609
248 1117
249 259
249 270
249 272
249 1185
250 255
250 256
250 259
250 272
250 273
251 256
251 262
251 266
251 267
251 268
251 273
251 327
251 1099
252 260
252 263
252 265
253 255
253 257
253 260
253 265
253 273
254 258
254 262
254 263
254 267
254 274
255 268
255 273
256 257
256 258
256 274
257 259
257 260
257 266
257 275
257 280
257 357
258 261
258 264
258 265
258 272
258 275
258 1118
259 264
259 270
259 274
259 710
259 1044
259 1323
260 271
260 273
261 270
261 273
261 592
262 266
262 270
262 274
262 315
263 264
263 269
263 270
263 271
263 274
263 298
264 265
264 268
265 267
265 269
265 275
266 275
267 274
268 270
268 271
268 273
268 1247
269 329
270 275
271 272
271 531
274 546
275 322
275 362
276 277
276 278
276 280
276 282
276 284
276 286
276 289
276 290
276 292
276 293
276 295
276 296
276 297
276 299
276 353
277 278
277 279
277 280
277 281
277 282
277 284
277 290
277 292
277 293
277 294
277 295
277 296
277 298
277 299
277 314
277 377
277 569
277 798
277 1289
277 1297
277 1314
278 279
278 281
278 284
278 286
278 287
278 289
278 292
278 293
278 294
278 295
278 296
278 299
278 471
278 537
278 700
278 1155
278 1227
278 1262
279 280
279 282
279 283
279 285
279 288
279 289
279 290
279 292
279 296
279 297
279 1325
280 281
280 282
280 284
280 286
280 289
280 290
280 292
280 295
280 487
280 547
280 810
280 1277
281 282
281 283
281 284
281 286
281 288
281 290
281 291
281 292
281 293
281 294
281 295
281 298
281 331
281 1150
281 1275
282 287
282 289
282 292
282 294
282 295
282 296
282 297
282 298
282 299
282 307
282 1116
282 1173
282 1182
283 284
283 287
283 288
283 290
283 291
283 293
283 294
283 308
283 309
283 350
283 354
283 1164
283 1280
284 285
284 286
284 290
284 291
284 294
284 296
284 298
284 299
284 315
284 1161
284 1305
285 286
285 287
285 289
285 294
285 295
285 297
285 298
285 306
285 320
285 350
285 353
285 1063
285 1126
286 287
286 288
286 290
286 291
286 293
286 296
286 298
286 346
286 1153
286 1180
286 1239
286 1306
287 288
287 290
287 291
287 292
287 297
287 298
287 299
287 307
287 319
287 339
287 1157
288 289
288 290
288 293
288 295
288 297
288 298
288 299
288 372
288 536
288 591
288 1096
289 291
289 292
289 294
289 299
289 309
289 558
289 1244
290 292
290 295
290 297
290 299
290 535
290 1138
290 1271
291 292
291 296
291 857
291 951
291 1149
291 1168
291 1241
291 1242
292 295
292 296
292 297
292 299
292 310
292 605
292 611
292 659
293 294
293 297
293 298
293 528
293 602
293 1335
294 295
294 296
294 297
294 298
294 440
295 296
295 297
295 298
295 299
295 1099
295 1256
295 1328
296 298
296 299
296 1094
296 1139
296 1146
296 1148
297 810
297 1147
297 1338
298 351
298 1193
299 1150
299 1331
300 301
300 302
300 305
300 306
300 308
300 309
300 312
300 313
300 314
300 315
300 316
300 317
300 323
300 325
300 326
300 328
300 329
300 330
300 331
300 335
300 336
300 339
300 342
300 345
300 348
300 349
300 351
300 354
300 356
300 357
300 359
300 360
300 361
300 362
300 363
300 365
300 367
300 368
300 369
300 373
300 375
300 376
300 377
300 378
300 556
300 782
300 961
301 304
301 307
301 308
301 310
301 311
301 314
301 317
301 318
301 320
301 321
301 322
301 323
301 325
301 326
301 327
301 328
301 329
301 330
301 333
301 334
301 336
301 338
301 340
301 346
301 347
301 349
301 351
301 352
301 355
301 356
301 357
301 360
301 363
301 364
301 366
301 374
301 375
301 378
301 571
301 595
302 304
302 306
302 307
302 310
302 312
302 314
302 315
302 316
302 317
302 318
302 319
302 321
302 322
302 323
302 327
302 332
302 333
302 336
302 337
302 338
302 340
302 341
302 343
302 344
302 345
302 348
302 349
302 350
302 351
302 352
302 353
302 354
302 355
302 359
302 360
302 361
302 362
302 364
302 365
302 366
302 370
302 371
302 373
302 374
302 376
302 378
302 475
302 528
302 1158
302 1249
302 1302
303 306
303 308
303 309
303 310
303 314
303 315
303 316
303 318
303 319
303 321
303 322
303 323
303 324
303 325
303 326
303 327
303 328
303 329
303 332
303 333
303 336
303 338
303 339
303 341
303 344
303 345
303 347
303 348
303 349
303 351
303 353
303 355
303 357
303 358
303 360
303 363
303 365
303 366
303 368
303 369
303 373
303 374
303 378
303 524
303 614
304 306
304 309
304 310
304 311
304 312
304 313
304 314
304 315
304 316
304 317
304 318
304 319
304 320
304 323
304 326
304 328
304 329
304 331
304 332
304 333
304 336
304 337
304 339
304 340
304 341
304 342
304 343
304 345
304 349
304 352
304 353
304 355
304 357
304 358
304 359
304 361
304 362
304 364
304 365
304 366
304 367
304 369
304 372
304 375
304 376
304 729
305 309
305 310
305 311
305 313
305 314
305 316
305 317
305 318
305 320
305 321
305 322
305 323
305 326
305 327
305 328
305 329
305 331
305 332
305 334
305 335
305 337
305 340
305 341
305 342
305 344
305 345
305 346
305 348
305 349
305 350
305 351
305 353
305 357
305 359
305 360
305 361
305 363
305 364
305 366
305 367
305 368
305 369
305 370
305 371
305 372
305 374
305 376
305 377
305 378
306 310
306 314
306 315
306 317
306 319
306 322
306 324
306 325
306 327
306 329
306 331
306 333
306 334
306 335
306 336
306 339
306 340
306 343
306 346
306 347
306 350
306 351
306 352
306 357
306 358
306 360
306 362
306 365
306 366
306 369
306 370
306 371
306 372
306 377
306 378
306 1139
307 308
307 311
307 312
307 313
307 315
307 317
307 318
307 319
307 321
307 322
307 327
307 328
307 329
307 332
307 333
307 335
307 336
307 338
307 339
307 341
307 343
307 347
307 348
307 349
307 350
307 353
307 354
307 355
307 356
307 359
307 360
307 361
307 363
307 364
307 368
307 371
307 372
307 373
307 374
307 375
307 377
307 1204
308 309
308 310
308 311
308 312
308 313
308 314
308 315
308 316
308 317
308 319
308 321
308 323
308 324
308 325
308 326
308 327
308 328
308 330
308 334
308 337
308 338
308 340
308 341
308 344
308 346
308 347
308 348
308 350
308 356
308 357
308 359
308 360
308 361
308 362
308 363
308 366
308 367
308 369
308 372
308 373
308 376
308 377
309 310
309 311
309 313
309 314
309 317
309 319
309 320
309 321
309 322
309 323
309 324
309 326
309 327
309 328
309 330
309 333
309 334
309 335
309 336
309 339
309 340
309 341
309 343
309 345
309 346
309 347
309 348
309 351
309 352
309 353
309 354
309 357
309 358
309 359
309 368
309 369
309 370
309 371
309 372
309 373
309 374
309 375
309 1292
310 311
310 312
310 314
310 316
310 319
310 321
310 322
310 323
310 327
310 328
310 329
310 331
310 335
310 336
310 337
310 338
310 342
310 350
310 351
310 353
310 354
310 355
310 356
310 357
310 359
310 360
310 361
310 364
310 365
310 367
310 370
310 371
310 372
310 374
310 376
310 377
311 312
311 313
311 314
311 315
311 316
311 317
311 320
311 322
311 324
311 325
311 326
311 327
311 328
311 329
311 330
311 331
311 332
311 333
311 335
311 336
311 337
311 338
311 341
311 343
311 344
311 345
311 347
311 348
311 349
311 350
311 352
311 354
311 355
311 356
311 357
311 358
311 359
311 360
311 361
311 362
311 363
311 365
311 368
311 369
311 371
311 372
311 373
311 375
311 377
311 378
312 313
312 317
312 320
312 321
312 325
312 326
312 328
312 330
312 332
312 333
312 335
312 338
312 339
312 340
312 342
312 343
312 344
312 345
312 348
312 349
312 352
312 356
312 357
312 358
312 361
312 362
312 363
312 364
312 367
312 368
312 371
312 372
312 373
312 374
312 375
312 376
312 378
312 1142
313 314
313 315
313 316
313 318
313 320
313 322
313 323
313 325
313 327
313 328
313 329
313 330
313 331
313 332
313 333
313 334
313 335
313 337
313 338
313 339
313 343
313 344
313 345
313 347
313 348
313 349
313 352
313 353
313 354
313 356
313 358
313 359
313 360
313 361
313 364
313 365
313 366
313 367
313 369
313 371
313 373
313 377
314 315
314 316
314 322
314 324
314 326
314 327
314 328
314 329
314 331
314 332
314 333
314 335
314 337
314 338
314 339
314 340
314 343
314 345
314 346
314 348
314 349
314 352
314 353
314 354
314 355
314 358
314 361
314 362
314 363
314 366
314 367
314 368
314 369
314 370
314 371
314 373
314 375
314 376
314 378
315 316
315 319
315 320
315 321
315 322
315 324
315 327
315 328
315 334
315 335
315 336
315 337
315 339
315 342
315 347
315 349
315 352
315 353
315 356
315 357
315 358
315 359
315 360
315 362
315 363
315 365
315 367
315 369
315 370
315 371
315 372
315 373
315 376
315 377
315 378
316 317
316 318
316 319
316 321
316 323
316 325
316 327
316 329
316 330
316 331
316 333
316 334
316 335
316 336
316 337
316 338
316 341
316 343
316 344
316 345
316 346
316 348
316 349
316 351
316 354
316 355
316 357
316 358
316 359
316 361
316 364
316 365
316 366
316 368
316 370
316 371
316 373
316 375
316 376
316 377
317 318
317 322
317 323
317 324
317 325
317 326
317 327
317 329
317 330
317 332
317 333
317 334
317 335
317 336
317 339
317 340
317 341
317 343
317 344
317 345
317 346
317 347
317 348
317 349
317 350
317 352
317 354
317 355
317 356
317 358
317 359
317 360
317 362
317 363
317 364
317 365
317 366
317 367
317 368
317 370
317 371
317 372
317 373
317 374
317 375
317 376
317 378
318 319
318 320
318 321
318 322
318 323
318 325
318 326
318 327
318 328
318 330
318 331
318 332
318 336
318 337
318 339
318 340
318 343
318 344
318 347
318 351
318 352
318 357
318 358
318 359
318 360
318 361
318 364
318 365
318 366
318 368
318 370
318 371
318 372
318 373
318 376
319 320
319 321
319 323
319 324
319 325
319 326
319 327
319 329
319 330
319 332
319 333
319 335
319 336
319 338
319 342
319 343
319 344
319 346
319 349
319 352
319 355
319 357
319 358
319 359
319 360
319 364
319 366
319 367
319 370
319 376
319 378
319 624
319 849
319 1243
319 1273
320 321
320 322
320 324
320 325
320 327
320 329
320 330
320 332
320 333
320 334
320 335
320 336
320 338
320 339
320 340
320 341
320 344
320 345
320 347
320 348
320 349
320 350
320 352
320 353
320 354
320 355
320 356
320 361
320 362
320 364
320 365
320 366
320 367
320 368
320 369
320 370
320 372
320 373
320 375
320 376
320 378
321 322
321 323
321 328
321 329
321 330
321 332
321 333
321 334
321 335
321 337
321 338
321 339
321 341
321 345
321 346
321 347
321 350
321 351
321 355
321 358
321 359
321 360
321 364
321 365
321 366
321 368
321 369
321 375
321 376
321 377
321 855
322 323
322 326
322 327
322 328
322 329
322 330
322 333
322 334
322 335
322 338
322 340
322 341
322 342
322 345
322 346
322 347
322 349
322 350
322 351
322 353
322 354
322 355
322 358
322 361
322 362
322 364
322 365
322 367
322 369
322 377
322 1142
323 324
323 327
323 328
323 330
323 331
323 332
323 333
323 334
323 335
323 336
323 338
323 341
323 342
323 343
323 345
323 346
323 347
323 349
323 353
323 354
323 357
323 358
323 360
323 361
323 362
323 366
323 368
323 369
323 370
323 371
323 372
323 375
323 376
323 377
323 585
324 325
324 326
324 328
324 331
324 333
324 335
324 336
324 339
324 340
324 343
324 345
324 348
324 351
324 353
324 354
324 356
324 357
324 358
324 359
324 361
324 362
324 365
324 366
324 370
324 371
324 373
324 374
324 376
324 377
324 378
324 1225
325 326
325 327
325 329
325 331
325 332
325 335
325 337
325 339
325 340
325 344
325 345
325 349
325 354
325 357
325 359
325 360
325 361
325 363
325 364
325 365
325 366
325 367
325 368
325 369
325 370
325 373
325 374
325 375
325 376
325 378
325 592
325 1163
325 1272
326 330
326 331
326 332
326 333
326 335
326 336
326 338
326 339
326 341
326 344
326 346
326 347
326 348
326 349
326 351
326 352
326 353
326 356
326 357
326 360
326 361
326 363
326 364
326 367
326 368
326 373
326 374
326 375
326 377
327 328
327 329
327 330
327 331
327 332
327 333
327 334
327 336
327 339
327 340
327 341
327 343
327 344
327 345
327 346
327 349
327 350
327 351
327 352
327 355
327 358
327 359
327 360
327 362
327 364
327 365
327 366
327 368
327 370
327 372
327 376
327 377
327 623
328 329
328 330
328 331
328 332
328 333
328 335
328 340
328 341
328 343
328 344
328 345
328 349
328 352
328 353
328 354
328 356
328 357
328 358
328 359
328 362
328 365
328 366
328 368
328 373
328 374
328 375
328 377
328 532
328 1297
329 330
329 331
329 333
329 341
329 342
329 343
329 344
329 345
329 346
329 347
329 348
329 349
329 351
329 354
329 356
329 357
329 358
329 359
329 360
329 361
329 362
329 364
329 365
329 366
329 367
329 370
329 373
329 374
329 375
329 376
329 377
329 523
329 1216
330 331
330 334
330 335
330 336
330 337
330 338
330 339
330 340
330 341
330 342
330 343
330 345
330 346
330 349
330 351
330 352
330 355
330 356
330 358
330 360
330 361
330 363
330 364
330 366
330 367
330 368
330 369
330 371
330 372
330 373
330 375
330 376
330 377
330 378
331 333
331 334
331 336
331 337
331 338
331 342
331 344
331 346
331 347
331 348
331 349
331 350
331 351
331 352
331 353
331 354
331 355
331 356
331 358
331 360
331 361
331 362
331 364
331 370
331 374
331 376
331 531
331 549
331 626
332 333
332 335
332 336
332 337
332 338
332 339
332 340
332 341
332 342
332 344
332 346
332 347
332 348
332 350
332 351
332 352
332 353
332 354
332 355
332 356
332 357
332 359
332 360
332 361
332 363
332 366
332 367
332 368
332 370
332 373
332 376
332 377
333 334
333 335
333 336
333 337
333 338
333 339
333 340
333 342
333 343
333 344
333 346
333 347
333 349
333 350
333 352
333 353
333 357
333 358
333 360
333 363
333 364
333 365
333 366
333 367
333 370
333 373
333 376
333 378
334 335
334 336
334 337
334 338
334 339
334 341
334 343
334 344
334 345
334 348
334 349
334 351
334 352
334 353
334 354
334 355
334 356
334 357
334 359
334 360
334 362
334 363
334 364
334 365
334 366
334 369
334 370
334 371
334 374
334 375
334 376
334 377
334 1170
334 1216
335 336
335 338
335 339
335 342
335 344
335 345
335 346
335 348
335 351
335 352
335 353
335 354
335 355
335 356
335 358
335 360
335 362
335 366
335 367
335 370
335 373
335 374
335 375
335 377
335 378
335 1057
336 338
336 343
336 344
336 346
336 348
336 349
336 350
336 353
336 354
336 357
336 358
336 359
336 360
336 362
336 365
336 366
336 367
336 371
336 375
336 376
336 377
336 378
337 338
337 339
337 340
337 341
337 342
337 344
337 348
337 349
337 351
337 353
337 355
337 356
337 357
337 359
337 360
337 363
337 366
337 367
337 368
337 369
337 372
337 375
337 1234
338 339
338 342
338 343
338 345
338 346
338 347
338 348
338 351
338 352
338 353
338 354
338 358
338 359
338 361
338 362
338 363
338 364
338 365
338 370
338 371
338 372
338 373
338 375
338 376
338 377
338 378
338 1115
339 340
339 341
339 343
339 344
339 346
339 347
339 348
339 350
339 351
339 352
339 353
339 354
339 355
339 358
339 359
339 360
339 362
339 364
339 365
339 366
339 367
339 369
339 371
339 372
339 373
339 374
339 376
339 377
339 378
340 341
340 343
340 344
340 345
340 348
340 349
340 350
340 352
340 353
340 354
340 356
340 359
340 360
340 363
340 366
340 368
340 369
340 371
340 372
340 376
340 377
340 378
340 1295
341 342
341 343
341 344
341 345
341 346
341 347
341 349
341 350
341 351
341 352
341 353
341 355
341 356
341 359
341 361
341 364
341 366
341 367
341 368
341 370
341 372
341 373
341 374
341 376
341 377
341 378
341 570
342 343
342 344
342 346
342 348
342 349
342 350
342 351
342 352
342 353
342 354
342 355
342 357
342 358
342 359
342 364
342 365
342 367
342 369
342 370
342 371
342 373
342 374
342 375
342 376
342 377
342 378
343 344
343 345
343 347
343 350
343 351
343 352
343 353
343 354
343 355
343 357
343 358
343 359
343 360
343 361
343 363
343 365
343 366
343 367
343 368
343 369
343 370
343 371
343 372
343 374
343 375
343 376
343 377
343 378
343 1215
343 1310
344 345
344 349
344 351
344 352
344 353
344 354
344 355
344 357
344 358
344 359
344 362
344 363
344 364
344 365
344 367
344 369
344 373
344 374
344 376
344 377
344 551
344 695
344 1327
345 346
345 347
345 350
345 351
345 352
345 354
345 355
345 356
345 358
345 361
345 363
345 364
345 365
345 366
345 367
345 368
345 369
345 370
345 371
345 373
345 375
345 376
345 1298
346 347
346 349
346 350
346 353
346 354
346 355
346 356
346 358
346 359
346 362
346 364
346 368
346 369
346 371
346 372
346 373
346 374
346 378
346 1118
346 1263
347 349
347 352
347 353
347 354
347 356
347 357
347 359
347 360
347 361
347 363
347 364
347 365
347 366
347 367
347 368
347 371
347 376
347 377
347 378
348 349
348 350
348 351
348 352
348 353
348 354
348 355
348 356
348 358
348 359
348 360
348 363
348 364
348 365
348 366
348 367
348 368
348 370
348 372
348 374
348 375
348 377
348 870
348 1262
349 350
349 351
349 352
349 358
349 360
349 361
349 364
349 365
349 366
349 368
349 369
349 370
349 374
349 375
349 376
349 378
349 580
349 1315
350 353
350 354
350 355
350 356
350 357
350 358
350 361
350 362
350 363
350 366
350 368
350 369
350 370
350 371
350 372
350 375
350 378
350 1088
351 355
351 358
351 359
351 362
351 365
351 366
351 367
351 368
351 370
351 371
351 374
351 375
351 376
351 378
351 543
351 1142
351 1234
352 355
352 361
352 362
352 363
352 366
352 367
352 368
352 371
352 373
352 374
352 578
353 354
353 355
353 356
353 358
353 359
353 362
353 363
353 365
353 366
353 367
353 368
353 371
353 373
353 376
353 377
353 378
353 765
353 1257
354 355
354 357
354 362
354 363
354 365
354 366
354 368
354 369
354 370
354 372
354 375
354 377
354 1057
354 1203
354 1211
354 1222
355 357
355 358
355 359
355 360
355 361
355 363
355 364
355 367
355 368
355 369
355 370
355 372
355 373
355 374
355 376
355 1245
355 1323
356 357
356 358
356 362
356 363
356 364
356 365
356 366
356 367
356 370
356 372
356 375
356 376
356 377
356 378
356 405
357 358
357 359
357 360
357 361
357 363
357 367
357 372
357 374
357 1249
358 359
358 361
358 362
358 364
358 365
358 366
358 367
358 368
358 369
358 370
358 372
358 377
358 378
358 599
359 360
359 362
359 366
359 367
359 368
359 369
359 372
359 373
359 374
359 375
359 376
359 425
360 362
360 364
360 365
360 366
360 367
360 368
360 373
360 374
360 376
360 377
360 763
361 362
361 363
361 364
361 368
361 369
361 370
361 375
361 376
361 377
362 364
362 366
362 368
362 371
362 376
362 1074
363 365
363 366
363 367
363 368
363 370
363 371
363 372
363 374
363 375
363 376
363 377
363 548
363 785
364 365
364 366
364 367
364 368
364 371
364 373
364 374
364 375
364 376
364 377
364 378
364 717
364 1155
365 366
365 367
365 369
365 372
365 375
365 1229
366 367
366 368
366 369
366 370
366 371
366 372
366 373
366 374
366 377
366 1147
367 368
367 369
367 371
367 372
367 373
367 374
367 376
367 377
367 378
367 573
367 1143
367 1168
368 369
368 370
368 374
368 378
368 1169
368 1240
369 371
369 372
369 373
369 374
369 375
369 376
369 377
369 378
370 371
370 372
370 374
370 377
370 700
371 374
371 376
371 377
371 378
371 546
372 374
372 376
373 374
373 375
373 376
373 378
373 1140
373 1239
374 376
374 1253
375 376
375 377
375 378
375 553
375 1206
376 377
377 378
377 573
379 418
379 1300
380 405
380 434
380 468
380 1009
380 1232
381 385
381 388
381 415
381 419
381 428
381 443
381 447
381 458
381 1260
382 392
382 396
382 409
382 419
382 422
382 425
382 448
382 452
382 453
382 468
382 710
382 1250
383 392
383 412
383 425
383 456
383 533
383 600
383 1098
383 1177
384 415
384 418
384 423
384 430
384 435
384 1301
384 1309
385 396
385 406
385 407
385 408
386 444
386 446
386 451
386 481
386 494
386 623
386 712
387 391
387 392
387 407
387 435
387 445
387 477
388 390
388 405
388 427
388 457
388 476
388 477
388 481
388 486
389 397
389 405
389 409
389 441
389 476
390 427
390 464
390 476
390 490
390 519
390 777
391 415
391 416
391 452
391 847
392 402
392 408
392 415
392 431
392 436
392 437
392 475
392 488
392 615
393 409
393 416
393 457
393 473
393 475
394 396
394 405
394 412
394 427
394 428
394 442
394 468
394 488
395 417
395 438
395 446
395 454
395 486
395 493
396 408
396 419
396 429
396 437
396 469
396 1072
397 423
397 444
397 455
397 481
398 420
398 423
399 400
399 436
399 454
399 556
399 741
399 1233
400 1274
401 459
401 768
402 448
402 458
402 494
402 1304
403 414
403 416
403 422
403 469
403 472
403 483
404 419
404 426
404 486
404 489
405 411
405 449
405 451
405 493
406 425
406 428
406 447
406 488
406 1222
406 1242
407 433
407 446
407 454
407 461
407 462
407 480
407 481
407 486
407 1147
407 1268
408 431
408 462
408 468
409 413
409 446
409 447
409 480
409 782
410 418
410 420
410 428
410 443
410 485
411 441
411 442
411 453
412 423
412 425
412 442
412 468
412 478
413 447
413 452
413 453
413 484
413 485
413 1298
414 419
414 447
415 417
415 624
416 450
416 456
417 467
417 1317
418 438
418 467
418 471
418 482
418 1191
419 443
419 445
419 447
420 422
420 445
420 446
420 465
420 471
420 482
420 490
421 440
421 454
422 471
422 489
423 449
423 481
423 488
424 493
425 435
425 478
425 613
426 430
426 471
426 479
426 553
427 434
427 479
428 494
428 1328
429 437
429 446
429 471
429 488
429 530
429 1152
430 463
430 465
430 469
430 474
430 488
430 696
430 1294
431 452
431 517
431 1317
432 441
432 852
433 441
433 450
433 455
433 473
433 490
433 1114
433 1282
433 1302
434 448
434 457
434 488
435 445
435 446
435 456
436 447
436 1318
437 446
437 470
437 485
438 483
438 1283
439 464
440 471
440 1301
441 459
441 472
441 1148
441 1335
442 613
443 446
443 461
443 465
443 485
443 850
443 1305
444 450
444 464
444 465
444 481
444 617
445 464
445 488
446 453
446 468
446 1262
447 494
447 626
447 1215
447 1323
448 469
448 471
448 486
449 472
450 454
450 480
450 482
450 483
450 486
451 476
451 1186
452 471
453 477
454 492
454 783
455 478
455 482
455 489
455 783
456 464
456 1275
457 467
458 476
458 536
459 478
460 735
461 803
462 482
462 1250
463 480
463 712
465 478
465 494
465 1227
466 487
466 826
467 481
467 493
468 488
468 1120
469 555
469 1196
470 491
471 476
473 474
473 478
473 1317
474 478
474 479
474 485
475 492
475 1251
477 530
478 1320
479 494
480 484
480 1327
481 483
481 1100
482 780
483 1060
485 488
485 1312
486 490
486 1273
486 1297
487 1218
491 607
491 1245
492 782
512 514
512 519
512 699
512 1060
512 1321
513 495
513 497
513 501
514 509
514 538
495 496
495 499
495 501
495 573
495 591
495 1252
496 506
496 509
496 707
496 1126
496 1153
496 1147
496 1206
496 1329
497 502
497 526
497 566
497 701
498 504
498 507
498 509
498 510
498 579
498 599
498 870
498 1199
498 1264
499 500
499 501
499 502
499 504
499 507
499 590
499 1209
499 1212
500 509
500 620
500 1140
500 1301
501 1147
501 1233
502 510
502 511
502 566
502 1310
503 507
503 585
503 1235
503 1263
504 505
504 563
504 588
504 1206
504 1233
504 1253
504 1281
504 1286
506 583
506 1139
507 508
507 517
507 619
508 511
508 1146
508 1307
509 548
509 598
509 782
510 1201
510 1267
511 581
511 1154
515 537
515 570
515 573
515 575
515 589
515 594
515 596
515 601
515 612
515 622
516 521
516 534
516 544
516 546
516 547
516 548
516 561
516 571
516 583
516 595
516 601
516 617
516 619
516 1057
517 585
517 597
517 606
517 609
518 525
518 539
518 542
518 548
518 552
518 559
518 578
518 598
518 608
518 621
518 1279
519 525
519 532
519 549
519 555
519 560
519 586
519 597
519 605
520 535
520 576
520 593
520 1182
521 530
521 531
521 535
521 592
521 595
521 622
521 626
521 1286
522 528
522 556
522 576
522 585
522 594
523 525
523 539
523 555
523 562
523 573
523 574
523 586
523 590
523 592
523 593
523 609
523 613
523 622
524 540
524 546
524 564
524 565
524 582
524 615
524 621
525 563
525 566
525 572
525 585
525 586
525 622
525 625
525 1088
525 1187
526 533
526 545
526 562
526 570
526 571
526 590
526 598
526 604
526 607
526 613
527 543
527 548
527 551
527 559
527 561
527 573
527 610
527 625
528 535
528 546
528 566
528 581
528 588
528 604
528 610
528 1322
529 538
529 555
529 556
529 560
529 592
529 602
529 615
529 616
530 540
530 541
530 542
530 545
530 562
530 570
530 583
530 588
530 592
530 596
530 600
531 541
531 575
531 577
531 598
531 601
531 622
532 544
532 558
532 571
532 586
532 590
532 593
532 597
532 605
532 620
533 545
533 553
533 555
533 563
533 564
533 572
533 590
533 601
533 1107
534 545
534 548
534 559
534 576
534 586
534 1210
535 536
535 537
535 573
535 575
535 595
535 599
535 619
535 620
536 537
536 556
536 597
536 603
536 614
536 621
537 547
537 557
537 566
537 586
537 589
537 609
537 612
537 615
537 722
537 1278
537 1300
538 546
538 558
538 564
538 576
538 587
538 593
538 600
538 616
538 621
538 622
538 1161
539 558
539 577
539 594
539 612
539 619
540 541
540 557
540 580
540 598
540 609
540 1234
540 1294
541 562
541 583
541 587
541 609
541 614
541 616
541 722
541 859
542 563
542 566
542 571
542 572
542 575
542 585
542 602
542 603
542 604
542 605
542 609
542 612
542 620
542 625
542 1322
543 555
543 584
543 597
543 611
543 613
543 624
543 1206
544 547
544 548
544 558
544 564
544 570
544 580
544 594
544 602
544 605
544 607
544 609
544 615
544 620
544 624
545 576
545 591
545 596
545 608
545 616
545 619
546 554
546 556
546 565
546 567
546 573
546 593
546 599
546 606
546 615
547 560
547 561
547 564
547 570
547 596
548 556
548 601
548 611
548 614
548 621
548 624
549 550
549 558
549 562
549 579
549 585
549 770
550 558
550 561
550 569
550 575
550 577
550 621
551 565
551 566
551 567
551 582
551 600
552 555
552 560
552 566
552 577
552 586
552 596
553 575
553 586
553 588
553 612
553 622
553 625
553 1257
554 569
554 579
554 600
554 609
554 621
554 622
554 1207
555 591
555 611
555 620
555 866
556 575
556 584
556 593
556 594
556 607
556 612
557 568
557 570
557 576
557 598
557 607
557 618
557 696
558 571
558 584
558 596
558 604
558 613
558 1334
559 576
559 577
559 578
559 582
559 586
559 590
559 594
559 616
560 565
560 586
560 592
560 594
560 606
560 608
560 615
560 619
561 584
561 591
561 600
561 610
561 611
561 619
562 571
562 577
562 595
562 618
563 594
563 596
563 599
563 613
563 616
563 1308
564 569
564 571
564 579
564 581
564 590
564 611
564 615
564 624
564 1173
565 567
565 581
566 568
566 569
566 572
566 586
566 590
566 600
566 604
566 623
567 570
567 601
567 603
567 613
567 618
568 598
568 606
568 609
568 617
568 618
569 594
569 610
569 618
569 625
569 1310
570 571
570 574
570 577
570 614
571 613
571 619
571 622
571 626
572 577
572 590
572 608
572 626
573 574
573 583
573 586
573 598
573 601
574 586
574 589
574 590
574 622
575 597
575 620
576 596
576 605
576 606
576 608
576 609
577 589
577 591
577 595
577 597
577 599
577 608
577 613
577 617
577 626
578 601
578 603
578 609
579 588
579 590
579 600
580 585
580 593
580 596
580 1074
580 1264
581 595
581 596
581 601
581 612
581 622
581 1281
582 590
582 591
582 609
582 611
582 613
582 626
582 1310
583 589
583 596
583 601
583 1217
584 588
584 589
584 602
584 1058
585 613
585 1224
586 599
586 621
586 1312
587 598
587 608
587 610
587 613
587 623
587 1264
588 619
588 1256
589 605
589 608
589 614
589 615
589 619
589 626
589 834
589 1280
590 596
590 601
590 605
590 611
590 619
590 623
591 604
591 1274
592 596
592 605
592 610
592 621
592 1143
595 601
595 610
595 622
595 1073
596 598
596 602
596 610
596 621
596 626
597 605
597 620
597 625
597 1225
598 599
598 600
598 614
598 617
598 626
598 1135
599 601
599 607
599 612
600 606
601 1213
601 1248
601 1265
602 608
602 613
602 617
604 611
604 613
604 617
604 625
604 701
604 1282
605 1086
605 1240
606 623
606 696
606 799
608 617
608 624
609 613
610 621
611 613
611 624
612 623
612 739
613 625
613 778
613 1285
614 625
614 1248
617 618
618 1232
618 1323
621 624
622 625
622 1118
622 1327
623 1226
624 626
624 1199
626 1320
640 641
640 644
640 647
640 650
640 651
640 655
640 691
640 634
641 644
641 651
641 658
641 672
641 673
641 674
641 682
641 687
641 689
641 635
641 1142
642 646
642 648
642 652
642 655
642 668
642 676
642 678
642 694
642 633
643 647
643 686
643 688
643 694
643 627
643 1312
644 650
644 651
644 655
644 659
644 669
644 670
644 638
645 648
645 659
645 670
645 680
645 683
645 685
645 690
645 691
645 633
645 635
645 740
645 1163
646 651
646 653
646 665
646 668
646 687
646 692
646 701
646 1160
647 690
647 628
647 631
647 847
647 1169
647 1294
648 652
648 658
648 682
648 686
648 688
648 639
648 808
648 1089
648 1253
648 1272
648 1292
649 657
649 664
649 687
649 689
649 637
649 638
650 651
650 662
650 670
650 672
650 635
650 1245
651 674
651 676
651 629
651 1299
652 659
652 682
652 684
652 685
652 692
652 635
652 637
652 1170
653 675
653 690
653 692
653 628
653 636
653 736
654 661
654 627
654 630
654 635
655 660
655 666
655 675
655 676
655 693
655 628
655 634
655 639
655 776
655 1223
656 660
656 674
656 677
656 628
657 658
657 669
657 670
657 674
657 675
657 1171
658 662
658 669
658 671
658 673
658 683
658 633
658 1155
659 673
659 692
659 636
659 1122
659 1288
660 672
660 673
660 677
660 679
660 685
660 687
660 690
660 693
660 634
660 639
660 1151
661 662
661 664
661 668
661 669
661 673
661 674
661 683
661 687
661 691
661 630
661 633
662 664
662 667
662 681
662 691
662 1292
663 692
663 627
663 629
663 1220
663 1223
663 1265
664 668
664 676
664 679
664 686
664 687
664 694
664 635
665 670
665 671
665 672
665 683
665 629
665 639
666 667
666 669
666 671
666 634
666 1189
667 670
667 689
667 633
667 1212
667 1317
668 687
668 639
669 672
669 633
669 1302
670 672
670 676
670 680
670 681
670 688
670 636
671 674
671 684
671 689
671 691
671 627
671 628
671 637
671 638
671 1230
672 628
672 1289
673 675
673 677
673 680
673 683
673 630
674 677
674 694
675 683
675 638
675 1080
676 677
676 679
676 686
676 688
676 690
676 630
676 807
677 678
677 686
677 688
677 1206
678 694
678 627
678 731
679 688
679 638
680 687
680 635
680 639
681 685
681 692
681 631
681 1166
681 1171
682 628
682 638
683 685
683 686
683 687
683 627
683 1065
684 689
684 692
684 633
684 1212
685 635
686 627
686 632
686 636
686 1074
686 1192
686 1325
688 691
688 693
688 628
688 632
689 638
690 628
692 693
692 638
693 694
693 627
694 638
694 1203
694 1271
627 628
627 634
628 636
629 631
630 633
631 1145
631 1199
631 1235
632 637
632 754
632 1187
633 1060
633 1289
634 636
634 1295
635 1051
635 1070
636 732
636 1328
638 1144
638 1233
695 703
695 729
695 744
695 749
695 751
695 757
695 786
695 789
695 790
695 797
695 810
695 819
695 833
695 838
696 738
696 741
696 773
696 779
696 829
696 848
696 855
697 751
697 805
697 807
697 832
697 839
697 842
697 867
698 718
698 752
698 779
698 801
698 812
698 826
698 851
698 862
698 870
699 700
699 708
699 709
699 719
699 727
699 762
699 764
699 779
699 790
699 798
699 813
699 825
699 853
699 856
700 705
700 744
700 758
700 779
700 804
700 827
700 840
700 842
700 855
700 870
700 873
701 716
701 724
701 740
701 754
701 794
701 795
701 798
701 825
701 829
701 836
701 865
701 867
701 869
702 746
702 778
702 809
702 854
702 858
703 705
703 708
703 711
703 722
703 744
703 751
703 763
703 779
703 792
703 801
703 806
703 826
703 834
703 854
703 868
703 872
704 715
704 724
704 778
704 806
704 818
704 823
704 825
704 826
704 847
705 760
705 784
705 796
705 812
705 848
705 862
705 868
706 772
706 808
706 838
706 840
706 846
706 869
706 1216
707 708
707 719
707 732
707 761
707 784
707 785
707 855
707 858
708 715
708 719
708 720
708 725
708 749
708 767
708 770
708 796
708 807
708 813
708 823
709 712
709 731
709 747
709 752
709 821
709 851
709 860
709 867
710 718
710 738
710 743
710 749
710 755
710 791
710 795
710 815
710 843
710 874
711 749
711 751
711 759
711 768
711 821
711 836
711 1288
712 717
712 750
712 763
712 773
712 792
712 796
712 815
712 854
712 863
713 715
713 736
713 745
713 787
713 808
713 817
713 840
714 760
714 798
714 802
714 827
714 837
714 840
714 842
714 844
714 863
715 733
715 748
715 760
715 761
715 814
715 861
715 1328
716 744
716 755
716 758
716 799
716 822
716 835
716 846
716 856
716 859
716 871
716 1177
717 740
717 767
717 795
717 806
717 837
718 731
718 764
718 770
718 775
718 792
718 818
718 822
718 861
719 731
719 747
719 757
719 780
719 781
719 814
719 843
719 856
720 750
720 753
720 798
720 810
720 813
720 861
720 1189
721 723
721 740
721 752
721 768
721 778
721 783
721 800
721 804
721 826
721 827
721 848
721 851
721 859
721 871
722 723
722 751
722 781
722 795
722 823
722 831
722 833
722 862
722 870
723 728
723 735
723 741
723 753
723 778
723 805
723 828
723 834
723 838
723 844
723 857
723 859
723 1094
724 725
724 726
724 729
724 737
724 747
724 751
724 753
724 798
724 815
724 822
724 824
724 835
725 738
725 771
725 785
725 815
725 821
725 841
725 850
725 859
725 868
726 744
726 746
726 754
726 771
726 821
726 825
726 829
726 834
726 840
726 858
726 1318
727 736
727 778
727 795
727 797
727 803
727 807
728 729
728 746
728 749
728 763
728 791
728 793
728 794
728 802
728 846
728 854
729 755
729 829
729 851
729 859
729 872
729 1189
730 733
730 735
730 742
730 761
730 772
730 783
730 817
730 856
731 741
731 742
731 751
731 754
731 770
731 779
731 783
731 827
731 831
731 862
731 865
731 873
731 1036
732 749
732 789
732 796
732 804
732 806
732 816
732 817
732 846
733 737
733 746
733 799
733 805
733 847
734 785
734 789
734 797
734 823
734 839
734 843
734 847
735 740
735 763
735 814
735 1166
736 759
736 760
736 789
736 796
736 808
736 815
736 843
736 870
737 740
737 741
737 772
737 773
737 807
737 810
737 823
737 866
738 744
738 761
738 808
738 816
738 833
738 839
738 845
738 873
738 874
739 745
739 746
739 779
739 786
739 799
739 822
739 832
739 851
739 867
740 741
740 761
740 810
740 820
740 856
741 770
741 790
741 795
741 839
741 851
742 751
742 775
742 781
742 813
742 816
742 838
742 849
742 870
742 872
743 745
743 754
743 768
743 825
743 826
743 833
743 834
743 837
743 841
743 845
743 1078
744 749
744 801
744 808
744 811
744 861
745 746
745 754
745 755
745 767
745 770
745 784
745 792
745 807
745 815
745 840
745 866
745 871
746 748
746 752
746 787
746 788
746 815
746 820
746 821
746 832
747 765
747 780
747 810
747 845
747 861
748 755
748 778
748 797
748 807
748 814
748 830
748 842
748 843
748 849
748 857
748 1211
749 776
749 785
749 786
749 817
749 820
749 829
749 831
749 841
749 842
750 770
750 777
750 796
750 814
750 819
750 850
750 854
750 856
750 870
751 770
751 789
751 799
751 851
751 859
751 869
751 871
752 762
752 765
752 771
752 779
752 781
752 788
752 807
752 813
752 860
752 866
753 755
753 772
753 819
753 827
753 845
753 861
754 761
754 794
754 799
754 801
754 804
754 843
754 844
754 861
754 868
754 870
755 790
755 793
755 809
755 827
755 846
755 850
755 854
755 872
755 1072
756 764
756 783
756 789
757 783
757 797
757 806
757 824
758 766
758 816
758 823
758 827
758 834
758 835
758 845
758 863
758 865
758 873
759 765
759 770
759 808
759 816
759 846
759 849
759 862
759 865
759 868
760 770
760 815
760 819
760 821
760 822
760 825
760 843
760 848
760 855
760 858
760 1193
761 768
761 775
761 778
761 797
761 799
761 805
761 810
761 838
761 852
761 856
761 857
762 792
762 833
762 860
762 867
763 791
763 814
763 831
763 855
764 776
764 779
764 810
764 818
764 838
764 840
764 843
765 769
765 812
765 831
765 841
765 860
766 791
766 820
766 848
767 771
767 826
767 858
768 783
768 799
768 800
768 818
768 837
768 844
768 859
768 869
769 771
769 791
769 837
769 841
769 844
769 845
769 858
769 863
770 771
770 779
770 787
770 833
770 839
770 852
770 859
770 872
771 791
771 793
771 828
771 844
771 861
771 867
772 781
772 813
772 820
772 825
772 829
772 866
772 870
772 1286
773 776
773 777
773 782
773 783
773 788
773 823
773 826
773 859
773 861
773 874
773 1218
774 775
774 789
774 794
774 836
774 872
775 786
775 827
775 829
775 870
775 874
776 811
776 812
776 816
776 856
776 857
777 778
777 791
777 812
777 822
777 823
777 841
777 844
777 871
778 805
778 822
778 831
778 861
778 1213
779 821
779 849
780 786
780 788
780 794
780 814
780 844
780 861
780 872
781 782
781 810
781 844
781 863
781 868
782 783
782 824
782 836
782 862
782 873
783 786
783 789
783 797
783 807
783 831
783 838
783 1315
784 791
784 799
784 801
784 811
784 816
784 841
784 852
784 854
785 801
785 836
785 854
785 1275
786 803
786 815
786 837
786 842
786 846
786 847
786 861
786 864
786 874
787 800
787 823
787 830
787 834
787 848
787 852
787 1305
787 1323
788 793
788 807
788 813
788 820
788 843
789 844
789 852
789 871
790 806
790 807
790 810
790 849
790 871
790 874
790 1141
791 1146
792 839
792 858
793 807
793 823
793 865
794 815
794 818
794 822
794 830
794 831
794 840
794 859
795 823
795 827
795 847
795 858
795 872
796 841
796 864
796 868
796 872
796 1191
797 809
797 820
797 859
797 865
797 867
798 825
798 849
798 850
798 860
798 1095
798 1231
799 804
799 807
799 858
799 870
800 808
800 811
800 831
800 861
800 865
800 873
801 806
801 835
801 853
801 873
802 805
802 815
802 846
802 869
803 817
803 825
803 831
803 847
804 818
804 822
804 826
804 843
804 848
804 857
804 873
804 1321
805 814
805 849
805 871
805 872
806 826
806 830
806 851
806 1189
807 813
807 831
807 840
807 863
807 864
808 814
808 838
808 839
808 843
809 868
810 828
810 841
810 1111
811 818
811 845
811 859
811 864
811 868
811 871
812 814
813 848
813 863
813 871
814 815
814 819
814 831
814 842
814 858
814 868
814 1174
814 1176
815 835
815 841
815 860
816 822
816 834
816 838
816 852
817 820
817 822
817 825
817 850
817 856
817 860
817 874
818 843
818 869
819 858
820 827
820 837
821 822
821 833
821 834
821 843
821 847
821 852
821 1200
821 1286
822 829
822 838
822 855
822 872
822 874
822 1243
823 826
823 832
823 843
823 853
823 868
824 832
824 845
824 1221
825 827
825 838
825 855
825 856
825 1304
826 834
826 838
826 851
826 856
826 1186
827 852
827 858
827 859
827 1168
828 849
828 855
828 861
828 871
828 872
829 860
830 854
830 868
830 1187
831 837
832 845
832 850
833 834
833 839
833 849
834 851
834 868
835 844
835 845
835 856
835 861
836 842
836 845
836 862
836 870
837 847
837 853
837 859
838 846
839 845
839 858
839 865
839 872
839 874
839 1163
840 871
840 1312
841 866
842 844
842 845
842 872
843 864
844 863
845 852
845 867
845 870
846 853
846 855
848 861
848 867
848 1301
849 861
849 1197
850 852
850 863
851 1164
853 862
853 871
853 1315
854 856
854 1074
855 865
856 871
857 866
857 872
857 873
858 861
858 864
859 860
860 870
861 871
863 864
863 867
863 871
864 873
866 874
867 1097
868 1153
872 873
872 1295
873 899
873 1285
1024 1032
1024 1035
1024 1040
1024 875
1024 893
1024 958
1024 971
1025 1027
1025 1045
1025 993
1025 1008
1026 1049
1026 923
1026 958
1026 975
1026 985
1026 991
1026 1012
1026 1163
1027 1040
1027 893
1027 922
1027 936
1027 945
1027 984
1027 1178
1028 880
1028 956
1028 1003
1028 1297
1029 1042
1029 927
1029 1004
1029 1022
1030 1031
1030 881
1030 891
1030 909
1030 945
1030 946
1030 964
1030 965
1030 994
1030 1010
1031 1032
1031 1053
1031 878
1031 887
1031 905
1031 947
1031 1004
1031 1022
1032 1041
1032 1050
1032 881
1032 934
1032 973
1032 1003
1033 1039
1033 957
1033 1311
1034 1039
1034 1051
1034 877
1034 951
1034 966
1034 983
1034 1010
1034 1216
1035 1040
1035 890
1035 936
1035 957
1035 971
1035 974
1035 997
1035 1019
1036 884
1036 902
1036 985
1036 994
1036 1004
1037 929
1037 992
1037 995
1037 1004
1038 906
1038 931
1038 953
1038 1003
1038 1004
1039 1053
1039 887
1039 923
1039 999
1040 1041
1040 893
1040 926
1040 943
1040 950
1040 957
1040 960
1040 980
1040 1205
1041 880
1041 893
1041 908
1041 947
1042 1044
1042 875
1042 920
1042 969
1042 980
1042 1317
1043 1044
1043 877
1043 909
1043 944
1043 959
1043 961
1043 968
1043 975
1043 996
1043 1015
1044 907
1044 959
1045 949
1045 960
1045 980
1046 897
1046 938
1046 939
1046 952
1046 957
1046 985
1047 881
1047 911
1047 936
1047 956
1047 975
1047 1000
1047 1162
1047 1320
1048 875
1048 920
1048 926
1048 950
1048 961
1049 905
1049 907
1049 908
1049 917
1049 937
1049 952
1050 883
1050 938
1050 988
1051 1052
1051 908
1051 917
1051 924
1051 960
1052 1056
1052 882
1052 897
1052 909
1052 955
1052 1007
1053 964
1053 992
1053 1261
1054 878
1054 906
1054 913
1054 930
1054 1010
1055 908
1055 953
1055 988
1055 998
1055 1322
1056 955
875 896
875 909
875 914
875 932
875 1014
875 1022
876 898
876 926
876 930
876 970
877 903
877 981
877 1020
878 894
878 1006
879 917
879 954
879 980
879 981
879 986
879 1004
879 1010
879 1013
880 900
880 921
880 941
880 949
880 1189
881 908
881 975
881 1012
881 1326
882 904
882 1005
882 1021
882 1221
883 962
883 984
884 996
884 1005
884 1010
885 916
885 922
885 951
885 960
885 967
885 993
885 1002
886 889
886 907
886 939
886 942
886 950
886 952
886 966
886 973
886 979
886 997
886 1016
886 1244
887 925
887 987
887 997
887 1201
888 902
888 935
888 944
888 945
888 946
888 967
888 999
889 892
889 970
889 1013
889 1018
890 906
890 969
890 1001
891 928
891 945
891 955
891 1019
891 1274
892 920
892 965
892 1002
892 1006
892 1008
892 1311
893 897
893 942
893 970
893 998
893 1151
894 941
894 956
894 977
894 992
895 910
895 921
895 927
895 934
895 973
895 996
895 1158
896 924
896 966
896 994
896 1015
896 1019
896 1295
898 922
898 980
899 974
899 1103
900 979
900 985
901 918
901 946
901 987
901 993
901 1019
902 917
902 920
902 948
902 954
902 996
902 1014
903 946
904 933
904 1130
905 918
905 919
905 923
905 931
905 958
905 969
905 1001
906 928
906 1018
907 936
907 950
907 982
908 930
908 941
908 987
908 1010
908 1013
908 1019
909 1017
910 911
910 913
910 934
910 1160
911 960
911 989
911 1008
911 1010
911 1016
911 1255
912 974
912 991
912 1002
913 914
913 965
913 977
913 993
913 1010
913 1320
914 922
914 927
914 968
914 973
914 977
914 990
914 991
914 1196
915 971
915 978
915 1000
915 1020
916 920
916 933
916 955
916 966
916 990
917 961
917 977
917 981
917 982
918 939
918 951
918 998
918 1010
919 938
919 958
919 971
919 978
919 1010
919 1085
920 951
920 966
920 1002
921 930
921 970
921 977
921 998
921 1012
922 924
922 974
922 978
922 986
922 1001
922 1141
922 1164
922 1266
923 928
923 951
923 969
923 988
923 991
923 1008
924 944
924 947
924 956
924 979
924 1007
925 934
925 954
925 960
925 964
925 969
925 971
925 974
925 980
925 1005
926 996
926 1013
926 1021
926 1022
927 936
927 974
927 982
927 983
927 984
927 1007
928 935
928 950
928 959
928 963
928 991
928 1006
928 1019
929 931
929 940
929 959
929 963
930 1008
930 1113
930 1308
931 941
931 954
931 999
931 1157
932 963
932 1008
933 937
933 946
935 936
935 956
935 1116
935 1184
936 939
936 976
936 991
936 999
937 983
937 994
937 1016
938 940
938 955
938 980
938 997
938 1000
938 1003
938 1014
939 996
939 1003
939 1268
939 1301
940 954
940 984
940 995
940 1001
941 964
941 967
941 980
941 1162
942 966
942 987
942 1005
942 1022
943 954
943 971
943 990
943 1006
944 950
944 1005
945 978
946 952
946 1010
947 948
947 970
947 972
947 983
947 984
947 991
947 1200
948 955
948 956
948 975
948 1007
948 1010
948 1012
948 1013
949 954
949 991
949 994
949 1005
949 1022
950 989
951 984
951 1010
951 1021
951 1218
952 967
952 983
952 985
952 987
952 1282
954 978
954 1005
954 1006
954 1021
955 1007
955 1013
956 964
956 1016
957 962
957 972
957 979
957 1021
958 972
958 1002
959 965
959 984
959 1019
960 1012
961 963
961 967
962 982
962 990
963 989
963 1000
963 1197
964 997
964 1017
965 973
965 995
965 1015
965 1274
966 982
966 986
966 1005
966 1204
966 1259
967 974
967 1163
968 1012
969 996
969 999
969 1021
970 1016
971 979
971 984
971 1022
974 1010
975 1004
976 1069
977 1007
977 1012
978 987
978 1012
979 985
979 1000
979 1198
981 1009
981 1175
982 1007
984 1020
986 1259
987 990
987 991
987 1002
987 1015
987 1017
988 1014
988 1019
989 1000
989 1185
989 1232
990 994
990 1005
991 1111
993 1018
995 1310
996 1007
996 1014
997 1007
997 1018
997 1021
998 1006
998 1300
1001 1016
1002 1018
1003 1019
1003 1022
1005 1293
1006 1015
1007 1008
1010 1021
1011 1020
1013 1022
1015 1158
1016 1186
1017 1019
1020 1021
1023 1111
1057 1062
1057 1063
1057 1064
1057 1066
1057 1074
1057 1088
1057 1090
1057 1096
1057 1099
1057 1102
1057 1104
1057 1120
1057 1121
1057 1126
1058 1068
1058 1073
1058 1076
1058 1077
1058 1084
1058 1088
1058 1090
1058 1094
1058 1102
1058 1115
1058 1131
1059 1064
1059 1069
1059 1074
1059 1080
1059 1082
1059 1095
1059 1105
1059 1109
1059 1111
1059 1115
1059 1116
1059 1117
1059 1122
1059 1123
1059 1124
1059 1126
1059 1148
1059 1203
1060 1061
1060 1072
1060 1074
1060 1079
1060 1081
1060 1104
1060 1105
1060 1113
1060 1117
1060 1121
1060 1124
1061 1065
1061 1072
1061 1076
1061 1082
1061 1086
1061 1087
1061 1088
1061 1104
1061 1106
1061 1107
1061 1110
1061 1111
1061 1112
1061 1114
1061 1122
1061 1126
1061 1128
1061 1129
1062 1069
1062 1071
1062 1072
1062 1076
1062 1086
1062 1087
1062 1090
1062 1092
1062 1095
1062 1096
1062 1097
1062 1101
1062 1104
1062 1107
1062 1109
1062 1111
1062 1119
1062 1121
1062 1123
1062 1130
1062 1131
1062 1171
1062 1189
1063 1070
1063 1085
1063 1102
1063 1104
1063 1108
1063 1113
1063 1114
1063 1116
1063 1121
1063 1127
1063 1181
1064 1073
1064 1077
1064 1084
1064 1089
1064 1093
1064 1094
1064 1095
1064 1100
1064 1105
1064 1106
1064 1107
1064 1111
1064 1114
1064 1115
1064 1121
1064 1122
1064 1125
1064 1126
1065 1066
1065 1077
1065 1080
1065 1082
1065 1086
1065 1089
1065 1091
1065 1104
1065 1107
1065 1112
1065 1117
1065 1122
1065 1126
1065 1129
1065 1131
1065 1232
1066 1069
1066 1075
1066 1081
1066 1082
1066 1090
1066 1091
1066 1093
1066 1095
1066 1098
1066 1099
1066 1107
1066 1108
1066 1109
1066 1115
1066 1116
1066 1123
1066 1127
1066 1131
1067 1068
1067 1072
1067 1078
1067 1079
1067 1080
1067 1085
1067 1087
1067 1090
1067 1091
1067 1096
1067 1097
1067 1100
1067 1104
1067 1105
1067 1106
1067 1109
1067 1124
1067 1127
1067 1130
1068 1072
1068 1074
1068 1076
1068 1078
1068 1081
1068 1082
1068 1089
1068 1090
1068 1097
1068 1098
1068 1102
1068 1110
1068 1119
1068 1123
1068 1131
1069 1076
1069 1081
1069 1090
1069 1093
1069 1098
1069 1100
1069 1103
1069 1105
1069 1106
1069 1110
1069 1123
1069 1126
1070 1085
1070 1090
1070 1093
1070 1096
1070 1097
1070 1102
1070 1105
1070 1117
1070 1120
1070 1123
1070 1124
1070 1128
1070 1172
1071 1081
1071 1094
1071 1095
1071 1100
1071 1102
1071 1105
1071 1114
1071 1120
1071 1124
1071 1130
1071 1131
1071 1303
1072 1073
1072 1074
1072 1078
1072 1079
1072 1085
1072 1086
1072 1089
1072 1090
1072 1092
1072 1122
1072 1123
1072 1124
1072 1129
1072 1271
1073 1074
1073 1075
1073 1078
1073 1079
1073 1105
1073 1108
1073 1109
1073 1120
1073 1123
1073 1125
1073 1131
1073 1162
1074 1079
1074 1080
1074 1095
1074 1097
1074 1100
1074 1104
1074 1106
1074 1113
1074 1114
1074 1115
1074 1117
1074 1121
1074 1129
1074 1269
1074 1325
1075 1077
1075 1088
1075 1089
1075 1104
1075 1110
1075 1118
1075 1275
1076 1077
1076 1080
1076 1082
1076 1085
1076 1093
1076 1107
1076 1109
1076 1111
1076 1113
1076 1117
1076 1122
1076 1131
1076 1183
1077 1086
1077 1093
1077 1095
1077 1110
1077 1111
1077 1115
1077 1116
1077 1119
1077 1121
1077 1123
1077 1125
1078 1080
1078 1082
1078 1086
1078 1089
1078 1090
1078 1092
1078 1094
1078 1095
1078 1096
1078 1097
1078 1098
1078 1111
1078 1112
1078 1113
1078 1116
1078 1118
1078 1121
1078 1124
1078 1127
1078 1128
1078 1131
1079 1080
1079 1084
1079 1091
1079 1100
1079 1111
1079 1116
1079 1117
1079 1118
1079 1128
1079 1129
1079 1205
1080 1087
1080 1093
1080 1095
1080 1099
1080 1102
1080 1105
1080 1106
1080 1116
1080 1126
1080 1204
1080 1301
1081 1088
1081 1096
1081 1097
1081 1098
1081 1102
1081 1104
1081 1109
1081 1113
1081 1114
1081 1128
1081 1131
1082 1087
1082 1088
1082 1091
1082 1094
1082 1096
1082 1102
1082 1104
1082 1108
1082 1116
1082 1121
1082 1122
1082 1125
1082 1126
1082 1127
1082 1129
1082 1179
1082 1211
1083 1085
1083 1100
1083 1105
1083 1115
1083 1119
1083 1127
1083 1129
1084 1087
1084 1089
1084 1099
1084 1100
1084 1101
1084 1104
1084 1108
1084 1116
1084 1120
1084 1129
1084 1190
1084 1204
1085 1091
1085 1102
1085 1107
1085 1109
1085 1111
1085 1113
1085 1116
1085 1117
1085 1122
1086 1091
1086 1092
1086 1093
1086 1094
1086 1097
1086 1099
1086 1100
1086 1101
1086 1116
1086 1117
1086 1122
1086 1125
1086 1127
1086 1131
1086 1172
1086 1330
1087 1091
1087 1104
1087 1105
1087 1107
1087 1110
1087 1118
1087 1123
1088 1095
1088 1097
1088 1098
1088 1105
1088 1108
1088 1119
1088 1120
1088 1121
1088 1125
1088 1126
1088 1130
1088 1199
1089 1095
1089 1097
1089 1099
1089 1100
1089 1105
1089 1106
1089 1109
1089 1111
1089 1112
1089 1119
1089 1129
1089 1131
1090 1091
1090 1097
1090 1102
1090 1105
1090 1107
1090 1108
1090 1109
1090 1113
1090 1118
1090 1120
1090 1123
1090 1125
1090 1223
1091 1093
1091 1094
1091 1098
1091 1099
1091 1117
1091 1119
1091 1120
1091 1121
1091 1123
1091 1126
1091 1127
1091 1128
1091 1309
1092 1093
1092 1095
1092 1104
1092 1105
1092 1107
1092 1111
1092 1125
1092 1129
1092 1241
1093 1104
1093 1110
1093 1112
1093 1116
1093 1117
1093 1119
1093 1126
1093 1130
1094 1098
1094 1099
1094 1108
1094 1114
1094 1119
1094 1120
1094 1125
1094 1126
1094 1127
1094 1313
1095 1100
1095 1112
1095 1115
1095 1117
1095 1121
1095 1123
1095 1125
1096 1098
1096 1100
1096 1105
1096 1109
1096 1113
1096 1121
1096 1123
1096 1284
1097 1099
1097 1101
1097 1107
1097 1109
1097 1123
1097 1126
1097 1128
1098 1100
1098 1118
1098 1119
1098 1123
1098 1124
1098 1130
1099 1100
1099 1104
1099 1110
1099 1115
1099 1121
1099 1125
1099 1177
1100 1103
1100 1108
1100 1109
1100 1126
1100 1128
1100 1203
1101 1104
1101 1108
1101 1109
1101 1111
1101 1115
1101 1116
1101 1120
1101 1121
1101 1124
1101 1125
1101 1130
1101 1211
1101 1219
1102 1103
1102 1104
1102 1113
1102 1114
1102 1121
1102 1125
1103 1104
1103 1111
1103 1126
1103 1129
1103 1130
1103 1279
1104 1105
1104 1110
1104 1116
1104 1119
1104 1125
1104 1131
1104 1166
1105 1106
1105 1115
1105 1118
1105 1120
1105 1123
1105 1126
1105 1130
1105 1147
1106 1107
1106 1111
1106 1112
1106 1115
1106 1118
1106 1119
1106 1124
1106 1125
1107 1115
1107 1116
1107 1126
1107 1129
1107 1182
1108 1109
1108 1115
1108 1177
1109 1115
1109 1116
1109 1121
1109 1124
1109 1126
1109 1131
1110 1121
1110 1122
1110 1123
1110 1126
1110 1130
1111 1112
1111 1120
1111 1125
1111 1129
1111 1194
1111 1252
1112 1114
1112 1122
1112 1123
1113 1118
1113 1123
1113 1124
1113 1130
1114 1118
1114 1119
1114 1120
1114 1123
1114 1127
1114 1131
1115 1118
1115 1120
1115 1124
1115 1312
1116 1117
1116 1125
1116 1129
1117 1120
1117 1121
1117 1124
1117 1127
1117 1128
1117 1131
1118 1119
1118 1120
1118 1123
1118 1126
1118 1127
1118 1128
1118 1129
1118 1130
1118 1131
1119 1122
1119 1126
1119 1127
1119 1218
1120 1123
1120 1126
1120 1129
1120 1174
1121 1124
1121 1126
1121 1128
1121 1131
1122 1126
1122 1129
1122 1170
1123 1127
1123 1131
1124 1128
1124 1247
1125 1130
1126 1130
1127 1131
1128 1129
1128 1131
1128 1206
1128 1292
1129 1130
1129 1245
1129 1254
1131 1145
1132 1133
1132 1134
1132 1135
1132 1136
1132 1137
1132 1152
1132 1292
1132 1311
1132 1322
1133 1134
1133 1135
1133 1136
1133 1137
1133 1152
1133 1142
1133 1238
1133 1250
1133 1302
1134 1137
1134 1151
1134 1181
1134 1225
1134 1272
1134 1292
1135 1136
1135 1137
1135 1152
1135 1142
1135 1171
1135 1214
1136 1137
1136 1156
1136 1317
1137 1152
1137 1200
1152 1157
1152 1144
1152 1145
1152 1146
1152 1150
1152 1151
1153 1155
1153 1138
1153 1144
1153 1147
1154 1138
1154 1141
1154 1147
1154 1149
1154 1150
1154 1195
1154 1285
1155 1138
1155 1139
1155 1144
1156 1139
1156 1147
1156 1149
1157 1151
1157 1271
1138 1139
1138 1142
1138 1144
1138 1146
1138 1286
1139 1140
1139 1143
1139 1148
1139 1201
1139 1247
1140 1147
1140 1148
1140 1149
1140 1150
1140 1151
1141 1149
1141 1177
1142 1145
1142 1236
1143 1145
1143 1148
1143 1281
1144 1333
1145 1146
1145 1148
1145 1150
1145 1151
1145 1160
1145 1242
1145 1294
1147 1149
1147 1150
1158 1159
1158 1215
1158 1226
1158 1233
1158 1245
1158 1248
1158 1281
1158 1293
1158 1305
1158 1309
1158 1311
1158 1319
1158 1320
1159 1162
1159 1198
1159 1223
1159 1232
1159 1263
1159 1273
1159 1287
1159 1293
1159 1323
1160 1184
1160 1195
1160 1202
1160 1212
1160 1215
1160 1222
1160 1226
1160 1242
1160 1325
1161 1162
1161 1182
1161 1203
1161 1227
1161 1238
1161 1263
1161 1322
1162 1197
1162 1214
1162 1219
1162 1221
1162 1223
1162 1255
1162 1262
1162 1271
1162 1276
1162 1277
1162 1280
1162 1288
1163 1175
1163 1180
1163 1182
1163 1226
1163 1235
1163 1273
1163 1322
1164 1167
1164 1181
1164 1211
1164 1235
1164 1263
1164 1284
1164 1287
1164 1304
1165 1169
1165 1185
1165 1229
1165 1232
1165 1235
1165 1255
1165 1256
1165 1261
1165 1264
1165 1291
1165 1292
1165 1313
1165 1324
1166 1191
1166 1209
1166 1214
1166 1217
1166 1223
1166 1224
1166 1229
1166 1239
1166 1292
1166 1293
1166 1325
1167 1168
1167 1177
1167 1228
1167 1237
1167 1249
1167 1256
1167 1265
1167 1270
1167 1272
1167 1281
1167 1289
1167 1303
1167 1324
1168 1169
1168 1170
1168 1174
1168 1177
1168 1181
1168 1184
1168 1195
1168 1214
1168 1259
1168 1274
1168 1275
1168 1286
1168 1294
1168 1315
1169 1175
1169 1182
1169 1211
1169 1224
1169 1229
1169 1250
1169 1257
1169 1259
1169 1262
1169 1285
1169 1288
1169 1296
1169 1323
1170 1229
1170 1236
1170 1245
1170 1249
1170 1251
1170 1254
1170 1296
1170 1298
1170 1318
1171 1194
1171 1209
1171 1212
1171 1231
1171 1244
1171 1246
1171 1253
1171 1254
1171 1255
1171 1286
1171 1288
1171 1303
1171 1315
1171 1328
1172 1212
1172 1219
1172 1244
1172 1261
1172 1273
1172 1284
1172 1300
1172 1301
1172 1320
1172 1321
1172 1322
1173 1174
1173 1195
1173 1206
1173 1242
1173 1245
1173 1290
1173 1300
1173 1308
1173 1316
1173 1325
1174 1192
1174 1196
1174 1233
1174 1246
1174 1249
1174 1261
1174 1262
1174 1264
1174 1284
1174 1291
1174 1295
1174 1300
1175 1183
1175 1199
1175 1202
1175 1205
1175 1212
1175 1228
1175 1231
1175 1241
1175 1255
1175 1278
1175 1313
1175 1321
1176 1179
1176 1196
1176 1211
1176 1222
1176 1241
1176 1244
1176 1258
1176 1271
1176 1289
1177 1192
1177 1204
1177 1218
1177 1224
1177 1233
1177 1239
1177 1264
1177 1279
1177 1284
1177 1286
1177 1289
1177 1292
1177 1325
1178 1192
1178 1221
1178 1236
1178 1242
1178 1305
1178 1319
1178 1325
1178 1328
1179 1208
1179 1214
1179 1217
1179 1224
1179 1230
1179 1259
1179 1260
1179 1309
1180 1189
1180 1194
1180 1196
1180 1234
1180 1251
1180 1255
1180 1261
1180 1287
1180 1306
1181 1200
1181 1202
1181 1206
1181 1261
1181 1271
1181 1291
1181 1296
1181 1309
1181 1314
1181 1327
1182 1192
1182 1208
1182 1214
1182 1216
1182 1219
1182 1230
1182 1237
1182 1242
1182 1273
1183 1203
1183 1227
1183 1230
1183 1256
1183 1263
1183 1273
1183 1296
1183 1321
1183 1327
1184 1190
1184 1192
1184 1240
1184 1243
1184 1262
1184 1271
1184 1279
1184 1283
1184 1289
1184 1307
1184 1310
1184 1320
1184 1324
1185 1196
1185 1199
1185 1210
1185 1257
1185 1288
1185 1299
1185 1302
1185 1317
1185 1320
1185 1321
1185 1327
1186 1209
1186 1224
1186 1226
1186 1257
1186 1258
1186 1276
1186 1287
1187 1190
1187 1240
1187 1243
1187 1285
1187 1288
1187 1295
1188 1210
1188 1235
1188 1240
1188 1245
1188 1265
1188 1288
1188 1292
1188 1299
1188 1313
1189 1227
1189 1261
1189 1274
1189 1298
1189 1301
1190 1194
1190 1220
1190 1223
1190 1225
1190 1240
1190 1268
1190 1287
1191 1215
1191 1219
1191 1227
1191 1235
1191 1241
1191 1261
1191 1264
1191 1273
1191 1299
1191 1309
1191 1327
1192 1210
1192 1217
1192 1228
1192 1238
1192 1258
1192 1260
1192 1276
1192 1291
1192 1316
1193 1198
1193 1228
1193 1235
1193 1259
1193 1271
1193 1277
1193 1287
1193 1294
1193 1298
1193 1322
1194 1201
1194 1203
1194 1222
1194 1237
1194 1241
1194 1243
1194 1325
1195 1196
1195 1210
1195 1236
1195 1246
1195 1248
1195 1262
1195 1311
1195 1322
1196 1218
1196 1219
1196 1239
1196 1267
1196 1279
1196 1297
1196 1302
1197 1223
1197 1247
1197 1277
1197 1317
1197 1321
1197 1324
1198 1244
1198 1258
1198 1288
1198 1292
1198 1299
1198 1313
1199 1271
1199 1275
1199 1286
1199 1289
1199 1295
1199 1298
1199 1300
1199 1317
1199 1328
1200 1227
1200 1230
1200 1238
1200 1248
1200 1249
1200 1264
1200 1274
1200 1288
1200 1300
1200 1301
1201 1227
1201 1235
1201 1239
1201 1242
1201 1243
1201 1260
1201 1264
1201 1277
1201 1301
1201 1305
1201 1307
1201 1321
1202 1205
1202 1226
1202 1265
1202 1270
1202 1275
1202 1276
1202 1288
1202 1289
1203 1206
1203 1212
1203 1213
1203 1254
1203 1256
1203 1267
1203 1282
1203 1298
1203 1301
1203 1305
1203 1309
1204 1222
1204 1242
1204 1257
1204 1262
1204 1266
1204 1267
1204 1271
1204 1283
1204 1301
1204 1311
1205 1238
1205 1243
1205 1269
1205 1283
1205 1287
1205 1303
1205 1313
1205 1318
1205 1326
1206 1226
1206 1262
1206 1290
1206 1292
1206 1299
1206 1322
1207 1211
1207 1229
1207 1237
1207 1238
1207 1241
1207 1263
1207 1277
1207 1284
1208 1232
1208 1249
1208 1259
1208 1266
1208 1281
1208 1291
1208 1322
1209 1246
1209 1294
1209 1309
1209 1327
1210 1216
1210 1228
1210 1244
1210 1252
1210 1259
1210 1268
1210 1272
1210 1316
1210 1327
1211 1249
1211 1250
1211 1258
1211 1298
1212 1216
1212 1221
1212 1233
1212 1244
1212 1248
1212 1257
1212 1262
1212 1264
1212 1325
1213 1217
1213 1245
1213 1258
1213 1263
1213 1276
1213 1294
1213 1297
1213 1301
1213 1307
1213 1320
1214 1225
1214 1228
1214 1246
1214 1255
1214 1270
1214 1283
1214 1292
1214 1295
1214 1311
1214 1319
1214 1328
1215 1218
1215 1232
1215 1262
1215 1271
1215 1296
1215 1302
1215 1314
1215 1320
1216 1245
1216 1260
1216 1271
1216 1278
1216 1303
1216 1310
1216 1324
1217 1236
1217 1241
1217 1245
1217 1246
1217 1265
1217 1277
1217 1286
1217 1290
1218 1264
1218 1270
1218 1271
1218 1277
1218 1284
1218 1316
1219 1243
1219 1260
1219 1284
1219 1309
1219 1311
1219 1324
1220 1234
1220 1243
1220 1269
1220 1271
1220 1290
1220 1294
1220 1328
1221 1244
1221 1246
1221 1251
1221 1273
1221 1281
1221 1296
1221 1297
1221 1302
1221 1311
1221 1313
1221 1319
1222 1227
1222 1233
1222 1241
1222 1282
1222 1324
1223 1240
1223 1268
1223 1273
1223 1290
1223 1315
1223 1322
1223 1323
1224 1225
1224 1234
1224 1239
1224 1261
1224 1265
1224 1283
1224 1290
1224 1296
1224 1306
1224 1327
1225 1232
1225 1240
1225 1246
1225 1247
1225 1257
1225 1271
1225 1272
1225 1303
1225 1305
1225 1311
1225 1323
1225 1324
1226 1242
1226 1256
1226 1260
1226 1261
1226 1300
1226 1315
1226 1316
1226 1317
1227 1277
1227 1302
1227 1308
1227 1318
1227 1325
1227 1326
1228 1234
1228 1238
1228 1264
1228 1282
1228 1284
1228 1293
1228 1294
1228 1305
1228 1306
1229 1250
1229 1254
1229 1257
1229 1277
1229 1288
1229 1290
1229 1315
1230 1238
1230 1240
1230 1251
1230 1252
1230 1257
1230 1264
1230 1281
1230 1287
1230 1297
1230 1298
1231 1238
1231 1259
1231 1282
1231 1285
1232 1246
1232 1261
1232 1268
1232 1299
1232 1324
1233 1251
1233 1279
1233 1323
1234 1285
1235 1238
1235 1239
1235 1278
1235 1301
1236 1244
1236 1251
1236 1254
1236 1271
1236 1284
1236 1285
1236 1290
1236 1308
1236 1309
1236 1319
1237 1276
1238 1242
1238 1247
1238 1261
1238 1289
1238 1316
1239 1251
1239 1284
1239 1306
1240 1242
1240 1260
1240 1298
1240 1313
1240 1320
1240 1323
1241 1292
1241 1307
1241 1320
1242 1251
1242 1285
1242 1304
1242 1308
1243 1245
1243 1249
1243 1257
1243 1274
1243 1278
1243 1290
1243 1301
1243 1305
1244 1289
1244 1316
1245 1250
1245 1285
1245 1310
1245 1316
1245 1324
1246 1266
1246 1321
1246 1325
1247 1269
1247 1274
1248 1256
1248 1258
1248 1298
1249 1250
1249 1277
1249 1279
1249 1295
1249 1328
1250 1266
1250 1267
1250 1291
1250 1297
1251 1252
1251 1289
1251 1290
1251 1295
1251 1296
1251 1305
1251 1328
1252 1262
1252 1277
1252 1286
1252 1297
1252 1300
1252 1301
1252 1313
1252 1320
1253 1261
1253 1310
1253 1320
1254 1276
1254 1296
1254 1297
1255 1272
1255 1278
1255 1284
1255 1290
1255 1303
1256 1267
1256 1286
1256 1308
1257 1258
1257 1267
1257 1281
1257 1287
1257 1328
1258 1264
1258 1278
1258 1317
1258 1318
1258 1322
1258 1324
1258 1327
1259 1279
1259 1282
1259 1283
1259 1288
1259 1319
1259 1328
1260 1263
1260 1266
1260 1276
1260 1281
1260 1307
1261 1268
1261 1276
1261 1279
1261 1289
1261 1291
1261 1327
1262 1276
1262 1297
1262 1305
1263 1288
1263 1305
1263 1324
1264 1293
1264 1298
1264 1304
1264 1313
1265 1282
1265 1293
1265 1305
1266 1279
1266 1301
1266 1303
1267 1274
1267 1283
1267 1313
1267 1324
1267 1326
1268 1292
1268 1310
1268 1311
1268 1319
1268 1324
1269 1273
1269 1306
1269 1310
1269 1327
1270 1278
1270 1283
1270 1288
1270 1292
1271 1294
1271 1320
1271 1322
1272 1278
1272 1284
1273 1286
1273 1288
1273 1294
1273 1299
1273 1307
1274 1276
1274 1288
1274 1327
1275 1303
1275 1309
1275 1312
1276 1282
1276 1296
1276 1323
1276 1328
1277 1281
1277 1293
1277 1297
1278 1279
1278 1285
1278 1295
1278 1296
1278 1317
1279 1300
1279 1316
1279 1317
1280 1296
1280 1302
1280 1328
1281 1283
1281 1303
1281 1304
1281 1311
1281 1314
1281 1316
1281 1324
1281 1327
1281 1328
1282 1312
1282 1321
1283 1288
1283 1319
1284 1293
1284 1297
1284 1301
1284 1302
1284 1304
1284 1311
1284 1325
1284 1326
1285 1293
1285 1306
1286 1317
1286 1325
1287 1297
1287 1303
1287 1318
1288 1322
1289 1291
1289 1294
1289 1298
1289 1315
1289 1316
1290 1315
1291 1298
1291 1300
1291 1313
1293 1323
1294 1317
1295 1296
1295 1315
1295 1325
1295 1326
1296 1308
1296 1321
1296 1323
1298 1309
1298 1313
1299 1314
1300 1302
1300 1307
1301 1317
1303 1304
1303 1316
1303 1328
1304 1326
1305 1325
1305 1326
1306 1307
1306 1309
1306 1315
1306 1322
1307 1308
1307 1314
1308 1316
1309 1325
1310 1321
1310 1323
1311 1314
1311 1316
1311 1322
1312 1316
1316 1327
1329 1331
1329 1332
1329 1333
1329 1334
1329 1335
1329 1336
1330 1331
1330 1332
1330 1333
1330 1336
1330 1337
1330 1340
1331 1332
1331 1333
1331 1334
1331 1336
1331 1337
1331 1338
1331 1340
1332 1334
1332 1336
1332 1337
1332 1338
1332 1340
1333 1335
1333 1336
1333 1337
1334 1335
1334 1337
1334 1339
1334 1340
1335 1336
1336 1337
1336 1339
1337 1338
1337 1339
1337 1340
1338 1339
1339 1340