0 41
0 403
1 429
3 282
3 482
4 354
10 151
11 300
11 560
12 160
12 214
14 305
18 171
19 34
22 199
26 273
27 414
30 44
34 552
35 302
36 452
38 70
38 145
40 142
40 488
42 207
46 103
46 453
46 503
53 228
56 125
57 113
57 281
57 307
58 291
59 185
62 441
66 437
70 480
72 106
72 229
72 325
72 504
72 4823
73 3904
76 313
79 216
81 273
84 355
92 222
93 483
97 188
97 480
99 393
100 316
103 460
104 106
104 553
107 397
107 406
108 363
109 226
111 140
111 258
112 208
113 315
113 541
114 388
116 262
119 174
121 203
123 207
125 285
126 351
126 471
127 400
128 144
129 307
131 339
133 222
133 414
135 304
135 324
137 324
139 407
142 560
143 229
148 275
150 339
151 382
153 258
153 367
154 225
154 464
155 1956
158 467
165 427
167 359
169 342
170 178
172 232
177 436
180 202
180 434
182 264
188 394
190 257
192 443
193 275
193 481
194 432
196 504
197 264
200 283
205 248
205 397
211 237
212 396
215 305
215 485
220 442
223 232
223 484
226 341
227 336
230 280
230 367
238 254
238 458
241 359
249 409
254 465
258 327
258 384
259 314
260 493
261 506
263 432
265 470
266 450
270 305
270 476
273 514
275 348
275 468
276 285
278 408
283 344
290 302
290 518
293 419
293 547
294 391
297 369
297 539
306 377
308 369
315 550
315 560
316 531
320 363
323 484
324 414
325 492
333 487
337 389
337 425
339 352
347 502
351 446
352 512
358 561
359 547
378 411
382 473
386 402
388 507
390 438
391 554
395 511
413 493
426 555
429 535
431 470
432 472
438 527
461 545
474 552
476 536
481 516
481 520
485 496
497 543
511 555
512 540
516 559
567 699
568 800
571 699
572 852
573 755
574 742
575 873
586 733
587 785
590 684
591 800
594 690
596 644
598 676
601 929
605 777
606 717
606 793
608 697
610 709
610 835
611 767
614 4295
621 802
621 884
624 640
624 766
628 886
629 649
629 764
631 751
636 888
637 651
638 654
639 758
641 790
642 796
643 789
643 915
644 669
644 699
646 848
646 871
653 826
653 830
657 756
660 892
663 928
666 697
670 677
674 749
677 785
679 908
684 888
685 768
685 928
687 831
691 711
694 759
697 929
701 785
703 835
707 844
707 920
708 769
710 937
715 883
717 835
724 766
724 927
725 749
726 886
728 923
733 822
741 875
742 911
744 796
748 827
760 795
762 871
763 790
768 847
768 867
768 920
780 927
782 856
790 852
799 917
808 809
825 935
827 899
840 935
842 877
846 885
848 1756
858 919
864 918
869 905
872 890
879 902
881 920
885 893
887 933
922 939
940 941
946 1011
946 1229
947 1396
949 1127
950 1068
950 1530
950 1584
950 1611
952 1292
952 1680
953 1096
956 2945
957 1201
960 1117
960 1257
960 1576
962 1560
963 1445
965 1076
965 1368
965 1372
965 1459
967 1414
967 1445
968 1648
970 1013
972 1099
973 1180
974 1462
975 990
976 1272
980 1633
982 1175
982 1322
984 1133
984 1539
988 1669
991 1503
992 1096
992 1587
993 1321
993 1359
994 1229
995 1112
996 1191
996 1198
998 1308
999 1286
1002 1233
1003 1641
1003 1688
1005 1521
1006 1482
1007 1519
1008 1373
1009 1494
1009 1589
1010 1086
1012 1421
1013 1286
1016 1234
1016 1416
1017 1180
1017 1385
1018 1335
1019 1144
1020 1170
1021 1418
1026 1109
1028 1269
1028 1624
1034 1278
1035 1535
1036 1072
1036 1589
1038 1349
1041 1130
1045 1193
1047 1438
1050 1361
1052 1186
1052 1605
1053 1567
1053 1589
1054 1497
1054 1531
1054 1539
1056 1678
1060 1279
1062 1355
1062 1367
1064 1146
1065 1379
1065 1477
1067 1356
1067 1680
1073 1340
1075 1259
1076 1250
1076 4770
1080 1202
1080 1334
1081 1430
1084 1112
1084 1408
1088 1487
1089 1199
1090 1649
1092 1650
1096 1309
1097 1684
1102 1282
1102 1427
1105 1684
1106 1216
1106 1473
1107 1630
1109 1169
1109 1499
1110 1396
1115 1318
1115 1518
1118 1585
1126 1565
1129 1178
1130 1413
1135 1257
1142 1281
1145 1346
1151 1528
1152 1165
1157 1184
1158 1522
1158 1631
1159 1523
1161 1207
1161 1462
1161 1582
1163 1425
1164 1295
1165 1588
1166 1293
1166 1579
1167 1298
1168 1390
1172 1421
1174 1357
1174 1520
1174 1589
1177 1533
1186 1563
1189 1346
1190 1506
1193 1650
1200 1352
1203 1595
1203 1661
1205 1419
1208 1503
1213 1238
1213 1297
1214 1528
1215 1632
1216 1372
1217 1624
1218 1233
1224 1317
1226 1291
1227 1599
1228 1507
1231 1240
1233 1337
1235 1578
1237 1523
1238 1417
1238 1693
1244 1371
1250 1685
1253 1274
1257 1654
1258 1338
1261 1338
1264 1628
1268 1276
1269 1300
1269 1679
1270 1378
1270 1598
1277 1477
1278 1571
1280 1389
1285 1572
1293 1354
1295 1619
1297 1569
1299 1662
1300 1609
1301 1664
1303 1352
1309 1313
1310 1492
1310 1545
1316 1535
1320 1694
1321 1630
1322 2526
1324 1666
1325 1332
1325 1559
1329 1544
1330 1677
1334 1641
1338 1532
1340 1667
1341 1446
1357 1515
1358 1364
1362 1473
1363 1373
1364 1527
1370 1625
1374 1583
1376 1449
1380 1679
1381 1547
1387 1689
1391 1594
1398 1516
1398 1622
1398 1682
1403 1576
1407 1524
1407 1637
1409 1527
1414 1562
1416 1617
1420 1430
1433 1559
1437 1503
1440 1453
1443 1601
1443 1679
1446 1558
1452 1584
1454 1560
1455 1476
1460 1482
1470 1660
1472 1522
1474 3031
1477 1533
1478 1691
1479 1670
1485 1498
1485 1593
1486 1533
1489 1631
1492 1631
1505 1546
1514 1656
1522 1535
1532 1630
1560 1629
1562 1570
1563 1677
1565 1646
1579 1605
1582 1619
1589 1629
1591 1638
1619 1622
1619 1625
1631 1637
1638 1687
1645 1675
1648 1691
1651 1678
1652 1669
1696 1737
1700 1797
1706 1737
1707 1747
1707 1824
1710 1764
1717 1738
1720 1762
1721 1759
1722 1757
1722 1786
1723 1814
1726 1753
1729 1779
1731 1793
1734 1741
1737 1769
1740 1761
1740 1814
1741 1799
1742 1810
1745 1761
1748 1783
1749 1779
1750 1777
1754 1784
1760 1775
1770 1807
1772 1777
1788 1809
1798 1813
1804 1825
1831 1868
1831 1938
1836 1977
1841 1975
1843 1874
1843 1924
1843 1939
1843 1954
1852 1861
1852 1864
1855 1951
1856 1885
1857 1876
1858 1963
1860 1901
1861 1928
1862 1959
1864 1928
1865 1927
1867 1940
1868 1924
1870 1950
1872 1877
1874 1964
1876 1972
1877 1975
1880 1921
1882 1909
1888 1928
1888 1951
1889 1936
1894 1917
1897 1948
1898 1976
1901 1960
1903 1919
1907 1935
1910 1920
1910 1931
1912 1949
1914 1921
1917 1926
1921 1960
1922 1964
1932 1969
1940 1974
1941 1957
1943 1961
1964 1968
1964 4545
2049 2112
2051 2055
2051 2025
2051 2036
2052 2110
2053 2075
2053 2026
2053 2029
2054 2059
2056 2101
2058 2011
2060 1991
2062 2091
2063 2091
2063 2040
2066 2087
2067 2081
2069 2088
2069 2038
2073 2092
2074 2112
2075 2078
2075 2020
2076 2028
2078 1998
2078 2010
2080 2031
2081 2022
2082 2108
2082 1980
2082 2039
2083 1989
2084 2040
2086 2011
2089 2099
2091 2107
2091 2117
2093 2115
2093 1983
2094 2002
2098 1999
2099 2005
2099 2045
2100 2114
2103 1980
2105 2031
2108 1985
2112 2040
2113 2021
2117 1984
2118 1990
1980 1996
1984 2011
1985 2012
1985 2040
1989 1993
1990 2029
1991 2012
1991 2027
1998 2018
2000 2039
2004 2045
2010 2036
2012 2019
2012 2043
2017 2043
2032 2041
2034 2039
2035 2044
2119 2356
2123 2265
2123 2365
2126 2263
2128 2207
2130 2372
2132 2312
2135 2224
2141 2149
2145 2335
2146 2299
2146 2312
2147 2330
2147 2416
2147 2490
2148 2331
2151 2424
2151 2450
2153 2315
2157 2453
2158 2282
2159 2313
2160 2473
2163 2186
2166 2250
2168 2216
2171 2487
2173 2258
2175 2470
2176 2383
2177 2449
2177 2464
2180 2329
2180 2443
2183 2204
2183 2404
2185 2252
2187 2414
2188 2473
2193 2351
2194 2330
2194 2409
2197 2349
2200 2205
2206 2378
2207 2325
2211 2299
2212 2288
2212 2358
2213 2253
2214 2485
2215 2244
2218 2250
2226 2350
2227 2374
2229 2234
2234 2391
2234 2402
2234 2465
2237 2339
2237 2425
2237 2460
2239 2297
2239 2362
2242 2371
2244 2490
2246 2457
2254 2408
2258 2468
2259 2270
2259 2425
2270 2418
2275 2293
2275 2417
2276 2377
2277 2436
2278 2367
2278 2483
2283 2335
2287 2356
2288 2402
2293 2321
2294 2377
2301 2374
2302 2385
2304 2470
2311 2452
2312 2473
2316 2344
2319 2431
2321 2323
2321 2370
2324 2339
2337 2490
2342 2458
2344 2400
2346 2478
2362 2487
2363 2372
2363 2456
2374 2469
2378 2478
2379 2458
2385 2469
2388 2452
2390 2462
2392 2419
2393 2444
2396 2476
2401 2478
2403 2438
2411 2453
2416 4344
2419 2431
2426 2478
2430 2446
2458 2485
2459 2490
2469 2480
2560 2682
2564 2725
2565 2627
2567 2702
2570 2720
2575 2715
2577 2592
2580 2691
2584 2720
2585 2690
2591 2712
2592 2680
2596 2496
2599 2676
2600 2733
2608 2550
2609 2733
2614 2717
2617 2554
2622 2505
2623 2492
2626 2661
2631 2507
2632 2690
2643 2527
2645 2526
2648 2699
2648 2543
2652 2685
2652 2548
2653 2535
2662 2740
2664 2508
2668 2559
2670 2685
2671 2512
2671 2520
2675 2538
2677 2540
2679 2736
2682 2500
2684 2509
2694 2529
2696 2502
2706 2510
2716 2552
2717 2720
2724 2536
2727 2534
2736 2545
2512 2513
2518 2536
2524 3273
2545 2548
2744 3600
2752 5075
2754 3302
2755 3266
2755 4149
2756 3282
2756 4836
2757 3358
2757 4340
2759 2932
2759 3121
2759 3190
2763 2822
2763 3426
2764 4500
2765 3915
2772 3301
2772 3560
2772 4857
2772 5280
2772 5396
2775 2891
2776 2822
2776 4258
2776 5152
2778 4091
2778 4339
2779 3130
2779 3590
2779 4978
2781 4079
2781 4174
2781 4600
2785 3060
2785 3158
2786 3689
2786 4306
2789 4437
2789 5050
2790 3245
2793 5418
2794 3231
2794 4902
2795 3643
2796 3916
2796 4686
2796 5015
2797 4704
2805 3481
2807 4022
2807 5172
2809 5429
2810 3721
2815 3329
2817 3124
2817 3767
2819 5093
2821 4135
2822 3028
2822 3417
2822 4171
2823 2846
2823 3057
2823 3738
2823 3907
2825 5213
2826 3151
2829 5334
2830 3725
2830 5256
2834 3657
2834 4388
2835 3403
2839 5193
2840 3450
2841 5296
2842 4124
2845 3324
2846 3663
2846 4305
2846 5052
2847 3865
2850 3148
2850 3648
2853 4368
2853 4760
2854 4072
2856 5133
2857 3315
2859 3600
2860 4169
2861 4230
2864 4051
2864 4379
2864 5041
2866 5181
2867 3307
2868 3956
2871 4726
2871 4936
2872 3554
2872 4729
2873 5188
2874 4750
2875 4024
2877 3414
2878 3224
2878 4363
2879 3647
2879 4182
2880 4296
2881 4902
2883 3455
2884 4052
2885 3593
2885 4210
2886 3818
2887 3260
2887 3819
2888 4183
2890 3906
2891 4745
2892 5258
2895 3766
2895 4972
2897 4992
2899 3978
2901 5193
2902 3783
2902 4172
2904 4215
2905 4865
2906 5153
2907 4843
2908 4655
2910 5248
2912 3170
2912 4599
2916 3352
2918 4034
2920 3420
2921 4103
2922 4767
2924 4877
2925 3907
2927 3112
2928 4554
2928 4585
2929 3516
2930 3822
2930 4617
2931 2976
2931 3611
2931 4022
2933 4025
2934 3763
2935 4825
2936 3033
2936 4467
2936 5321
2938 4633
2939 3839
2940 4429
2943 3250
2943 3449
2943 3808
2943 4317
2943 4527
2943 4890
2944 4508
2946 4818
2948 3603
2949 3105
2949 5437
2950 3168
2950 3630
2951 3191
2951 3748
2951 5185
2952 4281
2954 4054
2954 4776
2956 3461
2956 4280
2959 3402
2960 3155
2960 3594
2960 4074
2961 2997
2965 4048
2968 4761
2968 5140
2969 3112
2970 3134
2975 4279
2976 5137
2977 4671
2978 3824
2978 5110
2980 3438
2981 3534
2983 3162
2983 4260
2984 3823
2984 5041
2987 3866
2988 3694
2988 5031
2989 3975
2990 4299
2992 5253
2993 4478
2994 5071
2995 3934
2998 3535
2999 3380
2999 4838
2999 5400
3006 5195
3008 4450
3011 4137
3012 3338
3013 4010
3018 3053
3018 4832
3018 5315
3020 4135
3023 4952
3023 5169
3025 4869
3029 4032
3030 3062
3030 5408
3031 3327
3031 3828
3031 4349
3032 3472
3032 4679
3032 4768
3034 3677
3034 4985
3035 4901
3036 3385
3043 3533
3043 4131
3044 4937
3046 3149
3048 4865
3050 3314
3051 3805
3052 5071
3054 3857
3060 3937
3065 4945
3066 3592
3066 4863
3070 3811
3072 3363
3075 4399
3076 3147
3076 4627
3077 3699
3079 5113
3080 5246
3081 3682
3085 5016
3086 5049
3088 3751
3088 4073
3088 4196
3088 5395
3091 3723
3091 4475
3091 5327
3097 3892
3098 4087
3099 4406
3100 5344
3102 4068
3102 4357
3105 4173
3106 3758
3109 3845
3109 5299
3110 4816
3110 5215
3111 4100
3112 4982
3113 3633
3115 4284
3115 4823
3117 3846
3118 4622
3120 3818
3120 3941
3120 3984
3122 4350
3127 4781
3130 4775
3132 4257
3135 3750
3136 3829
3136 5222
3137 4712
3143 3834
3143 3859
3144 5364
3146 3653
3146 5401
3151 3902
3151 4654
3155 4939
3156 3189
3156 4404
3158 4977
3158 5372
3159 3318
3160 3309
3160 4975
3162 3749
3163 3286
3164 3209
3164 4298
3164 5191
3165 4786
3165 4901
3167 4245
3168 5286
3170 4233
3172 3822
3173 5428
3175 5175
3178 4973
3178 5405
3180 5301
3186 3193
3187 4916
3190 4208
3190 4891
3192 3921
3192 4668
3194 4272
3196 3394
3196 3599
3196 4772
3199 5314
3201 3755
3202 3799
3204 4245
3204 4964
3208 4877
3210 4942
3212 4595
3217 3272
3221 5363
3223 4387
3226 3375
3228 4727
3230 3659
3231 5201
3233 4249
3235 3574
3237 4108
3237 4151
3238 3459
3238 3579
3238 4758
3238 4760
3241 4468
3241 4756
3243 3431
3243 4534
3244 4317
3245 4024
3247 3803
3247 5006
3248 3974
3248 3989
3250 4516
3250 5181
3251 5223
3252 3731
3252 3827
3254 3349
3257 4838
3258 3439
3258 4437
3259 4791
3260 3286
3262 4277
3262 4854
3266 3768
3268 5132
3270 4960
3272 4935
3273 5401
3274 3452
3274 4300
3276 4730
3276 5352
3278 3465
3278 3971
3279 4965
3281 3877
3281 4830
3282 3722
3283 3527
3283 3948
3283 5063
3284 3545
3287 3876
3288 4511
3288 5330
3289 3290
3293 3656
3295 5380
3297 3906
3299 3769
3304 4650
3305 3373
3307 4503
3309 4991
3312 5213
3314 4515
3316 4069
3318 3990
3319 3381
3319 5315
3320 4665
3321 4116
3321 5215
3322 3689
3325 4806
3326 3973
3327 3520
3327 5391
3328 5288
3329 3352
3329 4171
3330 4457
3331 4367
3332 5114
3333 3950
3336 4320
3336 5068
3337 3373
3338 5103
3341 4606
3343 3712
3344 5167
3345 3467
3345 4326
3346 4564
3347 4132
3348 5332
3356 3673
3357 4721
3357 5105
3358 4503
3360 4264
3361 3717
3361 4985
3364 4300
3364 4683
3365 3513
3365 4218
3370 5262
3372 4918
3373 5384
3374 4324
3374 5345
3375 4849
3375 4989
3378 5149
3387 4352
3389 4984
3393 3909
3394 4876
3395 4455
3395 5300
3396 4883
3397 4996
3397 5325
3398 3711
3400 4048
3400 4369
3401 4899
3402 4410
3406 5376
3415 3735
3416 3918
3416 4358
3417 4849
3420 3899
3420 4946
3423 4025
3423 5088
3424 3900
3428 4332
3432 4412
3434 3651
3437 4613
3439 3598
3439 4302
3441 3562
3442 4756
3444 3773
3447 4953
3449 4299
3451 5163
3452 4272
3452 5348
3453 3533
3456 3573
3456 3788
3457 4341
3457 5393
3458 5374
3467 3556
3470 4003
3472 5007
3473 3880
3474 3973
3475 3689
3478 5438
3480 3656
3482 3889
3487 4790
3488 4977
3493 4211
3494 3560
3497 5437
3502 4626
3504 3895
3507 3579
3514 3769
3514 4349
3515 3872
3516 4012
3516 4386
3520 4412
3522 4538
3523 4172
3523 5147
3524 4679
3525 3970
3526 4980
3529 3664
3530 4679
3532 5119
3537 4628
3539 4922
3542 4628
3543 5159
3545 4906
3549 4080
3556 3938
3558 4900
3559 3995
3559 5256
3560 3865
3565 4261
3574 4842
3577 3809
3577 5210
3580 4097
3580 4303
3582 3978
3583 4792
3583 5241
3584 4234
3587 5001
3591 4064
3591 4253
3591 4602
3594 3872
3597 5285
3599 4019
3606 5057
3607 4184
3607 5351
3608 4112
3610 4988
3613 4049
3615 5006
3618 3993
3620 4515
3622 4782
3623 4771
3632 4309
3632 5407
3633 5291
3637 4946
3638 3801
3641 3727
3641 5204
3642 4725
3646 4106
3648 3767
3648 4060
3655 4706
3656 3965
3656 5331
3657 4653
3662 4919
3671 3730
3671 4007
3671 4023
3671 4998
3673 4279
3673 4843
3679 3970
3680 5009
3681 4726
3684 4509
3685 4826
3692 4869
3694 4040
3696 4955
3697 5004
3697 5112
3704 4970
3706 3853
3706 4439
3707 4472
3714 4130
3714 4494
3715 5005
3719 5062
3723 4157
3726 3760
3727 4983
3728 4463
3729 3982
3731 5050
3745 5086
3747 4781
3760 3982
3762 4473
3765 5026
3766 3770
3770 5153
3780 5245
3781 5157
3782 4457
3783 5282
3786 4515
3788 3849
3790 3950
3795 4150
3799 4360
3799 5333
3802 4389
3805 3971
3810 3855
3812 5430
3813 5411
3814 5362
3815 4235
3815 4594
3817 4959
3819 4864
3820 5305
3822 4451
3823 4564
3825 4644
3828 4646
3829 4962
3829 5435
3831 4281
3833 4554
3835 5033
3837 3930
3837 4093
3837 4966
3840 5287
3845 4284
3845 4863
3850 4509
3851 4867
3853 3862
3854 5252
3856 4483
3856 4777
3859 4563
3859 5258
3861 5242
3864 4002
3865 4495
3866 4708
3870 4828
3871 5112
3872 5224
3873 3990
3873 4789
3875 4355
3876 5053
3881 4790
3882 5106
3885 4882
3885 4921
3895 4327
3904 4905
3905 5255
3910 5255
3912 5395
3917 5056
3917 5212
3920 4062
3921 4626
3922 5199
3925 5143
3929 4163
3932 5164
3940 4661
3947 5074
3947 5313
3948 5391
3951 4682
3953 3986
3956 4778
3961 4048
3962 4317
3964 4988
3971 5184
3972 5427
3973 5260
3974 4304
3974 4306
3980 5283
3984 4558
3984 4581
3991 4328
3992 4026
3992 4506
3993 4544
3996 4979
4000 4278
4006 4957
4016 4723
4017 4571
4020 4625
4024 4262
4024 5132
4031 5012
4036 4132
4038 4402
4038 5108
4040 5150
4046 4463
4047 4288
4051 4508
4057 4919
4058 4327
4066 5129
4068 4105
4069 4757
4072 4300
4072 5210
4073 4818
4075 4813
4075 4880
4075 4915
4079 4816
4083 5336
4084 4276
4087 4520
4087 5419
4091 4407
4094 5128
4098 4898
4115 4174
4118 4257
4120 4673
4121 5092
4123 4215
4124 4607
4124 5330
4131 4386
4132 5075
4134 5285
4135 4365
4135 5253
4142 5295
4145 5033
4155 4900
4161 5235
4162 4298
4168 5058
4169 4753
4171 4399
4175 4669
4181 4446
4182 5026
4182 5135
4192 4612
4193 4919
4193 5127
4196 4468
4196 4684
4198 5082
4215 4763
4215 4786
4215 4986
4232 5425
4234 4615
4242 4321
4242 5200
4244 4564
4244 4823
4245 4318
4247 4269
4249 4486
4256 4917
4259 4554
4259 5249
4260 4387
4267 4736
4267 5419
4272 5043
4281 5362
4286 4505
4287 4796
4291 4302
4292 4853
4293 5373
4298 4656
4300 5119
4303 5086
4309 4404
4319 5309
4325 4697
4328 5204
4331 4584
4337 4793
4338 4880
4352 5374
4356 5372
4357 4890
4359 4916
4360 5107
4362 5158
4363 4710
4370 5432
4382 5136
4384 4611
4389 5171
4391 5345
4396 4662
4396 4776
4399 4665
4401 4755
4403 5064
4404 4542
4405 4941
4408 5076
4408 5289
4415 4740
4418 5231
4426 4538
4427 5364
4428 4445
4429 4721
4430 4744
4449 4873
4449 5071
4453 5062
4453 5430
4455 4936
4459 5125
4461 5274
4463 4853
4477 5199
4479 4610
4488 4738
4490 4903
4494 5319
4496 5199
4506 5191
4507 4885
4508 4552
4508 4987
4513 5134
4521 4707
4532 5181
4535 4596
4535 4665
4549 5118
4565 4924
4568 4631
4568 5111
4575 5265
4576 4670
4576 4739
4581 5297
4581 5414
4583 5037
4585 4901
4586 5096
4600 4904
4614 5182
4619 5155
4644 4741
4647 4888
4648 5020
4653 5354
4663 5394
4664 4743
4667 4819
4680 4745
4683 4842
4686 5209
4691 5344
4702 4784
4702 5382
4706 4934
4714 4862
4715 4730
4715 5427
4724 5348
4736 5113
4740 5207
4740 5392
4751 4799
4756 4808
4759 5234
4766 4993
4767 4817
4774 5061
4782 4912
4789 5063
4792 5093
4799 4810
4805 5019
4805 5228
4819 5424
4820 5301
4829 5140
4830 5055
4832 4955
4842 5438
4847 5321
4854 5404
4861 5410
4862 5356
4865 4987
4871 5362
4873 5015
4873 5171
4877 5130
4878 5069
4883 5168
4885 5147
4893 5299
4897 4998
4897 5368
4899 5385
4903 5422
4922 5059
4930 5369
4937 5057
4940 5426
4946 5333
4953 5240
4954 5262
4966 5407
4981 5363
4985 4996
4999 5074
5001 5153
5015 5347
5016 5330
5042 5286
5046 5122
5059 5210
5063 5067
5064 5155
5088 5263
5094 5229
5099 5146
5101 5387
5102 5236
5118 5273
5127 5290
5146 5370
5159 5331
5159 5362
5162 5233
5174 5396
5184 5248
5191 5435
5228 5302
5249 5425
5257 5282
5259 5322
5268 5288
5297 5391
5324 5380
5363 5405
5365 5415
5440 5443
5450 5454
5458 5464
5504 5497
5507 5488
5509 5521
5512 5475
5514 5519
5515 5483
5517 5486
5470 5471
5472 5477
5476 5494
5477 5493
5484 5491
5528 5540
5531 5539
5545 5549
5555 5556
5557 5559
5561 5571
5564 5575
5564 5584
5571 5601
5572 5573
5572 5584
5574 5586
5577 5585
5581 5593
5592 5600
5597 5604
5606 5608
5607 5608
5607 5609
5607 5610
5608 5612
5622 5624
5623 5624
5629 5630
5643 5645
5648 5650
5664 5666
5665 5669
5667 5670
5668 5669
5673 5674
5674 5676
5686 5690
5688 5689
5691 5692
5692 5693
5698 5699
5700 5694
5701 5702
5702 5703
5704 5705
5712 5714
5740 5726
5744 5747
5745 5748
5763 5755
5765 5752
5752 5756
5753 5756
5770 5771
5784 5788
5786 5788