0.00011478830545673292,128,2
0.000115219322834077,129,2
0.00011499114058742386,130,2
0.00011467748311112391,130,2
0.0001144032294889807,127,2
0.00011431834981331484,128,2
0.00011401150468333446,128,2
0.00011518709254525532,129,2
0.00011474272432054075,129,2
0.00011548019448086652,127,2
0.00011478189680110538,130,2
0.00011505619369704006,130,2
0.00011552602995924126,128,2
0.00011463156409679115,128,2
0.00011581396487962578,128,2
0.00011488614194641977,127,2
0.00011496478079699133,127,2
0.00011563063388000554,126,2
0.00011509527664562237,126,2
0.00011523890907435931,127,2
0.0001147558370254514,128,2
0.00011503669178087782,130,2
0.0001149584057864531,128,2
0.00011517382680173378,130,2
0.00011587854200183598,128,2
0.00011456004628019467,127,2
0.00011584644142783678,130,2
0.00011484731484731485,130,2
0.00011539572732579246,128,2
0.00011504957541829697,130,2
0.0001152650240614024,129,2
0.0001149779987427853,128,2
0.00011444893071630608,126,2
0.00011515393391428014,129,2
0.00011553270267859399,133,2
0.00011599624369860869,128,2
0.00011557187515915861,128,2
0.0001146447931191292,129,2
0.00011589178375043636,128,2
0.00011544143377581683,129,2
0.00011491900048308155,130,2
0.00011549991795608609,128,2
0.00011471022833957859,129,2
0.00011525860797571937,129,2
0.00011521257702813561,127,2
0.00011537575840175202,131,2
0.00011518667910027314,128,2
0.0001154150539458318,129,2
0.00011454026976883596,127,2
0.00011504286839957453,129,2
0.00011550005894479013,131,2
0.00011540199794425421,127,2
0.00011521279408731623,129,2
0.00011559146139944091,128,2
0.00011559161211161115,129,2
0.00011469029596954938,127,2
0.00011430528859082832,127,2
0.00011495164421688541,129,2
0.00011569608399738112,128,2
0.00011497131028985195,127,2
0.00011497131028985195,129,2
0.00011446196583066825,126,2
0.00011522563153802491,129,2
0.00011472313808025844,128,2
0.0001155788494036394,128,2
0.00011587798495199364,128,2
0.00011531072528872779,129,2
0.00011523890907435931,128,2
0.00011487989738980324,128,2
0.00011557217138612488,129,2
0.00011498460885549615,130,2
0.00011540865649013934,126,2
0.00011585279182603608,129,2
0.0001154221057529818,131,2
0.0001155200705346428,127,2
0.00011455345408833781,130,2
0.00011522585158083777,128,2
0.00011551325819728368,127,2
0.00011435097937544092,129,2
0.00011517341349846766,127,2
0.0001148994858683851,127,2
0.00011488635674927771,127,2
0.00011486030891122136,129,2
0.00011610744204760038,129,2
0.00011538868315700174,127,2
0.00011478189680110538,128,2
0.00011466442412540267,131,2
0.00011492582326814672,128,2
0.00011612703052618226,129,2
0.00011546755174725931,127,2
0.00011531737341146498,129,2
0.00011430529381173727,127,2
0.00011473603223416802,127,2
0.00011527819645430125,130,2
0.00011542171398366088,128,2
0.0001148862858819397,129,2
0.0001154933899552973,126,2
0.00011487322988036211,128,2
0.00011531725403548856,130,2
0.00011540212774337857,127,2
