0,1
1,1
2,1
3,1
4,1
5,1
6,2
7,2
8,2
9,2
10,2
986,2
987,2
1581,3
1582,3
1410,4
115,4
300,4
102,4
105,4
107,4
110,4
111,4
112,4
113,4
114,4
116,4
117,4
121,4
122,4
124,4
193,4
270,4
194,4
271,4
272,4
273,4
274,4
275,4
276,4
379,4
277,4
278,4
279,4
280,4
283,4
284,4
285,4
381,4
287,4
288,4
170,4
289,4
290,4
291,4
385,4
386,4
292,4
293,4
294,4
295,4
296,4
298,4
301,4
174,4
302,4
303,4
175,4
304,4
305,4
491,4
306,4
493,4
308,4
176,4
309,4
310,4
494,4
311,4
200,4
500,4
989,4
281,4
282,4
553,4
171,4
866,4
387,4
867,4
869,4
286,4
297,4
499,4
218,4
1268,4
173,4
299,4
868,4
307,4
870,4
172,4
388,4
823,4
1494,4
169,4
383,4
1372,4
177,4
696,4
192,4
378,4
382,4
496,4
699,4
700,4
1089,4
268,4
269,4
434,4
435,4
436,4
697,4
990,4
991,4
992,4
1022,4
1023,4
1190,4
1207,4
1328,4
1329,4
1341,4
1078,4
551,4
552,4
1394,4
988,4
1283,4
1118,4
1160,4
1161,4
1445,4
1446,4
1572,4
1598,4
1585,5
1586,5
391,6
109,6
489,6
490,6
389,6
492,6
639,6
641,6
222,6
644,6
942,6
951,6
829,6
830,6
645,6
646,6
406,6
828,6
949,6
405,6
640,6
952,6
897,6
1214,6
953,6
954,6
955,6
956,6
642,6
643,6
227,6
647,6
903,6
1530,6
765,6
900,6
1418,6
402,6
403,6
404,6
407,6
896,6
902,6
948,6
899,6
901,6
764,6
766,6
767,6
894,6
895,6
826,6
827,6
950,6
893,6
898,6
1587,6
1588,6
1501,6
1433,6
1500,6
1565,6
18,7
19,7
20,7
21,7
1358,7
944,7
945,7
22,8
23,8
24,8
25,8
26,8
27,8
28,8
29,8
30,8
64,8
729,8
730,8
731,8
917,8
918,8
919,8
1122,8
920,8
1123,8
921,8
922,8
923,8
683,8
1186,8
1187,8
563,8
31,8
32,8
33,8
34,8
35,8
36,8
37,8
38,8
39,8
40,8
562,8
61,8
62,8
63,8
65,8
66,8
67,8
68,8
592,8
593,8
594,8
595,8
596,8
597,8
598,8
599,8
600,8
1184,8
1316,8
1425,8
1213,8
840,8
1584,8
1185,8
837,8
838,8
839,8
910,8
1196,8
884,8
885,8
889,8
916,8
983,8
1127,8
1181,8
1182,8
1183,8
1212,8
1373,8
1259,8
1260,8
1395,8
1396,8
1397,8
1398,8
1621,8
1454,8
1456,8
1532,8
1602,8
1617,8
1593,9
1594,9
41,10
42,10
43,10
44,10
45,10
46,10
47,10
48,10
966,10
724,10
725,10
726,10
964,10
965,10
967,10
1482,10
49,11
50,11
51,11
52,11
53,11
1381,11
54,12
55,12
1400,12
1596,13
1597,13
58,14
59,14
60,14
1609,15
1610,15
1611,16
1612,16
69,17
70,17
71,17
72,17
73,17
74,17
75,17
76,17
77,17
78,17
79,17
80,17
81,17
82,17
83,17
84,17
85,17
86,17
380,17
509,17
612,17
507,17
255,17
256,17
257,17
258,17
508,17
260,17
261,17
510,17
511,17
264,17
512,17
265,17
266,17
267,17
513,17
1348,17
609,17
947,17
1603,17
254,17
613,17
244,17
245,17
246,17
247,17
248,17
249,17
250,17
251,17
252,17
253,17
259,17
262,17
263,17
504,17
505,17
506,17
608,17
946,17
610,17
611,17
1236,17
1355,17
614,17
805,17
1344,17
1345,17
392,17
522,17
560,17
561,17
1237,17
604,17
605,17
606,17
607,17
890,17
1308,17
1440,17
1509,17
1538,17
87,18
88,18
89,18
90,18
91,18
92,18
93,18
94,18
761,18
1032,19
1033,19
1034,19
1035,19
1036,19
1037,19
1038,19
1039,19
1264,19
1115,19
1116,19
1117,19
1263,19
1265,19
1343,19
1569,19
1342,19
1399,19
97,20
98,20
99,20
100,20
101,21
103,21
106,21
108,21
118,21
119,21
120,21
123,21
125,21
497,21
526,21
527,21
528,21
1129,21
1130,21
1254,21
1131,21
1132,21
648,21
649,21
1128,21
104,22
223,22
226,22
198,22
201,22
202,22
203,22
204,22
205,22
206,22
207,22
208,22
941,22
210,22
211,22
212,22
213,22
214,22
822,22
215,22
216,22
217,22
219,22
220,22
221,22
390,22
943,22
228,22
229,22
231,22
232,22
1061,22
230,22
191,22
195,22
196,22
197,22
199,22
209,22
224,22
225,22
495,22
498,22
701,22
749,22
750,22
887,22
888,22
1167,22
1172,22
1173,22
1208,22
1374,22
1498,22
1558,22
1576,22
819,22
1062,22
1060,22
1409,22
1430,22
11,23
12,23
13,23
14,23
15,23
16,23
17,23
1428,23
1521,23
709,23
710,23
1195,23
384,23
812,23
376,23
377,23
807,23
373,23
374,23
375,23
802,23
803,23
804,23
806,23
808,23
809,23
810,23
811,23
1007,23
603,23
1051,23
1053,23
688,23
689,23
1050,23
707,23
708,23
1600,23
1601,23
993,23
1332,23
1305,23
1192,23
1616,23
841,23
842,23
843,23
844,23
1193,23
968,23
969,23
970,23
971,23
972,23
973,23
974,23
1006,23
1531,23
1048,23
1049,23
1052,23
1086,23
1191,23
1194,23
1489,23
1529,23
1304,23
1404,23
1535,23
1551,23
1604,23
126,24
127,24
1619,25
1620,25
128,26
129,26
130,26
131,26
132,26
133,26
134,26
135,26
136,26
137,26
138,26
139,26
140,26
141,26
142,26
143,26
1065,26
905,26
1285,26
1286,26
1287,26
160,26
161,26
1137,26
155,26
156,26
157,26
158,26
159,26
168,26
904,26
1554,26
1017,26
1018,26
1019,26
1020,26
1021,26
1175,26
1176,26
1475,26
1063,26
1064,26
1082,26
1083,26
1084,26
1085,26
1204,26
1210,26
1126,26
1135,26
1136,26
1539,26
1203,26
184,27
748,27
1284,27
178,27
179,27
180,27
181,27
182,27
183,27
185,27
186,27
187,27
188,27
189,27
190,27
468,27
469,27
470,27
471,27
472,27
473,27
474,27
475,27
1542,27
1543,27
1544,27
778,27
779,27
780,27
781,27
1595,27
739,27
740,27
741,27
742,27
743,27
744,27
745,27
746,27
747,27
776,27
860,27
861,27
862,27
863,27
864,27
793,27
797,27
1243,27
1486,27
1096,27
768,27
769,27
770,27
771,27
772,27
773,27
774,27
775,27
777,27
1330,27
1455,27
788,27
789,27
790,27
791,27
792,27
794,27
795,27
796,27
817,27
818,27
859,27
1134,27
1277,27
1278,27
1279,27
1280,27
1281,27
1282,27
1523,27
1303,27
1522,27
1524,27
1580,27
1618,27
144,28
145,28
146,28
1441,28
147,29
148,29
149,30
150,30
1005,31
152,31
153,31
154,31
151,31
1371,31
1574,31
1575,31
879,31
880,31
881,31
882,31
883,31
162,31
163,31
164,31
165,31
166,31
167,31
698,31
1354,31
575,31
576,31
577,31
578,31
579,31
580,31
581,31
636,31
865,31
871,31
872,31
873,31
874,31
875,31
876,31
877,31
878,31
1429,31
911,31
1045,31
1094,31
1269,31
1362,31
1361,31
678,32
676,32
359,32
360,32
361,32
362,32
675,32
677,32
680,32
686,32
653,32
654,32
655,32
656,32
657,32
658,32
659,32
660,32
661,32
662,32
663,32
664,32
665,32
666,32
667,32
668,32
669,32
670,32
671,32
672,32
673,32
674,32
679,32
681,32
682,32
684,32
685,32
687,32
1024,32
1025,32
1026,32
1066,32
1438,32
1463,32
233,33
234,33
1573,33
235,34
236,34
237,34
718,34
238,35
239,35
240,35
241,36
242,36
243,36
312,37
313,37
314,37
315,37
316,38
317,38
1499,38
318,39
319,39
320,39
321,39
322,39
323,39
324,39
325,39
326,39
327,39
328,39
329,39
330,39
331,39
332,39
333,39
334,39
335,39
336,39
337,39
338,39
339,39
340,39
615,39
616,39
886,39
1200,39
784,39
1589,39
341,40
342,40
343,40
344,40
345,40
346,40
347,40
348,40
349,40
350,40
351,40
352,40
353,40
354,40
355,40
356,40
851,40
938,40
850,40
929,40
930,40
931,40
932,40
852,40
933,40
934,40
853,40
854,40
935,40
936,40
855,40
937,40
1307,40
845,40
846,40
847,40
848,40
849,40
927,40
928,40
1040,40
1041,40
1042,40
1043,40
1044,40
1199,40
906,40
939,40
940,40
1512,40
357,41
358,41
1559,41
363,42
364,42
365,43
366,43
367,44
368,44
1091,44
617,44
618,44
369,45
370,45
1014,45
691,45
690,45
371,46
372,46
393,47
394,47
395,48
396,48
397,48
398,48
399,48
400,48
401,48
1095,48
1363,48
1468,48
408,49
409,49
410,49
411,49
412,49
413,49
414,49
415,49
416,49
417,49
418,49
419,49
420,49
421,49
422,49
423,49
424,49
425,49
426,49
427,49
428,49
429,49
430,49
431,49
432,49
433,49
650,49
651,49
652,49
1382,49
437,50
438,50
439,50
440,50
441,50
442,50
443,50
444,50
445,50
446,50
447,50
448,50
449,50
450,50
451,50
452,50
453,50
454,50
455,50
456,50
457,50
458,50
702,50
703,50
543,50
536,50
909,50
529,50
530,50
531,50
532,50
533,50
534,50
535,50
537,50
538,50
539,50
540,50
541,50
542,50
544,50
545,50
546,50
547,50
548,50
549,50
550,50
711,50
712,50
1105,50
1106,50
459,51
460,51
461,51
1174,51
56,52
57,52
1368,52
95,52
96,52
488,52
1273,52
1114,52
1100,52
462,52
463,52
481,52
482,52
483,52
484,52
485,52
1238,52
1239,52
1240,52
486,52
487,52
623,52
1054,52
624,52
625,52
626,52
627,52
1055,52
1056,52
1356,52
1030,52
1099,52
1357,52
523,52
524,52
525,52
1027,52
1028,52
1029,52
1031,52
1121,52
1460,52
1097,52
1098,52
1401,52
1113,52
1133,52
1144,52
1145,52
1146,52
1147,52
1148,52
1149,52
1150,52
1222,52
1234,52
1235,52
1315,52
1317,52
1383,52
1525,52
1592,52
1606,52
464,53
465,53
466,54
467,54
476,55
477,55
478,55
479,55
480,55
501,56
502,56
503,56
514,57
515,57
516,57
517,57
518,57
519,57
520,58
521,58
554,59
555,59
556,59
557,59
558,59
559,59
813,59
814,59
1444,59
564,60
565,60
566,60
628,60
1568,60
567,61
568,61
569,61
570,61
571,61
572,61
573,61
574,61
582,62
583,62
584,62
585,62
586,62
1151,62
587,63
588,63
589,63
590,63
591,63
713,63
714,63
715,63
716,63
717,63
1171,63
601,64
602,64
619,65
620,65
621,65
622,65
629,66
630,66
631,66
632,66
633,66
634,66
635,66
1557,66
637,67
638,67
692,68
693,68
694,68
695,68
704,69
705,69
706,69
719,70
720,70
721,70
722,70
723,70
1309,70
1108,70
1107,70
727,71
728,71
732,72
733,72
734,72
735,72
736,72
737,72
738,72
751,73
752,73
753,73
754,73
755,73
756,73
757,73
758,73
759,73
760,73
762,74
763,74
782,75
783,75
785,76
786,76
787,76
1405,76
798,77
799,77
800,77
801,77
815,78
816,78
820,79
821,79
824,80
825,80
831,81
832,81
833,81
834,81
835,81
836,81
856,82
857,82
858,82
891,83
892,83
907,84
908,84
912,85
913,85
914,85
915,85
1090,85
1608,85
924,86
925,86
926,86
957,87
958,87
1424,87
959,88
960,88
961,88
962,89
963,89
975,90
976,90
1384,90
977,91
978,91
979,92
980,92
1274,92
981,93
982,93
1474,93
984,94
985,94
994,95
995,95
1353,95
996,96
997,96
1223,96
1224,96
1008,96
1009,96
1010,96
1011,96
1012,96
1013,96
1502,96
1564,96
1057,96
1607,96
998,97
999,97
1000,98
1001,98
1002,98
1003,99
1004,99
1169,99
1209,99
1170,99
1168,99
1015,100
1016,100
1590,101
1591,101
1613,101
1046,102
1047,102
1058,103
1059,103
1067,104
1068,104
1069,104
1211,104
1070,105
1071,105
1072,105
1073,105
1074,105
1124,105
1125,105
1075,106
1076,106
1077,106
1583,106
1079,107
1080,107
1081,107
1087,108
1088,108
1092,109
1093,109
1101,110
1102,110
1103,111
1104,111
1109,112
1110,112
1111,113
1112,113
1119,114
1120,114
1138,115
1139,115
1140,116
1141,116
1439,116
1490,116
1142,117
1143,117
1152,118
1153,118
1154,119
1155,119
1306,119
1436,119
1437,119
1156,120
1157,120
1158,121
1159,121
1162,122
1163,122
1164,123
1165,123
1166,123
1177,124
1178,124
1179,125
1180,125
1188,126
1189,126
1197,127
1198,127
1201,128
1202,128
1205,129
1206,129
1215,130
1216,130
1217,130
1218,130
1219,130
1220,130
1221,130
1340,130
1533,130
1534,130
1225,131
1226,131
1227,131
1331,131
1228,132
1229,132
1230,132
1231,132
1232,132
1233,132
1312,132
1241,133
1242,133
1244,134
1245,134
1246,135
1247,135
1248,136
1249,136
1250,137
1251,137
1252,137
1253,137
1255,138
1256,138
1288,138
1257,139
1258,139
1261,140
1262,140
1266,141
1267,141
1270,142
1271,142
1272,142
1318,142
1319,142
1320,142
1321,142
1459,142
1275,143
1276,143
1614,144
1615,144
1289,145
1290,145
1291,146
1292,146
1293,147
1294,147
1295,148
1296,148
1297,148
1298,148
1299,148
1300,148
1301,148
1302,148
1310,149
1311,149
1313,150
1314,150
1415,150
1416,150
1417,150
1526,150
1322,151
1323,151
1324,152
1325,152
1326,153
1327,153
1333,154
1334,154
1335,155
1336,155
1337,156
1338,156
1339,156
1508,156
1346,157
1347,157
1349,158
1350,158
1351,159
1352,159
1359,160
1360,160
1364,161
1365,161
1366,162
1367,162
1369,163
1370,163
1577,163
1375,164
1376,164
1377,165
1378,165
1379,166
1380,166
1385,167
1386,167
1387,167
1388,168
1389,168
1390,168
1391,168
1392,168
1393,168
1402,169
1403,169
1406,170
1407,170
1408,170
1493,170
1411,171
1412,171
1413,172
1414,172
1419,173
1420,173
1421,173
1422,173
1423,173
1426,174
1427,174
1431,175
1432,175
1434,176
1435,176
1442,177
1443,177
1447,178
1448,178
1449,179
1450,179
1503,179
1451,180
1452,180
1453,180
1457,181
1458,181
1461,182
1462,182
1464,183
1465,183
1605,183
1466,184
1467,184
1469,185
1470,185
1471,185
1472,186
1473,186
1476,187
1477,187
1478,188
1479,188
1480,189
1481,189
1483,190
1484,190
1485,190
1541,190
1540,190
1487,191
1488,191
1491,192
1492,192
1495,193
1496,193
1497,193
1504,194
1505,194
1506,195
1507,195
1510,196
1511,196
1513,197
1514,197
1515,198
1516,198
1517,199
1518,199
1519,200
1520,200
1527,201
1528,201
1536,202
1537,202
1545,203
1546,203
1547,204
1548,204
1549,205
1550,205
1552,206
1553,206
1555,207
1556,207
1599,207
1560,208
1561,208
1562,209
1563,209
1566,210
1567,210
1570,211
1571,211
1578,212
1579,212
0,1
1,1
2,1
3,1
4,1
5,1
6,2
7,2
8,2
9,2
10,2
986,2
987,2
1562,3
1563,3
1410,4
1005,4
391,4
380,4
115,4
300,4
101,4
102,4
103,4
104,4
105,4
106,4
107,4
108,4
109,4
110,4
111,4
112,4
113,4
114,4
116,4
117,4
118,4
119,4
120,4
121,4
122,4
123,4
124,4
125,4
193,4
489,4
270,4
194,4
271,4
272,4
273,4
274,4
275,4
276,4
379,4
277,4
278,4
279,4
280,4
283,4
284,4
285,4
381,4
287,4
288,4
170,4
289,4
290,4
291,4
385,4
386,4
292,4
293,4
294,4
490,4
295,4
296,4
298,4
301,4
174,4
302,4
303,4
175,4
389,4
304,4
305,4
491,4
223,4
306,4
492,4
493,4
308,4
176,4
309,4
226,4
310,4
494,4
311,4
200,4
497,4
526,4
527,4
500,4
528,4
198,4
639,4
201,4
202,4
203,4
204,4
205,4
206,4
207,4
208,4
941,4
210,4
211,4
212,4
641,4
213,4
214,4
822,4
215,4
216,4
217,4
219,4
220,4
221,4
222,4
644,4
390,4
942,4
943,4
228,4
229,4
231,4
232,4
989,4
281,4
282,4
951,4
553,4
171,4
866,4
829,4
387,4
867,4
830,4
645,4
869,4
646,4
406,4
286,4
297,4
499,4
828,4
949,4
405,4
254,4
640,4
952,4
897,4
1214,4
953,4
954,4
955,4
956,4
642,4
643,4
227,4
647,4
903,4
384,4
1061,4
218,4
1268,4
173,4
812,4
299,4
868,4
307,4
870,4
172,4
388,4
823,4
1494,4
230,4
1530,4
169,4
383,4
1372,4
177,4
696,4
191,4
192,4
195,4
196,4
197,4
199,4
209,4
224,4
225,4
376,4
377,4
378,4
382,4
495,4
496,4
498,4
698,4
699,4
700,4
701,4
749,4
750,4
887,4
888,4
1089,4
1167,4
1172,4
1173,4
1208,4
1374,4
1498,4
1558,4
1576,4
807,4
1354,4
1236,4
1355,4
268,4
269,4
434,4
435,4
436,4
697,4
765,4
990,4
991,4
992,4
1022,4
1023,4
1190,4
1207,4
1328,4
1329,4
900,4
1341,4
1418,4
1078,4
802,4
803,4
804,4
806,4
808,4
809,4
810,4
811,4
1344,4
1345,4
402,4
403,4
404,4
407,4
896,4
902,4
1129,4
1130,4
1254,4
1131,4
1132,4
551,4
552,4
560,4
561,4
1237,4
1051,4
1053,4
948,4
899,4
901,4
648,4
649,4
688,4
689,4
1050,4
1394,4
764,4
766,4
767,4
894,4
895,4
993,4
1332,4
1305,4
1616,4
819,4
1062,4
826,4
827,4
950,4
893,4
898,4
1587,4
1588,4
957,4
958,4
1424,4
988,4
1283,4
1048,4
1049,4
1052,4
1060,4
1118,4
1128,4
1160,4
1161,4
1501,4
1304,4
1362,4
1361,4
1404,4
1409,4
1430,4
1433,4
1445,4
1446,4
1500,4
1535,4
1565,4
1572,4
1598,4
18,5
19,5
20,5
21,5
1358,5
944,5
945,5
22,6
23,6
24,6
25,6
26,6
27,6
28,6
29,6
30,6
64,6
729,6
730,6
731,6
917,6
918,6
919,6
1122,6
920,6
1123,6
184,6
921,6
922,6
923,6
748,6
683,6
1186,6
1187,6
563,6
31,6
32,6
33,6
34,6
35,6
36,6
37,6
38,6
39,6
40,6
562,6
61,6
62,6
63,6
65,6
66,6
67,6
68,6
592,6
593,6
594,6
595,6
596,6
597,6
598,6
599,6
600,6
1184,6
1316,6
1425,6
178,6
179,6
180,6
181,6
182,6
183,6
185,6
186,6
187,6
188,6
189,6
190,6
468,6
469,6
470,6
471,6
472,6
473,6
474,6
475,6
1542,6
1543,6
1544,6
778,6
779,6
780,6
781,6
1595,6
739,6
740,6
741,6
742,6
743,6
744,6
745,6
746,6
747,6
678,6
676,6
776,6
1213,6
840,6
359,6
360,6
361,6
362,6
675,6
677,6
680,6
686,6
437,6
438,6
439,6
440,6
441,6
442,6
443,6
444,6
445,6
446,6
447,6
448,6
449,6
450,6
451,6
452,6
453,6
454,6
455,6
456,6
457,6
458,6
702,6
703,6
543,6
536,6
909,6
860,6
861,6
862,6
863,6
864,6
793,6
797,6
1243,6
1486,6
529,6
530,6
531,6
532,6
533,6
534,6
535,6
537,6
538,6
539,6
540,6
541,6
542,6
544,6
545,6
546,6
547,6
548,6
549,6
550,6
711,6
712,6
1105,6
1106,6
1584,6
653,6
654,6
655,6
656,6
657,6
658,6
659,6
660,6
661,6
662,6
663,6
664,6
665,6
666,6
667,6
668,6
669,6
670,6
671,6
672,6
673,6
674,6
679,6
681,6
682,6
684,6
685,6
687,6
1024,6
1025,6
1026,6
1185,6
1096,6
768,6
769,6
770,6
771,6
772,6
773,6
774,6
775,6
777,6
1330,6
1455,6
788,6
789,6
790,6
791,6
792,6
794,6
795,6
796,6
817,6
818,6
837,6
838,6
839,6
910,6
1196,6
859,6
884,6
885,6
889,6
916,6
968,6
969,6
970,6
971,6
972,6
973,6
974,6
983,6
1066,6
1127,6
1134,6
1181,6
1182,6
1183,6
1212,6
1373,6
1259,6
1260,6
1277,6
1278,6
1279,6
1280,6
1281,6
1282,6
1303,6
1395,6
1396,6
1397,6
1398,6
1621,6
1438,6
1454,6
1522,6
1524,6
1456,6
1463,6
1532,6
1580,6
1602,6
1617,6
1618,6
1570,7
1571,7
41,8
42,8
43,8
44,8
45,8
46,8
47,8
48,8
966,8
724,8
725,8
726,8
964,8
965,8
967,8
1482,8
49,9
50,9
51,9
52,9
53,9
1381,9
54,10
55,10
1400,10
1578,11
1579,11
58,12
59,12
60,12
1581,13
1582,13
1585,14
1586,14
69,15
70,15
71,15
72,15
73,15
74,15
75,15
76,15
77,15
78,15
79,15
80,15
81,15
82,15
83,15
84,15
85,15
86,15
509,15
612,15
507,15
255,15
256,15
257,15
258,15
508,15
260,15
261,15
510,15
511,15
264,15
512,15
265,15
266,15
267,15
513,15
1348,15
609,15
947,15
1603,15
95,15
96,15
152,15
153,15
154,15
1273,15
151,15
1371,15
1574,15
1575,15
613,15
879,15
880,15
881,15
882,15
883,15
162,15
163,15
164,15
165,15
166,15
167,15
244,15
245,15
246,15
247,15
248,15
249,15
250,15
251,15
252,15
253,15
259,15
262,15
263,15
504,15
505,15
506,15
608,15
946,15
610,15
611,15
614,15
805,15
392,15
522,15
575,15
576,15
577,15
578,15
579,15
580,15
581,15
604,15
605,15
606,15
607,15
636,15
865,15
871,15
872,15
873,15
874,15
875,15
876,15
877,15
878,15
1429,15
890,15
911,15
1045,15
1094,15
1269,15
1308,15
1440,15
1509,15
1538,15
87,16
88,16
89,16
90,16
91,16
92,16
93,16
94,16
761,16
1596,17
1597,17
97,18
98,18
99,18
100,18
126,19
127,19
128,20
129,20
130,20
131,20
132,20
133,20
134,20
135,20
136,20
137,20
138,20
139,20
140,20
141,20
142,20
143,20
1065,20
1284,20
905,20
1285,20
1286,20
1287,20
160,20
161,20
1137,20
155,20
156,20
157,20
158,20
159,20
168,20
904,20
1554,20
1017,20
1018,20
1019,20
1020,20
1021,20
1175,20
1176,20
1475,20
1063,20
1064,20
1082,20
1083,20
1084,20
1085,20
1204,20
1210,20
1126,20
1135,20
1136,20
1539,20
1203,20
1523,20
1609,21
1610,21
144,22
145,22
146,22
1441,22
147,23
148,23
149,24
150,24
1611,25
1612,25
1614,26
1615,26
233,27
234,27
1573,27
235,28
236,28
237,28
718,28
238,29
239,29
240,29
241,30
242,30
243,30
11,31
12,31
13,31
14,31
15,31
16,31
17,31
1428,31
1521,31
709,31
710,31
1195,31
56,31
57,31
1368,31
488,31
1114,31
1100,31
341,31
342,31
343,31
344,31
345,31
346,31
347,31
348,31
349,31
350,31
351,31
352,31
353,31
354,31
355,31
356,31
851,31
938,31
850,31
929,31
930,31
931,31
932,31
852,31
933,31
934,31
853,31
854,31
935,31
936,31
855,31
937,31
1307,31
373,31
374,31
375,31
462,31
463,31
481,31
482,31
483,31
484,31
485,31
1238,31
1239,31
1240,31
1007,31
486,31
487,31
623,31
1054,31
624,31
625,31
626,31
627,31
1055,31
1056,31
1356,31
1030,31
1099,31
1357,31
523,31
524,31
525,31
603,31
707,31
708,31
1600,31
1601,31
751,31
752,31
753,31
754,31
755,31
756,31
757,31
758,31
759,31
760,31
1192,31
841,31
842,31
843,31
844,31
1193,31
845,31
846,31
847,31
848,31
849,31
927,31
928,31
1040,31
1041,31
1042,31
1043,31
1044,31
1199,31
906,31
939,31
940,31
1006,31
1531,31
1027,31
1028,31
1029,31
1031,31
1121,31
1460,31
1032,31
1033,31
1034,31
1035,31
1036,31
1037,31
1038,31
1039,31
1264,31
1086,31
1097,31
1098,31
1401,31
1113,31
1115,31
1116,31
1117,31
1133,31
1144,31
1145,31
1146,31
1147,31
1148,31
1149,31
1150,31
1191,31
1194,31
1489,31
1529,31
1512,31
1222,31
1234,31
1235,31
1263,31
1265,31
1343,31
1569,31
1315,31
1317,31
1342,31
1383,31
1399,31
1525,31
1551,31
1592,31
1604,31
1606,31
312,32
313,32
314,32
315,32
316,33
317,33
1499,33
318,34
319,34
320,34
321,34
322,34
323,34
324,34
325,34
326,34
327,34
328,34
329,34
330,34
331,34
332,34
333,34
334,34
335,34
336,34
337,34
338,34
339,34
340,34
615,34
616,34
886,34
1200,34
784,34
1589,34
1566,35
1567,35
357,36
358,36
1559,36
363,37
364,37
365,38
366,38
367,39
368,39
1091,39
617,39
618,39
369,40
370,40
1014,40
691,40
690,40
371,41
372,41
393,42
394,42
395,43
396,43
397,43
398,43
399,43
400,43
401,43
1095,43
1363,43
1468,43
408,44
409,44
410,44
411,44
412,44
413,44
414,44
415,44
416,44
417,44
418,44
419,44
420,44
421,44
422,44
423,44
424,44
425,44
426,44
427,44
428,44
429,44
430,44
431,44
432,44
433,44
650,44
651,44
652,44
1382,44
1590,45
1591,45
1613,45
459,46
460,46
461,46
1174,46
1593,47
1594,47
464,48
465,48
466,49
467,49
476,50
477,50
478,50
479,50
480,50
501,51
502,51
503,51
514,52
515,52
516,52
517,52
518,52
519,52
520,53
521,53
554,54
555,54
556,54
557,54
558,54
559,54
813,54
814,54
1444,54
564,55
565,55
566,55
628,55
1568,55
567,56
568,56
569,56
570,56
571,56
572,56
573,56
574,56
582,57
583,57
584,57
585,57
586,57
1151,57
587,58
588,58
589,58
590,58
591,58
713,58
714,58
715,58
716,58
717,58
1171,58
601,59
602,59
619,60
620,60
621,60
622,60
629,61
630,61
631,61
632,61
633,61
634,61
635,61
1557,61
637,62
638,62
692,63
693,63
694,63
695,63
704,64
705,64
706,64
719,65
720,65
721,65
722,65
723,65
1309,65
1108,65
1107,65
727,66
728,66
732,67
733,67
734,67
735,67
736,67
737,67
738,67
762,68
763,68
782,69
783,69
785,70
786,70
787,70
1405,70
798,71
799,71
800,71
801,71
815,72
816,72
820,73
821,73
824,74
825,74
831,75
832,75
833,75
834,75
835,75
836,75
856,76
857,76
858,76
891,77
892,77
907,78
908,78
912,79
913,79
914,79
915,79
1090,79
1608,79
924,80
925,80
926,80
959,81
960,81
961,81
962,82
963,82
975,83
976,83
1384,83
977,84
978,84
979,85
980,85
1274,85
981,86
982,86
1474,86
984,87
985,87
994,88
995,88
1353,88
996,89
997,89
1223,89
1224,89
1008,89
1009,89
1010,89
1011,89
1012,89
1013,89
1502,89
1564,89
1057,89
1607,89
998,90
999,90
1000,91
1001,91
1002,91
1003,92
1004,92
1169,92
1209,92
1170,92
1168,92
1015,93
1016,93
1619,94
1620,94
1046,95
1047,95
1058,96
1059,96
1067,97
1068,97
1069,97
1211,97
1070,98
1071,98
1072,98
1073,98
1074,98
1124,98
1125,98
1075,99
1076,99
1077,99
1583,99
1079,100
1080,100
1081,100
1087,101
1088,101
1092,102
1093,102
1101,103
1102,103
1103,104
1104,104
1109,105
1110,105
1111,106
1112,106
1119,107
1120,107
1138,108
1139,108
1140,109
1141,109
1439,109
1490,109
1142,110
1143,110
1152,111
1153,111
1154,112
1155,112
1306,112
1436,112
1437,112
1156,113
1157,113
1158,114
1159,114
1162,115
1163,115
1164,116
1165,116
1166,116
1177,117
1178,117
1179,118
1180,118
1188,119
1189,119
1197,120
1198,120
1201,121
1202,121
1205,122
1206,122
1215,123
1216,123
1217,123
1218,123
1219,123
1220,123
1221,123
1340,123
1533,123
1534,123
1225,124
1226,124
1227,124
1331,124
1228,125
1229,125
1230,125
1231,125
1232,125
1233,125
1312,125
1241,126
1242,126
1244,127
1245,127
1246,128
1247,128
1248,129
1249,129
1250,130
1251,130
1252,130
1253,130
1255,131
1256,131
1288,131
1257,132
1258,132
1261,133
1262,133
1266,134
1267,134
1270,135
1271,135
1272,135
1318,135
1319,135
1320,135
1321,135
1459,135
1275,136
1276,136
1289,137
1290,137
1291,138
1292,138
1293,139
1294,139
1295,140
1296,140
1297,140
1298,140
1299,140
1300,140
1301,140
1302,140
1310,141
1311,141
1313,142
1314,142
1415,142
1416,142
1417,142
1526,142
1322,143
1323,143
1324,144
1325,144
1326,145
1327,145
1333,146
1334,146
1335,147
1336,147
1337,148
1338,148
1339,148
1508,148
1346,149
1347,149
1349,150
1350,150
1351,151
1352,151
1359,152
1360,152
1364,153
1365,153
1366,154
1367,154
1369,155
1370,155
1577,155
1375,156
1376,156
1377,157
1378,157
1379,158
1380,158
1385,159
1386,159
1387,159
1388,160
1389,160
1390,160
1391,160
1392,160
1393,160
1402,161
1403,161
1406,162
1407,162
1408,162
1493,162
1411,163
1412,163
1413,164
1414,164
1419,165
1420,165
1421,165
1422,165
1423,165
1426,166
1427,166
1431,167
1432,167
1434,168
1435,168
1442,169
1443,169
1447,170
1448,170
1449,171
1450,171
1503,171
1451,172
1452,172
1453,172
1457,173
1458,173
1461,174
1462,174
1464,175
1465,175
1605,175
1466,176
1467,176
1469,177
1470,177
1471,177
1472,178
1473,178
1476,179
1477,179
1478,180
1479,180
1480,181
1481,181
1483,182
1484,182
1485,182
1541,182
1540,182
1487,183
1488,183
1491,184
1492,184
1495,185
1496,185
1497,185
1504,186
1505,186
1506,187
1507,187
1510,188
1511,188
1513,189
1514,189
1515,190
1516,190
1517,191
1518,191
1519,192
1520,192
1527,193
1528,193
1536,194
1537,194
1545,195
1546,195
1547,196
1548,196
1549,197
1550,197
1552,198
1553,198
1555,199
1556,199
1599,199
1560,200
1561,200
0,1
1,1
2,1
3,1
4,1
5,1
6,2
7,2
8,2
9,2
10,2
986,2
987,2
1555,3
1556,3
1599,3
11,4
12,4
13,4
14,4
15,4
16,4
17,4
1410,4
1005,4
1428,4
1521,4
709,4
710,4
1195,4
391,4
56,4
57,4
1368,4
69,4
70,4
71,4
72,4
73,4
74,4
75,4
76,4
77,4
78,4
79,4
80,4
81,4
82,4
83,4
84,4
85,4
86,4
380,4
509,4
612,4
507,4
255,4
256,4
257,4
258,4
508,4
260,4
261,4
510,4
511,4
264,4
512,4
265,4
266,4
267,4
513,4
1348,4
609,4
947,4
1603,4
95,4
96,4
488,4
115,4
152,4
153,4
300,4
154,4
1273,4
101,4
102,4
103,4
104,4
105,4
106,4
107,4
108,4
109,4
110,4
111,4
112,4
113,4
114,4
116,4
117,4
118,4
119,4
120,4
121,4
122,4
123,4
124,4
125,4
193,4
489,4
270,4
194,4
271,4
272,4
273,4
274,4
275,4
276,4
379,4
277,4
278,4
279,4
280,4
283,4
284,4
285,4
381,4
287,4
288,4
170,4
289,4
290,4
291,4
385,4
386,4
292,4
293,4
294,4
490,4
295,4
296,4
298,4
301,4
174,4
302,4
303,4
175,4
389,4
304,4
305,4
491,4
223,4
306,4
492,4
493,4
308,4
176,4
309,4
226,4
310,4
494,4
311,4
200,4
497,4
526,4
527,4
500,4
528,4
198,4
639,4
201,4
202,4
203,4
204,4
205,4
206,4
207,4
208,4
941,4
210,4
211,4
212,4
641,4
213,4
214,4
822,4
215,4
216,4
217,4
219,4
220,4
221,4
222,4
644,4
390,4
942,4
943,4
228,4
229,4
231,4
232,4
989,4
281,4
282,4
951,4
553,4
171,4
866,4
829,4
387,4
867,4
830,4
645,4
869,4
646,4
406,4
286,4
297,4
499,4
828,4
949,4
405,4
254,4
640,4
952,4
897,4
1214,4
953,4
954,4
955,4
956,4
642,4
643,4
227,4
647,4
903,4
384,4
1061,4
218,4
1268,4
173,4
812,4
299,4
868,4
307,4
870,4
172,4
388,4
823,4
1494,4
230,4
1530,4
128,4
129,4
130,4
131,4
132,4
133,4
134,4
135,4
136,4
137,4
138,4
139,4
140,4
141,4
142,4
143,4
1065,4
1284,4
905,4
1285,4
1286,4
1287,4
160,4
161,4
1137,4
151,4
1371,4
1574,4
1575,4
613,4
879,4
880,4
881,4
882,4
883,4
155,4
156,4
157,4
158,4
159,4
162,4
163,4
164,4
165,4
166,4
167,4
168,4
169,4
383,4
1372,4
177,4
696,4
191,4
192,4
195,4
196,4
197,4
199,4
209,4
224,4
225,4
376,4
377,4
378,4
382,4
495,4
496,4
498,4
698,4
699,4
700,4
701,4
749,4
750,4
887,4
888,4
1089,4
1167,4
1172,4
1173,4
1208,4
1374,4
1498,4
1558,4
1576,4
244,4
245,4
246,4
247,4
248,4
249,4
250,4
251,4
252,4
253,4
259,4
262,4
263,4
504,4
505,4
506,4
608,4
946,4
610,4
611,4
807,4
1354,4
1236,4
1355,4
614,4
268,4
269,4
434,4
435,4
436,4
697,4
765,4
990,4
991,4
992,4
1022,4
1023,4
1190,4
1207,4
1328,4
1329,4
900,4
1114,4
1341,4
1418,4
1100,4
1078,4
373,4
374,4
375,4
802,4
803,4
804,4
805,4
806,4
808,4
809,4
810,4
811,4
1344,4
1345,4
392,4
402,4
403,4
404,4
407,4
896,4
408,4
409,4
410,4
411,4
412,4
413,4
414,4
415,4
416,4
417,4
418,4
419,4
420,4
421,4
422,4
423,4
424,4
425,4
426,4
427,4
428,4
429,4
430,4
431,4
432,4
433,4
650,4
651,4
652,4
1382,4
462,4
463,4
481,4
482,4
483,4
484,4
485,4
1238,4
1239,4
1240,4
1007,4
486,4
487,4
623,4
1054,4
624,4
625,4
626,4
627,4
1055,4
1056,4
1356,4
1030,4
1099,4
1357,4
902,4
1129,4
1130,4
1254,4
1131,4
1132,4
522,4
523,4
524,4
525,4
551,4
552,4
560,4
561,4
1237,4
575,4
576,4
577,4
578,4
579,4
580,4
581,4
582,4
583,4
584,4
585,4
586,4
603,4
604,4
605,4
606,4
607,4
1051,4
1053,4
636,4
948,4
899,4
901,4
648,4
649,4
688,4
689,4
1050,4
1394,4
707,4
708,4
1600,4
1601,4
764,4
766,4
767,4
894,4
895,4
993,4
1332,4
1305,4
1192,4
1616,4
819,4
1062,4
826,4
827,4
950,4
841,4
842,4
843,4
844,4
1193,4
865,4
871,4
872,4
873,4
874,4
875,4
876,4
877,4
878,4
1429,4
890,4
893,4
898,4
904,4
1554,4
911,4
1587,4
1588,4
957,4
958,4
1424,4
988,4
1283,4
1006,4
1531,4
1017,4
1018,4
1019,4
1020,4
1021,4
1175,4
1176,4
1475,4
1027,4
1028,4
1029,4
1031,4
1121,4
1460,4
1045,4
1048,4
1049,4
1052,4
1060,4
1063,4
1064,4
1082,4
1083,4
1084,4
1085,4
1204,4
1210,4
1086,4
1094,4
1097,4
1098,4
1401,4
1113,4
1118,4
1126,4
1128,4
1133,4
1135,4
1136,4
1144,4
1145,4
1146,4
1147,4
1148,4
1149,4
1150,4
1151,4
1160,4
1161,4
1539,4
1191,4
1194,4
1489,4
1529,4
1203,4
1501,4
1222,4
1234,4
1235,4
1269,4
1523,4
1304,4
1308,4
1315,4
1317,4
1362,4
1361,4
1383,4
1404,4
1409,4
1430,4
1433,4
1440,4
1445,4
1446,4
1500,4
1509,4
1525,4
1535,4
1538,4
1551,4
1565,4
1572,4
1592,4
1598,4
1604,4
1606,4
18,5
19,5
20,5
21,5
1358,5
944,5
945,5
22,6
23,6
24,6
25,6
26,6
27,6
28,6
29,6
30,6
64,6
729,6
730,6
731,6
917,6
918,6
919,6
1122,6
920,6
1123,6
184,6
921,6
922,6
923,6
748,6
683,6
1186,6
1187,6
563,6
31,6
32,6
33,6
34,6
35,6
36,6
37,6
38,6
39,6
40,6
562,6
61,6
62,6
63,6
65,6
66,6
67,6
68,6
592,6
593,6
594,6
595,6
596,6
597,6
598,6
599,6
600,6
1184,6
1316,6
1425,6
178,6
179,6
180,6
181,6
182,6
183,6
185,6
186,6
187,6
188,6
189,6
190,6
468,6
469,6
470,6
471,6
472,6
473,6
474,6
475,6
1542,6
1543,6
1544,6
778,6
779,6
780,6
781,6
1595,6
739,6
740,6
741,6
742,6
743,6
744,6
745,6
746,6
747,6
678,6
676,6
776,6
1213,6
840,6
359,6
360,6
361,6
362,6
675,6
677,6
680,6
686,6
437,6
438,6
439,6
440,6
441,6
442,6
443,6
444,6
445,6
446,6
447,6
448,6
449,6
450,6
451,6
452,6
453,6
454,6
455,6
456,6
457,6
458,6
702,6
703,6
543,6
536,6
909,6
860,6
861,6
862,6
863,6
864,6
793,6
797,6
1243,6
1486,6
529,6
530,6
531,6
532,6
533,6
534,6
535,6
537,6
538,6
539,6
540,6
541,6
542,6
544,6
545,6
546,6
547,6
548,6
549,6
550,6
711,6
712,6
1105,6
1106,6
1584,6
653,6
654,6
655,6
656,6
657,6
658,6
659,6
660,6
661,6
662,6
663,6
664,6
665,6
666,6
667,6
668,6
669,6
670,6
671,6
672,6
673,6
674,6
679,6
681,6
682,6
684,6
685,6
687,6
1024,6
1025,6
1026,6
1185,6
1096,6
768,6
769,6
770,6
771,6
772,6
773,6
774,6
775,6
777,6
1330,6
1455,6
788,6
789,6
790,6
791,6
792,6
794,6
795,6
796,6
817,6
818,6
837,6
838,6
839,6
910,6
1196,6
859,6
884,6
885,6
889,6
916,6
968,6
969,6
970,6
971,6
972,6
973,6
974,6
983,6
1032,6
1033,6
1034,6
1035,6
1036,6
1037,6
1038,6
1039,6
1264,6
1066,6
1115,6
1116,6
1117,6
1127,6
1134,6
1181,6
1182,6
1183,6
1212,6
1373,6
1259,6
1260,6
1263,6
1265,6
1343,6
1569,6
1277,6
1278,6
1279,6
1280,6
1281,6
1282,6
1303,6
1342,6
1395,6
1396,6
1397,6
1398,6
1621,6
1399,6
1438,6
1454,6
1522,6
1524,6
1456,6
1463,6
1532,6
1580,6
1602,6
1617,6
1618,6
1562,7
1563,7
1566,8
1567,8
41,9
42,9
43,9
44,9
45,9
46,9
47,9
48,9
966,9
724,9
725,9
726,9
964,9
965,9
967,9
1482,9
49,10
50,10
51,10
52,10
53,10
1381,10
54,11
55,11
1400,11
1578,12
1579,12
58,13
59,13
60,13
1585,14
1586,14
1590,15
1591,15
1613,15
87,16
88,16
89,16
90,16
91,16
92,16
93,16
94,16
761,16
1593,17
1594,17
1596,18
1597,18
97,19
98,19
99,19
100,19
126,20
127,20
1609,21
1610,21
1611,22
1612,22
144,23
145,23
146,23
1441,23
147,24
148,24
149,25
150,25
1614,26
1615,26
233,27
234,27
1573,27
235,28
236,28
237,28
718,28
238,29
239,29
240,29
241,30
242,30
243,30
312,31
313,31
314,31
315,31
316,32
317,32
1499,32
318,33
319,33
320,33
321,33
322,33
323,33
324,33
325,33
326,33
327,33
328,33
329,33
330,33
331,33
332,33
333,33
334,33
335,33
336,33
337,33
338,33
339,33
340,33
615,33
616,33
886,33
1200,33
784,33
1589,33
341,34
342,34
343,34
344,34
345,34
346,34
347,34
348,34
349,34
350,34
351,34
352,34
353,34
354,34
355,34
356,34
851,34
938,34
850,34
929,34
930,34
931,34
932,34
852,34
933,34
934,34
853,34
854,34
935,34
936,34
855,34
937,34
1307,34
751,34
752,34
753,34
754,34
755,34
756,34
757,34
758,34
759,34
760,34
845,34
846,34
847,34
848,34
849,34
927,34
928,34
1040,34
1041,34
1042,34
1043,34
1044,34
1199,34
906,34
939,34
940,34
1512,34
357,35
358,35
1559,35
363,36
364,36
365,37
366,37
367,38
368,38
1091,38
617,38
618,38
369,39
370,39
1014,39
691,39
690,39
371,40
372,40
393,41
394,41
395,42
396,42
397,42
398,42
399,42
400,42
401,42
1095,42
1363,42
1468,42
1570,43
1571,43
459,44
460,44
461,44
1174,44
1581,45
1582,45
464,46
465,46
466,47
467,47
476,48
477,48
478,48
479,48
480,48
501,49
502,49
503,49
514,50
515,50
516,50
517,50
518,50
519,50
520,51
521,51
554,52
555,52
556,52
557,52
558,52
559,52
813,52
814,52
1444,52
564,53
565,53
566,53
628,53
1568,53
567,54
568,54
569,54
570,54
571,54
572,54
573,54
574,54
587,55
588,55
589,55
590,55
591,55
713,55
714,55
715,55
716,55
717,55
1171,55
601,56
602,56
619,57
620,57
621,57
622,57
629,58
630,58
631,58
632,58
633,58
634,58
635,58
1557,58
637,59
638,59
692,60
693,60
694,60
695,60
704,61
705,61
706,61
719,62
720,62
721,62
722,62
723,62
1309,62
1108,62
1107,62
727,63
728,63
732,64
733,64
734,64
735,64
736,64
737,64
738,64
762,65
763,65
782,66
783,66
785,67
786,67
787,67
1405,67
798,68
799,68
800,68
801,68
815,69
816,69
820,70
821,70
824,71
825,71
831,72
832,72
833,72
834,72
835,72
836,72
856,73
857,73
858,73
891,74
892,74
907,75
908,75
912,76
913,76
914,76
915,76
1090,76
1608,76
924,77
925,77
926,77
959,78
960,78
961,78
962,79
963,79
975,80
976,80
1384,80
977,81
978,81
979,82
980,82
1274,82
981,83
982,83
1474,83
984,84
985,84
994,85
995,85
1353,85
996,86
997,86
1223,86
1224,86
1008,86
1009,86
1010,86
1011,86
1012,86
1013,86
1502,86
1564,86
1057,86
1607,86
998,87
999,87
1000,88
1001,88
1002,88
1003,89
1004,89
1169,89
1209,89
1170,89
1168,89
1015,90
1016,90
1619,91
1620,91
1046,92
1047,92
1058,93
1059,93
1067,94
1068,94
1069,94
1211,94
1070,95
1071,95
1072,95
1073,95
1074,95
1124,95
1125,95
1075,96
1076,96
1077,96
1583,96
1079,97
1080,97
1081,97
1087,98
1088,98
1092,99
1093,99
1101,100
1102,100
1103,101
1104,101
1109,102
1110,102
1111,103
1112,103
1119,104
1120,104
1138,105
1139,105
1140,106
1141,106
1439,106
1490,106
1142,107
1143,107
1152,108
1153,108
1154,109
1155,109
1306,109
1436,109
1437,109
1156,110
1157,110
1158,111
1159,111
1162,112
1163,112
1164,113
1165,113
1166,113
1177,114
1178,114
1179,115
1180,115
1188,116
1189,116
1197,117
1198,117
1201,118
1202,118
1205,119
1206,119
1215,120
1216,120
1217,120
1218,120
1219,120
1220,120
1221,120
1340,120
1533,120
1534,120
1225,121
1226,121
1227,121
1331,121
1228,122
1229,122
1230,122
1231,122
1232,122
1233,122
1312,122
1241,123
1242,123
1244,124
1245,124
1246,125
1247,125
1248,126
1249,126
1250,127
1251,127
1252,127
1253,127
1255,128
1256,128
1288,128
1257,129
1258,129
1261,130
1262,130
1266,131
1267,131
1270,132
1271,132
1272,132
1318,132
1319,132
1320,132
1321,132
1459,132
1275,133
1276,133
1560,134
1561,134
1289,135
1290,135
1291,136
1292,136
1293,137
1294,137
1295,138
1296,138
1297,138
1298,138
1299,138
1300,138
1301,138
1302,138
1310,139
1311,139
1313,140
1314,140
1415,140
1416,140
1417,140
1526,140
1322,141
1323,141
1324,142
1325,142
1326,143
1327,143
1333,144
1334,144
1335,145
1336,145
1337,146
1338,146
1339,146
1508,146
1346,147
1347,147
1349,148
1350,148
1351,149
1352,149
1359,150
1360,150
1364,151
1365,151
1366,152
1367,152
1369,153
1370,153
1577,153
1375,154
1376,154
1377,155
1378,155
1379,156
1380,156
1385,157
1386,157
1387,157
1388,158
1389,158
1390,158
1391,158
1392,158
1393,158
1402,159
1403,159
1406,160
1407,160
1408,160
1493,160
1411,161
1412,161
1413,162
1414,162
1419,163
1420,163
1421,163
1422,163
1423,163
1426,164
1427,164
1431,165
1432,165
1434,166
1435,166
1442,167
1443,167
1447,168
1448,168
1449,169
1450,169
1503,169
1451,170
1452,170
1453,170
1457,171
1458,171
1461,172
1462,172
1464,173
1465,173
1605,173
1466,174
1467,174
1469,175
1470,175
1471,175
1472,176
1473,176
1476,177
1477,177
1478,178
1479,178
1480,179
1481,179
1483,180
1484,180
1485,180
1541,180
1540,180
1487,181
1488,181
1491,182
1492,182
1495,183
1496,183
1497,183
1504,184
1505,184
1506,185
1507,185
1510,186
1511,186
1513,187
1514,187
1515,188
1516,188
1517,189
1518,189
1519,190
1520,190
1527,191
1528,191
1536,192
1537,192
1545,193
1546,193
1547,194
1548,194
1549,195
1550,195
1552,196
1553,196
0,1
1,1
2,1
3,1
4,1
5,1
6,2
7,2
8,2
9,2
10,2
986,2
987,2
11,3
12,3
13,3
14,3
15,3
16,3
17,3
1410,3
1005,3
1428,3
1521,3
709,3
710,3
1195,3
391,3
22,3
23,3
24,3
25,3
26,3
27,3
28,3
29,3
30,3
64,3
729,3
730,3
731,3
917,3
918,3
919,3
1122,3
920,3
1123,3
184,3
921,3
922,3
923,3
748,3
683,3
1186,3
1187,3
563,3
31,3
32,3
33,3
34,3
35,3
36,3
37,3
38,3
39,3
40,3
562,3
56,3
57,3
1368,3
61,3
62,3
63,3
65,3
66,3
67,3
68,3
592,3
593,3
594,3
595,3
596,3
597,3
598,3
599,3
600,3
1184,3
1316,3
1425,3
69,3
70,3
71,3
72,3
73,3
74,3
75,3
76,3
77,3
78,3
79,3
80,3
81,3
82,3
83,3
84,3
85,3
86,3
380,3
509,3
612,3
507,3
255,3
256,3
257,3
258,3
508,3
260,3
261,3
510,3
511,3
264,3
512,3
265,3
266,3
267,3
513,3
1348,3
609,3
947,3
1603,3
95,3
96,3
488,3
115,3
152,3
153,3
300,3
154,3
1273,3
101,3
102,3
103,3
104,3
105,3
106,3
107,3
108,3
109,3
110,3
111,3
112,3
113,3
114,3
116,3
117,3
118,3
119,3
120,3
121,3
122,3
123,3
124,3
125,3
193,3
489,3
270,3
194,3
271,3
272,3
273,3
274,3
275,3
276,3
379,3
277,3
278,3
279,3
280,3
283,3
284,3
285,3
381,3
287,3
288,3
170,3
289,3
290,3
291,3
385,3
386,3
292,3
293,3
294,3
490,3
295,3
296,3
298,3
301,3
174,3
302,3
303,3
175,3
389,3
304,3
305,3
491,3
223,3
306,3
492,3
493,3
308,3
176,3
309,3
226,3
310,3
494,3
311,3
200,3
497,3
526,3
527,3
500,3
528,3
198,3
639,3
201,3
202,3
203,3
204,3
205,3
206,3
207,3
208,3
941,3
210,3
211,3
212,3
641,3
213,3
214,3
822,3
215,3
216,3
217,3
219,3
220,3
221,3
222,3
644,3
390,3
942,3
943,3
228,3
229,3
231,3
232,3
989,3
281,3
282,3
951,3
553,3
171,3
866,3
829,3
387,3
867,3
830,3
645,3
869,3
646,3
406,3
286,3
297,3
499,3
828,3
949,3
405,3
254,3
640,3
952,3
897,3
1214,3
953,3
954,3
955,3
956,3
642,3
643,3
227,3
647,3
903,3
384,3
1061,3
218,3
1268,3
173,3
812,3
299,3
868,3
307,3
870,3
172,3
388,3
823,3
1494,3
230,3
1530,3
128,3
129,3
130,3
131,3
132,3
133,3
134,3
135,3
136,3
137,3
138,3
139,3
140,3
141,3
142,3
143,3
1065,3
1284,3
905,3
1285,3
1286,3
1287,3
160,3
161,3
1137,3
151,3
1371,3
1574,3
1575,3
613,3
879,3
880,3
881,3
882,3
883,3
155,3
156,3
157,3
158,3
159,3
162,3
163,3
164,3
165,3
166,3
167,3
168,3
169,3
383,3
1372,3
177,3
178,3
179,3
180,3
181,3
182,3
183,3
185,3
186,3
187,3
188,3
189,3
190,3
468,3
469,3
470,3
471,3
472,3
473,3
474,3
475,3
1542,3
1543,3
1544,3
778,3
779,3
780,3
781,3
1595,3
696,3
739,3
740,3
741,3
742,3
743,3
744,3
745,3
746,3
747,3
678,3
676,3
191,3
192,3
195,3
196,3
197,3
199,3
209,3
224,3
225,3
376,3
377,3
378,3
382,3
495,3
496,3
498,3
698,3
699,3
700,3
701,3
749,3
750,3
887,3
888,3
1089,3
1167,3
1172,3
1173,3
1208,3
776,3
1374,3
1498,3
1558,3
1576,3
244,3
245,3
246,3
247,3
248,3
249,3
250,3
251,3
252,3
253,3
259,3
262,3
263,3
504,3
505,3
506,3
608,3
946,3
610,3
611,3
1213,3
807,3
1354,3
1236,3
840,3
1355,3
614,3
268,3
269,3
434,3
435,3
436,3
697,3
765,3
990,3
991,3
992,3
1022,3
1023,3
1190,3
1207,3
1328,3
1329,3
900,3
1114,3
1341,3
1418,3
1100,3
1078,3
318,3
319,3
320,3
321,3
322,3
323,3
324,3
325,3
326,3
327,3
328,3
329,3
330,3
331,3
332,3
333,3
334,3
335,3
336,3
337,3
338,3
339,3
340,3
615,3
616,3
886,3
341,3
342,3
343,3
344,3
345,3
346,3
347,3
348,3
349,3
350,3
351,3
352,3
353,3
354,3
355,3
356,3
851,3
938,3
850,3
929,3
930,3
931,3
932,3
852,3
933,3
934,3
853,3
854,3
935,3
936,3
855,3
937,3
1307,3
359,3
360,3
361,3
362,3
675,3
677,3
680,3
686,3
373,3
374,3
375,3
802,3
803,3
804,3
805,3
806,3
808,3
809,3
810,3
811,3
1344,3
1345,3
392,3
402,3
403,3
404,3
407,3
896,3
408,3
409,3
410,3
411,3
412,3
413,3
414,3
415,3
416,3
417,3
418,3
419,3
420,3
421,3
422,3
423,3
424,3
425,3
426,3
427,3
428,3
429,3
430,3
431,3
432,3
433,3
650,3
651,3
652,3
1382,3
437,3
438,3
439,3
440,3
441,3
442,3
443,3
444,3
445,3
446,3
447,3
448,3
449,3
450,3
451,3
452,3
453,3
454,3
455,3
456,3
457,3
458,3
702,3
703,3
543,3
536,3
909,3
462,3
463,3
860,3
861,3
862,3
863,3
864,3
793,3
797,3
1243,3
1486,3
481,3
482,3
483,3
484,3
485,3
1238,3
1239,3
1240,3
1007,3
486,3
487,3
623,3
1054,3
624,3
625,3
626,3
627,3
1055,3
1056,3
1356,3
1030,3
1099,3
1357,3
902,3
1129,3
1130,3
1254,3
1131,3
1132,3
522,3
523,3
524,3
525,3
529,3
530,3
531,3
532,3
533,3
534,3
535,3
537,3
538,3
539,3
540,3
541,3
542,3
544,3
545,3
546,3
547,3
548,3
549,3
550,3
711,3
712,3
1105,3
1106,3
551,3
552,3
560,3
561,3
1237,3
575,3
576,3
577,3
578,3
579,3
580,3
581,3
582,3
583,3
584,3
585,3
586,3
1584,3
603,3
604,3
605,3
606,3
607,3
1051,3
1053,3
1200,3
636,3
948,3
899,3
901,3
648,3
649,3
653,3
654,3
655,3
656,3
657,3
658,3
659,3
660,3
661,3
662,3
663,3
664,3
665,3
666,3
667,3
668,3
669,3
670,3
671,3
672,3
673,3
674,3
679,3
681,3
682,3
684,3
685,3
687,3
1024,3
1025,3
1026,3
688,3
689,3
1050,3
1394,3
707,3
708,3
1600,3
1601,3
1185,3
1096,3
751,3
752,3
753,3
754,3
755,3
756,3
757,3
758,3
759,3
760,3
764,3
766,3
767,3
894,3
895,3
768,3
769,3
770,3
771,3
772,3
773,3
774,3
775,3
777,3
1330,3
1455,3
784,3
788,3
789,3
790,3
791,3
792,3
794,3
795,3
796,3
993,3
1332,3
1305,3
1192,3
1616,3
817,3
818,3
819,3
1062,3
826,3
827,3
950,3
837,3
838,3
839,3
910,3
1196,3
841,3
842,3
843,3
844,3
1193,3
845,3
846,3
847,3
848,3
849,3
927,3
928,3
1040,3
1041,3
1042,3
1043,3
1044,3
1199,3
859,3
865,3
871,3
872,3
873,3
874,3
875,3
876,3
877,3
878,3
1429,3
884,3
885,3
889,3
890,3
893,3
898,3
904,3
1554,3
906,3
911,3
916,3
939,3
940,3
1587,3
1588,3
957,3
958,3
1424,3
968,3
969,3
970,3
971,3
972,3
973,3
974,3
983,3
988,3
1283,3
1006,3
1531,3
1017,3
1018,3
1019,3
1020,3
1021,3
1175,3
1176,3
1475,3
1027,3
1028,3
1029,3
1031,3
1121,3
1460,3
1032,3
1033,3
1034,3
1035,3
1036,3
1037,3
1038,3
1039,3
1264,3
1045,3
1048,3
1049,3
1052,3
1060,3
1063,3
1064,3
1066,3
1082,3
1083,3
1084,3
1085,3
1204,3
1210,3
1086,3
1094,3
1097,3
1098,3
1401,3
1113,3
1115,3
1116,3
1117,3
1118,3
1126,3
1127,3
1128,3
1133,3
1134,3
1135,3
1136,3
1144,3
1145,3
1146,3
1147,3
1148,3
1149,3
1150,3
1151,3
1160,3
1161,3
1539,3
1181,3
1182,3
1183,3
1191,3
1194,3
1489,3
1529,3
1512,3
1203,3
1212,3
1373,3
1501,3
1222,3
1234,3
1235,3
1259,3
1260,3
1263,3
1265,3
1343,3
1569,3
1269,3
1277,3
1278,3
1279,3
1280,3
1281,3
1282,3
1523,3
1303,3
1304,3
1308,3
1315,3
1317,3
1342,3
1362,3
1361,3
1383,3
1395,3
1396,3
1397,3
1398,3
1621,3
1399,3
1404,3
1409,3
1430,3
1433,3
1438,3
1440,3
1445,3
1446,3
1454,3
1522,3
1524,3
1456,3
1463,3
1500,3
1509,3
1525,3
1532,3
1535,3
1538,3
1551,3
1565,3
1572,3
1580,3
1589,3
1592,3
1598,3
1602,3
1604,3
1606,3
1617,3
1618,3
18,4
19,4
20,4
21,4
1358,4
944,4
945,4
1619,5
1620,5
41,6
42,6
43,6
44,6
45,6
46,6
47,6
48,6
966,6
724,6
725,6
726,6
964,6
965,6
967,6
1482,6
49,7
50,7
51,7
52,7
53,7
1381,7
54,8
55,8
1400,8
58,9
59,9
60,9
87,10
88,10
89,10
90,10
91,10
92,10
93,10
94,10
761,10
97,11
98,11
99,11
100,11
126,12
127,12
144,13
145,13
146,13
1441,13
147,14
148,14
149,15
150,15
233,16
234,16
1573,16
235,17
236,17
237,17
718,17
238,18
239,18
240,18
241,19
242,19
243,19
312,20
313,20
314,20
315,20
316,21
317,21
1499,21
357,22
358,22
1559,22
363,23
364,23
365,24
366,24
367,25
368,25
1091,25
617,25
618,25
369,26
370,26
1014,26
691,26
690,26
371,27
372,27
393,28
394,28
395,29
396,29
397,29
398,29
399,29
400,29
401,29
1095,29
1363,29
1468,29
459,30
460,30
461,30
1174,30
464,31
465,31
466,32
467,32
476,33
477,33
478,33
479,33
480,33
501,34
502,34
503,34
514,35
515,35
516,35
517,35
518,35
519,35
520,36
521,36
554,37
555,37
556,37
557,37
558,37
559,37
813,37
814,37
1444,37
564,38
565,38
566,38
628,38
1568,38
567,39
568,39
569,39
570,39
571,39
572,39
573,39
574,39
587,40
588,40
589,40
590,40
591,40
713,40
714,40
715,40
716,40
717,40
1171,40
601,41
602,41
619,42
620,42
621,42
622,42
629,43
630,43
631,43
632,43
633,43
634,43
635,43
1557,43
637,44
638,44
692,45
693,45
694,45
695,45
704,46
705,46
706,46
719,47
720,47
721,47
722,47
723,47
1309,47
1108,47
1107,47
727,48
728,48
732,49
733,49
734,49
735,49
736,49
737,49
738,49
762,50
763,50
782,51
783,51
785,52
786,52
787,52
1405,52
798,53
799,53
800,53
801,53
815,54
816,54
820,55
821,55
824,56
825,56
831,57
832,57
833,57
834,57
835,57
836,57
856,58
857,58
858,58
891,59
892,59
907,60
908,60
912,61
913,61
914,61
915,61
1090,61
1608,61
924,62
925,62
926,62
959,63
960,63
961,63
962,64
963,64
975,65
976,65
1384,65
977,66
978,66
979,67
980,67
1274,67
981,68
982,68
1474,68
984,69
985,69
994,70
995,70
1353,70
996,71
997,71
1223,71
1224,71
1008,71
1009,71
1010,71
1011,71
1012,71
1013,71
1502,71
1564,71
1057,71
1607,71
998,72
999,72
1000,73
1001,73
1002,73
1003,74
1004,74
1169,74
1209,74
1170,74
1168,74
1015,75
1016,75
1046,76
1047,76
1058,77
1059,77
1067,78
1068,78
1069,78
1211,78
1070,79
1071,79
1072,79
1073,79
1074,79
1124,79
1125,79
1075,80
1076,80
1077,80
1583,80
1079,81
1080,81
1081,81
1087,82
1088,82
1092,83
1093,83
1101,84
1102,84
1103,85
1104,85
1109,86
1110,86
1111,87
1112,87
1119,88
1120,88
1138,89
1139,89
1140,90
1141,90
1439,90
1490,90
1142,91
1143,91
1152,92
1153,92
1154,93
1155,93
1306,93
1436,93
1437,93
1156,94
1157,94
1158,95
1159,95
1162,96
1163,96
1164,97
1165,97
1166,97
1177,98
1178,98
1179,99
1180,99
1188,100
1189,100
1197,101
1198,101
1201,102
1202,102
1205,103
1206,103
1215,104
1216,104
1217,104
1218,104
1219,104
1220,104
1221,104
1340,104
1533,104
1534,104
1225,105
1226,105
1227,105
1331,105
1228,106
1229,106
1230,106
1231,106
1232,106
1233,106
1312,106
1241,107
1242,107
1244,108
1245,108
1246,109
1247,109
1248,110
1249,110
1250,111
1251,111
1252,111
1253,111
1255,112
1256,112
1288,112
1257,113
1258,113
1261,114
1262,114
1266,115
1267,115
1270,116
1271,116
1272,116
1318,116
1319,116
1320,116
1321,116
1459,116
1275,117
1276,117
1289,118
1290,118
1291,119
1292,119
1293,120
1294,120
1295,121
1296,121
1297,121
1298,121
1299,121
1300,121
1301,121
1302,121
1310,122
1311,122
1313,123
1314,123
1415,123
1416,123
1417,123
1526,123
1322,124
1323,124
1324,125
1325,125
1326,126
1327,126
1333,127
1334,127
1335,128
1336,128
1337,129
1338,129
1339,129
1508,129
1346,130
1347,130
1349,131
1350,131
1351,132
1352,132
1359,133
1360,133
1364,134
1365,134
1366,135
1367,135
1369,136
1370,136
1577,136
1375,137
1376,137
1377,138
1378,138
1379,139
1380,139
1385,140
1386,140
1387,140
1388,141
1389,141
1390,141
1391,141
1392,141
1393,141
1402,142
1403,142
1406,143
1407,143
1408,143
1493,143
1411,144
1412,144
1413,145
1414,145
1419,146
1420,146
1421,146
1422,146
1423,146
1426,147
1427,147
1431,148
1432,148
1434,149
1435,149
1442,150
1443,150
1447,151
1448,151
1449,152
1450,152
1503,152
1451,153
1452,153
1453,153
1457,154
1458,154
1461,155
1462,155
1464,156
1465,156
1605,156
1466,157
1467,157
1469,158
1470,158
1471,158
1472,159
1473,159
1476,160
1477,160
1478,161
1479,161
1480,162
1481,162
1483,163
1484,163
1485,163
1541,163
1540,163
1487,164
1488,164
1491,165
1492,165
1495,166
1496,166
1497,166
1504,167
1505,167
1506,168
1507,168
1510,169
1511,169
1513,170
1514,170
1515,171
1516,171
1517,172
1518,172
1519,173
1520,173
1527,174
1528,174
1536,175
1537,175
1545,176
1546,176
1547,177
1548,177
1549,178
1550,178
1552,179
1553,179
1555,180
1556,180
1599,180
1560,181
1561,181
1562,182
1563,182
1566,183
1567,183
1570,184
1571,184
1578,185
1579,185
1581,186
1582,186
1585,187
1586,187
1590,188
1591,188
1613,188
1593,189
1594,189
1596,190
1597,190
1609,191
1610,191
1611,192
1612,192
1614,193
1615,193
0,1
1,1
2,1
3,1
4,1
5,1
6,2
7,2
8,2
9,2
10,2
986,2
987,2
1619,3
1620,3
18,4
19,4
20,4
21,4
1358,4
944,4
945,4
11,5
12,5
13,5
14,5
15,5
16,5
17,5
1410,5
1005,5
1428,5
1521,5
709,5
710,5
1195,5
391,5
22,5
23,5
24,5
25,5
26,5
27,5
28,5
29,5
30,5
64,5
729,5
730,5
731,5
917,5
918,5
919,5
1122,5
920,5
1123,5
184,5
921,5
922,5
923,5
748,5
683,5
1186,5
1187,5
563,5
31,5
32,5
33,5
34,5
35,5
36,5
37,5
38,5
39,5
40,5
562,5
56,5
57,5
1368,5
61,5
62,5
63,5
65,5
66,5
67,5
68,5
592,5
593,5
594,5
595,5
596,5
597,5
598,5
599,5
600,5
1184,5
1316,5
1425,5
69,5
70,5
71,5
72,5
73,5
74,5
75,5
76,5
77,5
78,5
79,5
80,5
81,5
82,5
83,5
84,5
85,5
86,5
380,5
509,5
612,5
507,5
255,5
256,5
257,5
258,5
508,5
260,5
261,5
510,5
511,5
264,5
512,5
265,5
266,5
267,5
513,5
1348,5
609,5
947,5
1603,5
95,5
96,5
488,5
115,5
152,5
153,5
300,5
154,5
1273,5
101,5
102,5
103,5
104,5
105,5
106,5
107,5
108,5
109,5
110,5
111,5
112,5
113,5
114,5
116,5
117,5
118,5
119,5
120,5
121,5
122,5
123,5
124,5
125,5
193,5
489,5
270,5
194,5
271,5
272,5
273,5
274,5
275,5
276,5
379,5
277,5
278,5
279,5
280,5
283,5
284,5
285,5
381,5
287,5
288,5
170,5
289,5
290,5
291,5
385,5
386,5
292,5
293,5
294,5
490,5
295,5
296,5
298,5
301,5
174,5
302,5
303,5
175,5
389,5
304,5
305,5
491,5
223,5
306,5
492,5
493,5
308,5
176,5
309,5
226,5
310,5
494,5
311,5
200,5
497,5
526,5
527,5
500,5
528,5
198,5
639,5
201,5
202,5
203,5
204,5
205,5
206,5
207,5
208,5
941,5
210,5
211,5
212,5
641,5
213,5
214,5
822,5
215,5
216,5
217,5
219,5
220,5
221,5
222,5
644,5
390,5
942,5
943,5
228,5
229,5
231,5
232,5
989,5
281,5
282,5
951,5
553,5
171,5
866,5
829,5
387,5
867,5
830,5
645,5
869,5
646,5
406,5
286,5
297,5
499,5
828,5
949,5
405,5
254,5
640,5
952,5
897,5
1214,5
953,5
954,5
955,5
956,5
642,5
643,5
227,5
647,5
903,5
384,5
1061,5
218,5
1268,5
173,5
812,5
299,5
868,5
307,5
870,5
172,5
388,5
823,5
1494,5
230,5
1530,5
128,5
129,5
130,5
131,5
132,5
133,5
134,5
135,5
136,5
137,5
138,5
139,5
140,5
141,5
142,5
143,5
1065,5
1284,5
905,5
1285,5
1286,5
1287,5
160,5
161,5
1137,5
151,5
1371,5
1574,5
1575,5
613,5
879,5
880,5
881,5
882,5
883,5
155,5
156,5
157,5
158,5
159,5
162,5
163,5
164,5
165,5
166,5
167,5
168,5
169,5
383,5
1372,5
177,5
178,5
179,5
180,5
181,5
182,5
183,5
185,5
186,5
187,5
188,5
189,5
190,5
468,5
469,5
470,5
471,5
472,5
473,5
474,5
475,5
1542,5
1543,5
1544,5
778,5
779,5
780,5
781,5
1595,5
696,5
739,5
740,5
741,5
742,5
743,5
744,5
745,5
746,5
747,5
678,5
676,5
191,5
192,5
195,5
196,5
197,5
199,5
209,5
224,5
225,5
376,5
377,5
378,5
382,5
495,5
496,5
498,5
698,5
699,5
700,5
701,5
749,5
750,5
887,5
888,5
1089,5
1167,5
1172,5
1173,5
1208,5
776,5
1374,5
1498,5
1558,5
1576,5
244,5
245,5
246,5
247,5
248,5
249,5
250,5
251,5
252,5
253,5
259,5
262,5
263,5
504,5
505,5
506,5
608,5
946,5
610,5
611,5
1213,5
807,5
1354,5
1236,5
840,5
1355,5
614,5
268,5
269,5
434,5
435,5
436,5
697,5
765,5
990,5
991,5
992,5
1022,5
1023,5
1190,5
1207,5
1328,5
1329,5
900,5
1114,5
1341,5
1418,5
1100,5
1078,5
318,5
319,5
320,5
321,5
322,5
323,5
324,5
325,5
326,5
327,5
328,5
329,5
330,5
331,5
332,5
333,5
334,5
335,5
336,5
337,5
338,5
339,5
340,5
615,5
616,5
886,5
341,5
342,5
343,5
344,5
345,5
346,5
347,5
348,5
349,5
350,5
351,5
352,5
353,5
354,5
355,5
356,5
851,5
938,5
850,5
929,5
930,5
931,5
932,5
852,5
933,5
934,5
853,5
854,5
935,5
936,5
855,5
937,5
1307,5
359,5
360,5
361,5
362,5
675,5
677,5
680,5
686,5
373,5
374,5
375,5
802,5
803,5
804,5
805,5
806,5
808,5
809,5
810,5
811,5
1344,5
1345,5
392,5
402,5
403,5
404,5
407,5
896,5
408,5
409,5
410,5
411,5
412,5
413,5
414,5
415,5
416,5
417,5
418,5
419,5
420,5
421,5
422,5
423,5
424,5
425,5
426,5
427,5
428,5
429,5
430,5
431,5
432,5
433,5
650,5
651,5
652,5
1382,5
437,5
438,5
439,5
440,5
441,5
442,5
443,5
444,5
445,5
446,5
447,5
448,5
449,5
450,5
451,5
452,5
453,5
454,5
455,5
456,5
457,5
458,5
702,5
703,5
543,5
536,5
909,5
462,5
463,5
860,5
861,5
862,5
863,5
864,5
793,5
797,5
1243,5
1486,5
481,5
482,5
483,5
484,5
485,5
1238,5
1239,5
1240,5
1007,5
486,5
487,5
623,5
1054,5
624,5
625,5
626,5
627,5
1055,5
1056,5
1356,5
1030,5
1099,5
1357,5
902,5
1129,5
1130,5
1254,5
1131,5
1132,5
522,5
523,5
524,5
525,5
529,5
530,5
531,5
532,5
533,5
534,5
535,5
537,5
538,5
539,5
540,5
541,5
542,5
544,5
545,5
546,5
547,5
548,5
549,5
550,5
711,5
712,5
1105,5
1106,5
551,5
552,5
560,5
561,5
1237,5
575,5
576,5
577,5
578,5
579,5
580,5
581,5
582,5
583,5
584,5
585,5
586,5
1584,5
603,5
604,5
605,5
606,5
607,5
1051,5
1053,5
1200,5
636,5
948,5
899,5
901,5
648,5
649,5
653,5
654,5
655,5
656,5
657,5
658,5
659,5
660,5
661,5
662,5
663,5
664,5
665,5
666,5
667,5
668,5
669,5
670,5
671,5
672,5
673,5
674,5
679,5
681,5
682,5
684,5
685,5
687,5
1024,5
1025,5
1026,5
688,5
689,5
1050,5
1394,5
707,5
708,5
1600,5
1601,5
1185,5
1096,5
751,5
752,5
753,5
754,5
755,5
756,5
757,5
758,5
759,5
760,5
764,5
766,5
767,5
894,5
895,5
768,5
769,5
770,5
771,5
772,5
773,5
774,5
775,5
777,5
1330,5
1455,5
784,5
788,5
789,5
790,5
791,5
792,5
794,5
795,5
796,5
993,5
1332,5
1305,5
1192,5
1616,5
817,5
818,5
819,5
1062,5
826,5
827,5
950,5
837,5
838,5
839,5
910,5
1196,5
841,5
842,5
843,5
844,5
1193,5
845,5
846,5
847,5
848,5
849,5
927,5
928,5
1040,5
1041,5
1042,5
1043,5
1044,5
1199,5
859,5
865,5
871,5
872,5
873,5
874,5
875,5
876,5
877,5
878,5
1429,5
884,5
885,5
889,5
890,5
893,5
898,5
904,5
1554,5
906,5
911,5
916,5
939,5
940,5
1587,5
1588,5
957,5
958,5
1424,5
968,5
969,5
970,5
971,5
972,5
973,5
974,5
983,5
988,5
1283,5
1006,5
1531,5
1017,5
1018,5
1019,5
1020,5
1021,5
1175,5
1176,5
1475,5
1027,5
1028,5
1029,5
1031,5
1121,5
1460,5
1032,5
1033,5
1034,5
1035,5
1036,5
1037,5
1038,5
1039,5
1264,5
1045,5
1048,5
1049,5
1052,5
1060,5
1063,5
1064,5
1066,5
1082,5
1083,5
1084,5
1085,5
1204,5
1210,5
1086,5
1094,5
1097,5
1098,5
1401,5
1113,5
1115,5
1116,5
1117,5
1118,5
1126,5
1127,5
1128,5
1133,5
1134,5
1135,5
1136,5
1144,5
1145,5
1146,5
1147,5
1148,5
1149,5
1150,5
1151,5
1160,5
1161,5
1539,5
1181,5
1182,5
1183,5
1191,5
1194,5
1489,5
1529,5
1512,5
1203,5
1212,5
1373,5
1501,5
1222,5
1234,5
1235,5
1259,5
1260,5
1263,5
1265,5
1343,5
1569,5
1269,5
1277,5
1278,5
1279,5
1280,5
1281,5
1282,5
1523,5
1303,5
1304,5
1308,5
1315,5
1317,5
1342,5
1362,5
1361,5
1383,5
1395,5
1396,5
1397,5
1398,5
1621,5
1399,5
1404,5
1409,5
1430,5
1433,5
1438,5
1440,5
1445,5
1446,5
1454,5
1522,5
1524,5
1456,5
1463,5
1500,5
1509,5
1525,5
1532,5
1535,5
1538,5
1551,5
1565,5
1572,5
1580,5
1589,5
1592,5
1598,5
1602,5
1604,5
1606,5
1617,5
1618,5
41,6
42,6
43,6
44,6
45,6
46,6
47,6
48,6
966,6
724,6
725,6
726,6
964,6
965,6
967,6
1482,6
49,7
50,7
51,7
52,7
53,7
1381,7
54,8
55,8
1400,8
58,9
59,9
60,9
87,10
88,10
89,10
90,10
91,10
92,10
93,10
94,10
761,10
97,11
98,11
99,11
100,11
126,12
127,12
144,13
145,13
146,13
1441,13
147,14
148,14
149,15
150,15
233,16
234,16
1573,16
235,17
236,17
237,17
718,17
238,18
239,18
240,18
241,19
242,19
243,19
312,20
313,20
314,20
315,20
316,21
317,21
1499,21
357,22
358,22
1559,22
363,23
364,23
365,24
366,24
367,25
368,25
1091,25
617,25
618,25
369,26
370,26
1014,26
691,26
690,26
371,27
372,27
393,28
394,28
395,29
396,29
397,29
398,29
399,29
400,29
401,29
1095,29
1363,29
1468,29
459,30
460,30
461,30
1174,30
464,31
465,31
466,32
467,32
476,33
477,33
478,33
479,33
480,33
501,34
502,34
503,34
514,35
515,35
516,35
517,35
518,35
519,35
520,36
521,36
554,37
555,37
556,37
557,37
558,37
559,37
813,37
814,37
1444,37
564,38
565,38
566,38
628,38
1568,38
567,39
568,39
569,39
570,39
571,39
572,39
573,39
574,39
587,40
588,40
589,40
590,40
591,40
713,40
714,40
715,40
716,40
717,40
1171,40
601,41
602,41
619,42
620,42
621,42
622,42
629,43
630,43
631,43
632,43
633,43
634,43
635,43
1557,43
637,44
638,44
692,45
693,45
694,45
695,45
704,46
705,46
706,46
719,47
720,47
721,47
722,47
723,47
1309,47
1108,47
1107,47
727,48
728,48
732,49
733,49
734,49
735,49
736,49
737,49
738,49
762,50
763,50
782,51
783,51
785,52
786,52
787,52
1405,52
798,53
799,53
800,53
801,53
815,54
816,54
820,55
821,55
824,56
825,56
831,57
832,57
833,57
834,57
835,57
836,57
856,58
857,58
858,58
891,59
892,59
907,60
908,60
912,61
913,61
914,61
915,61
1090,61
1608,61
924,62
925,62
926,62
959,63
960,63
961,63
962,64
963,64
975,65
976,65
1384,65
977,66
978,66
979,67
980,67
1274,67
981,68
982,68
1474,68
984,69
985,69
994,70
995,70
1353,70
996,71
997,71
1223,71
1224,71
1008,71
1009,71
1010,71
1011,71
1012,71
1013,71
1502,71
1564,71
1057,71
1607,71
998,72
999,72
1000,73
1001,73
1002,73
1003,74
1004,74
1169,74
1209,74
1170,74
1168,74
1015,75
1016,75
1046,76
1047,76
1058,77
1059,77
1067,78
1068,78
1069,78
1211,78
1070,79
1071,79
1072,79
1073,79
1074,79
1124,79
1125,79
1075,80
1076,80
1077,80
1583,80
1079,81
1080,81
1081,81
1087,82
1088,82
1092,83
1093,83
1101,84
1102,84
1103,85
1104,85
1109,86
1110,86
1111,87
1112,87
1119,88
1120,88
1138,89
1139,89
1140,90
1141,90
1439,90
1490,90
1142,91
1143,91
1152,92
1153,92
1154,93
1155,93
1306,93
1436,93
1437,93
1156,94
1157,94
1158,95
1159,95
1162,96
1163,96
1164,97
1165,97
1166,97
1177,98
1178,98
1179,99
1180,99
1188,100
1189,100
1197,101
1198,101
1201,102
1202,102
1205,103
1206,103
1215,104
1216,104
1217,104
1218,104
1219,104
1220,104
1221,104
1340,104
1533,104
1534,104
1225,105
1226,105
1227,105
1331,105
1228,106
1229,106
1230,106
1231,106
1232,106
1233,106
1312,106
1241,107
1242,107
1244,108
1245,108
1246,109
1247,109
1248,110
1249,110
1250,111
1251,111
1252,111
1253,111
1255,112
1256,112
1288,112
1257,113
1258,113
1261,114
1262,114
1266,115
1267,115
1270,116
1271,116
1272,116
1318,116
1319,116
1320,116
1321,116
1459,116
1275,117
1276,117
1289,118
1290,118
1291,119
1292,119
1293,120
1294,120
1295,121
1296,121
1297,121
1298,121
1299,121
1300,121
1301,121
1302,121
1310,122
1311,122
1313,123
1314,123
1415,123
1416,123
1417,123
1526,123
1322,124
1323,124
1324,125
1325,125
1326,126
1327,126
1333,127
1334,127
1335,128
1336,128
1337,129
1338,129
1339,129
1508,129
1346,130
1347,130
1349,131
1350,131
1351,132
1352,132
1359,133
1360,133
1364,134
1365,134
1366,135
1367,135
1369,136
1370,136
1577,136
1375,137
1376,137
1377,138
1378,138
1379,139
1380,139
1385,140
1386,140
1387,140
1388,141
1389,141
1390,141
1391,141
1392,141
1393,141
1402,142
1403,142
1406,143
1407,143
1408,143
1493,143
1411,144
1412,144
1413,145
1414,145
1419,146
1420,146
1421,146
1422,146
1423,146
1426,147
1427,147
1431,148
1432,148
1434,149
1435,149
1442,150
1443,150
1447,151
1448,151
1449,152
1450,152
1503,152
1451,153
1452,153
1453,153
1457,154
1458,154
1461,155
1462,155
1464,156
1465,156
1605,156
1466,157
1467,157
1469,158
1470,158
1471,158
1472,159
1473,159
1476,160
1477,160
1478,161
1479,161
1480,162
1481,162
1483,163
1484,163
1485,163
1541,163
1540,163
1487,164
1488,164
1491,165
1492,165
1495,166
1496,166
1497,166
1504,167
1505,167
1506,168
1507,168
1510,169
1511,169
1513,170
1514,170
1515,171
1516,171
1517,172
1518,172
1519,173
1520,173
1527,174
1528,174
1536,175
1537,175
1545,176
1546,176
1547,177
1548,177
1549,178
1550,178
1552,179
1553,179
1555,180
1556,180
1599,180
1560,181
1561,181
1562,182
1563,182
1566,183
1567,183
1570,184
1571,184
1578,185
1579,185
1581,186
1582,186
1585,187
1586,187
1590,188
1591,188
1613,188
1593,189
1594,189
1596,190
1597,190
1609,191
1610,191
1611,192
1612,192
1614,193
1615,193
