1811,1
1732,1
1763,1
1744,1
1780,1
1741,1
1689,1
1816,1
1718,1
1749,1
1764,1
1711,1
1804,1
1739,1
1750,1
1708,1
1724,1
1822,1
1736,1
1782,1
1727,1
1756,1
1733,1
1789,1
1783,1
1695,1
1802,1
1696,1
1686,1
1699,1
1799,1
1742,1
1747,1
1706,1
1714,1
1717,1
1743,1
1778,1
1690,1
1813,1
1719,1
1792,1
1693,1
1758,1
1751,1
1779,1
1800,1
1698,1
1823,1
1768,1
1794,1
1701,1
1790,1
1814,1
1735,1
1793,1
1753,1
1731,1
1702,1
1721,1
1734,1
1738,1
1795,1
1805,1
1687,1
1712,1
1752,1
1771,1
1774,1
1784,1
1796,1
1815,1
1688,1
1705,1
1725,1
1737,1
1760,1
1694,1
1713,1
1809,1
1821,1
1745,1
1757,1
1691,1
1716,1
1692,1
1797,1
1798,1
1820,1
1803,1
1707,1
1728,1
1754,1
1726,1
1761,1
1788,1
1697,1
1772,1
1807,1
1810,1
1819,1
1766,1
1746,1
1801,1
1704,1
1773,1
1703,1
1776,1
1808,1
1715,1
1723,1
1767,1
1720,1
1824,1
1777,1
1709,1
1785,1
1722,1
1769,1
1791,1
1818,1
1775,1
1781,1
1762,1
1740,1
1812,1
1729,1
1730,1
1817,1
1787,1
1964,2
1887,2
1889,2
1854,2
1844,2
1832,2
1884,2
1892,2
1864,2
1957,2
1872,2
1917,2
1949,2
1870,2
1907,2
1948,2
1829,2
1902,2
1945,2
1885,2
1843,2
1841,2
1846,2
1959,2
1921,2
1897,2
1828,2
1944,2
1926,2
1927,2
1855,2
1877,2
1916,2
1891,2
1963,2
1903,2
1860,2
1947,2
1906,2
1861,2
1873,2
1955,2
1856,2
1896,2
1875,2
1912,2
1883,2
1878,2
1961,2
1966,2
1863,2
1919,2
1825,2
1839,2
1851,2
1862,2
1920,2
1924,2
1935,2
1953,2
1826,2
1833,2
1834,2
1850,2
1852,2
1880,2
1954,2
1827,2
1898,2
1901,2
1922,2
1837,2
1858,2
1929,2
1930,2
1932,2
1958,2
1830,2
1831,2
1840,2
1866,2
1871,2
1890,2
1900,2
1908,2
1918,2
1923,2
1933,2
1859,2
1894,2
1909,2
1943,2
1951,2
1960,2
1857,2
1928,2
1939,2
1950,2
1967,2
1940,2
1946,2
1853,2
1869,2
1914,2
1962,2
1915,2
1941,2
1835,2
1895,2
1913,2
1836,2
1886,2
1910,2
1865,2
1838,2
1845,2
1849,2
1904,2
1925,2
1938,2
1952,2
1874,2
1879,2
1965,2
1893,2
1931,2
1942,2
1842,2
1956,2
1847,2
1936,2
1905,2
1848,2
1911,2
1899,2
1882,2
1937,2
1867,2
1881,2
1888,2
1934,2
1868,2
1876,2
2939,3
3166,3
3023,3
3059,3
3072,3
3144,3
2936,3
3140,3
3107,3
3095,3
3102,3
2973,3
2981,3
3141,3
3004,3
2961,3
3019,3
3165,3
2884,3
3118,3
3164,3
3125,3
3170,3
2999,3
3076,3
2954,3
3003,3
2935,3
2970,3
3112,3
3121,3
3153,3
2990,3
3114,3
3045,3
3034,3
3039,3
3000,3
2959,3
3109,3
2910,3
3135,3
3171,3
3010,3
2956,3
2921,3
2988,3
3123,3
3061,3
2960,3
3173,3
3025,3
3181,3
2976,3
3071,3
3041,3
2942,3
3046,3
3122,3
3040,3
3131,3
3111,3
3026,3
2955,3
3159,3
3080,3
2938,3
2964,3
3048,3
2908,3
3100,3
3180,3
3086,3
3110,3
3158,3
3179,3
3038,3
2966,3
2983,3
2984,3
2894,3
2922,3
3128,3
3014,3
2982,3
3036,3
3148,3
2977,3
2945,3
2902,3
2957,3
3097,3
3098,3
2916,3
3064,3
3075,3
2886,3
2933,3
3079,3
2891,3
3027,3
2907,3
3007,3
2951,3
3147,3
3094,3
2937,3
3005,3
3057,3
2930,3
2987,3
3052,3
3062,3
2926,3
3132,3
3053,3
3043,3
2980,3
3142,3
2889,3
3085,3
3099,3
2903,3
3066,3
2992,3
3152,3
3070,3
3096,3
3137,3
3024,3
2896,3
2927,3
2985,3
2989,3
2883,3
2946,3
3063,3
3160,3
2934,3
3051,3
2905,3
3146,3
2962,3
2975,3
2998,3
3078,3
3081,3
3090,3
3116,3
3129,3
3139,3
3154,3
3174,3
3177,3
2919,3
2925,3
2944,3
2947,3
2948,3
2967,3
3044,3
3067,3
3068,3
3073,3
3113,3
3115,3
3134,3
3183,3
2888,3
2895,3
2901,3
2952,3
2972,3
3002,3
3012,3
3074,3
3084,3
3124,3
3136,3
3163,3
2892,3
2904,3
2915,3
2986,3
2995,3
3015,3
3016,3
3017,3
3028,3
3030,3
3060,3
3065,3
3091,3
3145,3
3162,3
3178,3
2953,3
2991,3
2994,3
3013,3
3089,3
3149,3
3185,3
2929,3
3029,3
3033,3
3077,3
3101,3
3127,3
3138,3
3175,3
3182,3
2911,3
2913,3
2928,3
2949,3
2968,3
3058,3
3130,3
3150,3
2920,3
2993,3
3035,3
3055,3
3082,3
3083,3
3176,3
2912,3
2914,3
3056,3
3119,3
3133,3
3151,3
3172,3
3008,3
3018,3
3037,3
3103,3
3108,3
3169,3
2996,3
3022,3
3155,3
2958,3
3011,3
3087,3
3167,3
2887,3
2893,3
2917,3
2940,3
2978,3
3001,3
3117,3
3184,3
2909,3
3020,3
3047,3
3093,3
3168,3
2899,3
2923,3
2941,3
2965,3
3032,3
2931,3
3088,3
2918,3
3156,3
3186,3
2885,3
3049,3
3069,3
3092,3
3105,3
2890,3
3106,3
2906,3
2969,3
3042,3
3126,3
2897,3
2882,3
2974,3
3006,3
3021,3
3050,3
3104,3
2943,3
3054,3
2950,3
3120,3
2971,3
2900,3
2932,3
2963,3
2898,3
2979,3
3009,3
3161,3
3031,3
3157,3
3143,3
2997,3
2924,3
3564,4
3424,4
3598,4
3544,4
3460,4
3399,4
3443,4
3417,4
3538,4
3441,4
3254,4
3270,4
3533,4
3605,4
3395,4
3400,4
3256,4
3336,4
3472,4
3616,4
3549,4
3259,4
3558,4
3465,4
3420,4
3488,4
3477,4
3240,4
3359,4
3273,4
3512,4
3459,4
3287,4
3321,4
3414,4
3210,4
3543,4
3458,4
3501,4
3574,4
3213,4
3567,4
3486,4
3208,4
3347,4
3595,4
3257,4
3540,4
3290,4
3243,4
3188,4
3580,4
3554,4
3349,4
3517,4
3491,4
3338,4
3258,4
3480,4
3553,4
3413,4
3570,4
3449,4
3467,4
3311,4
3326,4
3560,4
3451,4
3593,4
3505,4
3518,4
3268,4
3392,4
3328,4
3525,4
3361,4
3546,4
3612,4
3201,4
3387,4
3384,4
3576,4
3284,4
3296,4
3354,4
3220,4
3222,4
3255,4
3539,4
3330,4
3515,4
3622,4
3369,4
3482,4
3498,4
3403,4
3198,4
3295,4
3463,4
3191,4
3194,4
3454,4
3404,4
3555,4
3436,4
3283,4
3607,4
3457,4
3423,4
3267,4
3541,4
3479,4
3192,4
3203,4
3406,4
3445,4
3504,4
3234,4
3297,4
3492,4
3528,4
3435,4
3291,4
3579,4
3532,4
3218,4
3207,4
3238,4
3346,4
3433,4
3434,4
3376,4
3362,4
3493,4
3475,4
3313,4
3565,4
3316,4
3513,4
3299,4
3375,4
3266,4
3298,4
3426,4
3536,4
3247,4
3551,4
3396,4
3577,4
3280,4
3519,4
3610,4
3250,4
3324,4
3478,4
3365,4
3401,4
3542,4
3265,4
3531,4
3308,4
3357,4
3427,4
3366,4
3597,4
3239,4
3422,4
3603,4
3310,4
3229,4
3352,4
3500,4
3306,4
3521,4
3510,4
3237,4
3524,4
3242,4
3358,4
3440,4
3329,4
3537,4
3388,4
3495,4
3325,4
3223,4
3275,4
3548,4
3405,4
3470,4
3312,4
3307,4
3204,4
3205,4
3568,4
3487,4
3615,4
3206,4
3453,4
3228,4
3503,4
3589,4
3578,4
3264,4
3320,4
3289,4
3253,4
3550,4
3446,4
3585,4
3337,4
3244,4
3430,4
3225,4
3282,4
3226,4
3583,4
3351,4
3389,4
3563,4
3235,4
3293,4
3481,4
3508,4
3425,4
3450,4
3604,4
3617,4
3334,4
3380,4
3309,4
3557,4
3415,4
3497,4
3575,4
3301,4
3262,4
3509,4
3448,4
3483,4
3438,4
3288,4
3230,4
3516,4
3327,4
3464,4
3340,4
3367,4
3468,4
3195,4
3317,4
3370,4
3252,4
3363,4
3215,4
3274,4
3217,4
3216,4
3473,4
3333,4
3386,4
3193,4
3469,4
3331,4
3412,4
3552,4
3356,4
3263,4
3569,4
3199,4
3594,4
3315,4
3590,4
3522,4
3187,4
3246,4
3276,4
3350,4
3398,4
3411,4
3471,4
3502,4
3582,4
3587,4
3611,4
3224,4
3249,4
3294,4
3447,4
3499,4
3584,4
3189,4
3248,4
3279,4
3314,4
3341,4
3409,4
3442,4
3571,4
3190,4
3221,4
3416,4
3418,4
3494,4
3561,4
3596,4
3601,4
3202,4
3212,4
3227,4
3241,4
3281,4
3432,4
3506,4
3292,4
3383,4
3391,4
3419,4
3523,4
3586,4
3373,4
3461,4
3462,4
3476,4
3529,4
3272,4
3305,4
3348,4
3394,4
3421,4
3490,4
3534,4
3559,4
3620,4
3408,4
3566,4
3581,4
3602,4
3618,4
3196,4
3251,4
3374,4
3381,4
3466,4
3621,4
3197,4
3214,4
3303,4
3318,4
3353,4
3364,4
3489,4
3573,4
3245,4
3271,4
3323,4
3332,4
3410,4
3507,4
3200,4
3211,4
3261,4
3278,4
3319,4
3355,4
3407,4
3452,4
3485,4
3530,4
3545,4
3231,4
3285,4
3300,4
3382,4
3429,4
3431,4
3439,4
3456,4
3606,4
3335,4
3368,4
3592,4
3277,4
3444,4
3385,4
3390,4
3428,4
3619,4
3339,4
3377,4
3547,4
3600,4
3236,4
3572,4
3613,4
3342,4
3527,4
3588,4
3209,4
3372,4
3484,4
3455,4
3562,4
3219,4
3609,4
3269,4
3378,4
3591,4
3286,4
3371,4
3343,4
3520,4
3511,4
3526,4
3614,4
3232,4
3474,4
3393,4
3556,4
3360,4
3608,4
3344,4
3402,4
3302,4
3345,4
3535,4
3260,4
3304,4
3233,4
3599,4
3514,4
3437,4
3379,4
3322,4
3496,4
3397,4
3651,5
3761,5
3849,5
3672,5
4036,5
3895,5
3860,5
4072,5
3657,5
3862,5
3973,5
3978,5
4010,5
3742,5
4053,5
3844,5
4068,5
4093,5
4104,5
3711,5
3954,5
3969,5
4033,5
3802,5
3641,5
3770,5
4109,5
3921,5
4059,5
3776,5
3758,5
3960,5
3808,5
3926,5
3959,5
3972,5
3726,5
3863,5
4074,5
3916,5
4007,5
3644,5
3635,5
4083,5
3747,5
3830,5
3792,5
3719,5
3745,5
3661,5
3935,5
3775,5
3642,5
3843,5
3731,5
3985,5
4079,5
3833,5
4108,5
4070,5
3878,5
4057,5
3963,5
3715,5
3906,5
3662,5
3703,5
3699,5
4101,5
3639,5
3919,5
3947,5
3909,5
3888,5
3744,5
3764,5
3841,5
3890,5
3769,5
3879,5
3685,5
3831,5
4055,5
3714,5
3898,5
3780,5
3640,5
3965,5
3943,5
3778,5
3990,5
3746,5
4105,5
3645,5
3701,5
3894,5
3683,5
3730,5
3806,5
3653,5
3669,5
3997,5
4114,5
3689,5
3788,5
3982,5
3624,5
3950,5
4092,5
3837,5
4081,5
3854,5
4089,5
3996,5
3741,5
3801,5
3706,5
3654,5
4065,5
4022,5
3880,5
4004,5
3729,5
3839,5
3670,5
4030,5
4046,5
3724,5
4087,5
3748,5
3998,5
4023,5
3810,5
4094,5
3733,5
4086,5
3934,5
3936,5
3975,5
3791,5
3772,5
3873,5
3907,5
3674,5
4021,5
3694,5
3957,5
3988,5
3976,5
1770,5
3750,5
4095,5
3858,5
3679,5
3825,5
3882,5
3637,5
3995,5
3790,5
3952,5
3930,5
3634,5
1759,5
4019,5
3987,5
3970,5
3892,5
4045,5
3962,5
3628,5
4096,5
3867,5
3887,5
3734,5
3752,5
3955,5
3999,5
3897,5
3856,5
3650,5
3917,5
3927,5
3623,5
3814,5
3993,5
3911,5
1786,5
3846,5
3702,5
3932,5
3902,5
3692,5
3918,5
3712,5
3811,5
3864,5
3850,5
3627,5
1755,5
4043,5
3755,5
4069,5
3720,5
1806,5
3870,5
4080,5
3631,5
3793,5
3840,5
3760,5
4085,5
3920,5
3989,5
3857,5
4084,5
3717,5
3704,5
4031,5
3986,5
3680,5
3687,5
3832,5
3727,5
3722,5
4042,5
3774,5
3923,5
3677,5
3899,5
3866,5
3948,5
4064,5
3707,5
3865,5
4020,5
3871,5
4107,5
3647,5
4098,5
3900,5
4006,5
3766,5
3852,5
3646,5
4037,5
3848,5
3968,5
4073,5
3851,5
3958,5
4027,5
3636,5
4111,5
4041,5
3956,5
4003,5
3984,5
3872,5
3928,5
4011,5
3660,5
4058,5
3659,5
4060,5
3868,5
3912,5
4002,5
3847,5
3938,5
3786,5
3782,5
3800,5
3834,5
3732,5
3807,5
3942,5
3757,5
3630,5
3885,5
3735,5
3929,5
4090,5
3783,5
4048,5
4078,5
4005,5
3981,5
3818,5
3809,5
3820,5
3693,5
3743,5
4099,5
4088,5
3889,5
3983,5
4082,5
3823,5
3665,5
3632,5
3913,5
3941,5
3829,5
3819,5
3721,5
3877,5
3925,5
3673,5
3716,5
3756,5
3779,5
3795,5
3799,5
3803,5
3855,5
3979,5
4049,5
4097,5
4106,5
4112,5
3763,5
3771,5
3815,5
3939,5
3967,5
3980,5
4009,5
4039,5
4110,5
3649,5
3754,5
3765,5
3828,5
3884,5
4017,5
4018,5
4056,5
4118,5
3773,5
3785,5
3817,5
3822,5
3953,5
3992,5
4054,5
4091,5
4100,5
4115,5
3625,5
3749,5
3821,5
3991,5
4051,5
4102,5
3684,5
3709,5
3713,5
3738,5
3784,5
3805,5
3859,5
4001,5
4015,5
4024,5
4038,5
4103,5
3667,5
3688,5
3705,5
3794,5
3824,5
3836,5
3933,5
3940,5
3971,5
3994,5
4040,5
4062,5
4067,5
3691,5
3710,5
3736,5
3768,5
3861,5
3869,5
3944,5
3946,5
4052,5
4117,5
3626,5
3663,5
3751,5
3835,5
3886,5
3924,5
3931,5
3966,5
4044,5
4066,5
3668,5
3759,5
3881,5
3891,5
3915,5
3922,5
3655,5
3671,5
3678,5
3700,5
3798,5
3842,5
3949,5
3666,5
3725,5
3813,5
3816,5
3937,5
4026,5
4077,5
3633,5
3652,5
3753,5
3804,5
3910,5
4000,5
3728,5
3789,5
3977,5
3682,5
3767,5
3838,5
3698,5
4012,5
4013,5
4113,5
4116,5
3740,5
3797,5
3914,5
4120,5
3903,5
3961,5
3676,5
3723,5
4119,5
3690,5
3875,5
4075,5
3874,5
3905,5
3945,5
4076,5
3696,5
3883,5
3974,5
3697,5
4008,5
4047,5
4050,5
3845,5
3964,5
3777,5
3826,5
3908,5
4035,5
3893,5
4032,5
4034,5
3648,5
3718,5
3896,5
3658,5
3664,5
4029,5
4061,5
4063,5
3781,5
3629,5
4016,5
3762,5
4028,5
3686,5
3739,5
3787,5
3812,5
3876,5
4014,5
3656,5
3638,5
3901,5
3827,5
3643,5
4071,5
3737,5
3853,5
3681,5
3695,5
3951,5
3904,5
3708,5
3796,5
4025,5
3675,5
4486,6
4384,6
4334,6
4383,6
4475,6
4498,6
4506,6
4434,6
4430,6
4277,6
4361,6
4350,6
4207,6
4479,6
4480,6
4437,6
4360,6
4202,6
4203,6
4478,6
4496,6
4301,6
4282,6
4515,6
4279,6
4500,6
4398,6
4342,6
4144,6
4385,6
4447,6
4485,6
4457,6
4336,6
4187,6
4321,6
4291,6
4296,6
4165,6
4134,6
4261,6
4275,6
4208,6
4450,6
4189,6
4441,6
4174,6
4192,6
4448,6
4354,6
4392,6
4401,6
4323,6
4163,6
4338,6
4249,6
4228,6
4419,6
4194,6
4335,6
4514,6
4358,6
4324,6
4325,6
4512,6
4501,6
4413,6
4186,6
4274,6
4310,6
4418,6
4269,6
4308,6
4302,6
4470,6
4272,6
4198,6
4365,6
4405,6
4148,6
4488,6
4183,6
4394,6
4219,6
4164,6
4355,6
4170,6
4154,6
4297,6
4438,6
4327,6
4225,6
4188,6
4345,6
4236,6
4131,6
4399,6
4406,6
4173,6
4502,6
4232,6
4469,6
4333,6
4367,6
4182,6
4169,6
4216,6
4309,6
4256,6
4264,6
4258,6
4421,6
4483,6
4466,6
4372,6
4263,6
4300,6
4412,6
4344,6
4426,6
4231,6
4382,6
4449,6
4124,6
4352,6
4484,6
4376,6
4283,6
4242,6
4378,6
4221,6
4513,6
4224,6
4126,6
4467,6
4185,6
4432,6
4377,6
4214,6
4285,6
4233,6
4307,6
4427,6
4317,6
4234,6
4246,6
4230,6
4127,6
4160,6
4387,6
4396,6
4290,6
4433,6
4455,6
4349,6
4381,6
4379,6
4162,6
4147,6
4303,6
4305,6
4280,6
4168,6
4347,6
4145,6
4460,6
4422,6
4252,6
4153,6
4253,6
4159,6
4411,6
4363,6
4507,6
4343,6
4294,6
4181,6
4218,6
4364,6
4375,6
4166,6
4462,6
4200,6
4348,6
4443,6
4346,6
4265,6
4314,6
4332,6
4353,6
4139,6
4404,6
4237,6
4482,6
4223,6
4197,6
4494,6
4149,6
4436,6
4157,6
4125,6
4267,6
4217,6
4487,6
4409,6
4390,6
4424,6
4209,6
4326,6
4312,6
4205,6
4251,6
4239,6
4201,6
4476,6
4190,6
4391,6
4415,6
4477,6
4362,6
4461,6
4306,6
4402,6
4128,6
4471,6
4250,6
4155,6
4329,6
4195,6
4395,6
4229,6
4508,6
4464,6
4292,6
4175,6
4439,6
4416,6
4288,6
4138,6
4465,6
4158,6
4137,6
4452,6
4481,6
4511,6
4316,6
4184,6
4425,6
4222,6
4295,6
4180,6
4196,6
4311,6
4171,6
4442,6
4491,6
4129,6
4357,6
4351,6
4273,6
4150,6
4177,6
4121,6
4122,6
4156,6
4259,6
4271,6
4370,6
4492,6
4516,6
4132,6
4140,6
4178,6
4257,6
4281,6
4322,6
4369,6
4420,6
4454,6
4456,6
4489,6
4123,6
4151,6
4215,6
4245,6
4254,6
4262,6
4366,6
4368,6
4417,6
4509,6
4226,6
4241,6
4247,6
4255,6
4287,6
4499,6
4459,6
4505,6
4161,6
4240,6
4243,6
4238,6
4210,6
4397,6
4410,6
4463,6
4504,6
4220,6
4278,6
4319,6
4453,6
4130,6
4172,6
4191,6
4206,6
4276,6
4211,6
4213,6
4371,6
4373,6
4493,6
4143,6
4212,6
4337,6
4339,6
4407,6
4503,6
4133,6
4142,6
4260,6
4386,6
4393,6
4414,6
4176,6
4193,6
4199,6
4235,6
4293,6
4299,6
4400,6
4135,6
4204,6
4266,6
4428,6
4473,6
4136,6
4341,6
4451,6
4510,6
4227,6
4315,6
4389,6
4408,6
4472,6
4248,6
4286,6
4340,6
4431,6
4268,6
4270,6
4298,6
4289,6
4141,6
4179,6
4313,6
4359,6
4380,6
4468,6
4388,6
4423,6
4429,6
4495,6
4146,6
4328,6
4446,6
4458,6
4152,6
4490,6
4331,6
4497,6
4167,6
4244,6
4403,6
4445,6
4330,6
4440,6
4474,6
4320,6
4374,6
4444,6
4435,6
4356,6
4284,6
4318,6
4304,6
602,7
621,7
548,7
409,7
453,7
577,7
370,7
593,7
321,7
435,7
658,7
626,7
588,7
313,7
416,7
532,7
622,7
600,7
614,7
580,7
333,7
482,7
653,7
640,7
528,7
380,7
486,7
379,7
374,7
467,7
618,7
507,7
442,7
570,7
308,7
339,7
342,7
369,7
373,7
378,7
381,7
391,7
401,7
403,7
406,7
422,7
424,7
428,7
441,7
449,7
459,7
470,7
476,7
484,7
503,7
513,7
544,7
566,7
571,7
628,7
641,7
656,7
309,7
360,7
390,7
392,7
404,7
423,7
439,7
440,7
451,7
458,7
462,7
468,7
469,7
477,7
493,7
499,7
509,7
516,7
536,7
542,7
550,7
557,7
582,7
586,7
589,7
590,7
603,7
608,7
620,7
636,7
645,7
648,7
652,7
310,7
328,7
330,7
336,7
349,7
356,7
393,7
444,7
461,7
483,7
490,7
512,7
515,7
522,7
527,7
531,7
553,7
568,7
572,7
578,7
579,7
585,7
591,7
605,7
629,7
651,7
662,7
311,7
326,7
327,7
341,7
346,7
352,7
388,7
399,7
430,7
437,7
478,7
480,7
489,7
518,7
521,7
525,7
530,7
540,7
560,7
561,7
565,7
606,7
607,7
616,7
624,7
637,7
643,7
312,7
318,7
319,7
337,7
340,7
367,7
375,7
397,7
412,7
414,7
454,7
466,7
508,7
529,7
567,7
569,7
575,7
595,7
617,7
625,7
642,7
314,7
334,7
335,7
351,7
382,7
400,7
433,7
460,7
471,7
479,7
494,7
495,7
497,7
505,7
510,7
539,7
546,7
562,7
594,7
597,7
599,7
609,7
610,7
639,7
650,7
660,7
368,7
371,7
464,7
473,7
474,7
488,7
491,7
501,7
514,7
526,7
537,7
613,7
633,7
659,7
315,7
420,7
427,7
429,7
432,7
496,7
612,7
316,7
320,7
329,7
332,7
345,7
387,7
417,7
504,7
555,7
559,7
623,7
627,7
631,7
654,7
317,7
350,7
358,7
446,7
492,7
500,7
524,7
547,7
581,7
619,7
322,7
363,7
386,7
405,7
410,7
413,7
419,7
465,7
475,7
506,7
541,7
556,7
576,7
598,7
646,7
661,7
323,7
343,7
359,7
383,7
411,7
611,7
357,7
421,7
519,7
573,7
587,7
325,7
365,7
376,7
443,7
502,7
604,7
615,7
389,7
455,7
457,7
485,7
533,7
543,7
362,7
395,7
448,7
456,7
472,7
535,7
549,7
551,7
584,7
638,7
644,7
647,7
324,7
463,7
511,7
354,7
402,7
434,7
634,7
385,7
418,7
425,7
592,7
635,7
338,7
347,7
394,7
398,7
520,7
372,7
596,7
396,7
431,7
534,7
331,7
384,7
407,7
498,7
554,7
436,7
563,7
348,7
545,7
377,7
632,7
481,7
364,7
657,7
344,7
366,7
655,7
353,7
558,7
574,7
355,7
487,7
564,7
601,7
630,7
408,7
445,7
517,7
361,7
552,7
426,7
583,7
438,7
415,7
538,7
452,7
523,7
447,7
649,7
450,7
1237,8
919,8
999,8
908,8
1163,8
1065,8
1143,8
1239,8
1102,8
1173,8
945,8
1046,8
840,8
990,8
1084,8
818,8
953,8
1214,8
959,8
800,8
1176,8
918,8
796,8
853,8
1011,8
1004,8
1139,8
1074,8
1181,8
1131,8
903,8
982,8
1123,8
1168,8
823,8
1186,8
1094,8
956,8
898,8
912,8
946,8
814,8
1128,8
1089,8
1629,8
1180,8
1032,8
885,8
992,8
893,8
1242,8
794,8
1026,8
1205,8
917,8
910,8
1225,8
1182,8
965,8
832,8
803,8
994,8
1130,8
1085,8
1017,8
1008,8
788,8
795,8
813,8
911,8
924,8
937,8
948,8
951,8
971,8
987,8
991,8
1015,8
1030,8
1040,8
1059,8
1076,8
1082,8
1087,8
1108,8
1118,8
1133,8
1148,8
1151,8
1153,8
1193,8
1204,8
1218,8
1219,8
1238,8
1243,8
1255,8
789,8
792,8
816,8
817,8
845,8
847,8
856,8
891,8
907,8
920,8
925,8
939,8
963,8
993,8
1014,8
1029,8
1037,8
1050,8
1073,8
1086,8
1098,8
1124,8
1141,8
1147,8
1167,8
1171,8
1179,8
1189,8
1196,8
1213,8
790,8
791,8
815,8
842,8
844,8
857,8
860,8
874,8
882,8
894,8
922,8
936,8
941,8
980,8
1005,8
1022,8
1027,8
1034,8
1038,8
1078,8
1090,8
1091,8
1101,8
1113,8
1127,8
1156,8
1209,8
1235,8
1248,8
849,8
854,8
855,8
866,8
926,8
927,8
931,8
934,8
967,8
989,8
996,8
1006,8
1035,8
1043,8
1068,8
1072,8
1075,8
1080,8
1083,8
1136,8
1146,8
1159,8
1177,8
1185,8
1191,8
1199,8
1202,8
1221,8
1224,8
1228,8
802,8
807,8
837,8
851,8
879,8
880,8
892,8
899,8
906,8
944,8
961,8
975,8
995,8
1000,8
1049,8
1058,8
1069,8
1105,8
1115,8
1116,8
1121,8
1192,8
1211,8
793,8
808,8
811,8
819,8
825,8
835,8
863,8
870,8
888,8
929,8
1016,8
1024,8
1048,8
1097,8
1099,8
1100,8
1142,8
1175,8
1184,8
1201,8
1207,8
1217,8
1231,8
1246,8
1247,8
1251,8
1252,8
806,8
859,8
889,8
1055,8
1104,8
1112,8
1119,8
1122,8
1126,8
1134,8
1135,8
1144,8
1145,8
1154,8
1155,8
1157,8
1160,8
1162,8
1165,8
1166,8
1170,8
1197,8
1200,8
1206,8
1215,8
1227,8
1240,8
804,8
809,8
822,8
876,8
878,8
887,8
900,8
921,8
923,8
930,8
950,8
958,8
973,8
998,8
1003,8
1010,8
1031,8
1051,8
1088,8
1117,8
1150,8
1210,8
1233,8
1234,8
1254,8
810,8
843,8
869,8
897,8
914,8
943,8
960,8
1001,8
1025,8
1028,8
1053,8
1063,8
1107,8
1172,8
1183,8
1222,8
797,8
867,8
868,8
909,8
932,8
938,8
966,8
1039,8
1057,8
1067,8
1081,8
1095,8
1187,8
1188,8
1190,8
1195,8
1208,8
1223,8
798,8
826,8
873,8
940,8
955,8
986,8
988,8
1096,8
1103,8
799,8
805,8
838,8
890,8
972,8
985,8
997,8
1021,8
1060,8
1077,8
1114,8
1137,8
1138,8
1194,8
1212,8
827,8
896,8
933,8
942,8
949,8
969,8
984,8
1023,8
1033,8
1042,8
1125,8
1132,8
1152,8
801,8
821,8
824,8
862,8
883,8
902,8
913,8
947,8
952,8
976,8
1047,8
1071,8
1120,8
852,8
865,8
884,8
901,8
905,8
1158,8
841,8
871,8
881,8
1009,8
1129,8
1140,8
1149,8
1198,8
1245,8
1036,8
1079,8
1109,8
1110,8
1164,8
812,8
834,8
858,8
877,8
979,8
1111,8
1241,8
861,8
1061,8
1169,8
836,8
875,8
916,8
970,8
1007,8
1178,8
1216,8
1232,8
978,8
1018,8
1203,8
1220,8
886,8
1174,8
983,8
1020,8
1052,8
1244,8
830,8
1002,8
1070,8
1226,8
864,8
964,8
1054,8
915,8
981,8
839,8
850,8
1045,8
1236,8
828,8
954,8
1012,8
1041,8
1229,8
1161,8
1230,8
829,8
848,8
872,8
977,8
820,8
895,8
1066,8
974,8
1250,8
928,8
962,8
1064,8
846,8
1019,8
831,8
935,8
1249,8
957,8
1044,8
904,8
1056,8
1013,8
833,8
1093,8
1253,8
1092,8
1106,8
1062,8
968,8
1364,9
1398,9
1303,9
1281,9
1380,9
1275,9
1429,9
1276,9
1289,9
1264,9
1317,9
1296,9
1259,9
1260,9
1359,9
1420,9
1391,9
1271,9
1284,9
1412,9
1397,9
1396,9
1378,9
1425,9
1361,9
1381,9
1373,9
1360,9
1418,9
1406,9
1374,9
1363,9
1415,9
1417,9
1290,9
1386,9
1395,9
1299,9
1403,9
1399,9
1377,9
1267,9
1263,9
1298,9
1369,9
1328,9
1388,9
1362,9
1393,9
1301,9
1427,9
1285,9
1262,9
1326,9
1430,9
1256,9
1257,9
1270,9
1272,9
1294,9
1302,9
1312,9
1334,9
1343,9
1370,9
1372,9
1392,9
1422,9
1293,9
1306,9
1352,9
1371,9
1400,9
1409,9
1411,9
1258,9
1283,9
1345,9
1346,9
1349,9
1310,9
1315,9
1329,9
1330,9
1332,9
1337,9
1340,9
1356,9
1379,9
1286,9
1307,9
1348,9
1367,9
1385,9
1261,9
1279,9
1305,9
1327,9
1335,9
1365,9
1405,9
1410,9
1282,9
1323,9
1273,9
1297,9
1309,9
1318,9
1339,9
1407,9
1266,9
1277,9
1387,9
1401,9
1413,9
1265,9
1333,9
1354,9
1357,9
1394,9
1292,9
1319,9
1358,9
1419,9
1331,9
1336,9
1382,9
1268,9
1278,9
1308,9
1321,9
1390,9
1269,9
1295,9
1375,9
1408,9
1402,9
1320,9
1383,9
1389,9
1404,9
1416,9
1423,9
1287,9
1311,9
1274,9
1300,9
1324,9
1338,9
1350,9
1353,9
1366,9
1414,9
1288,9
1322,9
1368,9
1316,9
1421,9
1280,9
1384,9
1428,9
1424,9
1351,9
1304,9
1344,9
1347,9
1314,9
1376,9
1325,9
1355,9
1291,9
1313,9
1426,9
1342,9
1341,9
5234,10
5266,10
5313,10
4991,10
5230,10
5217,10
5206,10
5195,10
5231,10
5026,10
4965,10
5220,10
5209,10
4925,10
4946,10
4955,10
5216,10
5014,10
5091,10
5183,10
4966,10
5271,10
5020,10
5155,10
4976,10
5275,10
5158,10
5161,10
5204,10
5142,10
4936,10
5049,10
5218,10
5194,10
5094,10
5157,10
4971,10
5017,10
5193,10
5308,10
5138,10
4944,10
5253,10
5293,10
4953,10
5281,10
5085,10
5023,10
5295,10
5064,10
5181,10
5205,10
5167,10
5264,10
5207,10
5141,10
5035,10
5015,10
5219,10
5238,10
5002,10
5306,10
5302,10
5079,10
4932,10
5028,10
5068,10
5032,10
4934,10
4989,10
5249,10
4962,10
5089,10
5095,10
5256,10
4972,10
4977,10
5122,10
5073,10
5213,10
5232,10
5164,10
4930,10
5229,10
4943,10
4949,10
5227,10
5000,10
5119,10
5115,10
5240,10
4983,10
4931,10
5082,10
5208,10
4988,10
5021,10
5051,10
5284,10
5191,10
4958,10
5182,10
5270,10
5262,10
5148,10
5251,10
5022,10
5174,10
5132,10
5096,10
5294,10
4990,10
5248,10
5283,10
5053,10
5036,10
1700,10
5239,10
5070,10
5211,10
4992,10
5081,10
5013,10
5040,10
5177,10
5166,10
5192,10
4924,10
5127,10
5245,10
5009,10
5246,10
5038,10
5078,10
5268,10
4961,10
5279,10
4986,10
4942,10
4984,10
5059,10
5072,10
5031,10
5296,10
5140,10
5154,10
5237,10
5077,10
5052,10
5282,10
5247,10
5260,10
5226,10
1765,10
5018,10
5173,10
5285,10
5242,10
5045,10
4998,10
5222,10
5179,10
4970,10
4999,10
5027,10
5163,10
5178,10
5066,10
4985,10
5019,10
5258,10
5063,10
4994,10
5034,10
5086,10
4996,10
5121,10
5060,10
5233,10
5250,10
4987,10
4941,10
5298,10
5197,10
5244,10
5307,10
5288,10
5147,10
4933,10
5314,10
4995,10
5033,10
5136,10
5223,10
5116,10
5007,10
5003,10
5263,10
5200,10
5114,10
4952,10
5043,10
5133,10
5104,10
5041,10
5235,10
4973,10
4963,10
5212,10
5184,10
4929,10
5144,10
5113,10
5269,10
4948,10
5075,10
5301,10
5310,10
5004,10
5175,10
5272,10
5303,10
5037,10
5012,10
5008,10
5311,10
5087,10
5159,10
5265,10
5185,10
5010,10
5267,10
5118,10
5099,10
5180,10
5146,10
4960,10
5243,10
5215,10
5300,10
5280,10
5224,10
5090,10
5030,10
5117,10
4922,10
5050,10
5137,10
5076,10
5198,10
4954,10
5188,10
5102,10
5225,10
5016,10
5083,10
5107,10
4982,10
5131,10
5160,10
5005,10
5058,10
5172,10
4975,10
4928,10
5110,10
5304,10
5286,10
5273,10
5202,10
5139,10
4951,10
5221,10
5290,10
5143,10
5029,10
5187,10
5001,10
4937,10
5149,10
5106,10
5046,10
5011,10
5274,10
5062,10
5042,10
4956,10
5228,10
5259,10
4947,10
5069,10
4959,10
5044,10
5047,10
5168,10
5214,10
4980,10
5124,10
4945,10
4926,10
5278,10
5080,10
5097,10
5170,10
4935,10
4938,10
4968,10
4978,10
5006,10
5039,10
5057,10
5129,10
5151,10
5257,10
5312,10
4923,10
4981,10
5024,10
5054,10
5067,10
5088,10
5092,10
5134,10
5153,10
5297,10
5120,10
5126,10
5203,10
5261,10
4940,10
4957,10
5103,10
5112,10
5130,10
5186,10
5236,10
5252,10
5098,10
5176,10
5241,10
4927,10
4964,10
5123,10
5145,10
5156,10
5305,10
5025,10
5101,10
5125,10
5128,10
5254,10
5287,10
5071,10
5093,10
5255,10
5084,10
5189,10
5048,10
5135,10
5289,10
5056,10
5061,10
4939,10
4967,10
4993,10
5100,10
5150,10
5165,10
5276,10
5190,10
5109,10
5199,10
5171,10
4950,10
4969,10
5055,10
5291,10
5292,10
5277,10
5074,10
5105,10
5201,10
4974,10
5108,10
4979,10
4997,10
5196,10
5152,10
5210,10
5065,10
5309,10
5111,10
5169,10
5162,10
5299,10
2501,11
2810,11
2678,11
2709,11
2874,11
2753,11
2503,11
2751,11
2802,11
2877,11
2590,11
2614,11
2708,11
2532,11
2644,11
2852,11
2745,11
2729,11
2510,11
2572,11
2700,11
2625,11
2629,11
2783,11
2520,11
2876,11
2789,11
2658,11
2512,11
2713,11
2494,11
2868,11
2466,11
2736,11
2848,11
2720,11
2809,11
2834,11
2803,11
2498,11
2495,11
2692,11
2597,11
2440,11
2672,11
2679,11
2817,11
2665,11
2565,11
2578,11
2774,11
2860,11
2878,11
2734,11
2554,11
2575,11
2769,11
2748,11
2830,11
2473,11
2740,11
2880,11
2743,11
2793,11
2737,11
2839,11
2592,11
2646,11
2470,11
2486,11
2714,11
2471,11
2867,11
2779,11
2818,11
2813,11
2767,11
2601,11
2640,11
2485,11
2475,11
2596,11
2733,11
2822,11
2563,11
2569,11
2557,11
2616,11
2469,11
2648,11
2445,11
2605,11
2504,11
2690,11
2857,11
2752,11
2528,11
2622,11
2516,11
2457,11
2724,11
2643,11
2545,11
2624,11
2715,11
2636,11
2843,11
2806,11
2677,11
2632,11
2801,11
2603,11
2864,11
2477,11
2617,11
2618,11
2645,11
2667,11
2738,11
2770,11
2786,11
2619,11
2536,11
2762,11
2451,11
2675,11
2794,11
2598,11
2489,11
2497,11
2797,11
2642,11
2529,11
2851,11
2785,11
2827,11
2580,11
2695,11
2474,11
2526,11
2757,11
2531,11
2815,11
2829,11
2452,11
2859,11
2668,11
2664,11
2790,11
2849,11
2718,11
2626,11
2775,11
2468,11
2866,11
2462,11
2792,11
2705,11
2800,11
2577,11
2804,11
2465,11
2778,11
2544,11
2511,11
2484,11
1710,11
2543,11
2674,11
2541,11
2641,11
2855,11
2694,11
2872,11
2561,11
2701,11
2854,11
2858,11
2747,11
2549,11
2576,11
2684,11
2725,11
2685,11
2754,11
2835,11
2447,11
2454,11
2846,11
2755,11
2491,11
2639,11
2763,11
2749,11
2444,11
2496,11
2558,11
2746,11
2691,11
2791,11
2599,11
2742,11
2722,11
2706,11
2788,11
2727,11
2449,11
2764,11
2602,11
2594,11
2784,11
2606,11
2467,11
2530,11
2744,11
2660,11
2552,11
2799,11
2840,11
2670,11
2798,11
2782,11
2439,11
2441,11
2456,11
2463,11
2525,11
2573,11
2574,11
2600,11
2627,11
2652,11
2656,11
2807,11
2831,11
2862,11
2870,11
2873,11
2521,11
2551,11
2559,11
2585,11
2591,11
2610,11
2631,11
2719,11
2728,11
2796,11
2865,11
2480,11
2483,11
2615,11
2650,11
2673,11
2869,11
2442,11
2523,11
2542,11
2588,11
2635,11
2662,11
2671,11
2697,11
2712,11
2723,11
2750,11
2808,11
2861,11
2879,11
2443,11
2448,11
2460,11
2517,11
2550,11
2564,11
2581,11
2621,11
2633,11
2651,11
2661,11
2730,11
2731,11
2761,11
2826,11
2508,11
2524,11
2534,11
2537,11
2583,11
2634,11
2649,11
2659,11
2683,11
2759,11
2768,11
2823,11
2836,11
2875,11
2450,11
2493,11
2519,11
2522,11
2538,11
2607,11
2612,11
2623,11
2637,11
2680,11
2686,11
2704,11
2766,11
2805,11
2820,11
2446,11
2461,11
2490,11
2571,11
2589,11
2595,11
2608,11
2681,11
2689,11
2739,11
2850,11
2863,11
2481,11
2682,11
2756,11
2758,11
2816,11
2847,11
2502,11
2513,11
2540,11
2548,11
2654,11
2735,11
2824,11
2458,11
2693,11
2838,11
2535,11
2703,11
2515,11
2527,11
2560,11
2579,11
2655,11
2696,11
2771,11
2821,11
2845,11
2453,11
2476,11
2657,11
2570,11
2647,11
2716,11
2455,11
2482,11
2499,11
2566,11
2812,11
2819,11
2500,11
2506,11
2507,11
2726,11
2772,11
2811,11
2587,11
2638,11
2707,11
2741,11
2765,11
2464,11
2698,11
2881,11
2459,11
2492,11
2562,11
2676,11
2514,11
2814,11
2828,11
2472,11
2478,11
2555,11
2776,11
2780,11
2488,11
2699,11
2721,11
2842,11
2628,11
2795,11
2479,11
2547,11
2567,11
2710,11
2711,11
2505,11
2613,11
2653,11
2702,11
2546,11
2666,11
2760,11
2663,11
2717,11
2582,11
2609,11
2853,11
2688,11
2777,11
2586,11
2593,11
2620,11
2825,11
2841,11
2787,11
2611,11
2844,11
2604,11
2773,11
2856,11
2509,11
2630,11
2833,11
2553,11
2487,11
2871,11
2837,11
2556,11
2732,11
2669,11
2781,11
2568,11
2539,11
2687,11
2584,11
2533,11
2832,11
2518,11
687,12
736,12
784,12
729,12
737,12
703,12
732,12
771,12
684,12
723,12
665,12
769,12
702,12
733,12
762,12
714,12
686,12
696,12
748,12
775,12
751,12
783,12
750,12
676,12
713,12
753,12
722,12
778,12
756,12
708,12
673,12
730,12
718,12
727,12
663,12
677,12
678,12
712,12
739,12
743,12
760,12
664,12
679,12
682,12
689,12
705,12
725,12
742,12
766,12
774,12
777,12
688,12
692,12
698,12
738,12
761,12
765,12
785,12
666,12
707,12
711,12
715,12
744,12
749,12
782,12
667,12
671,12
746,12
786,12
668,12
695,12
704,12
734,12
741,12
763,12
770,12
669,12
672,12
709,12
670,12
691,12
716,12
747,12
776,12
700,12
767,12
726,12
779,12
757,12
674,12
701,12
781,12
675,12
754,12
755,12
680,12
683,12
697,12
724,12
699,12
735,12
780,12
690,12
710,12
752,12
768,12
681,12
719,12
740,12
721,12
685,12
717,12
728,12
693,12
731,12
759,12
764,12
745,12
694,12
758,12
787,12
706,12
720,12
772,12
773,12
4718,13
4729,13
4774,13
4666,13
4734,13
4914,13
4751,13
4659,13
4576,13
4660,13
4842,13
4525,13
4746,13
4917,13
4818,13
4532,13
4827,13
4760,13
4523,13
4664,13
4874,13
4864,13
4623,13
4549,13
4560,13
4857,13
4798,13
4896,13
4829,13
4832,13
4893,13
4529,13
4791,13
4687,13
4825,13
4701,13
4716,13
4903,13
4819,13
4725,13
4728,13
4881,13
4753,13
4908,13
4640,13
4608,13
4639,13
4858,13
4617,13
4727,13
4693,13
4780,13
4645,13
4628,13
4809,13
4596,13
4894,13
4696,13
4613,13
4573,13
4806,13
4520,13
4807,13
4711,13
4877,13
4627,13
4652,13
4787,13
4763,13
4551,13
4884,13
4741,13
4550,13
4767,13
4810,13
4646,13
4797,13
4739,13
4873,13
4548,13
4588,13
4769,13
4708,13
4616,13
4901,13
4865,13
4790,13
4743,13
4542,13
4667,13
4768,13
4674,13
4594,13
4740,13
4591,13
4759,13
4619,13
4713,13
4650,13
4592,13
4735,13
4522,13
4688,13
4719,13
4761,13
4543,13
4722,13
4636,13
4534,13
4662,13
4878,13
4852,13
4601,13
4568,13
4678,13
4813,13
4580,13
4518,13
4536,13
4655,13
4563,13
4593,13
4875,13
4811,13
4656,13
4744,13
4851,13
4782,13
4883,13
4605,13
4786,13
4804,13
4615,13
4715,13
4584,13
4784,13
4599,13
4587,13
4566,13
4561,13
4694,13
4846,13
4755,13
4698,13
4796,13
4537,13
4723,13
4557,13
4726,13
4653,13
4586,13
4634,13
4555,13
4526,13
4866,13
4870,13
4902,13
4844,13
4692,13
4527,13
4657,13
4817,13
4899,13
4750,13
4574,13
4672,13
4900,13
4535,13
4658,13
4598,13
4801,13
4886,13
4651,13
4812,13
4633,13
4618,13
4709,13
4571,13
4912,13
4686,13
4736,13
4863,13
4546,13
4921,13
4589,13
4642,13
4905,13
4620,13
4841,13
4697,13
4839,13
4885,13
4803,13
4749,13
4849,13
4676,13
4671,13
4821,13
4888,13
4920,13
4539,13
4710,13
4843,13
4783,13
4631,13
4814,13
4680,13
4915,13
4887,13
4621,13
4822,13
4913,13
4533,13
4845,13
4632,13
4582,13
4714,13
4800,13
4685,13
4556,13
4661,13
4625,13
4828,13
4648,13
4541,13
4641,13
4521,13
4859,13
4569,13
4785,13
4869,13
4644,13
4643,13
4838,13
4808,13
4862,13
4916,13
4758,13
4837,13
4530,13
4764,13
4583,13
4910,13
4564,13
4579,13
4732,13
4872,13
4609,13
4766,13
4854,13
4820,13
4833,13
4705,13
4626,13
4552,13
4611,13
4840,13
4519,13
4699,13
4559,13
4757,13
4847,13
4752,13
4624,13
4855,13
4747,13
4745,13
4565,13
4695,13
4707,13
4602,13
4867,13
4669,13
4777,13
4638,13
4610,13
4802,13
4562,13
4665,13
4775,13
4647,13
4517,13
4663,13
4681,13
4684,13
4754,13
4770,13
4805,13
4823,13
4853,13
4882,13
4918,13
4581,13
4614,13
4724,13
4756,13
4788,13
4834,13
4868,13
4558,13
4629,13
4670,13
4682,13
4690,13
4738,13
4793,13
4871,13
4876,13
4880,13
4895,13
4577,13
4700,13
4702,13
4704,13
4737,13
4772,13
4776,13
4816,13
4906,13
4909,13
4595,13
4607,13
4668,13
4748,13
4860,13
4861,13
4585,13
4606,13
4677,13
4706,13
4717,13
4826,13
4835,13
4848,13
4890,13
4544,13
4554,13
4604,13
4635,13
4649,13
4675,13
4691,13
4703,13
4720,13
4730,13
4799,13
4524,13
4553,13
4575,13
4712,13
4778,13
4850,13
4567,13
4637,13
4779,13
4824,13
4830,13
4856,13
4531,13
4540,13
4654,13
4673,13
4762,13
4897,13
4919,13
4578,13
4689,13
4789,13
4795,13
4831,13
4911,13
4528,13
4721,13
4792,13
4773,13
4889,13
4781,13
4907,13
4597,13
4898,13
4570,13
4771,13
4891,13
4836,13
4679,13
4742,13
4545,13
4603,13
4612,13
4538,13
4600,13
4765,13
4572,13
4815,13
4794,13
4622,13
4731,13
4683,13
4904,13
4547,13
4733,13
4892,13
4630,13
4879,13
4590,13
1532,14
1539,14
1516,14
1515,14
1495,14
1501,14
1462,14
1465,14
1488,14
1497,14
1573,14
1550,14
1563,14
1484,14
1469,14
1480,14
1498,14
1450,14
1528,14
1446,14
1459,14
1558,14
1520,14
1521,14
1456,14
1574,14
1524,14
1554,14
1494,14
1431,14
1508,14
1572,14
1455,14
1514,14
1472,14
1466,14
1442,14
1513,14
1562,14
1536,14
1538,14
1543,14
1546,14
1560,14
1561,14
1564,14
1436,14
1440,14
1447,14
1491,14
1492,14
1509,14
1518,14
1522,14
1537,14
1544,14
1461,14
1473,14
1490,14
1504,14
1505,14
1557,14
1575,14
1463,14
1507,14
1511,14
1530,14
1556,14
1568,14
1438,14
1457,14
1475,14
1476,14
1485,14
1502,14
1523,14
1540,14
1569,14
1432,14
1434,14
1458,14
1474,14
1517,14
1541,14
1576,14
1506,14
1525,14
1531,14
1542,14
1449,14
1468,14
1510,14
1551,14
1567,14
1470,14
1486,14
1443,14
1451,14
1545,14
1439,14
1547,14
1552,14
1478,14
1566,14
1441,14
1482,14
1493,14
1519,14
1527,14
1533,14
1548,14
1437,14
1471,14
1496,14
1526,14
1534,14
1549,14
1467,14
1477,14
1529,14
1553,14
1512,14
1555,14
1435,14
1499,14
1483,14
1487,14
1452,14
1481,14
1448,14
1565,14
1433,14
1559,14
1453,14
1479,14
1570,14
1460,14
1464,14
1445,14
1500,14
1571,14
1444,14
1535,14
1454,14
1503,14
1489,14
2240,15
1602,15
2221,15
2385,15
1609,15
2405,15
2308,15
2359,15
2277,15
2417,15
2331,15
1597,15
1630,15
2407,15
2295,15
1632,15
2392,15
1610,15
2364,15
2432,15
2382,15
2333,15
2204,15
1628,15
2324,15
2366,15
1683,15
1659,15
2370,15
2367,15
2426,15
1591,15
2381,15
2346,15
2232,15
2257,15
1615,15
1639,15
1614,15
1598,15
1608,15
1640,15
2213,15
2199,15
2356,15
2259,15
2433,15
1579,15
2386,15
2223,15
2310,15
2321,15
2401,15
1646,15
2205,15
2249,15
1577,15
2270,15
2325,15
2338,15
1634,15
2245,15
2339,15
1620,15
2369,15
1596,15
2434,15
2342,15
2394,15
2404,15
2430,15
1661,15
2236,15
2429,15
2291,15
2218,15
1617,15
1682,15
2387,15
2435,15
1587,15
1678,15
2256,15
1583,15
1578,15
2344,15
2268,15
2288,15
1649,15
2397,15
1673,15
2402,15
1670,15
2254,15
1599,15
2319,15
2383,15
2379,15
1623,15
1638,15
1684,15
2220,15
2279,15
2348,15
2316,15
2261,15
1655,15
2265,15
2272,15
2201,15
2309,15
2343,15
2216,15
1625,15
1612,15
2212,15
2299,15
1666,15
1590,15
2264,15
1585,15
2243,15
2307,15
2395,15
1604,15
1631,15
1636,15
1665,15
1669,15
1680,15
1621,15
1648,15
1660,15
1675,15
2211,15
1618,15
1681,15
1580,15
1622,15
1679,15
2423,15
1581,15
1600,15
1613,15
1637,15
1645,15
1664,15
1582,15
1643,15
1653,15
1644,15
1584,15
1595,15
1603,15
1626,15
1676,15
1606,15
1607,15
1647,15
1652,15
1658,15
1586,15
1594,15
1605,15
1641,15
1650,15
1671,15
1588,15
1619,15
1627,15
1668,15
1685,15
2224,15
1589,15
1592,15
1601,15
1656,15
1662,15
1624,15
1654,15
1593,15
1611,15
2396,15
2303,15
1616,15
1633,15
1651,15
1657,15
1667,15
1677,15
2219,15
1635,15
1663,15
1674,15
1642,15
2431,15
2378,15
2340,15
2422,15
1672,15
2311,15
2372,15
2419,15
2258,15
2375,15
2241,15
2345,15
2214,15
2330,15
2284,15
2230,15
2335,15
2412,15
2262,15
2281,15
2234,15
2329,15
2227,15
2247,15
2334,15
2355,15
2209,15
2337,15
2416,15
2332,15
2197,15
2400,15
2196,15
2238,15
2242,15
2276,15
2282,15
2294,15
2306,15
2314,15
2317,15
2357,15
2398,15
2414,15
2415,15
2421,15
2206,15
2222,15
2252,15
2255,15
2263,15
2278,15
2286,15
2296,15
2298,15
2322,15
2327,15
2358,15
2374,15
2411,15
2420,15
2428,15
2198,15
2200,15
2208,15
2229,15
2246,15
2253,15
2267,15
2285,15
2289,15
2292,15
2361,15
2373,15
2377,15
2290,15
2302,15
2349,15
2353,15
2354,15
2406,15
2231,15
2244,15
2408,15
2409,15
2413,15
2210,15
2266,15
2323,15
2341,15
2418,15
2427,15
2436,15
2202,15
2305,15
2351,15
2371,15
2399,15
2424,15
2437,15
2203,15
2239,15
2260,15
2293,15
2389,15
2393,15
2283,15
2300,15
2391,15
2425,15
2226,15
2237,15
2275,15
2347,15
2390,15
2225,15
2233,15
2250,15
2297,15
2360,15
2388,15
2207,15
2320,15
2352,15
2362,15
2318,15
2384,15
2438,15
2217,15
2280,15
2248,15
2301,15
2368,15
2363,15
2365,15
2403,15
2215,15
2304,15
2326,15
2228,15
2287,15
2350,15
2269,15
2274,15
2312,15
2380,15
2273,15
2336,15
2328,15
2410,15
2315,15
2376,15
2235,15
2251,15
2313,15
2271,15
0,16
36,16
41,16
113,16
118,16
125,16
126,16
133,16
142,16
170,16
173,16
187,16
200,16
226,16
249,16
250,16
256,16
267,16
274,16
283,16
1,16
5,16
28,16
55,16
66,16
68,16
69,16
97,16
124,16
127,16
161,16
185,16
188,16
195,16
197,16
207,16
209,16
237,16
239,16
278,16
281,16
297,16
2,16
3,16
43,16
46,16
53,16
54,16
84,16
111,16
129,16
130,16
143,16
148,16
163,16
213,16
253,16
269,16
270,16
292,16
296,16
306,16
18,16
20,16
45,16
79,16
81,16
128,16
159,16
160,16
168,16
174,16
177,16
180,16
184,16
203,16
205,16
225,16
228,16
255,16
257,16
264,16
288,16
294,16
305,16
4,16
6,16
21,16
32,16
34,16
38,16
48,16
72,16
76,16
82,16
176,16
201,16
240,16
251,16
13,16
23,16
30,16
101,16
164,16
171,16
181,16
189,16
212,16
220,16
233,16
275,16
303,16
27,16
74,16
90,16
144,16
153,16
194,16
241,16
242,16
258,16
280,16
282,16
285,16
1748,16
7,16
63,16
157,16
199,16
206,16
284,16
293,16
8,16
14,16
31,16
56,16
98,16
137,16
221,16
9,16
24,16
49,16
58,16
77,16
78,16
106,16
158,16
166,16
190,16
254,16
279,16
10,16
16,16
154,16
192,16
247,16
11,16
61,16
89,16
114,16
131,16
214,16
224,16
12,16
35,16
51,16
83,16
86,16
107,16
132,16
139,16
179,16
216,16
244,16
260,16
304,16
105,16
149,16
234,16
248,16
307,16
17,16
40,16
146,16
155,16
15,16
19,16
33,16
64,16
103,16
109,16
136,16
172,16
266,16
29,16
65,16
71,16
141,16
167,16
243,16
47,16
57,16
104,16
145,16
152,16
229,16
259,16
263,16
272,16
290,16
291,16
301,16
26,16
59,16
92,16
116,16
217,16
219,16
235,16
268,16
140,16
156,16
135,16
162,16
182,16
22,16
94,16
178,16
80,16
95,16
110,16
121,16
150,16
183,16
202,16
223,16
102,16
232,16
261,16
298,16
25,16
93,16
138,16
222,16
37,16
50,16
198,16
218,16
88,16
75,16
273,16
289,16
42,16
208,16
245,16
300,16
295,16
73,16
85,16
96,16
119,16
211,16
252,16
99,16
147,16
186,16
191,16
193,16
265,16
230,16
87,16
196,16
100,16
120,16
227,16
238,16
62,16
123,16
246,16
67,16
39,16
91,16
299,16
115,16
117,16
165,16
215,16
236,16
44,16
287,16
122,16
134,16
112,16
151,16
231,16
271,16
210,16
108,16
52,16
175,16
302,16
204,16
70,16
169,16
262,16
60,16
277,16
276,16
286,16
1981,17
2195,17
2090,17
2182,17
2174,17
2000,17
2013,17
2019,17
2178,17
2165,17
2011,17
2159,17
1978,17
2192,17
2166,17
1997,17
1986,17
1969,17
2046,17
2042,17
2097,17
2141,17
2127,17
1968,17
2067,17
2029,17
2076,17
2113,17
2149,17
2143,17
2155,17
2118,17
2103,17
2145,17
2096,17
2177,17
2050,17
2037,17
1993,17
2091,17
2032,17
2051,17
2147,17
1995,17
2151,17
1990,17
1977,17
2131,17
2170,17
2172,17
1992,17
2015,17
2158,17
2183,17
2052,17
1998,17
2184,17
2038,17
2045,17
2034,17
2077,17
2018,17
2057,17
2036,17
2187,17
2007,17
2020,17
2188,17
2004,17
1985,17
2114,17
2194,17
2039,17
2001,17
2156,17
2163,17
2062,17
2084,17
2079,17
2044,17
2167,17
2162,17
2144,17
2115,17
1980,17
2021,17
1979,17
2063,17
1996,17
2169,17
2119,17
2176,17
2179,17
2112,17
2154,17
2087,17
2121,17
2161,17
2048,17
2066,17
2069,17
2136,17
2140,17
2175,17
2190,17
1970,17
1991,17
2023,17
2049,17
2075,17
2085,17
2126,17
2129,17
2130,17
2132,17
2139,17
2157,17
2160,17
2186,17
2191,17
1987,17
2081,17
2123,17
2142,17
2152,17
2171,17
2173,17
1974,17
1975,17
1983,17
1988,17
2025,17
2041,17
2073,17
2092,17
2100,17
2108,17
2122,17
2150,17
1999,17
2002,17
2027,17
2058,17
2061,17
2138,17
1976,17
2008,17
2017,17
2040,17
2053,17
2089,17
2117,17
2124,17
2005,17
2028,17
2054,17
2022,17
2055,17
2065,17
2095,17
1972,17
2024,17
2056,17
2148,17
2181,17
2009,17
2010,17
2012,17
2030,17
2035,17
2047,17
2059,17
2071,17
2086,17
2116,17
2125,17
2014,17
2060,17
2098,17
2101,17
2189,17
2099,17
1984,17
1989,17
1994,17
2026,17
2074,17
2078,17
2083,17
2105,17
2109,17
2064,17
2068,17
2033,17
2168,17
2006,17
2082,17
2180,17
2031,17
2070,17
2135,17
1982,17
2080,17
2016,17
2102,17
2133,17
2072,17
2120,17
2137,17
2164,17
2043,17
2110,17
1973,17
2094,17
2104,17
2093,17
2193,17
2003,17
2111,17
2128,17
1971,17
2107,17
2088,17
2185,17
2153,17
2106,17
2134,17
2146,17
