0 124
1 48
1 135
1 142
1 275
1 410
1 391
1 1581
1 1589
2 827
3 155
3 1185
4 155
4 155
4 439
4 867
6 155
7 651
8 121
8 18
9 155
9 103
9 110
9 43
9 146
9 103
9 144
9 155
9 42
9 143
9 129
9 124
9 184
9 76
9 76
9 103
9 76
9 155
9 241
9 303
9 439
9 489
9 488
9 273
9 209
9 421
9 350
9 343
9 489
9 449
9 231
9 209
9 353
9 275
9 489
9 443
9 613
9 644
9 749
9 698
9 871
9 931
9 1257
9 1257
9 1239
9 1641
9 1515
10 420
10 238
11 71
11 155
11 249
11 331
11 1310
12 751
13 961
14 489
14 563
14 1420
15 198
16 16
16 130
16 48
18 186
18 103
18 273
18 224
18 312
18 715
18 641
18 1138
18 1146
18 1267
19 121
20 184
20 142
20 698
21 76
21 171
21 76
21 398
21 882
23 1605
24 11
24 135
24 76
24 74
24 48
24 148
24 87
24 371
24 489
24 209
24 790
24 1257
24 1343
25 340
26 532
26 371
26 494
26 881
27 36
28 411
28 1375
29 410
30 124
30 24
30 142
30 48
30 130
30 180
30 129
30 76
30 129
30 143
30 76
30 402
30 199
30 421
30 535
30 328
30 207
30 268
30 209
30 401
30 402
30 324
30 489
30 802
30 978
30 1208
30 1218
30 1252
30 1375
30 1312
30 1625
30 1772
30 1743
32 230
32 483
33 171
33 143
33 135
33 154
33 293
33 468
33 258
33 361
33 325
33 508
33 1449
33 1813
34 88
34 152
34 26
34 138
34 76
34 71
34 136
34 311
34 193
34 524
34 833
34 1252
36 91
36 129
36 48
36 148
36 155
36 119
36 155
36 129
36 209
36 371
36 439
36 209
36 349
36 285
36 371
36 324
36 230
36 489
36 275
36 739
36 580
36 1019
36 1196
36 1515
36 1723
37 143
37 55
37 983
37 1743
38 1700
39 184
39 135
39 147
40 388
41 87
41 47
41 17
41 76
41 312
41 368
41 207
42 57
42 48
43 48
43 9
43 76
43 103
43 97
43 130
43 184
43 155
43 103
43 26
43 39
43 475
43 209
43 370
43 532
43 508
43 538
43 293
43 479
43 500
43 537
43 285
43 660
43 607
43 841
43 1078
43 1409
43 1722
43 1625
43 1556
43 1743
43 1743
43 1865
43 1780
46 162
46 1208
46 1300
47 99
47 47
47 185
47 184
47 33
47 88
47 48
47 103
47 403
47 286
47 376
47 324
47 271
47 478
47 254
47 371
47 321
47 967
47 1400
47 1743
48 85
48 76
48 48
48 76
48 76
48 16
48 155
48 184
48 168
48 103
48 135
48 129
48 9
48 76
48 5
48 24
48 76
48 190
48 158
48 34
48 155
48 155
48 184
48 155
48 155
48 173
48 317
48 502
48 542
48 325
48 546
48 312
48 303
48 303
48 532
48 466
48 495
48 209
48 230
48 324
48 483
48 489
48 988
48 1240
48 1146
48 1375
48 1305
48 1312
48 1315
48 1602
48 1567
48 1743
48 1588
48 1522
48 1743
48 1829
48 1831
49 103
51 81
51 136
51 520
51 209
51 489
51 644
51 1228
51 1840
52 103
52 129
52 244
52 345
54 76
54 1780
55 30
55 155
55 130
55 31
55 433
55 310
55 489
55 450
55 303
55 802
55 647
55 827
55 1208
55 1310
55 1387
55 1422
55 1429
56 1275
57 18
59 143
59 258
59 312
59 1017
60 88
60 129
60 135
61 185
62 103
63 43
63 121
63 532
63 406
63 1423
64 454
64 504
65 279
66 145
66 34
66 118
66 532
66 698
66 613
66 828
67 103
67 184
67 199
68 1153
69 36
69 489
69 325
69 867
70 550
70 275
70 688
70 1307
71 55
71 27
71 170
71 48
71 43
71 189
71 9
71 96
71 76
71 184
71 103
71 179
71 225
71 310
71 410
71 1252
71 1257
71 1307
71 1721
73 9
74 739
74 698
76 184
76 76
76 9
76 155
76 88
76 43
76 48
76 143
76 184
76 167
76 71
76 155
76 185
76 76
76 130
76 135
76 129
76 106
76 27
76 184
76 168
76 129
76 76
76 8
76 36
76 143
76 121
76 55
76 126
76 9
76 184
76 145
76 48
76 135
76 129
76 119
76 76
76 184
76 171
76 36
76 135
76 67
76 169
76 148
76 76
76 143
76 92
76 135
76 103
76 103
76 103
76 94
76 135
76 207
76 198
76 376
76 196
76 343
76 287
76 272
76 532
76 437
76 439
76 489
76 209
76 489
76 209
76 483
76 199
76 224
76 532
76 531
76 551
76 287
76 466
76 205
76 376
76 209
76 486
76 468
76 661
76 575
76 575
76 964
76 1046
76 865
76 1001
76 867
76 1252
76 1238
76 1305
76 1422
76 1312
76 1434
76 1432
76 1353
76 1464
76 1452
76 1554
76 1640
76 1743
76 1743
76 1743
76 1669
76 1813
76 1872
77 11
78 143
78 245
80 230
80 376
80 1283
81 55
81 143
81 155
81 9
81 143
81 311
81 500
81 401
81 1454
81 1829
82 116
82 502
83 992
84 155
85 120
85 240
85 340
85 1508
86 293
86 502
87 76
87 1434
88 9
88 124
88 9
88 9
88 76
88 48
88 87
88 305
88 419
88 460
88 522
88 489
88 757
88 1105
88 1350
88 1817
89 103
89 335
89 203
90 152
90 121
90 67
91 155
91 103
91 135
91 142
91 47
91 18
91 538
91 555
91 489
91 482
91 361
91 991
91 1523
91 1602
92 135
92 48
92 167
92 475
92 1289
93 129
93 293
93 1252
94 41
94 47
95 182
95 468
95 348
95 1350
96 160
96 184
96 489
96 1791
97 103
97 472
97 196
98 551
98 1155
98 1312
100 1669
103 135
103 184
103 76
103 155
103 185
103 190
103 37
103 47
103 155
103 9
103 76
103 100
103 184
103 184
103 489
103 209
103 469
103 482
103 267
103 225
103 504
103 527
103 488
103 230
103 234
103 230
103 283
103 402
103 340
103 502
103 489
103 489
103 489
103 430
103 691
103 961
103 1047
103 1187
103 1208
103 1150
103 1370
103 1422
103 1296
103 1420
103 1307
103 1674
103 1655
103 1662
103 1729
103 1793
103 1829
103 1875
104 1752
105 209
105 209
106 155
107 410
108 406
109 551
109 599
109 1866
110 31
110 51
110 207
111 48
111 184
111 76
111 489
111 262
112 546
113 472
114 454
114 230
114 1181
115 209
116 36
116 61
116 66
116 209
116 384
116 1447
117 83
118 88
118 121
118 280
119 55
119 103
119 135
119 88
119 9
119 125
119 331
119 204
119 209
119 285
119 575
120 184
120 307
121 103
121 152
121 76
121 152
121 111
121 48
121 76
121 71
121 116
121 103
121 121
121 106
121 121
121 241
121 275
121 291
121 304
121 491
121 454
121 509
121 199
121 273
121 224
121 275
121 293
121 311
121 376
121 782
121 560
121 801
121 992
121 1097
121 1681
122 145
124 184
124 76
124 155
124 184
124 152
124 155
124 184
124 362
124 280
124 575
124 1257
124 1208
124 1510
125 135
125 489
127 135
127 411
128 1073
129 34
129 76
129 43
129 135
129 48
129 47
129 148
129 155
129 48
129 184
129 47
129 155
129 155
129 155
129 48
129 155
129 65
129 48
129 76
129 76
129 30
129 489
129 324
129 359
129 237
129 348
129 517
129 209
129 256
129 508
129 315
129 759
129 608
129 649
129 841
129 1129
129 1252
129 1252
129 1411
129 1296
129 1634
130 129
130 128
130 9
130 189
130 76
130 71
130 103
130 145
130 9
130 103
130 121
130 238
130 395
130 402
130 204
130 551
130 366
130 403
130 482
130 508
130 209
130 575
130 625
130 1362
130 1416
130 1454
130 1480
130 1647
130 1585
130 1569
130 1596
130 1737
130 1780
131 555
132 27
132 134
132 462
132 483
133 124
134 3
134 131
135 129
135 143
135 51
135 155
135 184
135 145
135 111
135 155
135 4
135 155
135 30
135 119
135 145
135 135
135 129
135 139
135 76
135 71
135 103
135 145
135 18
135 155
135 149
135 140
135 168
135 26
135 48
135 184
135 135
135 184
135 184
135 275
135 483
135 399
135 314
135 400
135 439
135 209
135 489
135 554
135 415
135 489
135 472
135 401
135 207
135 348
135 489
135 489
135 449
135 273
135 388
135 698
135 793
135 575
135 607
135 802
135 688
135 1080
135 967
135 1143
135 1252
135 1310
135 1346
135 1596
135 1753
135 1655
135 1817
136 9
136 554
136 361
136 967
136 871
136 1722
137 103
137 1143
137 1312
137 1745
138 97
138 209
138 1571
139 134
139 489
139 483
140 538
141 208
142 155
142 103
142 24
142 155
142 489
142 207
142 435
143 112
143 171
143 9
143 185
143 40
143 135
143 138
143 410
143 287
143 255
143 460
143 320
143 489
144 36
144 209
145 161
145 51
145 135
145 103
145 171
145 155
145 145
145 376
145 275
145 295
145 486
145 253
145 283
145 812
145 1436
145 1656
146 185
146 1411
147 76
149 145
149 36
149 411
149 596
152 92
152 185
152 84
152 50
152 361
152 532
152 324
152 575
152 991
153 47
154 103
154 103
154 249
154 403
154 660
154 1289
155 43
155 184
155 66
155 168
155 36
155 9
155 184
155 135
155 48
155 5
155 20
155 155
155 30
155 48
155 81
155 135
155 184
155 9
155 116
155 121
155 11
155 131
155 48
155 127
155 1
155 184
155 76
155 189
155 155
155 527
155 454
155 454
155 275
155 346
155 451
155 451
155 320
155 504
155 287
155 454
155 320
155 280
155 489
155 195
155 324
155 340
155 224
155 545
155 209
155 310
155 536
155 267
155 311
155 209
155 489
155 201
155 453
155 406
155 275
155 535
155 406
155 292
155 275
155 520
155 241
155 743
155 802
155 802
155 1065
155 1252
155 1143
155 1367
155 1375
155 1397
155 1434
155 1575
155 1743
155 1602
155 1655
155 1829
155 1780
156 76
156 145
156 1566
157 18
157 208
157 1208
158 184
159 76
159 135
159 474
159 338
159 1743
160 145
161 108
161 1165
161 1362
164 1323
165 267
165 434
165 764
167 15
168 76
168 121
168 31
168 55
168 103
168 9
168 129
168 103
168 538
168 351
168 522
168 486
168 489
168 482
168 283
168 1208
168 1439
169 103
170 155
171 48
171 184
171 376
171 978
171 1375
171 1829
171 1872
173 48
175 34
175 376
177 331
178 76
178 388
179 532
180 143
180 135
181 32
181 36
181 129
181 76
181 268
181 275
181 449
181 449
181 600
181 1780
182 184
182 71
182 90
182 60
182 453
182 808
182 1641
182 1782
184 36
184 53
184 135
184 3
184 51
184 11
184 88
184 137
184 135
184 92
184 168
184 152
184 135
184 185
184 155
184 105
184 156
184 184
184 184
184 43
184 184
184 11
184 129
184 30
184 129
184 185
184 181
184 30
184 24
184 135
184 121
184 43
184 30
184 129
184 103
184 96
184 138
184 130
184 145
184 143
184 48
184 155
184 135
184 185
184 129
184 340
184 337
184 337
184 287
184 548
184 248
184 209
184 551
184 448
184 375
184 411
184 384
184 275
184 478
184 328
184 354
184 488
184 209
184 501
184 275
184 222
184 537
184 483
184 258
184 293
184 324
184 361
184 585
184 706
184 655
184 739
184 575
184 721
184 1097
184 965
184 978
184 1232
184 1289
184 1276
184 1257
184 1342
184 1375
184 1343
184 1297
184 1396
184 1437
184 1743
184 1641
184 1641
184 1743
184 1869
184 1829
184 1807
185 48
185 70
185 184
185 184
185 48
185 113
185 51
185 76
185 454
185 293
185 224
185 343
185 538
185 406
185 841
185 1045
185 1026
185 1230
185 1193
185 1303
185 1713
186 551
188 478
188 245
189 76
189 293
190 814
191 148
193 204
194 502
196 1271
197 303
197 578
198 361
198 454
198 443
198 283
198 476
198 554
198 439
198 325
198 295
198 287
198 783
198 1143
198 1143
198 1375
199 263
199 482
199 289
199 498
199 283
199 195
199 421
199 340
199 198
199 489
199 961
199 1097
199 1144
199 1208
199 1260
199 1224
199 1362
199 1335
199 1357
199 1454
199 1743
199 1699
199 1700
201 475
201 1208
204 466
204 460
204 399
204 489
204 249
204 325
204 393
204 489
204 209
204 475
204 395
204 215
204 345
204 547
204 580
204 711
204 718
204 698
204 990
204 1036
204 1252
204 1208
204 1190
204 1150
204 1362
204 1387
204 1370
204 1447
204 1454
204 1524
204 1641
204 1743
204 1831
205 310
205 469
205 515
205 513
207 400
207 489
207 376
207 546
207 270
207 217
207 489
207 478
207 479
207 489
207 371
207 593
207 798
207 876
207 831
207 1080
207 919
207 1250
207 1257
207 1151
207 1421
207 1669
207 1553
207 1780
207 1875
208 267
208 279
208 489
208 1289
208 1310
208 1350
208 1589
209 380
209 478
209 349
209 209
209 279
209 393
209 554
209 532
209 230
209 517
209 204
209 256
209 488
209 388
209 411
209 336
209 241
209 230
209 237
209 443
209 209
209 489
209 287
209 406
209 488
209 235
209 295
209 388
209 208
209 287
209 227
209 551
209 241
209 282
209 468
209 486
209 279
209 278
209 209
209 489
209 281
209 530
209 461
209 371
209 489
209 478
209 489
209 539
209 208
209 411
209 267
209 382
209 532
209 312
209 209
209 489
209 198
209 331
209 244
209 542
209 301
209 199
209 303
209 535
209 275
209 290
209 280
209 282
209 267
209 311
209 287
209 498
209 283
209 545
209 542
209 739
209 565
209 691
209 617
209 672
209 575
209 740
209 575
209 627
209 654
209 740
209 911
209 841
209 847
209 1056
209 864
209 962
209 1075
209 842
209 1057
209 1078
209 1146
209 1147
209 1208
209 1275
209 1135
209 1276
209 1240
209 1155
209 1291
209 1143
209 1135
209 1208
209 1257
209 1354
209 1362
209 1416
209 1350
209 1399
209 1312
209 1471
209 1480
209 1486
209 1574
209 1688
209 1732
209 1639
209 1504
209 1589
209 1700
209 1700
209 1675
209 1567
209 1743
209 1829
209 1860
209 1829
210 551
210 489
210 1257
211 1057
212 376
212 207
212 1700
214 768
215 196
215 209
215 290
215 505
215 464
215 433
215 331
215 371
215 714
215 1257
215 1282
215 1135
215 1357
215 1490
215 1743
215 1656
215 1780
216 287
217 230
217 331
217 296
217 532
217 403
217 551
217 1275
217 1167
217 1753
218 698
219 230
219 1434
220 272
220 225
220 413
220 942
221 370
222 489
222 489
222 740
222 841
222 1086
222 1780
224 483
224 483
224 536
224 761
224 1329
224 1305
224 1343
224 1447
224 1641
224 1829
224 1793
225 360
225 270
225 401
225 489
225 209
225 665
225 1034
225 1257
225 1161
225 1591
226 1580
227 427
227 208
227 256
227 209
227 209
227 290
227 489
227 886
227 1289
230 371
230 273
230 306
230 400
230 439
230 418
230 249
230 275
230 536
230 230
230 209
230 531
230 312
230 546
230 273
230 532
230 303
230 433
230 489
230 535
230 532
230 251
230 336
230 508
230 249
230 575
230 1069
230 966
230 1192
230 1782
231 304
231 978
232 534
232 241
232 575
232 1340
233 1252
234 192
235 223
235 406
235 651
235 1387
235 1520
237 279
238 532
238 443
239 280
240 294
240 207
240 489
240 1630
241 532
241 411
241 319
241 198
241 293
241 250
241 258
241 343
241 537
241 293
241 486
241 363
241 319
241 283
241 715
241 603
241 718
241 607
241 802
241 841
241 1292
241 1227
241 1250
241 1146
241 1619
241 1588
241 1829
241 1873
242 303
242 1743
243 197
243 1143
244 406
244 460
244 1601
245 230
245 439
248 411
248 478
248 478
248 361
248 303
248 443
248 199
248 1604
248 1628
249 273
249 435
249 448
249 273
249 1150
249 1143
249 1310
249 1704
249 1574
250 209
250 524
250 328
251 1249
251 1281
252 348
255 331
256 403
258 241
258 575
258 1143
258 1743
261 455
261 280
262 209
262 319
262 827
263 615
263 1178
264 411
264 406
264 287
264 489
264 275
264 421
264 764
264 580
264 1126
264 1289
264 1146
264 1521
264 1753
264 1813
265 371
265 640
265 1756
266 416
266 209
266 319
266 489
266 406
266 320
266 309
266 405
266 542
266 376
266 209
266 1208
266 1257
266 1305
266 1460
266 1865
267 241
267 529
267 331
267 489
267 446
267 445
267 489
267 1395
267 1401
267 1813
268 273
269 488
269 927
270 545
270 363
271 408
271 483
271 263
271 538
271 424
271 449
271 582
271 575
271 1248
271 1143
271 1346
271 1307
271 1745
273 293
273 554
273 323
273 214
273 483
273 287
273 632
273 674
273 1075
273 1724
273 1743
274 1717
275 520
275 401
275 419
275 230
275 225
275 428
275 406
275 209
275 545
275 402
275 448
275 351
275 489
275 204
275 403
275 546
275 320
275 469
275 528
275 295
275 467
275 479
275 486
275 449
275 540
275 489
275 478
275 230
275 499
275 500
275 205
275 542
275 209
275 714
275 740
275 900
275 832
275 1097
275 868
275 967
275 836
275 1252
275 1208
275 1257
275 1143
275 1230
275 1158
275 1151
275 1257
275 1208
275 1257
275 1283
275 1143
275 1335
275 1319
275 1429
275 1375
275 1391
275 1604
275 1743
276 539
276 1385
276 1404
276 1343
277 439
278 241
278 209
278 802
279 224
279 331
279 325
279 634
279 644
279 715
279 1462
279 1596
280 515
280 324
280 315
280 285
280 545
280 212
280 401
280 532
280 332
280 411
280 426
280 320
280 629
280 967
280 1210
280 1641
280 1863
281 534
281 282
281 267
281 230
281 294
282 524
282 399
282 296
282 410
282 375
282 217
282 348
282 739
282 637
282 1075
282 860
282 1146
282 1289
282 1350
282 1353
282 1299
283 282
283 207
283 230
283 197
283 500
283 516
283 326
283 324
283 209
283 532
283 275
283 532
283 388
283 489
283 482
283 542
283 371
283 198
283 230
283 258
283 201
283 746
283 698
283 575
283 1240
283 1350
283 1722
284 1161
285 411
285 1747
286 555
286 217
286 466
286 841
286 1250
286 1265
286 1208
287 317
287 371
287 482
287 209
287 505
287 324
287 393
287 551
287 209
287 524
287 343
287 520
287 264
287 310
287 431
287 198
287 376
287 482
287 403
287 275
287 275
287 357
287 449
287 209
287 698
287 733
287 751
287 841
287 1221
287 1142
287 1240
287 1290
287 1208
287 1289
287 1379
287 1362
287 1743
287 1542
287 1700
287 1817
288 1411
290 209
290 1097
290 1829
292 1659
293 542
293 364
293 213
293 534
293 281
293 520
293 402
293 486
293 230
293 453
293 287
293 542
293 195
293 583
293 841
293 1155
293 1674
293 1731
295 211
295 1257
296 1080
297 312
298 293
298 1129
299 1513
300 967
300 1146
301 1080
301 1080
302 532
303 454
303 209
303 402
303 489
303 209
303 518
303 371
303 235
303 411
303 209
303 376
303 337
303 466
303 395
303 241
303 325
303 486
303 649
303 591
303 1052
303 830
303 1146
303 1267
303 1252
303 1447
303 1710
304 293
304 811
305 230
305 1155
305 1507
307 293
307 208
307 293
307 1395
309 1422
310 225
310 275
310 209
310 489
310 207
310 802
310 802
310 1252
310 1447
310 1550
310 1619
311 209
311 275
311 539
311 303
311 241
311 489
311 463
311 284
311 352
311 691
311 1111
311 1229
311 1208
311 1155
311 1335
311 1455
311 1641
311 1860
312 204
312 496
312 343
312 551
312 486
312 273
312 489
312 488
312 324
312 623
312 768
312 1151
312 1147
312 1370
312 1602
312 1780
313 204
314 489
314 249
314 303
314 466
314 1208
314 1151
314 1440
315 686
316 461
317 489
318 282
318 310
319 331
319 376
319 365
319 199
319 248
319 448
319 820
319 1381
319 1447
320 283
320 830
320 1700
321 475
322 207
322 489
322 241
322 291
322 273
322 688
322 1221
323 198
323 768
323 967
323 1641
324 382
324 209
324 395
324 283
324 311
324 542
324 348
324 310
324 501
324 475
324 369
324 275
324 224
324 293
324 412
324 489
324 542
324 575
324 774
324 684
324 694
324 838
324 1235
324 1375
324 1346
324 1312
324 1444
324 1593
324 1700
324 1669
325 489
325 230
325 395
325 489
325 348
325 635
325 859
325 1161
325 1379
325 1411
325 1700
326 275
326 1596
327 273
327 665
327 1437
329 283
329 831
330 1082
331 275
331 293
331 209
331 204
331 544
331 470
331 286
331 483
331 504
331 243
331 376
331 489
331 230
331 209
331 224
331 455
331 209
331 273
331 489
331 793
331 730
331 698
331 950
331 1013
331 1042
331 1212
331 1249
331 1669
333 1700
334 520
335 198
335 282
335 406
335 1343
335 1487
335 1743
335 1619
336 275
336 671
337 499
337 209
337 295
337 240
337 551
337 536
337 845
337 822
337 1350
338 249
340 376
340 262
340 489
340 267
340 489
340 489
340 978
340 1234
340 1635
340 1669
341 1102
341 1780
342 502
343 403
343 248
343 481
343 391
343 208
343 895
343 1872
344 402
344 249
344 1208
344 1780
345 1285
346 646
346 911
348 460
348 384
348 551
348 1032
348 853
348 1107
348 1619
348 1669
350 256
350 1257
351 403
351 488
351 209
351 1289
351 1143
351 1296
352 312
352 1155
352 1343
353 311
353 369
353 1688
354 324
355 339
356 382
356 371
357 1743
359 303
359 287
360 498
360 1411
361 204
361 285
361 348
361 305
361 199
361 406
361 509
361 454
361 388
361 475
361 483
361 548
361 802
361 589
361 1117
361 1208
362 348
362 1143
362 1421
363 209
363 1080
364 554
364 411
365 489
365 489
366 399
367 513
367 273
367 273
367 351
367 222
367 267
368 498
368 275
368 287
368 961
369 778
369 1257
369 1743
370 209
370 531
370 488
370 721
370 1150
370 1252
370 1461
371 445
371 520
371 489
371 391
371 411
371 275
371 371
371 209
371 376
371 454
371 375
371 504
371 698
371 1083
371 841
371 1216
371 1289
371 1362
372 449
372 1252
373 1357
374 489
375 207
375 275
375 230
375 375
375 641
375 740
375 905
375 1208
375 1252
375 1143
375 1555
375 1804
375 1780
376 287
376 395
376 402
376 489
376 241
376 489
376 525
376 247
376 324
376 285
376 538
376 538
376 198
376 439
376 524
376 495
376 204
376 265
376 451
376 489
376 289
376 567
376 694
376 575
376 575
376 768
376 1069
376 1122
376 1208
376 1289
376 1252
376 1310
376 1375
376 1580
376 1602
376 1837
377 209
377 403
378 489
378 215
378 401
378 757
379 263
379 449
380 1208
381 209
381 209
382 282
382 489
382 207
382 411
382 331
382 732
382 1161
382 1319
383 324
383 1190
383 1381
384 376
384 401
384 311
384 461
384 471
384 481
384 231
384 1181
384 1366
384 1619
387 454
387 224
388 489
388 449
388 483
388 371
388 489
388 209
388 482
388 209
388 532
388 394
388 432
388 331
388 337
388 532
388 372
388 792
388 853
388 1080
388 1158
388 1215
388 1252
388 1375
388 1359
388 1411
388 1305
388 1743
388 1596
389 395
389 363
389 410
389 632
389 1208
389 1813
390 312
390 636
391 520
391 1257
391 1375
392 1228
393 371
393 482
393 224
393 224
393 192
393 519
393 853
393 961
393 961
393 1143
393 1252
393 1257
393 1346
393 1430
393 1462
393 1722
394 312
395 502
395 275
395 392
395 890
395 841
395 1212
395 1257
395 1400
396 460
396 489
396 1411
397 209
398 204
398 489
398 215
398 424
399 241
399 283
399 526
399 400
399 275
399 401
399 575
399 711
399 985
399 1350
399 1675
400 262
400 361
400 301
400 398
400 489
400 527
400 582
400 1072
400 1252
400 1445
400 1743
400 1780
401 314
401 522
401 481
401 227
401 199
401 489
401 1641
402 489
402 208
402 244
402 273
402 325
402 267
402 575
402 991
402 934
402 852
402 1186
402 1252
402 1172
402 1411
402 1362
402 1458
402 1640
402 1675
402 1743
402 1746
403 340
403 301
403 489
403 322
404 674
405 542
405 1208
405 1830
406 283
406 358
406 402
406 388
406 405
406 385
406 388
406 411
406 257
406 468
406 469
406 209
406 434
406 519
406 221
406 209
406 499
406 331
406 209
406 476
406 489
406 421
406 569
406 1002
406 1252
406 1252
406 1143
406 1143
406 1162
406 1331
406 1310
406 1375
406 1447
406 1717
406 1656
406 1498
406 1743
406 1619
406 1780
407 1731
409 1422
410 476
410 249
410 475
410 979
410 841
410 1086
410 1186
411 554
411 271
411 393
411 384
411 454
411 483
411 204
411 545
411 466
411 489
411 340
411 580
411 827
411 1205
411 1216
411 1310
411 1310
411 1310
411 1362
411 1296
411 1327
411 1411
411 1432
411 1743
411 1596
411 1497
412 700
412 1813
416 402
416 293
417 1146
418 506
418 300
421 550
421 209
421 287
421 489
421 343
421 768
421 1753
421 1831
422 1669
423 215
423 355
424 443
424 1782
425 221
425 287
426 366
426 406
426 644
426 1134
427 361
427 1208
428 209
428 303
429 1314
430 340
430 749
431 1151
432 301
434 303
434 198
434 475
434 244
434 396
434 549
434 653
434 1257
434 1375
435 287
435 1782
436 532
436 331
438 371
438 502
438 287
438 310
439 502
439 527
439 323
439 230
439 348
439 519
439 287
439 489
439 286
439 449
439 249
439 209
439 802
439 714
439 740
439 935
439 1004
439 882
439 1252
439 1252
439 1257
439 1208
439 1411
439 1669
439 1876
442 1272
443 449
443 209
443 279
443 1126
444 1097
444 1289
444 1310
445 489
445 1208
445 1357
445 1829
446 489
446 522
446 411
446 348
446 1743
448 286
448 489
448 209
448 376
448 1633
449 355
449 492
449 489
449 376
449 491
449 376
449 287
449 282
449 361
449 538
449 900
449 962
449 978
449 1240
449 1289
449 1252
449 1276
449 1375
449 1727
449 1743
449 1743
450 1157
451 376
451 448
451 400
451 489
451 770
451 1190
451 1208
451 1809
452 1312
453 295
453 1591
453 1743
454 324
454 551
454 520
454 520
454 267
454 524
454 489
454 241
454 276
454 802
454 768
454 841
454 1018
454 935
454 1021
454 1154
454 1276
454 1240
454 1164
454 1257
454 1350
454 1312
454 1305
454 1464
454 1602
455 379
455 1872
457 1743
458 1813
460 551
460 482
460 207
460 371
460 388
460 537
460 275
460 411
460 312
460 282
460 1043
460 1319
460 1435
461 312
461 460
461 275
461 841
461 1058
461 853
461 1257
461 1700
462 204
463 324
464 740
465 575
466 376
466 370
466 542
466 542
466 303
466 478
466 384
466 506
466 575
466 592
466 575
466 1080
466 1285
466 1641
466 1780
466 1780
467 319
467 1240
467 1700
468 495
468 266
468 466
468 847
468 1281
468 1347
468 1644
469 283
469 230
469 275
469 468
469 275
469 506
469 410
469 645
469 961
469 1080
469 961
469 1257
469 1249
469 1641
469 1743
470 489
470 249
470 406
470 1186
470 1641
472 841
472 1257
472 1743
474 1331
475 219
475 198
475 241
475 284
475 549
475 384
475 209
475 204
475 434
475 486
475 209
475 273
475 551
475 560
475 620
475 698
475 841
475 1080
475 1052
475 1186
475 1188
475 1146
475 1147
475 1252
475 1257
475 1252
475 1252
475 1385
475 1445
475 1732
475 1656
475 1743
476 207
476 201
476 1160
477 403
478 273
478 376
478 500
478 331
478 325
478 283
478 384
478 445
478 475
478 230
478 286
478 718
478 1111
478 1143
478 1464
479 1831
480 244
480 475
481 207
481 575
481 827
481 1257
481 1416
481 1743
482 489
482 911
482 1003
482 1208
482 1385
482 1447
483 312
483 445
483 340
483 209
483 199
483 508
483 532
483 763
483 799
483 967
483 1169
483 1286
483 1421
483 1464
483 1730
483 1675
483 1782
486 411
486 461
486 392
486 416
486 421
486 454
486 489
486 219
486 551
486 319
486 245
486 521
486 649
486 788
486 1149
486 1146
486 1445
486 1460
486 1630
486 1780
487 613
488 393
488 238
488 995
488 967
488 1872
488 1782
489 331
489 227
489 364
489 213
489 282
489 275
489 489
489 551
489 522
489 532
489 204
489 520
489 195
489 249
489 209
489 407
489 198
489 371
489 331
489 376
489 475
489 388
489 475
489 536
489 330
489 280
489 352
489 283
489 283
489 489
489 371
489 498
489 375
489 489
489 515
489 325
489 489
489 287
489 489
489 489
489 538
489 374
489 273
489 376
489 266
489 209
489 201
489 323
489 410
489 469
489 542
489 461
489 209
489 287
489 309
489 266
489 542
489 307
489 275
489 377
489 287
489 331
489 361
489 331
489 209
489 551
489 489
489 475
489 549
489 238
489 209
489 546
489 489
489 264
489 209
489 310
489 445
489 287
489 520
489 489
489 376
489 376
489 299
489 256
489 283
489 230
489 489
489 482
489 443
489 222
489 261
489 498
489 204
489 271
489 273
489 204
489 361
489 287
489 401
489 451
489 266
489 198
489 326
489 275
489 454
489 283
489 406
489 371
489 272
489 475
489 802
489 593
489 622
489 688
489 679
489 575
489 575
489 576
489 575
489 560
489 740
489 560
489 718
489 790
489 696
489 625
489 841
489 988
489 978
489 841
489 830
489 990
489 841
489 978
489 919
489 1256
489 1185
489 1219
489 1252
489 1285
489 1187
489 1143
489 1229
489 1182
489 1230
489 1193
489 1146
489 1196
489 1273
489 1211
489 1158
489 1412
489 1319
489 1315
489 1375
489 1400
489 1326
489 1375
489 1454
489 1445
489 1743
489 1743
489 1700
489 1743
489 1602
489 1641
489 1641
489 1684
489 1656
489 1508
489 1522
489 1743
489 1743
489 1497
489 1743
489 1824
489 1813
489 1834
491 489
491 461
492 267
493 291
495 235
495 489
495 554
495 466
495 715
495 1069
496 1208
497 698
498 461
498 486
498 900
499 400
499 1208
500 489
500 257
500 489
500 662
500 1669
502 411
502 489
502 520
502 417
502 209
502 241
502 489
502 1757
504 461
505 671
507 303
508 406
508 751
509 483
510 306
510 209
510 502
510 295
510 287
510 278
510 198
512 827
515 961
516 449
518 287
519 287
519 244
519 489
519 209
519 1047
519 1461
519 1813
520 447
520 235
520 275
520 204
520 293
520 530
520 310
520 241
520 489
520 613
520 700
520 1161
520 1257
520 1143
520 1252
520 1208
520 1228
520 1300
520 1704
521 231
521 287
521 560
522 287
522 225
522 308
522 230
522 296
522 489
522 1080
522 978
522 1148
522 1300
523 319
523 759
524 454
524 215
524 365
524 439
524 275
524 411
524 489
524 575
524 587
524 649
524 1146
524 1568
525 209
525 230
525 1661
528 243
528 402
528 347
529 208
529 483
529 489
530 391
530 209
530 652
531 199
531 532
531 199
531 384
531 224
531 489
531 287
531 644
531 802
531 1138
531 1295
531 1486
531 1727
532 489
532 547
532 275
532 468
532 489
532 456
532 434
532 406
532 532
532 337
532 532
532 199
532 460
532 468
532 493
532 393
532 371
532 481
532 207
532 486
532 451
532 451
532 489
532 209
532 411
532 575
532 575
532 783
532 841
532 827
532 1080
532 1208
532 1289
532 1275
532 1285
532 1146
532 1206
532 1447
532 1591
532 1743
532 1539
532 1522
532 1596
532 1687
532 1831
533 282
533 1102
534 1602
535 402
535 489
535 287
535 209
535 324
535 489
535 475
535 310
535 331
535 596
535 686
535 876
535 865
535 1461
535 1745
535 1743
536 402
536 345
538 545
538 222
538 312
538 263
538 483
538 361
538 209
538 532
538 287
538 1289
539 524
539 280
539 674
539 802
541 542
542 486
542 507
542 435
542 406
542 331
542 469
542 449
542 264
542 402
542 482
542 303
542 614
542 595
542 987
542 853
542 1158
542 1204
542 1252
542 1261
543 454
543 940
545 532
545 448
545 209
545 446
545 551
545 203
545 1375
545 1297
545 1743
546 375
546 489
546 841
546 1080
546 1221
546 1252
546 1445
546 1743
547 280
548 198
549 454
549 833
549 919
550 287
550 275
550 424
551 546
551 489
551 360
551 264
551 331
551 535
551 209
551 489
551 209
551 489
551 262
551 258
551 627
551 738
551 1187
551 1248
551 1305
551 1762
551 1813
552 688
552 879
554 312
554 384
554 209
554 286
554 393
554 449
554 839
554 1277
554 1319
554 1464
554 1567
555 535
555 275
555 489
555 305
555 1344
556 465
556 197
556 199
556 489
557 798
557 1764
558 768
558 1021
560 742
560 698
560 779
560 789
560 1080
560 1375
562 644
562 649
563 802
563 867
565 575
566 852
568 656
568 979
569 715
569 651
569 1038
570 1129
572 593
572 620
572 959
574 575
574 802
575 741
575 560
575 802
575 591
575 759
575 607
575 591
575 711
575 580
575 802
575 660
575 641
575 789
575 614
575 589
575 802
575 748
575 798
575 565
575 768
575 698
575 600
575 692
575 739
575 644
575 758
575 770
575 774
575 688
575 641
575 796
575 589
575 706
575 786
575 792
575 740
575 620
575 679
575 764
575 739
575 575
575 715
575 664
575 583
575 740
575 588
575 684
575 739
575 657
575 698
575 754
575 566
575 802
575 802
575 575
575 740
575 580
575 779
575 603
575 731
575 802
575 587
575 740
575 802
575 575
575 785
575 761
575 751
575 715
575 797
575 654
575 682
575 575
575 698
575 662
575 632
575 1100
575 911
575 841
575 978
575 944
575 899
575 867
575 831
575 1080
575 838
575 1102
575 1047
575 822
575 899
575 961
575 854
575 826
575 958
575 828
575 841
575 910
575 911
575 831
575 1120
575 831
575 961
575 836
575 946
575 959
575 1024
575 1054
575 827
575 814
575 1083
575 1089
575 925
575 871
575 1086
575 1143
575 1240
575 1283
575 1243
575 1252
575 1254
575 1208
575 1275
575 1190
575 1203
575 1252
575 1280
575 1143
575 1252
575 1289
575 1257
575 1159
575 1310
575 1350
575 1375
575 1335
575 1445
575 1761
575 1669
575 1737
575 1647
575 1532
575 1875
576 632
576 787
576 1447
577 575
577 740
577 736
577 802
577 953
578 575
578 850
578 1080
579 575
579 1257
579 1875
580 715
580 780
580 632
580 827
580 841
580 855
580 876
580 1252
580 1223
580 1161
580 1505
580 1641
581 1021
581 830
582 784
582 654
582 617
582 632
582 715
582 848
582 922
582 1413
585 611
585 1034
587 739
587 1118
588 1416
589 764
589 764
589 768
589 672
589 690
589 739
589 900
590 789
590 883
590 988
591 683
591 613
591 604
591 1441
592 688
593 685
593 688
593 693
593 580
593 802
593 575
593 1057
593 1077
593 1257
593 1788
594 996
594 1464
596 802
596 1319
596 1743
596 1641
597 1743
599 1123
600 698
600 1089
600 1411
600 1790
601 674
601 633
601 904
601 867
603 768
603 760
603 1688
603 1743
604 595
604 748
604 674
604 802
604 744
604 590
604 575
604 674
604 575
604 1056
604 842
604 964
604 977
604 841
604 1208
604 1525
606 1021
607 771
607 652
607 662
608 1121
609 613
609 1289
611 1083
612 775
612 802
613 575
613 575
613 708
613 714
613 841
613 841
613 1253
613 1658
613 1619
614 575
614 791
614 593
614 760
614 919
614 1247
614 1252
614 1143
615 575
615 841
616 575
617 575
617 593
617 738
617 1129
617 830
618 591
620 698
620 575
620 800
620 926
621 1362
623 740
623 739
623 762
623 654
623 927
623 1080
623 1286
623 1201
624 623
624 1700
625 802
625 625
625 1039
625 1257
625 1641
625 1698
627 570
628 802
629 1008
631 561
631 793
632 698
632 632
632 762
632 575
632 768
632 614
632 744
632 575
632 691
632 614
632 698
632 742
632 575
632 740
632 1083
632 888
632 1292
632 1257
632 1743
632 1817
633 990
633 1097
634 613
634 575
634 1076
635 582
636 613
636 698
636 802
636 792
636 700
636 581
636 1507
637 714
637 1286
637 1669
638 1305
640 740
640 589
641 770
641 575
641 919
642 718
643 1743
644 700
644 575
644 802
644 800
644 575
644 574
644 575
644 687
644 649
644 625
644 688
644 796
644 575
644 783
644 649
644 575
644 841
644 992
644 1089
644 1088
644 1073
644 1073
644 1069
644 868
644 880
644 1289
644 1143
644 1208
644 1138
644 1312
644 1362
644 1675
644 1688
644 1743
644 1619
644 1640
644 1743
644 1813
646 841
647 636
649 596
649 575
649 629
649 1097
649 820
649 1097
649 1143
649 1252
649 1362
649 1305
650 592
650 1743
651 590
651 664
651 802
651 1208
651 1187
652 780
652 784
652 661
652 988
653 824
654 639
654 728
654 609
654 617
654 705
654 698
654 823
654 1007
654 1157
654 1430
654 1344
655 715
655 560
655 1008
656 716
656 575
656 625
656 991
657 603
657 728
657 575
657 765
657 933
660 575
660 740
660 1097
661 694
661 931
661 1104
662 739
662 644
662 1411
663 841
664 715
664 1454
665 805
667 698
667 1161
668 604
668 582
670 1411
671 726
671 575
671 1081
672 793
672 1445
674 674
674 715
674 649
674 764
674 740
674 575
674 590
674 900
674 949
674 932
674 822
674 1111
674 1596
676 649
676 720
676 1033
676 1252
676 1743
677 798
678 807
678 740
678 1146
678 1397
679 706
679 575
679 827
679 901
681 614
681 798
682 582
682 705
682 871
682 1146
683 589
684 802
684 731
684 698
684 1278
684 1146
684 1375
684 1329
684 1602
688 768
688 747
688 575
688 637
688 632
688 903
688 932
688 843
688 1157
688 1215
688 1343
688 1310
689 905
690 868
690 841
691 888
691 871
692 841
693 1080
695 620
695 593
695 1732
696 935
697 644
697 1075
698 715
698 714
698 698
698 654
698 613
698 644
698 768
698 637
698 768
698 711
698 802
698 688
698 632
698 618
698 775
698 757
698 627
698 659
698 699
698 774
698 698
698 764
698 575
698 604
698 710
698 575
698 688
698 763
698 739
698 740
698 698
698 649
698 735
698 575
698 830
698 841
698 921
698 1019
698 838
698 985
698 1044
698 1085
698 841
698 841
698 886
698 936
698 841
698 1257
698 1239
698 1219
698 1143
698 1412
698 1375
698 1298
698 1397
698 1375
698 1490
698 1619
698 1506
698 1627
699 740
699 641
699 727
699 947
699 825
699 1257
699 1422
699 1359
700 768
700 575
700 660
700 698
700 803
700 764
700 698
700 700
700 785
700 764
700 575
700 740
700 913
700 988
700 1097
700 899
700 1713
701 795
703 961
704 644
704 1257
705 841
705 1433
706 607
706 1139
707 575
707 765
707 1156
707 1131
707 1146
708 792
708 1225
708 1669
711 632
711 623
711 762
711 1456
711 1652
712 1097
713 578
713 1641
714 760
714 677
714 575
714 584
714 685
714 617
714 1099
714 841
714 1140
714 1208
714 1602
715 770
715 802
715 713
715 739
715 649
715 575
715 697
715 772
715 644
715 802
715 575
715 902
715 1080
715 1080
715 867
715 1313
716 575
716 768
716 1378
717 588
718 691
718 698
718 1056
718 967
718 1208
719 1257
719 1707
720 977
721 589
721 613
721 707
721 657
722 600
722 1329
723 1086
723 1080
724 786
724 560
725 792
725 978
727 1257
728 764
728 654
728 625
728 949
729 868
730 780
731 583
731 740
731 764
731 963
732 636
732 619
732 1480
732 1866
733 651
733 1208
733 1362
733 1647
735 802
736 1208
737 649
737 625
737 1070
737 1109
737 841
738 768
738 814
739 649
739 636
739 750
739 752
739 727
739 728
739 901
739 991
739 1102
739 1070
739 1143
739 1411
740 725
740 739
740 562
740 580
740 661
740 617
740 725
740 677
740 739
740 649
740 698
740 648
740 740
740 674
740 632
740 802
740 735
740 575
740 568
740 676
740 575
740 607
740 770
740 750
740 854
740 900
740 963
740 1052
740 1032
740 812
740 978
740 1126
740 988
740 1237
740 1244
740 1528
740 1541
740 1743
740 1700
741 698
741 1252
743 978
744 698
744 742
744 948
744 1047
744 870
744 1596
745 764
746 740
747 802
747 611
747 868
747 1218
748 715
749 1097
749 1105
750 797
750 691
750 967
750 841
750 814
750 1187
751 732
751 954
751 1753
752 674
752 644
753 575
754 1252
755 865
755 888
756 1257
756 1829
757 632
759 652
759 632
759 854
759 1252
759 1743
760 698
760 575
760 854
760 841
761 575
761 652
761 620
761 850
762 575
762 1073
762 1101
762 1193
762 1343
762 1846
763 1126
764 698
764 575
764 613
764 663
764 768
764 802
764 587
764 793
764 678
764 698
764 841
764 1097
764 1101
764 1005
764 841
764 961
764 967
764 841
764 1138
764 1289
764 1163
764 1252
764 1375
764 1460
764 1669
764 1646
765 635
765 678
765 967
765 1208
768 590
768 614
768 589
768 754
768 634
768 714
768 802
768 764
768 582
768 770
768 611
768 593
768 802
768 644
768 574
768 762
768 1061
768 831
768 827
768 861
768 1092
768 1074
768 967
768 978
768 977
768 1146
768 1230
768 1265
768 1151
768 1257
768 1193
768 1434
768 1310
768 1362
768 1743
768 1700
769 916
769 1362
770 645
770 737
770 667
770 764
770 575
770 633
770 670
770 710
770 632
770 714
770 1102
770 1146
770 1350
770 1668
771 615
771 700
771 755
772 575
772 745
772 569
772 866
773 654
773 1089
773 1146
775 924
775 871
776 737
777 677
777 1319
778 800
778 591
778 827
778 1080
780 575
780 778
780 575
780 1143
780 1745
783 1111
783 1654
784 606
784 594
784 577
785 613
786 1004
786 1411
786 1764
787 802
787 711
787 604
788 688
788 1292
789 795
790 575
790 589
790 745
791 625
791 579
792 575
792 575
792 652
792 636
792 651
792 589
793 649
793 575
793 625
793 652
793 575
793 613
793 1360
795 694
796 613
796 1252
796 1411
797 1086
797 1257
798 711
798 805
798 1060
798 992
798 830
798 846
798 1267
798 1146
798 1436
798 1716
799 768
799 888
801 766
802 575
802 589
802 614
802 798
802 796
802 644
802 644
802 698
802 764
802 662
802 781
802 718
802 582
802 768
802 575
802 764
802 614
802 715
802 740
802 620
802 632
802 674
802 792
802 651
802 575
802 589
802 764
802 768
802 751
802 867
802 867
802 882
802 833
802 829
802 978
802 841
802 882
802 834
802 967
802 1146
802 1289
802 1248
802 1237
802 1275
802 1310
802 1375
802 1346
802 1375
802 1442
802 1720
802 1743
802 1823
803 575
804 1591
805 620
805 670
806 575
807 688
807 1743
808 841
810 965
811 1126
811 992
811 1124
811 1669
812 912
812 1122
812 886
813 1159
813 1743
814 988
814 1089
814 849
814 841
814 828
814 868
814 841
814 931
815 1257
816 1076
817 1069
817 1080
817 996
817 1080
818 1105
820 1126
820 1656
821 1122
821 978
821 988
821 1208
822 841
822 1017
822 1257
823 848
823 1129
824 867
824 1499
827 1130
827 898
827 927
827 1102
827 1089
827 1008
827 1048
827 1106
827 830
827 1289
827 1143
827 1257
827 1143
827 1425
828 842
828 868
828 1056
828 920
828 888
828 830
828 884
828 954
828 955
828 950
830 1080
830 980
830 883
830 847
830 1020
830 1026
830 978
830 967
830 1057
830 1069
830 868
830 967
830 1252
831 1014
831 841
831 827
831 867
831 896
831 926
831 1026
831 827
831 919
831 961
831 1026
831 1252
831 1283
831 1204
831 1743
831 1701
832 1067
833 1051
834 899
836 967
836 1102
836 967
836 945
836 961
836 1080
836 841
836 1289
836 1296
837 1102
837 841
837 854
837 1080
837 1252
837 1596
839 1102
839 819
839 1123
839 1289
839 1173
839 1525
840 1208
841 911
841 827
841 1056
841 1080
841 936
841 936
841 864
841 862
841 923
841 1075
841 811
841 1094
841 868
841 814
841 1021
841 978
841 836
841 991
841 841
841 900
841 854
841 994
841 1056
841 1035
841 1056
841 1007
841 817
841 1080
841 1080
841 867
841 841
841 868
841 1080
841 854
841 841
841 883
841 1001
841 831
841 1113
841 814
841 978
841 990
841 931
841 899
841 1009
841 974
841 991
841 867
841 1052
841 830
841 1129
841 1060
841 945
841 1080
841 832
841 827
841 1056
841 994
841 841
841 1080
841 988
841 951
841 988
841 908
841 1118
841 871
841 941
841 970
841 1097
841 858
841 1129
841 841
841 928
841 814
841 835
841 1097
841 1134
841 1257
841 1230
841 1146
841 1252
841 1289
841 1187
841 1163
841 1252
841 1152
841 1391
841 1387
841 1404
841 1508
841 1563
841 1669
841 1755
841 1541
841 1608
841 1743
841 1743
841 1743
841 1743
841 1685
841 1875
842 841
842 1056
843 961
843 853
844 1021
844 1759
845 841
847 978
847 1089
847 841
847 1145
848 853
848 1445
849 1100
849 967
849 1241
849 1208
850 1289
851 996
851 831
852 854
852 1068
853 1008
853 994
853 967
853 1545
854 978
855 926
855 841
855 858
856 1155
858 1097
862 1038
863 888
864 1015
865 988
865 1069
865 1056
866 1043
867 1019
867 1066
867 1044
867 841
867 827
867 837
867 837
867 1662
868 841
868 867
868 970
868 1057
868 1102
868 871
868 841
868 1208
868 1257
868 1591
870 978
871 992
871 871
871 927
871 828
871 1031
871 991
871 831
871 1114
871 867
871 988
871 900
871 1257
871 1240
871 1375
871 1772
872 831
872 961
874 1070
874 1278
875 923
876 1008
876 895
877 1462
879 1155
880 841
881 1097
881 1745
882 986
882 884
883 978
883 906
883 1743
884 967
886 967
887 994
887 848
888 988
888 1164
891 967
891 1097
891 1104
891 1422
892 991
892 1252
893 841
894 837
895 1080
896 900
896 871
898 841
898 1208
899 1102
899 1080
899 871
899 978
899 1257
900 1097
900 841
900 941
900 871
900 1093
900 841
900 902
900 847
900 830
900 1208
900 1693
900 1661
902 830
902 1669
903 978
903 841
904 990
904 1578
908 978
908 1005
909 1075
909 956
910 1097
910 950
910 1125
910 836
910 1314
911 1057
911 1080
911 1048
911 978
911 1121
911 907
911 871
911 871
911 1143
911 1223
911 1375
911 1590
911 1743
912 1056
913 825
914 1496
915 998
915 1089
916 816
917 841
921 827
922 1876
925 1659
926 919
927 989
927 841
927 1007
927 871
927 988
927 881
927 837
927 1097
928 1723
929 827
929 1147
930 988
930 1453
931 1080
931 1056
931 1379
931 1727
932 827
932 841
932 1097
932 1084
932 1745
933 909
934 1252
935 837
935 1089
935 977
935 1260
935 1210
935 1367
936 841
936 1086
937 1257
938 1052
940 1080
940 1748
941 1063
941 1080
941 827
941 1277
944 846
944 1252
946 1096
946 1644
946 1743
947 970
947 1602
949 1130
950 1096
950 1252
953 841
953 974
953 1146
953 1289
953 1596
957 846
958 871
958 827
958 1248
959 1111
959 911
959 898
960 1464
961 1009
961 841
961 1126
961 910
961 823
961 1073
961 841
961 827
961 969
961 1066
961 900
961 814
961 1100
961 874
961 899
961 1252
961 1240
961 1680
961 1747
961 1602
961 1601
963 1101
963 907
963 1008
963 837
963 1021
963 1289
963 1216
963 1155
963 1745
964 1252
966 821
966 961
967 978
967 1022
967 827
967 839
967 865
967 961
967 1056
967 1069
967 839
967 922
967 812
967 1097
967 1069
967 1122
967 841
967 958
967 871
967 861
967 923
967 991
967 938
967 1252
967 1216
967 1621
968 1114
968 967
968 814
968 992
969 841
969 910
969 988
970 1074
970 1004
971 867
972 840
974 1014
974 1150
975 1091
976 978
977 889
978 841
978 956
978 841
978 894
978 1003
978 911
978 887
978 1009
978 836
978 963
978 867
978 953
978 1081
978 978
978 1111
978 1252
978 1358
978 1743
978 1575
979 961
980 938
983 1102
984 822
984 898
987 1073
988 1097
988 1097
988 927
988 841
988 859
988 1102
988 854
988 1014
988 835
988 1081
988 1020
988 1130
988 861
988 986
988 831
988 867
988 1080
988 1078
988 1208
988 1278
988 1289
989 1026
990 991
990 1026
990 1008
991 967
991 853
991 1120
991 1074
991 935
991 1080
991 1252
991 1219
992 953
992 897
992 1251
992 1743
993 830
994 961
996 978
997 911
998 1066
998 1000
999 1069
999 1669
1000 1120
1000 923
1000 1641
1001 1128
1001 1069
1001 1123
1002 1080
1003 1172
1004 1123
1004 978
1004 935
1004 1081
1004 979
1006 1113
1006 1002
1007 836
1008 849
1008 1026
1008 1076
1008 926
1008 1080
1008 1257
1008 1175
1011 964
1012 841
1012 959
1012 1008
1013 837
1014 814
1014 836
1014 1102
1014 978
1014 1097
1014 927
1014 988
1014 871
1014 1240
1016 841
1016 952
1016 992
1017 856
1018 858
1018 927
1019 1460
1020 900
1020 851
1021 1021
1021 867
1021 1278
1022 1102
1022 1305
1022 1743
1024 841
1024 1059
1024 828
1025 1245
1026 967
1026 1093
1026 1097
1026 933
1026 897
1026 831
1026 940
1026 910
1026 812
1026 1145
1027 1319
1030 901
1030 1080
1031 837
1033 841
1033 841
1034 868
1034 988
1036 967
1036 871
1038 871
1038 1056
1038 1076
1038 1146
1040 1080
1043 831
1043 927
1045 1083
1045 847
1046 988
1046 1743
1048 841
1050 1018
1050 1102
1050 1098
1050 1289
1050 1641
1051 1215
1052 985
1052 865
1052 1270
1052 1223
1052 1552
1053 1143
1054 1252
1055 1097
1056 967
1056 900
1056 988
1056 961
1056 1014
1056 988
1056 961
1056 1101
1056 1252
1056 1780
1057 961
1057 875
1057 953
1057 827
1057 1080
1057 982
1057 961
1057 1208
1057 1360
1058 978
1058 1080
1059 1596
1060 1097
1060 874
1060 967
1066 827
1067 1095
1067 841
1067 1014
1067 991
1069 820
1069 912
1069 811
1069 988
1069 841
1069 1764
1069 1616
1069 1508
1070 1057
1070 1111
1070 1252
1072 1743
1075 852
1075 1026
1075 963
1075 869
1076 978
1076 1081
1077 979
1077 988
1080 1027
1080 1031
1080 1066
1080 867
1080 855
1080 830
1080 1008
1080 974
1080 1069
1080 911
1080 1097
1080 841
1080 935
1080 986
1080 809
1080 978
1080 1086
1080 1122
1080 854
1080 864
1080 961
1080 961
1080 1113
1080 1056
1080 1029
1080 1097
1080 844
1080 853
1080 871
1080 978
1080 1083
1080 1133
1080 1259
1080 1161
1080 1252
1080 1232
1080 1190
1080 1252
1080 1375
1080 1375
1080 1743
1080 1743
1080 1605
1080 1841
1081 936
1081 841
1082 1120
1083 1095
1083 1122
1084 1743
1085 837
1085 901
1086 978
1086 1130
1086 1111
1086 1745
1088 1102
1089 967
1089 1053
1089 1117
1089 1215
1090 1591
1091 825
1091 1292
1093 1080
1093 1079
1093 978
1096 1076
1097 871
1097 839
1097 1094
1097 1129
1097 837
1097 814
1097 1128
1097 961
1097 1097
1097 853
1097 1080
1097 1022
1097 1080
1097 1054
1097 1187
1097 1257
1097 1289
1097 1257
1097 1134
1097 1272
1097 1493
1098 961
1098 904
1099 927
1099 1215
1099 1669
1099 1602
1100 918
1100 836
1100 931
1101 1101
1101 1013
1101 1086
1102 830
1102 1069
1102 1069
1102 841
1102 988
1102 882
1102 958
1102 963
1102 837
1102 967
1102 1214
1102 1294
1102 1465
1102 1743
1102 1589
1103 1146
1105 831
1106 916
1109 1086
1109 1053
1110 1398
1111 841
1111 843
1111 954
1111 865
1111 925
1111 853
1111 1289
1112 1056
1114 1052
1114 1619
1115 1005
1115 1751
1116 841
1116 967
1117 862
1118 890
1118 1463
1119 1375
1120 841
1120 871
1120 871
1121 1057
1122 1155
1122 1143
1122 1743
1123 1069
1126 865
1126 841
1126 1080
1126 841
1126 831
1128 1756
1129 1097
1129 1097
1129 1346
1134 1194
1134 1743
1136 1290
1137 1257
1138 1749
1139 1260
1140 1157
1140 1743
1141 1268
1141 1147
1142 1258
1142 1252
1143 1202
1143 1257
1143 1147
1143 1252
1143 1215
1143 1257
1143 1146
1143 1146
1143 1252
1143 1212
1143 1143
1143 1257
1143 1208
1143 1357
1143 1307
1143 1387
1143 1375
1143 1454
1143 1444
1143 1517
1143 1675
1143 1641
1143 1747
1143 1743
1143 1704
1143 1751
1143 1549
1143 1743
1143 1743
1143 1619
1143 1840
1143 1829
1144 1147
1146 1185
1146 1214
1146 1224
1146 1143
1146 1161
1146 1208
1146 1257
1146 1278
1146 1260
1146 1208
1146 1166
1146 1143
1146 1230
1146 1155
1146 1252
1146 1208
1146 1146
1146 1257
1146 1143
1146 1242
1146 1257
1146 1208
1146 1146
1146 1355
1146 1397
1146 1343
1146 1431
1146 1385
1146 1445
1146 1726
1146 1813
1147 1146
1147 1602
1147 1700
1148 1252
1150 1208
1150 1404
1150 1377
1151 1257
1151 1245
1151 1255
1151 1231
1153 1411
1155 1143
1155 1291
1155 1173
1155 1146
1155 1226
1155 1146
1155 1252
1155 1469
1155 1669
1155 1591
1155 1647
1155 1700
1155 1743
1156 1208
1157 1181
1157 1208
1157 1312
1158 1257
1159 1215
1159 1524
1159 1681
1161 1179
1161 1602
1163 1656
1164 1208
1164 1669
1165 1208
1167 1216
1168 1257
1170 1132
1172 1411
1173 1619
1175 1225
1175 1743
1176 1143
1176 1146
1178 1663
1181 1252
1181 1258
1181 1675
1181 1764
1182 1619
1183 1143
1183 1700
1185 1350
1186 1257
1186 1743
1186 1831
1187 1240
1187 1257
1187 1292
1187 1257
1187 1186
1187 1694
1190 1257
1190 1228
1191 1743
1191 1591
1192 1743
1193 1276
1196 1289
1196 1233
1196 1187
1196 1252
1196 1416
1197 1155
1198 1422
1199 1155
1200 1252
1200 1346
1202 1669
1203 1146
1203 1295
1206 1333
1206 1602
1208 1150
1208 1252
1208 1289
1208 1257
1208 1143
1208 1208
1208 1180
1208 1215
1208 1257
1208 1278
1208 1208
1208 1146
1208 1289
1208 1208
1208 1289
1208 1240
1208 1213
1208 1208
1208 1180
1208 1387
1208 1362
1208 1421
1208 1346
1208 1295
1208 1370
1208 1360
1208 1451
1208 1591
1208 1700
1208 1658
1208 1641
1208 1813
1213 1346
1215 1184
1215 1248
1215 1257
1215 1208
1216 1208
1216 1212
1217 1206
1217 1635
1220 1252
1221 1454
1224 1286
1225 1519
1226 1261
1227 1447
1227 1743
1228 1208
1228 1434
1228 1407
1230 1215
1230 1225
1230 1257
1230 1257
1230 1619
1231 1285
1232 1208
1232 1150
1232 1190
1232 1145
1232 1310
1233 1252
1234 1508
1235 1186
1237 1252
1238 1267
1240 1278
1240 1138
1240 1143
1240 1230
1240 1309
1240 1447
1241 1208
1241 1143
1241 1743
1242 1289
1243 1177
1244 1155
1245 1257
1248 1146
1248 1257
1250 1289
1250 1743
1251 1700
1252 1145
1252 1208
1252 1200
1252 1240
1252 1252
1252 1258
1252 1169
1252 1248
1252 1257
1252 1146
1252 1289
1252 1208
1252 1215
1252 1277
1252 1208
1252 1278
1252 1208
1252 1145
1252 1181
1252 1230
1252 1212
1252 1291
1252 1257
1252 1242
1252 1230
1252 1289
1252 1177
1252 1285
1252 1258
1252 1147
1252 1146
1252 1281
1252 1143
1252 1248
1252 1208
1252 1143
1252 1218
1252 1260
1252 1375
1252 1411
1252 1422
1252 1310
1252 1343
1252 1375
1252 1387
1252 1375
1252 1743
1252 1743
1252 1743
1252 1697
1252 1745
1252 1743
1252 1669
1252 1743
1252 1743
1252 1589
1253 1249
1254 1305
1255 1743
1255 1700
1257 1155
1257 1290
1257 1289
1257 1289
1257 1257
1257 1268
1257 1208
1257 1150
1257 1252
1257 1204
1257 1289
1257 1132
1257 1252
1257 1257
1257 1146
1257 1289
1257 1143
1257 1151
1257 1147
1257 1196
1257 1223
1257 1185
1257 1143
1257 1185
1257 1216
1257 1220
1257 1196
1257 1142
1257 1228
1257 1141
1257 1244
1257 1257
1257 1228
1257 1241
1257 1143
1257 1424
1257 1411
1257 1387
1257 1340
1257 1333
1257 1333
1257 1305
1257 1312
1257 1294
1257 1480
1257 1619
1257 1743
1257 1707
1257 1745
1257 1743
1257 1581
1257 1743
1259 1250
1259 1735
1260 1228
1260 1257
1260 1286
1260 1155
1260 1362
1262 1147
1265 1411
1266 1343
1267 1143
1268 1289
1268 1252
1269 1278
1270 1872
1272 1252
1274 1659
1274 1728
1275 1289
1275 1411
1276 1146
1280 1208
1281 1252
1281 1252
1281 1263
1281 1257
1281 1407
1282 1168
1283 1290
1283 1252
1283 1404
1283 1460
1283 1629
1283 1578
1283 1618
1284 1260
1285 1260
1285 1244
1286 1269
1287 1743
1288 1357
1289 1278
1289 1208
1289 1208
1289 1190
1289 1252
1289 1252
1289 1132
1289 1230
1289 1155
1289 1286
1289 1146
1289 1229
1289 1208
1289 1257
1289 1140
1289 1214
1289 1329
1289 1591
1289 1554
1289 1669
1289 1717
1292 1208
1292 1228
1292 1381
1292 1509
1292 1596
1294 1343
1296 1419
1296 1310
1296 1422
1298 1296
1299 1411
1299 1360
1300 1375
1300 1335
1301 1375
1302 1406
1302 1364
1303 1391
1303 1404
1303 1310
1303 1375
1303 1371
1304 1412
1305 1387
1305 1343
1305 1319
1305 1411
1305 1347
1305 1375
1305 1362
1305 1297
1305 1305
1305 1305
1306 1367
1307 1338
1307 1376
1307 1370
1307 1310
1307 1421
1307 1375
1307 1743
1307 1743
1309 1305
1309 1383
1310 1367
1310 1312
1310 1310
1310 1369
1310 1375
1310 1387
1310 1411
1310 1370
1310 1373
1310 1332
1310 1350
1310 1416
1310 1346
1310 1469
1310 1654
1310 1745
1312 1343
1312 1375
1312 1319
1312 1402
1312 1307
1312 1332
1312 1357
1312 1400
1312 1743
1312 1669
1312 1705
1312 1743
1312 1602
1312 1743
1312 1743
1312 1813
1315 1411
1316 1375
1319 1312
1319 1310
1319 1411
1319 1343
1319 1361
1319 1375
1319 1294
1319 1346
1319 1357
1319 1399
1325 1319
1327 1391
1327 1370
1327 1399
1328 1463
1329 1375
1329 1381
1329 1357
1329 1312
1329 1379
1329 1387
1329 1361
1329 1578
1331 1421
1331 1427
1331 1817
1332 1357
1333 1350
1334 1375
1334 1379
1334 1357
1334 1298
1334 1385
1334 1367
1335 1310
1335 1439
1335 1362
1335 1343
1337 1354
1340 1303
1343 1377
1343 1357
1343 1296
1343 1412
1343 1335
1343 1434
1343 1422
1343 1343
1343 1312
1343 1310
1343 1375
1343 1362
1343 1327
1343 1411
1343 1387
1343 1641
1343 1743
1346 1422
1346 1362
1346 1384
1346 1411
1346 1357
1346 1313
1346 1381
1346 1307
1346 1312
1346 1422
1346 1872
1347 1387
1347 1375
1347 1375
1347 1375
1350 1310
1350 1357
1350 1373
1350 1401
1350 1411
1350 1375
1350 1375
1350 1312
1350 1387
1350 1294
1350 1380
1350 1346
1350 1342
1350 1379
1350 1312
1350 1432
1350 1447
1350 1664
1350 1641
1350 1813
1353 1375
1353 1357
1354 1307
1354 1370
1354 1297
1355 1312
1355 1310
1355 1357
1357 1411
1357 1411
1357 1347
1357 1436
1357 1319
1357 1312
1357 1404
1357 1343
1357 1310
1357 1375
1357 1305
1357 1417
1357 1403
1357 1411
1358 1310
1359 1411
1359 1411
1359 1375
1359 1411
1359 1395
1359 1329
1359 1417
1359 1769
1360 1305
1360 1348
1361 1334
1361 1445
1361 1743
1362 1329
1362 1357
1362 1411
1362 1387
1362 1375
1362 1324
1362 1425
1362 1350
1362 1431
1362 1332
1362 1316
1362 1435
1362 1402
1362 1329
1362 1385
1362 1411
1362 1310
1362 1357
1362 1425
1362 1364
1362 1412
1362 1375
1362 1411
1362 1362
1362 1303
1362 1303
1362 1376
1362 1401
1362 1319
1362 1437
1362 1375
1362 1335
1362 1391
1362 1312
1362 1307
1362 1430
1362 1375
1362 1346
1362 1341
1362 1416
1362 1376
1362 1474
1362 1750
1362 1743
1362 1743
1364 1619
1366 1375
1367 1303
1369 1331
1370 1312
1370 1346
1370 1351
1370 1422
1370 1375
1370 1379
1370 1375
1370 1336
1370 1434
1370 1772
1370 1700
1371 1411
1371 1375
1372 1319
1374 1379
1374 1743
1375 1391
1375 1302
1375 1303
1375 1426
1375 1362
1375 1310
1375 1398
1375 1306
1375 1303
1375 1305
1375 1357
1375 1422
1375 1346
1375 1375
1375 1310
1375 1307
1375 1335
1375 1393
1375 1307
1375 1343
1375 1387
1375 1350
1375 1304
1375 1379
1375 1382
1375 1357
1375 1359
1375 1405
1375 1297
1375 1395
1375 1375
1375 1310
1375 1411
1375 1375
1375 1411
1375 1382
1375 1375
1375 1362
1375 1375
1375 1353
1375 1401
1375 1362
1375 1401
1375 1353
1375 1387
1375 1369
1375 1362
1375 1362
1375 1391
1375 1383
1375 1394
1375 1315
1375 1415
1375 1354
1375 1384
1375 1411
1375 1307
1375 1312
1375 1412
1375 1411
1375 1310
1375 1325
1375 1353
1375 1303
1375 1465
1375 1743
1375 1743
1375 1745
1375 1619
1375 1743
1375 1669
1375 1743
1375 1571
1375 1768
1375 1817
1376 1357
1376 1363
1377 1376
1377 1296
1378 1295
1381 1385
1381 1346
1381 1334
1381 1375
1381 1369
1382 1404
1384 1435
1384 1417
1384 1375
1385 1387
1385 1357
1385 1315
1385 1421
1387 1375
1387 1362
1387 1440
1387 1375
1387 1375
1387 1310
1387 1324
1387 1422
1387 1372
1387 1350
1387 1411
1387 1412
1387 1347
1387 1375
1387 1375
1387 1445
1388 1650
1389 1343
1391 1334
1391 1357
1391 1331
1394 1460
1395 1375
1396 1357
1397 1357
1397 1295
1397 1375
1397 1401
1397 1362
1397 1398
1397 1743
1400 1375
1400 1362
1400 1379
1400 1343
1401 1327
1401 1375
1401 1411
1401 1435
1401 1343
1402 1362
1403 1362
1403 1375
1404 1375
1404 1359
1406 1473
1409 1310
1409 1433
1409 1375
1409 1305
1409 1360
1411 1378
1411 1362
1411 1396
1411 1303
1411 1362
1411 1329
1411 1375
1411 1305
1411 1307
1411 1375
1411 1310
1411 1412
1411 1333
1411 1312
1411 1343
1411 1307
1411 1375
1411 1300
1411 1367
1411 1400
1411 1411
1411 1370
1411 1387
1411 1307
1411 1362
1411 1384
1411 1401
1411 1350
1411 1309
1411 1323
1411 1370
1411 1743
1411 1589
1411 1596
1411 1743
1411 1829
1412 1332
1412 1350
1412 1346
1412 1350
1412 1660
1413 1397
1413 1421
1413 1307
1413 1810
1414 1375
1414 1307
1415 1381
1415 1635
1416 1410
1417 1416
1417 1357
1417 1443
1419 1319
1420 1296
1420 1375
1421 1411
1421 1350
1422 1359
1422 1375
1422 1335
1422 1343
1422 1412
1422 1312
1422 1310
1422 1602
1423 1411
1423 1327
1423 1375
1423 1415
1425 1434
1426 1334
1426 1375
1427 1395
1428 1310
1429 1327
1429 1377
1430 1715
1430 1782
1431 1343
1433 1400
1433 1295
1434 1387
1434 1307
1434 1312
1434 1375
1434 1434
1434 1447
1434 1667
1435 1411
1435 1375
1435 1312
1438 1411
1439 1343
1442 1445
1443 1460
1443 1469
1443 1743
1444 1442
1444 1619
1445 1466
1445 1466
1445 1447
1445 1445
1446 1460
1446 1450
1447 1460
1447 1457
1447 1447
1449 1761
1451 1445
1454 1454
1454 1447
1454 1464
1454 1458
1454 1468
1454 1464
1454 1700
1455 1452
1455 1460
1458 1447
1458 1454
1460 1470
1460 1460
1460 1453
1461 1447
1461 1504
1462 1447
1464 1463
1464 1458
1464 1447
1464 1463
1464 1445
1464 1643
1469 1464
1470 1464
1470 1457
1471 1446
1471 1464
1474 1445
1474 1464
1476 1491
1479 1485
1480 1480
1480 1479
1481 1483
1481 1495
1481 1493
1483 1489
1483 1486
1485 1493
1485 1493
1485 1875
1486 1493
1486 1491
1486 1479
1487 1482
1487 1480
1487 1476
1489 1490
1490 1480
1491 1477
1493 1480
1493 1480
1493 1480
1493 1486
1493 1486
1493 1480
1494 1743
1495 1493
1501 1743
1503 1596
1508 1743
1508 1675
1508 1743
1511 1524
1519 1771
1519 1645
1521 1619
1525 1562
1526 1743
1526 1743
1527 1574
1528 1641
1528 1621
1529 1743
1529 1643
1529 1708
1533 1743
1535 1743
1539 1507
1542 1542
1545 1743
1547 1588
1548 1704
1549 1743
1558 1745
1558 1700
1561 1743
1561 1700
1562 1743
1564 1743
1566 1739
1567 1743
1569 1574
1571 1743
1572 1669
1574 1641
1575 1522
1576 1743
1579 1512
1579 1700
1580 1602
1582 1565
1585 1743
1586 1743
1587 1747
1589 1593
1589 1669
1589 1773
1591 1743
1591 1743
1591 1743
1591 1829
1596 1656
1596 1700
1596 1594
1596 1641
1596 1586
1596 1610
1596 1596
1596 1743
1596 1661
1598 1715
1601 1501
1602 1561
1602 1743
1602 1503
1602 1743
1602 1628
1602 1534
1602 1596
1602 1743
1602 1729
1602 1619
1602 1557
1602 1649
1602 1669
1602 1602
1602 1733
1602 1641
1602 1597
1602 1580
1602 1641
1602 1573
1602 1602
1602 1813
1604 1604
1604 1743
1604 1743
1608 1632
1610 1743
1611 1700
1617 1743
1619 1659
1619 1743
1619 1597
1619 1639
1619 1656
1619 1755
1619 1764
1619 1512
1619 1604
1621 1743
1630 1743
1632 1665
1635 1640
1636 1743
1637 1669
1638 1542
1638 1743
1640 1743
1640 1555
1640 1641
1641 1669
1641 1700
1641 1557
1641 1520
1641 1678
1641 1675
1641 1743
1641 1732
1641 1602
1641 1740
1641 1632
1641 1743
1641 1743
1641 1786
1643 1743
1643 1743
1645 1675
1648 1743
1650 1596
1651 1743
1651 1743
1653 1596
1654 1669
1654 1743
1655 1743
1655 1743
1655 1549
1655 1743
1656 1743
1656 1743
1656 1743
1656 1743
1656 1657
1656 1743
1656 1743
1656 1829
1657 1743
1657 1743
1659 1743
1663 1743
1664 1640
1665 1743
1669 1743
1669 1618
1669 1762
1669 1508
1669 1600
1669 1568
1669 1700
1669 1714
1669 1619
1669 1700
1669 1743
1669 1743
1669 1780
1673 1743
1673 1743
1674 1730
1674 1743
1675 1743
1675 1656
1675 1732
1677 1715
1678 1743
1679 1675
1679 1743
1680 1704
1681 1602
1683 1745
1684 1743
1688 1743
1688 1743
1688 1743
1688 1700
1688 1743
1690 1745
1691 1627
1693 1690
1694 1641
1697 1758
1698 1743
1700 1743
1700 1700
1700 1596
1700 1691
1700 1743
1700 1708
1700 1743
1700 1743
1700 1743
1700 1743
1700 1688
1700 1631
1700 1743
1700 1531
1700 1602
1700 1500
1700 1733
1700 1743
1700 1743
1701 1669
1704 1602
1704 1619
1707 1700
1708 1637
1708 1743
1711 1602
1712 1773
1714 1692
1715 1602
1717 1704
1717 1617
1717 1743
1717 1605
1717 1688
1722 1730
1722 1615
1722 1666
1722 1743
1722 1688
1722 1583
1722 1688
1722 1722
1722 1732
1726 1758
1728 1743
1729 1743
1731 1619
1732 1641
1732 1743
1732 1570
1732 1700
1732 1748
1737 1620
1738 1743
1738 1743
1740 1743
1743 1615
1743 1700
1743 1668
1743 1712
1743 1656
1743 1743
1743 1707
1743 1743
1743 1700
1743 1743
1743 1743
1743 1723
1743 1549
1743 1676
1743 1558
1743 1743
1743 1743
1743 1732
1743 1675
1743 1602
1743 1717
1743 1743
1743 1743
1743 1656
1743 1669
1743 1529
1743 1552
1743 1669
1743 1619
1743 1700
1743 1648
1743 1743
1743 1743
1743 1743
1743 1669
1743 1548
1743 1641
1743 1602
1743 1700
1743 1604
1743 1743
1743 1743
1743 1745
1743 1743
1743 1532
1743 1565
1743 1743
1743 1715
1743 1506
1743 1743
1743 1743
1743 1743
1743 1669
1743 1544
1743 1588
1743 1700
1743 1740
1743 1700
1743 1700
1743 1772
1743 1699
1743 1700
1743 1764
1743 1730
1743 1639
1743 1743
1743 1743
1743 1743
1743 1619
1743 1739
1743 1537
1743 1620
1743 1732
1743 1743
1743 1655
1743 1688
1743 1672
1743 1726
1743 1669
1743 1747
1743 1743
1743 1619
1743 1726
1743 1588
1743 1555
1743 1743
1743 1743
1743 1700
1743 1694
1743 1640
1743 1743
1743 1561
1743 1591
1743 1497
1743 1650
1743 1747
1743 1500
1743 1581
1743 1624
1743 1596
1743 1743
1743 1743
1743 1572
1743 1743
1743 1679
1743 1567
1743 1743
1743 1743
1743 1602
1743 1604
1743 1743
1743 1596
1743 1700
1743 1740
1743 1574
1743 1758
1743 1596
1743 1743
1743 1710
1743 1743
1743 1675
1743 1742
1743 1741
1743 1655
1743 1700
1743 1829
1743 1813
1743 1829
1743 1872
1743 1841
1743 1780
1745 1743
1745 1659
1745 1743
1745 1548
1745 1743
1745 1743
1745 1526
1746 1596
1747 1661
1747 1764
1751 1591
1751 1760
1752 1755
1753 1648
1753 1641
1753 1604
1753 1561
1753 1641
1754 1745
1754 1625
1755 1655
1757 1574
1758 1743
1760 1745
1762 1641
1764 1505
1764 1700
1764 1762
1765 1743
1766 1568
1768 1661
1772 1608
1776 1829
1779 1865
1780 1849
1780 1780
1780 1782
1780 1787
1780 1874
1780 1829
1780 1813
1780 1782
1780 1829
1780 1829
1780 1876
1780 1831
1780 1780
1780 1866
1780 1789
1780 1829
1780 1847
1780 1829
1780 1872
1780 1866
1782 1817
1782 1803
1782 1834
1786 1829
1786 1813
1789 1872
1792 1834
1800 1782
1801 1813
1803 1833
1807 1847
1809 1780
1813 1866
1813 1775
1813 1814
1813 1817
1813 1813
1813 1779
1813 1813
1813 1780
1813 1866
1813 1780
1813 1782
1813 1831
1813 1845
1813 1813
1813 1829
1813 1829
1813 1875
1813 1813
1813 1829
1813 1847
1813 1780
1813 1780
1813 1821
1813 1840
1813 1780
1813 1813
1813 1813
1813 1866
1813 1829
1813 1780
1817 1780
1817 1873
1817 1831
1817 1845
1817 1866
1817 1779
1817 1839
1817 1829
1817 1875
1817 1780
1817 1829
1817 1801
1817 1790
1817 1849
1817 1866
1817 1867
1817 1875
1819 1857
1823 1875
1823 1829
1828 1866
1829 1817
1829 1813
1829 1813
1829 1780
1829 1829
1829 1813
1829 1799
1829 1817
1829 1780
1829 1873
1829 1813
1829 1813
1829 1806
1829 1780
1829 1780
1829 1829
1829 1829
1829 1872
1829 1817
1829 1792
1829 1876
1829 1813
1831 1868
1831 1876
1831 1813
1834 1790
1835 1866
1837 1829
1837 1875
1838 1876
1840 1780
1841 1817
1843 1872
1844 1863
1846 1875
1849 1780
1850 1875
1853 1829
1859 1817
1860 1855
1860 1875
1860 1780
1860 1829
1861 1840
1863 1863
1864 1780
1864 1790
1866 1780
1866 1813
1866 1872
1866 1780
1866 1813
1866 1868
1866 1875
1866 1829
1866 1875
1866 1780
1866 1876
1866 1791
1866 1780
1869 1854
1869 1829
1869 1872
1870 1813
1870 1813
1872 1780
1872 1779
1872 1829
1872 1813
1872 1813
1872 1813
1872 1813
1872 1860
1872 1817
1872 1829
1872 1857
1872 1831
1874 1876
1875 1829
1875 1790
1875 1813
1875 1804
1875 1813
1876 1875
1876 1875
1878 1882
1879 1881
1879 1881
1881 1881
1881 1881