0 9
0 7
0 9
0 18
0 10
0 18
0 13
0 1717
1 10
1 13
1 15
1 3
1 4
1 7
1 3
1 17
1 1764
2 1
2 9
2 7
2 17
2 12
2 6
2 12
2 17
2 6
2 14
2 11
3 6
3 2
3 4
3 2
3 15
3 12
3 13
3 8
3 2
3 8
3 3
4 8
4 11
4 7
4 16
4 0
4 11
4 16
4 10
4 4
4 2007
5 13
6 16
6 7
6 14
6 14
6 13
6 7
6 1
7 9
7 16
7 7
7 15
7 3
7 9
7 13
7 17
8 15
8 7
8 9
8 11
8 18
8 18
8 14
8 219
9 12
9 12
9 14
9 14
9 10
9 11
9 12
9 14
9 11
9 17
10 14
10 16
10 1
10 2
10 3
10 18
11 13
11 2
11 7
11 1
12 12
12 17
12 7
12 17
12 4
12 14
12 9
12 13
12 6
13 8
13 12
13 4
13 2
13 7
13 6
13 14
13 14
14 6
14 9
14 17
14 8
14 16
14 6
14 4
15 16
15 7
15 11
15 1
15 8
15 11
15 14
15 14
15 3
15 12
15 3
15 1
16 9
16 15
16 2
16 14
16 15
16 18
16 11
16 7
16 2
16 646
17 12
17 18
17 0
17 18
17 12
17 1770
18 3
18 16
18 16
18 13
18 3
18 9
18 14
18 4
18 17
18 7
18 11
18 2
18 8
19 35
19 65
19 54
19 59
19 58
19 65
19 59
19 27
19 170
19 440
19 589
19 690
20 57
21 55
21 49
21 19
22 64
22 28
23 54
23 68
23 48
23 27
23 30
23 58
23 1291
24 30
24 31
24 35
24 604
25 1628
27 59
27 49
27 49
27 24
27 46
27 47
28 59
28 49
28 41
28 41
28 67
28 64
28 534
28 799
29 22
29 38
29 65
29 1204
30 36
31 1236
32 39
32 58
32 247
32 1330
32 1432
32 1897
33 53
34 54
34 52
34 1776
34 2012
35 47
36 31
36 43
36 1665
38 58
38 21
38 20
39 23
39 42
39 67
39 32
39 23
39 44
41 50
41 22
41 43
41 55
42 28
42 24
44 44
44 31
44 385
46 57
46 73
46 813
47 49
49 73
49 58
49 26
49 58
49 63
50 69
50 41
50 21
50 73
50 58
50 163
51 19
51 384
51 1745
51 1918
52 53
52 35
53 65
53 27
53 1593
54 62
55 19
55 22
55 22
55 385
56 51
56 44
58 64
58 27
58 64
58 32
58 21
58 28
58 766
59 65
59 51
59 27
59 51
59 32
59 49
59 56
59 54
59 36
61 24
61 38
61 955
62 27
62 75
62 31
62 64
62 386
63 1626
64 59
64 42
64 34
64 38
64 550
64 1739
65 674
67 25
67 65
68 53
68 41
68 106
69 1344
72 59
72 693
73 31
73 75
73 59
74 58
74 59
75 53
75 34
75 52
75 75
75 21
75 809
76 564
76 1601
77 95
77 124
80 108
80 124
80 89
80 94
81 111
82 127
83 82
84 130
84 120
84 96
84 80
84 92
84 272
85 83
85 194
85 1205
86 119
86 88
86 113
86 96
88 115
88 130
88 88
88 133
88 274
88 415
90 111
91 91
91 127
91 88
92 80
92 84
92 125
92 119
92 130
93 84
93 1158
94 96
94 92
94 125
94 1369
95 102
95 125
95 130
95 82
95 122
95 80
95 527
95 813
95 961
95 1153
96 99
96 130
96 105
96 94
96 130
96 104
96 136
96 344
96 579
96 575
98 105
98 115
98 124
98 98
99 131
99 88
99 1827
100 125
100 125
100 1754
101 111
101 108
101 125
102 76
102 485
103 90
103 82
103 125
103 111
103 994
104 132
104 120
104 532
105 105
106 130
106 80
106 527
107 129
107 101
108 133
108 113
109 1158
111 80
111 123
111 76
111 76
111 100
112 103
113 96
113 92
115 95
115 85
115 454
115 1679
116 80
116 123
116 130
116 102
117 82
117 100
118 122
118 553
119 131
120 122
120 131
121 113
121 119
121 78
121 112
121 551
122 105
122 127
122 111
122 95
122 1267
122 1876
123 85
124 103
125 102
125 121
125 88
127 82
127 89
127 123
127 322
128 106
128 102
129 80
129 119
129 124
129 122
130 125
130 96
130 127
130 258
130 333
131 122
131 119
131 125
131 447
133 111
134 184
134 147
134 140
134 169
134 641
134 1363
135 153
135 147
135 1172
136 186
136 178
136 159
136 209
136 137
136 189
136 140
136 144
136 203
136 1890
137 198
137 191
137 140
137 150
137 159
138 205
138 198
138 318
138 1158
139 201
139 154
139 191
139 134
139 152
139 158
139 619
139 1376
140 166
140 182
140 139
140 171
140 161
140 166
140 197
140 144
140 198
140 615
140 589
140 847
140 1038
140 977
140 1612
140 1797
142 147
142 209
143 168
143 591
144 159
144 191
144 161
144 147
144 171
144 166
144 136
144 190
144 181
144 673
144 702
144 654
144 627
144 711
144 980
144 1365
144 1552
147 153
147 171
147 175
147 166
147 278
147 694
147 619
147 993
147 1073
147 1456
148 196
148 200
148 153
148 1464
149 168
149 1696
150 194
150 182
150 370
150 655
151 135
151 138
151 175
151 841
151 1080
152 134
152 204
152 136
152 180
152 152
152 140
152 168
152 182
152 184
152 142
152 182
152 144
152 152
152 198
152 553
152 692
152 1212
154 180
154 138
154 184
154 149
154 201
154 201
154 1595
155 176
157 171
158 192
158 1627
159 153
159 192
159 144
159 206
159 168
159 152
159 187
159 194
159 166
159 166
159 675
159 1439
161 176
161 139
161 2008
162 181
163 205
163 136
163 148
163 168
164 180
164 168
164 200
164 209
164 688
164 619
166 198
166 150
166 171
166 176
166 158
166 166
166 196
166 179
166 168
166 211
166 209
166 251
166 1409
168 186
168 142
168 192
168 152
168 192
168 163
168 163
168 152
168 654
168 1236
170 180
170 189
170 159
170 1241
171 141
171 140
171 134
171 186
171 178
171 209
171 137
171 205
171 134
171 148
171 170
171 192
171 676
171 1376
172 168
174 206
177 198
178 184
178 192
178 201
178 140
178 144
178 646
178 865
178 1437
178 1870
180 178
180 200
180 149
180 186
180 192
180 201
180 170
180 200
180 140
180 178
180 502
180 697
180 688
181 168
181 159
181 159
181 672
182 136
182 202
182 163
182 192
182 169
182 190
182 168
182 603
182 695
182 1381
183 138
184 161
184 170
184 191
184 198
184 140
184 144
184 200
184 137
184 188
184 159
184 654
184 676
184 1071
186 192
186 179
186 142
186 610
187 175
187 154
187 141
187 145
187 1753
188 192
189 161
189 190
189 627
190 184
190 197
190 191
190 1112
191 166
191 205
191 589
191 627
191 892
192 200
192 209
192 182
192 159
192 196
192 192
192 930
193 184
194 138
194 172
194 163
194 180
194 147
195 607
195 646
195 886
196 201
196 144
196 184
196 161
196 192
196 184
196 150
196 140
196 144
196 150
196 449
196 693
197 445
198 147
198 135
198 150
198 186
198 180
198 161
198 203
198 362
198 604
198 856
200 152
200 200
200 171
200 184
200 154
200 161
200 137
200 191
200 190
200 187
200 171
200 202
200 279
200 595
200 604
200 688
200 995
200 1439
201 154
201 150
201 184
201 646
203 140
203 200
204 151
204 195
204 161
204 206
205 182
205 135
205 168
205 166
205 196
205 147
205 200
205 180
205 140
205 190
205 147
205 192
205 142
205 178
205 178
205 715
205 855
207 184
208 163
209 166
209 196
209 200
209 196
209 178
209 182
209 654
209 666
209 753
210 134
212 213
213 231
213 483
213 1802
214 235
214 236
214 1689
216 214
216 903
217 230
218 226
219 219
219 216
219 235
219 231
219 226
219 227
219 219
219 1113
220 212
222 229
224 1592
226 236
226 232
226 227
226 1354
226 1745
227 216
227 213
230 219
230 229
230 230
230 212
230 231
230 216
230 230
230 230
230 273
230 384
230 688
231 226
231 231
231 231
231 219
231 215
231 216
231 214
231 239
231 216
231 212
231 226
231 219
231 818
231 1257
231 1371
231 1536
232 1578
234 229
235 230
235 219
235 1546
236 231
237 227
238 231
238 226
238 1349
238 1571
239 217
239 214
239 1784
240 241
240 247
240 240
240 242
242 246
242 245
242 247
242 247
243 245
243 518
244 245
244 241
244 242
244 245
245 241
245 240
245 247
245 247
245 240
246 246
246 246
246 243
246 247
246 1784
247 243
247 241
247 247
247 240
248 247
248 246
248 241
248 241
248 244
248 248
248 242
248 240
248 247
248 247
248 286
249 273
251 259
252 268
252 2040
258 290
258 254
258 258
258 276
258 268
258 252
258 465
258 509
258 1247
258 1869
259 269
259 258
259 750
261 258
261 258
261 1355
261 1603
263 272
265 279
265 273
265 273
265 267
265 527
266 269
266 287
266 1307
267 267
267 286
267 1003
267 1464
268 290
268 279
268 268
268 255
268 265
268 729
268 1043
268 1651
268 1841
269 288
269 288
269 258
270 281
270 294
270 1004
271 268
271 339
271 401
271 1204
271 1235
271 1247
271 1964
272 258
272 275
272 258
272 266
272 295
272 279
272 1429
272 1510
272 1539
272 1818
273 279
273 276
273 274
273 287
273 371
273 414
273 416
273 603
273 914
273 1352
273 1493
273 1607
274 254
274 270
274 269
274 258
274 258
274 263
274 499
274 1526
276 273
276 1983
277 259
278 270
278 440
278 1093
279 269
279 279
279 268
279 272
279 269
279 1627
279 1784
280 258
280 270
280 251
280 1657
281 270
281 270
281 273
281 286
281 276
281 287
281 272
281 288
281 877
283 993
284 278
285 273
285 489
286 258
287 279
287 290
287 288
287 1438
287 1497
288 281
288 293
288 269
288 276
288 992
288 1830
290 280
290 1642
292 287
292 1525
293 253
294 270
294 320
295 268
297 300
297 2033
298 298
298 297
299 315
300 304
300 310
300 1770
301 318
301 313
302 316
302 316
303 312
303 307
303 316
303 306
303 1665
303 1995
304 318
304 298
304 314
305 311
305 1021
306 304
306 297
306 304
306 313
306 317
306 304
306 360
306 1897
307 1807
308 303
309 1597
310 313
310 1191
311 311
311 306
312 643
313 313
313 309
313 317
315 304
316 298
316 319
316 705
316 1256
317 298
317 301
317 311
317 307
317 594
317 881
318 319
318 298
318 319
318 315
318 300
318 316
319 304
319 1757
321 336
321 348
321 364
322 377
322 374
322 330
322 384
322 361
322 323
322 385
322 352
322 1201
323 378
323 325
323 374
323 338
323 1607
325 374
325 345
325 347
325 376
325 385
327 359
327 359
328 347
330 343
330 338
330 1593
331 374
333 384
333 336
333 337
333 364
333 343
333 332
333 347
333 339
333 1010
333 1985
334 333
334 1536
336 381
336 337
336 325
336 325
336 362
336 337
336 369
336 328
336 447
336 1588
337 336
337 373
337 385
337 345
337 993
338 364
338 359
338 333
339 343
340 378
343 361
343 362
343 374
343 385
343 327
343 363
343 353
343 343
343 327
343 385
343 384
343 612
345 340
345 1378
346 385
347 333
347 326
348 385
350 336
350 374
351 323
351 1556
352 375
352 345
352 1837
353 1371
356 378
356 322
356 356
356 333
356 377
359 369
359 364
359 322
359 1606
360 333
360 336
361 362
361 333
361 374
361 333
361 697
361 1497
362 325
362 325
362 1280
362 1660
363 343
363 339
363 987
364 328
364 373
364 1350
365 376
365 374
365 365
366 364
366 366
366 361
366 370
366 361
366 343
366 327
366 674
367 343
367 322
368 345
368 374
368 322
368 385
370 377
370 339
370 440
371 333
371 347
373 336
373 385
373 385
373 321
373 1703
374 321
374 385
374 385
374 341
374 1539
374 1714
375 373
375 373
375 331
375 1003
375 1111
376 364
376 1015
377 336
377 343
377 341
380 374
381 343
384 337
384 361
384 1822
385 333
385 336
385 343
385 330
385 361
385 370
385 373
385 338
385 785
386 413
388 833
390 427
391 435
391 394
391 388
392 417
392 429
393 430
393 395
394 388
394 425
394 407
394 394
394 399
394 425
394 420
394 688
395 423
395 408
395 399
395 414
395 391
395 434
395 793
397 427
397 406
397 397
397 407
397 437
397 406
397 401
399 401
399 428
399 429
399 969
401 420
401 436
401 399
401 494
403 430
403 427
403 395
403 395
404 389
405 436
405 556
406 410
407 399
407 412
407 393
407 580
407 1114
408 1731
409 416
409 420
410 409
410 419
410 434
410 401
410 395
410 1700
411 393
416 397
418 396
419 410
420 435
420 405
420 394
420 423
420 428
420 420
420 436
420 430
420 501
420 1874
421 782
422 427
423 423
423 420
423 512
425 395
425 1078
427 395
428 410
428 395
428 435
428 423
429 399
429 387
431 393
432 416
434 387
434 395
436 420
436 410
436 409
436 410
436 394
436 435
436 403
436 435
436 436
436 924
438 468
439 440
439 534
439 447
439 1406
439 1679
439 1699
440 447
440 439
440 494
440 585
440 516
440 439
440 499
440 447
440 444
440 1090
440 1400
440 1407
441 502
442 534
442 456
442 472
442 1844
443 456
443 481
444 556
445 883
446 538
446 502
446 539
446 477
446 575
447 534
447 502
447 548
447 447
447 465
447 501
447 551
447 564
447 470
447 504
447 619
447 767
447 1114
447 1430
447 1647
448 553
448 475
448 1353
449 488
449 447
451 509
451 594
452 559
453 503
454 465
454 534
454 975
455 470
455 476
456 477
459 548
460 1013
463 1414
464 534
465 472
465 439
465 554
465 470
465 441
465 504
465 568
465 467
465 783
465 1834
466 517
467 470
467 440
467 989
468 549
468 472
468 547
468 941
469 568
469 470
470 522
470 525
470 585
470 569
470 440
470 469
470 582
470 439
470 529
471 502
471 1651
472 524
472 539
472 534
472 467
472 1235
472 1419
473 454
473 438
473 558
473 1173
474 1173
474 1522
475 501
475 502
475 574
475 1298
475 1748
476 440
476 536
476 502
476 815
476 1156
477 568
477 472
477 448
477 564
477 532
477 564
479 508
481 584
481 516
482 495
482 1301
483 443
483 524
483 1827
484 911
485 534
485 474
485 478
485 503
485 447
485 1288
485 1318
488 458
488 510
489 501
489 475
489 565
491 548
492 491
492 495
495 551
495 447
495 543
495 568
495 518
495 470
495 447
495 445
495 485
495 986
496 441
496 464
497 495
498 1898
499 534
499 440
499 576
499 1603
500 510
501 485
501 575
501 551
501 495
501 485
501 440
501 1257
502 481
502 470
502 580
502 467
502 456
502 1607
502 1802
502 2016
503 439
503 483
504 547
504 516
504 1176
505 526
505 472
507 484
508 1639
509 568
509 465
509 579
509 552
509 583
509 447
509 495
509 525
509 474
509 438
510 509
511 518
512 439
512 477
512 589
513 538
513 454
513 465
515 469
516 995
518 537
518 518
518 440
518 501
518 575
518 447
518 676
520 443
520 495
520 475
520 485
521 1038
524 501
524 447
524 1341
524 1592
524 1639
525 485
525 457
525 476
525 495
525 528
525 470
527 445
527 440
528 447
528 575
529 555
529 469
532 440
532 493
534 445
534 580
534 580
534 534
534 458
534 476
534 504
534 445
534 470
534 586
534 512
534 491
534 440
534 490
534 741
534 1338
535 534
535 454
536 536
538 520
539 516
539 529
539 501
539 445
539 902
539 1520
540 570
541 475
542 440
542 488
542 1753
543 504
543 519
546 556
547 488
547 538
548 472
548 495
548 491
548 447
548 568
548 510
548 524
548 676
548 1592
549 472
550 553
550 444
551 539
553 539
553 447
553 569
553 534
553 575
553 509
553 454
553 495
553 749
553 1336
553 1890
556 464
556 527
556 468
556 979
557 529
560 477
561 501
561 473
564 554
564 494
564 472
565 439
568 574
568 440
568 572
568 1300
568 1331
568 1400
568 1493
568 1973
569 452
569 1158
570 518
572 470
574 564
574 502
575 447
575 539
575 575
575 541
575 875
576 439
577 564
578 524
578 473
579 445
579 503
580 507
580 440
580 553
580 776
580 1318
584 508
584 520
585 488
585 483
585 738
585 1126
585 1235
586 456
588 608
588 634
588 697
588 610
588 602
588 676
588 697
588 624
588 604
588 619
588 610
588 1906
589 675
589 591
589 622
589 603
589 692
589 628
589 611
589 589
589 607
589 680
589 676
589 697
589 603
589 1314
589 1527
591 683
591 693
591 603
591 604
591 604
591 694
591 615
591 659
591 673
591 688
591 702
591 693
591 737
591 1093
591 1078
592 658
592 612
592 1042
593 912
594 675
594 1573
595 646
595 627
595 673
596 683
596 615
597 674
597 608
597 603
598 900
599 742
599 859
600 654
600 610
600 628
601 683
601 608
602 685
602 702
602 591
602 610
602 697
602 656
602 605
602 613
602 588
602 689
602 646
602 607
602 674
602 688
602 610
602 608
602 785
602 1714
602 1697
603 688
603 690
603 600
603 603
603 683
603 667
603 693
603 676
603 672
603 675
603 634
603 695
603 600
603 657
603 647
603 604
603 646
603 674
603 703
603 635
603 675
603 666
603 675
603 1015
603 1156
603 1606
604 621
604 702
604 643
604 688
604 604
604 607
604 588
604 692
604 589
604 692
604 697
604 608
604 656
604 615
604 688
604 611
604 606
604 692
604 657
604 624
604 675
604 603
604 591
604 673
604 674
604 690
604 667
604 638
604 605
604 610
604 856
604 974
604 1114
604 1739
605 683
605 697
605 690
605 688
605 678
605 683
605 682
605 610
605 659
605 608
605 656
605 702
605 615
605 656
605 588
605 603
605 619
605 624
605 602
605 695
605 675
605 1537
606 646
606 692
606 604
607 619
607 634
607 619
607 634
607 605
607 607
607 634
607 608
607 602
607 608
607 673
607 609
607 641
607 589
607 675
607 857
608 615
608 643
608 695
608 677
608 674
608 646
608 608
608 622
608 676
608 589
608 605
608 627
608 688
608 591
608 604
608 622
608 654
608 672
608 671
608 647
608 627
608 615
608 610
608 654
608 654
608 1676
608 1907
609 604
610 627
610 685
610 607
610 607
610 692
610 688
610 657
610 691
610 693
610 676
610 602
610 665
610 622
610 595
610 597
610 673
610 619
610 644
610 643
610 603
610 633
610 605
610 589
610 615
610 677
610 615
610 966
610 1209
611 676
611 691
611 667
611 692
611 619
611 604
613 610
614 610
614 672
614 675
614 607
615 697
615 690
615 674
615 675
615 604
615 693
615 603
615 643
615 646
615 692
615 676
615 615
615 672
615 643
615 656
615 940
615 1407
617 643
618 697
618 673
619 695
619 619
619 688
619 603
619 652
619 692
619 591
619 652
619 594
619 676
619 600
619 675
619 608
619 620
619 591
619 588
619 646
619 667
619 607
619 615
619 667
619 655
619 903
619 1088
619 1123
620 676
620 654
621 693
622 657
622 666
622 676
622 603
622 607
622 619
622 643
622 683
624 616
625 657
626 591
626 665
626 692
627 612
627 697
627 613
627 659
627 603
627 599
627 693
627 619
627 697
627 634
627 676
627 676
627 690
627 673
627 607
627 656
627 657
627 604
627 691
628 653
628 653
628 693
628 688
628 676
628 644
629 603
630 596
630 619
630 656
630 654
630 630
630 675
630 693
630 1546
631 620
632 688
633 654
633 603
634 703
634 692
634 605
634 1364
636 658
638 693
638 608
638 608
638 697
638 674
639 596
639 628
639 690
640 688
640 591
640 683
640 604
640 657
640 1788
641 688
641 688
641 654
641 966
641 1407
642 667
643 654
643 690
643 642
643 589
643 689
643 684
643 703
643 676
643 617
643 605
643 602
643 607
643 703
643 647
643 683
643 589
643 655
643 589
643 1605
644 692
644 675
644 698
644 702
644 1014
646 688
646 674
646 656
646 588
646 689
646 676
646 596
646 643
646 703
646 646
646 674
646 619
646 656
646 604
646 697
646 652
646 675
646 646
647 589
647 696
647 603
647 605
647 703
647 656
647 697
647 646
648 676
649 593
650 697
650 640
650 641
650 688
651 601
651 604
652 692
652 643
652 640
652 1011
652 1414
653 607
653 602
653 594
653 654
653 686
653 589
653 690
653 1643
654 589
654 589
654 619
654 703
654 656
654 630
654 639
654 667
654 693
654 692
654 657
654 608
654 688
654 619
654 676
654 600
654 646
654 684
654 675
654 703
654 676
654 639
654 847
654 1437
655 692
655 654
655 606
655 608
655 680
655 641
655 703
655 676
655 672
655 604
656 608
656 674
656 690
656 608
656 615
656 619
656 673
656 591
656 641
656 692
656 653
656 672
656 591
656 690
656 621
656 672
656 673
656 683
656 591
656 589
656 690
656 602
656 693
656 605
656 667
656 619
656 652
656 621
656 606
656 602
656 734
656 954
657 690
657 673
657 656
657 684
657 646
657 702
657 683
657 675
657 697
657 656
657 602
657 675
657 589
657 630
657 702
657 612
657 605
657 589
657 658
657 680
657 695
657 654
657 675
657 675
658 697
658 654
658 697
658 604
658 684
658 693
659 697
659 639
659 654
659 703
661 2102
662 690
662 695
663 655
663 641
663 1497
664 589
665 619
665 656
666 604
666 604
666 696
666 676
666 703
666 1257
667 666
667 606
667 657
667 604
667 690
667 619
667 589
667 690
667 627
667 618
667 692
667 682
667 697
667 654
667 619
667 658
667 693
667 674
667 613
667 646
667 693
667 1436
671 588
672 675
672 613
672 604
672 619
672 604
672 673
672 659
672 703
673 619
673 676
673 654
673 700
673 589
673 628
673 674
673 619
673 688
673 609
673 656
673 593
673 702
673 602
673 682
673 603
673 667
673 676
673 951
673 1201
673 1291
674 656
674 653
674 677
674 683
674 690
674 697
674 602
674 656
674 666
674 657
674 654
674 667
674 693
674 688
674 654
674 980
674 1437
675 647
675 683
675 690
675 697
675 703
675 627
675 608
675 595
675 702
675 619
675 675
675 603
675 646
675 604
675 646
675 607
675 607
675 605
675 656
675 621
675 646
675 659
675 608
675 607
675 600
675 1427
675 1420
676 605
676 685
676 610
676 640
676 619
676 676
676 676
676 615
676 643
676 692
676 698
676 654
676 619
676 667
676 610
676 702
676 602
676 691
676 703
676 697
676 676
676 688
676 653
676 605
676 688
676 693
676 1398
680 667
680 697
680 605
680 607
680 675
682 619
682 604
682 688
683 643
683 647
683 646
683 682
683 602
683 635
683 589
683 688
683 615
683 672
683 608
683 692
683 703
683 690
683 622
683 630
683 1414
683 1463
684 610
684 692
684 907
685 611
685 619
685 703
685 657
686 696
686 688
686 1693
687 667
688 667
688 658
688 607
688 646
688 591
688 695
688 604
688 697
688 674
688 697
688 693
688 656
688 675
688 690
688 602
688 683
688 622
688 651
688 657
688 646
688 654
688 683
688 589
688 667
688 615
688 683
688 595
688 678
688 589
688 608
688 691
688 608
688 773
688 876
688 1402
688 1636
689 628
689 1099
690 610
690 620
690 673
690 653
690 667
690 690
690 688
690 619
690 628
690 597
690 657
690 607
690 697
690 657
690 604
690 603
690 646
690 604
690 602
690 603
690 624
690 646
690 602
690 604
690 595
690 603
690 591
690 657
690 842
690 895
690 1405
691 692
691 696
691 603
691 603
692 646
692 603
692 596
692 675
692 703
692 657
692 608
692 672
692 678
692 656
692 683
692 676
692 643
692 676
692 591
692 632
692 702
692 676
692 605
692 607
692 654
692 688
692 622
692 682
692 692
692 619
692 656
692 688
692 643
692 852
692 914
692 1064
692 1364
693 656
693 663
693 697
693 607
693 658
693 588
693 627
693 691
693 675
693 677
693 703
693 676
693 591
693 646
693 675
693 702
693 681
693 688
693 608
693 688
693 626
693 692
693 656
693 672
693 611
693 632
693 673
693 854
693 953
693 1997
694 693
695 676
695 703
695 674
695 675
695 695
695 627
695 611
695 656
695 692
695 684
695 606
695 673
695 615
695 591
695 703
695 589
695 667
695 692
695 928
695 1003
696 604
696 695
696 911
697 605
697 589
697 655
697 695
697 657
697 606
697 628
697 654
697 622
697 657
697 628
697 640
697 665
697 646
697 603
697 657
697 690
697 607
697 694
697 693
697 610
697 684
697 673
697 764
697 781
698 677
698 589
698 676
699 693
699 654
701 659
701 1362
702 596
702 667
702 676
702 615
702 703
702 607
702 654
702 626
702 676
702 690
702 697
702 656
702 667
702 1397
703 673
703 663
703 588
703 607
703 589
703 603
703 684
703 603
703 615
703 615
703 695
703 666
703 688
703 970
703 1377
704 734
704 710
704 735
704 712
704 705
704 726
704 721
704 713
704 729
704 726
705 705
705 712
705 707
705 711
705 713
705 719
705 735
705 719
705 718
705 705
705 704
705 838
705 1546
706 707
706 714
707 733
707 735
707 717
707 712
708 706
708 712
708 719
708 721
708 735
708 707
708 1513
709 735
709 718
709 733
709 731
709 712
709 723
709 726
709 704
709 730
709 735
709 712
709 735
709 719
709 719
709 712
710 733
710 706
710 710
710 733
710 723
710 709
710 707
711 726
711 735
711 735
711 730
711 720
711 720
711 733
711 704
711 735
712 734
712 731
712 716
712 705
712 711
712 708
712 715
712 705
712 733
712 712
713 736
713 705
713 736
713 730
713 717
713 721
713 732
713 727
713 719
713 726
713 704
713 725
714 717
714 708
714 732
714 709
714 721
714 710
714 723
715 705
715 735
715 705
715 734
715 722
717 704
717 708
717 710
717 732
717 708
717 721
717 704
717 720
717 718
717 731
717 722
718 707
718 731
718 721
718 735
718 708
718 718
718 732
718 731
718 719
718 707
718 1457
719 723
719 714
719 704
719 736
719 731
719 722
719 831
720 733
720 707
720 722
720 715
721 713
721 705
721 721
721 726
722 720
722 736
722 704
722 717
722 714
722 726
722 707
722 717
723 712
723 711
723 736
723 711
723 735
724 721
724 710
724 714
726 735
726 719
726 735
726 704
726 732
726 704
727 708
727 704
728 721
728 707
728 705
728 735
728 907
729 704
729 733
730 733
730 721
730 720
730 708
730 718
730 733
731 730
731 722
731 719
731 719
731 708
731 730
731 732
732 735
732 732
732 726
732 729
732 709
732 717
732 709
732 704
732 728
733 705
733 735
733 723
733 709
733 726
733 732
733 721
734 722
734 711
734 705
734 715
734 706
734 726
734 1089
735 726
735 727
735 733
735 728
735 707
735 719
735 721
735 706
735 719
735 721
736 719
736 708
736 715
736 717
736 735
736 726
736 713
736 711
736 732
737 785
737 741
738 785
738 783
739 743
741 781
741 755
741 738
741 1857
742 773
742 753
742 752
742 769
744 747
744 738
744 1137
747 784
747 750
747 767
747 893
747 935
748 757
750 767
750 752
750 1181
751 771
751 767
752 761
752 745
752 764
752 771
752 778
752 775
752 761
752 773
752 1235
753 748
753 752
753 767
753 1899
754 771
754 1701
761 775
761 740
761 775
761 785
761 766
761 766
761 774
763 890
765 738
766 783
767 768
767 752
767 741
767 750
767 781
767 754
767 738
767 750
767 1169
767 2012
768 753
768 755
768 747
768 1679
769 1524
770 768
771 738
771 752
773 762
773 783
773 752
773 751
774 775
774 783
774 753
774 995
775 777
775 767
775 767
775 752
775 742
775 767
775 945
776 740
776 747
776 1464
778 786
778 741
778 780
781 775
781 774
781 779
781 1055
781 1381
783 1750
785 761
785 743
785 752
785 753
785 752
785 1812
788 822
789 797
789 828
789 788
789 828
789 815
790 1991
791 828
791 813
792 792
793 793
793 809
793 798
793 816
793 811
793 809
793 797
793 1298
793 1410
794 1913
797 790
797 805
797 1282
798 795
798 810
798 793
798 815
798 808
798 791
799 826
799 803
799 1583
800 809
801 816
801 805
802 801
803 811
803 788
804 789
804 805
804 1437
807 793
808 799
809 818
809 789
809 798
809 788
809 803
809 818
809 807
809 804
811 818
811 803
811 824
811 791
812 816
812 818
812 801
812 801
812 793
813 813
813 794
813 804
813 801
813 788
815 813
816 815
816 813
816 828
817 818
817 995
818 798
818 819
818 804
818 1447
820 804
821 812
821 794
822 818
823 815
823 815
824 793
825 809
825 809
826 809
826 813
826 793
828 811
828 797
830 836
830 838
830 830
830 831
830 836
830 831
831 835
831 837
831 832
831 836
831 839
831 830
831 839
831 832
832 839
832 835
832 836
832 830
832 831
832 839
833 832
833 834
834 832
834 831
834 834
834 831
834 833
835 830
835 839
835 830
835 839
835 833
835 831
836 837
836 830
836 835
836 835
836 839
837 831
837 834
837 834
837 830
837 831
837 838
837 830
838 833
838 832
838 1627
838 2019
839 838
839 837
839 834
839 839
839 834
839 831
839 837
839 838
839 833
839 1605
841 853
841 848
841 856
841 862
841 841
841 848
841 845
841 855
841 847
841 843
841 845
842 862
842 848
842 852
842 851
842 853
842 858
842 860
842 848
842 861
842 851
842 843
842 842
842 856
843 843
843 850
843 859
843 849
843 847
843 849
843 850
844 859
844 862
844 858
844 845
844 856
845 841
845 859
845 862
845 856
845 860
845 854
845 862
845 843
845 841
845 853
846 854
847 847
847 856
847 853
847 860
847 847
847 859
847 856
847 843
847 860
847 862
848 856
848 851
848 853
848 844
848 854
849 848
849 860
849 862
849 848
849 849
850 857
850 847
851 861
851 853
851 853
851 848
851 859
851 848
851 862
851 853
851 847
851 843
852 862
852 847
852 856
852 857
852 845
853 845
853 841
853 859
853 859
854 847
854 859
854 853
854 849
854 851
855 847
855 850
855 851
855 848
855 858
855 855
855 858
855 842
855 936
855 1606
856 842
856 860
856 856
856 849
856 847
856 853
856 847
856 844
856 843
857 847
857 844
857 862
859 859
859 843
859 861
859 853
859 842
859 851
860 845
860 849
860 852
860 856
860 856
860 851
860 849
861 842
861 856
862 851
862 847
862 859
863 875
863 874
863 870
863 864
863 871
863 882
863 881
864 870
864 874
864 873
864 871
864 875
864 883
864 874
864 863
864 875
864 879
864 875
864 883
865 867
865 882
865 872
865 882
865 869
865 868
865 883
865 873
865 871
866 879
866 874
866 878
866 873
866 865
866 872
866 874
867 875
867 877
867 883
867 868
867 867
867 881
868 874
868 878
868 871
868 877
868 873
868 874
868 866
868 871
868 867
868 874
868 882
869 873
869 876
869 868
869 877
869 879
869 872
869 880
869 863
869 875
869 879
869 876
869 875
869 866
869 880
869 863
869 1891
870 874
870 872
870 870
870 882
870 864
870 864
870 871
870 868
870 879
870 872
870 875
870 870
870 874
871 869
871 865
871 865
871 868
871 874
872 870
872 867
872 878
872 874
872 882
872 871
872 865
872 883
872 868
872 874
872 873
872 873
872 881
872 864
872 1173
873 882
873 872
873 882
873 875
873 871
873 879
873 870
873 871
873 935
874 864
874 871
874 877
874 874
874 882
875 877
875 879
875 877
875 882
875 865
875 874
875 872
876 870
876 872
876 864
876 863
876 879
876 873
876 867
876 882
876 864
877 878
877 868
877 870
877 872
877 873
877 874
877 866
877 880
878 876
878 877
878 874
878 883
878 867
878 881
878 874
878 880
878 869
879 871
879 864
879 870
879 881
879 863
879 865
879 881
879 1032
880 866
880 879
880 877
880 865
880 879
880 874
880 873
881 878
881 880
881 881
881 866
881 872
881 875
881 877
881 871
882 868
882 871
882 882
882 871
883 863
883 883
883 881
883 864
883 869
883 869
883 865
883 881
883 882
883 877
883 867
883 877
883 883
883 1649
884 961
884 884
884 944
885 966
886 924
887 1420
888 914
889 907
890 941
890 910
890 893
892 893
892 906
892 957
893 885
893 924
893 958
893 929
893 966
893 948
895 946
895 958
895 893
895 951
895 897
897 962
897 955
897 937
897 897
897 924
898 903
899 897
899 939
899 914
899 884
899 966
900 909
900 959
901 967
901 922
902 907
907 967
907 936
907 938
907 1913
908 915
908 938
910 893
910 935
910 893
911 958
911 946
911 1071
912 965
913 927
913 1018
913 1870
914 907
914 951
914 927
914 929
914 956
914 910
914 907
914 991
915 1986
916 918
916 913
917 927
918 892
918 911
918 946
918 918
920 924
921 938
922 893
923 922
924 914
924 893
924 896
924 1144
925 907
925 925
925 967
926 892
928 895
928 931
928 957
928 953
929 1262
930 934
930 928
930 963
930 897
931 896
931 889
931 1149
933 884
935 959
935 924
936 965
936 915
937 950
937 914
937 892
937 1958
938 950
938 884
938 951
938 1998
939 958
940 914
940 941
941 952
942 907
942 933
943 885
944 914
944 951
944 938
944 918
944 1493
946 951
946 899
946 1593
946 1497
947 964
950 884
950 1211
951 911
951 936
951 957
953 921
954 889
957 954
957 915
958 899
958 963
958 926
958 893
958 1641
959 907
959 907
962 957
962 892
962 920
962 942
963 958
964 917
964 944
965 1801
966 933
966 931
966 916
966 914
966 943
966 928
966 924
966 950
966 1117
966 1703
970 998
970 1016
970 1582
971 1028
971 993
972 1006
972 1039
974 1020
974 974
974 1010
974 991
974 1173
974 1486
974 1802
975 980
977 1015
978 980
978 1021
979 1026
980 1025
981 1029
983 1013
984 994
984 995
984 1010
984 1025
984 972
984 1004
985 994
985 1710
986 1012
986 1037
988 1007
990 1008
990 1008
991 1015
992 990
992 1036
992 984
992 1033
993 990
993 1005
993 985
993 1595
994 1040
995 992
995 986
995 974
995 1012
995 1008
995 1020
995 1007
995 1029
996 1037
996 982
997 993
997 1891
999 984
1000 1037
1001 977
1002 1013
1003 1007
1003 997
1003 1020
1003 1020
1004 1017
1004 980
1005 1003
1005 988
1005 999
1005 1017
1005 1581
1005 2060
1006 993
1007 1034
1007 1019
1007 992
1007 988
1008 1018
1008 1003
1008 1010
1009 1040
1009 995
1010 1017
1010 1033
1010 978
1010 1017
1010 1036
1010 1020
1012 1003
1012 991
1013 1033
1013 1037
1013 1010
1014 978
1015 1018
1016 972
1016 1012
1016 1006
1016 979
1016 979
1016 1403
1017 974
1017 1037
1018 1001
1018 993
1018 998
1019 994
1020 1029
1020 980
1020 1027
1020 1025
1020 972
1021 982
1023 1008
1023 1381
1024 1020
1024 1020
1025 1033
1025 1037
1025 1030
1026 1038
1026 1003
1026 1037
1026 1020
1029 972
1029 1030
1029 1497
1030 1013
1030 995
1030 974
1030 974
1030 1304
1030 1603
1030 1565
1030 2000
1033 997
1033 977
1033 972
1033 1005
1033 1026
1033 978
1033 998
1033 1007
1035 1039
1035 1019
1036 985
1036 989
1036 992
1037 969
1037 1027
1037 970
1037 971
1039 979
1040 1018
1041 1042
1042 1073
1043 1046
1044 1045
1044 1070
1045 1054
1045 1043
1045 1566
1046 1073
1046 1042
1046 1063
1047 1071
1048 1045
1049 1053
1050 1075
1050 1067
1050 2003
1052 1056
1052 1058
1053 1074
1054 1074
1054 1071
1054 1073
1054 1062
1054 1068
1054 1318
1055 1054
1055 1071
1055 1058
1055 1412
1055 1877
1058 1055
1058 1072
1058 1045
1058 1053
1058 1048
1058 1070
1058 1064
1058 1044
1058 1070
1059 1058
1059 1070
1060 1064
1060 1073
1060 1072
1062 1060
1063 1048
1064 1044
1064 1064
1064 1045
1064 1070
1064 1045
1064 1074
1064 1044
1067 1055
1068 1069
1068 1069
1068 1071
1068 1073
1068 1064
1068 1181
1069 1074
1069 1073
1069 1075
1070 1064
1070 1058
1070 1071
1071 1042
1071 1048
1071 1068
1071 1067
1073 1070
1074 1050
1075 1057
1076 1048
1076 1057
1078 1106
1078 1078
1078 1094
1078 1087
1078 1085
1078 1084
1078 1470
1079 1094
1080 1090
1080 1087
1080 1107
1080 1588
1082 1079
1082 1084
1082 1094
1083 1078
1083 1079
1083 1085
1083 1080
1083 1091
1083 1525
1084 1087
1084 1090
1085 1078
1085 1109
1085 1723
1086 1078
1086 1108
1087 1098
1087 1109
1087 1097
1087 1096
1087 1112
1087 1635
1087 1594
1088 1101
1088 1091
1089 1101
1089 1080
1089 1084
1089 1101
1089 1079
1089 1105
1090 1094
1091 1089
1091 1096
1091 1109
1091 1083
1091 1507
1092 1107
1092 1955
1093 1097
1093 1081
1094 1110
1094 1091
1094 1089
1094 1559
1096 1096
1096 1084
1096 1575
1097 1084
1098 1080
1099 1089
1099 1093
1100 1090
1100 1089
1101 1089
1101 1101
1101 1097
1101 1089
1101 1078
1102 1089
1104 1111
1105 1101
1106 1078
1106 1100
1107 1109
1107 1497
1108 1082
1108 1080
1108 1100
1111 1104
1111 1087
1111 1510
1112 1104
1112 1871
1113 1194
1113 1205
1113 1206
1113 1188
1113 1179
1114 1126
1114 1204
1114 1216
1114 1201
1114 1215
1114 1135
1114 1154
1114 1211
1114 1114
1114 1499
1116 1126
1117 1198
1118 1175
1120 1201
1120 1114
1122 1134
1122 1128
1122 1201
1122 1189
1123 1201
1123 1200
1123 1209
1123 1207
1123 1205
1123 1209
1123 1179
1123 1203
1123 1275
1123 1728
1126 1146
1126 1114
1127 1114
1127 1151
1128 1205
1128 1198
1130 1137
1130 1536
1132 1201
1134 1215
1134 1209
1134 1209
1134 1114
1135 1158
1135 1216
1137 1683
1138 1126
1138 1148
1138 1172
1138 1802
1140 1201
1143 1154
1143 1205
1144 1192
1145 1191
1145 1124
1148 1113
1148 1114
1150 1183
1152 1161
1152 1135
1152 1191
1152 1201
1154 1158
1154 1113
1154 1114
1154 1137
1154 1874
1156 1158
1157 1179
1157 1114
1157 1173
1158 1114
1158 1127
1158 1114
1158 1204
1160 1130
1160 1205
1160 1176
1160 1167
1161 1209
1162 1205
1162 1179
1164 1114
1167 1113
1167 1170
1167 1158
1167 1845
1168 1120
1168 1114
1168 1624
1169 1115
1170 1175
1171 1126
1172 1154
1173 1179
1173 1166
1173 1203
1173 1114
1173 1140
1173 1647
1173 1706
1174 1154
1174 1126
1175 1204
1176 1158
1179 1130
1179 1193
1179 1137
1179 1179
1179 1216
1179 1592
1179 1539
1179 1592
1179 1628
1179 1855
1180 1114
1180 1140
1180 1197
1180 1127
1180 1170
1181 1185
1184 1154
1184 1170
1185 1207
1186 1132
1186 1134
1188 1147
1188 1188
1188 1205
1188 1216
1188 1120
1189 1168
1189 1150
1189 1179
1190 1201
1191 1114
1191 1170
1191 1181
1191 1157
1191 1169
1192 1131
1192 1146
1192 1205
1194 1154
1196 1149
1198 1191
1199 1158
1200 1113
1200 1205
1200 1175
1200 1202
1200 1860
1201 1171
1201 1114
1201 1198
1201 1137
1201 1114
1201 1152
1202 1173
1202 1201
1202 1122
1203 1140
1204 1201
1204 1123
1204 1163
1204 1137
1204 1130
1204 1178
1204 1209
1204 1114
1204 1546
1204 1529
1204 1489
1205 1201
1205 1189
1205 1151
1205 1158
1205 1215
1205 1173
1205 1173
1205 1211
1205 1154
1205 1809
1206 1181
1206 1204
1206 1701
1207 1115
1207 1154
1208 1205
1208 1192
1209 1216
1209 1160
1209 1158
1209 1216
1209 1152
1209 1883
1211 1209
1211 1209
1211 1113
1211 1126
1211 1976
1212 1881
1213 1167
1214 1113
1215 1136
1216 1161
1216 1122
1216 1198
1216 1128
1216 1201
1216 1152
1216 1170
1216 1199
1216 1200
1216 1114
1216 1199
1216 1172
1216 1943
1217 1199
1217 1148
1217 1199
1217 1188
1218 1235
1219 1285
1219 1279
1219 1269
1219 1300
1221 1279
1223 1279
1223 1304
1228 1298
1229 1307
1229 1267
1231 1258
1233 1226
1233 1279
1235 1256
1235 1229
1235 1236
1235 1298
1235 1290
1235 1298
1235 1304
1235 1275
1235 1231
1235 1952
1237 1302
1237 1298
1238 1309
1238 1252
1238 1304
1238 1219
1238 1301
1239 1233
1240 1235
1241 1296
1241 1235
1241 1473
1242 1254
1242 1235
1242 1251
1245 1221
1245 1346
1246 1298
1247 1221
1249 1277
1250 1277
1251 1302
1251 1283
1251 1290
1252 1232
1252 1262
1252 1245
1253 1235
1253 1267
1253 1251
1254 1298
1254 1266
1254 1297
1255 1279
1256 1218
1256 1266
1256 1220
1256 1275
1257 1301
1257 1221
1257 1265
1257 1251
1258 1235
1259 1265
1259 1295
1260 1233
1260 1548
1261 1230
1262 1307
1262 1256
1262 1242
1263 1280
1264 1274
1265 1301
1265 1218
1265 1298
1267 1279
1267 1279
1267 1308
1267 1331
1269 1260
1269 1295
1269 1238
1269 1272
1269 1269
1269 1603
1269 2031
1272 1304
1272 1256
1272 1257
1273 1304
1274 1266
1274 1271
1275 1241
1275 1285
1275 1252
1275 1221
1275 1295
1276 1295
1277 1299
1277 1302
1279 1247
1279 1298
1279 1241
1279 1268
1279 1290
1279 1269
1279 1275
1279 1242
1279 1269
1279 1279
1279 1273
1279 1245
1279 1298
1279 1279
1279 1277
1279 1346
1279 1565
1280 1300
1285 1244
1285 1298
1286 1233
1286 1267
1290 1290
1290 1298
1290 1257
1290 1235
1290 1303
1290 1242
1291 1242
1293 1279
1293 1919
1295 1300
1295 1279
1295 1291
1295 1293
1297 1293
1297 1269
1297 1225
1297 1297
1298 1290
1298 1279
1298 1241
1298 1298
1298 1297
1298 1238
1298 1301
1298 1244
1298 1310
1298 1637
1299 1304
1299 1222
1299 1299
1299 1235
1300 1235
1302 1236
1302 1260
1302 1594
1303 2015
1304 1269
1304 1277
1304 1295
1304 1269
1304 1278
1304 1317
1305 1231
1306 1333
1307 1304
1307 1358
1308 1247
1308 1235
1308 1279
1308 1297
1308 1603
1308 1565
1310 1299
1311 1243
1312 1269
1313 1329
1313 1328
1314 1324
1314 1325
1314 1314
1314 1329
1314 1325
1315 1315
1315 1324
1315 1328
1315 1328
1315 1807
1316 1325
1317 1658
1318 1325
1318 1325
1318 1328
1320 1323
1321 1329
1322 1324
1322 1315
1322 1328
1323 1317
1323 1321
1323 1313
1323 1474
1324 1328
1325 1322
1325 1314
1325 1328
1325 1314
1325 1324
1326 1328
1327 1322
1327 1330
1328 1326
1328 1329
1328 1325
1328 1329
1329 1318
1330 1327
1330 1330
1331 1337
1331 1342
1331 1338
1331 1346
1331 1336
1331 1351
1331 1341
1331 1354
1331 1353
1331 1347
1331 1345
1332 1346
1332 1354
1332 1351
1332 1350
1332 1343
1332 1348
1332 1347
1332 1343
1332 1354
1332 1333
1332 1337
1332 1350
1332 1343
1332 1335
1332 1339
1332 1345
1332 1342
1333 1338
1333 1333
1333 1336
1333 1355
1333 1348
1333 1335
1333 1338
1333 1346
1333 1342
1333 1350
1333 1350
1333 1332
1333 1340
1334 1343
1334 1345
1334 1338
1334 1342
1334 1333
1334 1338
1334 1332
1334 1338
1334 1340
1334 1338
1334 1342
1334 1340
1334 1353
1334 1334
1334 1334
1334 1347
1334 1331
1335 1335
1335 1341
1335 1353
1335 1352
1335 1342
1335 1331
1335 1334
1335 1344
1335 1349
1335 1342
1336 1331
1336 1331
1336 1338
1336 1338
1336 1340
1336 1336
1336 1331
1336 1334
1336 1352
1336 1334
1336 1349
1336 1346
1336 1341
1336 1331
1336 1337
1336 1355
1336 1343
1337 1340
1337 1352
1337 1333
1337 1349
1337 1352
1337 1349
1337 1348
1337 1331
1337 1350
1337 1351
1337 1355
1337 1890
1338 1345
1338 1342
1338 1349
1338 1339
1338 1352
1338 1344
1338 1354
1338 1347
1338 1340
1338 1348
1338 1341
1338 1351
1338 1353
1338 1348
1338 1333
1338 1331
1338 1333
1338 1345
1338 1339
1338 1345
1338 1341
1338 1333
1338 1333
1338 1351
1338 1354
1338 1354
1338 1332
1338 1345
1338 1342
1338 1338
1338 1593
1339 1339
1339 1338
1339 1347
1339 1335
1339 1354
1339 1344
1339 1340
1339 1344
1339 1339
1339 1345
1339 1343
1339 1338
1339 1345
1339 1348
1339 1338
1339 1336
1339 1353
1340 1343
1340 1338
1340 1338
1340 1341
1340 1333
1340 1342
1340 1337
1340 1349
1340 1351
1340 1336
1340 1347
1340 1350
1340 1344
1340 1355
1340 1353
1340 1343
1340 1332
1340 1338
1340 1336
1340 1845
1341 1339
1341 1334
1341 1331
1341 1349
1341 1336
1341 1332
1341 1354
1341 1351
1341 1348
1341 1346
1341 1332
1341 1354
1341 1355
1341 1346
1341 1342
1341 1349
1342 1346
1342 1340
1342 1351
1342 1350
1342 1343
1342 1354
1342 1350
1342 1337
1342 1339
1342 1350
1342 1350
1342 1355
1342 1349
1342 1339
1342 1340
1342 1348
1342 1352
1342 1345
1342 1344
1342 1346
1342 1335
1342 1333
1343 1337
1343 1349
1343 1338
1343 1339
1343 1335
1343 1341
1343 1351
1343 1346
1343 1345
1343 1350
1343 1338
1343 1348
1343 1355
1343 1355
1344 1351
1344 1351
1344 1340
1344 1344
1344 1335
1344 1346
1344 1343
1344 1351
1344 1347
1344 1345
1344 1335
1344 1346
1344 1341
1344 1335
1344 1343
1344 1334
1345 1349
1345 1331
1345 1353
1345 1352
1345 1347
1345 1340
1345 1331
1345 1340
1345 1336
1345 1345
1345 1342
1345 1334
1345 1337
1345 1342
1345 1335
1345 1332
1345 1332
1345 1345
1345 1343
1346 1348
1346 1342
1346 1340
1346 1344
1346 1354
1346 1333
1346 1331
1346 1346
1346 1348
1346 1352
1346 1348
1346 1338
1346 1336
1346 1344
1346 1353
1346 1350
1346 1331
1346 1351
1346 1592
1346 1848
1347 1354
1347 1336
1347 1344
1347 1354
1347 1346
1347 1343
1347 1348
1348 1332
1348 1338
1348 1333
1348 1346
1348 1349
1348 1353
1348 1347
1348 1344
1348 1344
1348 1347
1348 1341
1348 1335
1348 1344
1348 1341
1348 1350
1348 1331
1348 1333
1348 1349
1348 1352
1348 1344
1348 1849
1349 1331
1349 1351
1349 1352
1349 1354
1349 1337
1349 1341
1349 1341
1349 1342
1349 1341
1349 1343
1349 1346
1349 1335
1349 1339
1349 1355
1349 1337
1349 1351
1349 1348
1349 1349
1350 1344
1350 1343
1350 1342
1350 1342
1350 1337
1350 1351
1350 1332
1350 1350
1350 1337
1350 1341
1350 1353
1350 1336
1350 1338
1350 1350
1350 1334
1350 1354
1350 1331
1350 1351
1350 1351
1350 1343
1350 1334
1350 1339
1350 1332
1350 1493
1351 1351
1351 1340
1351 1341
1351 1352
1351 1349
1351 1342
1351 1347
1351 1331
1351 1351
1351 1352
1351 1342
1351 1338
1351 1346
1351 1348
1351 1345
1351 1338
1351 1338
1352 1342
1352 1335
1352 1340
1352 1355
1352 1348
1352 1346
1352 1331
1352 1342
1352 1353
1352 1335
1352 1343
1352 1353
1352 1349
1352 1336
1353 1348
1353 1346
1353 1349
1353 1345
1353 1337
1353 1333
1353 1351
1353 1332
1353 1334
1353 1349
1353 1341
1353 1341
1353 1355
1353 1344
1353 1331
1353 1549
1354 1337
1354 1344
1354 1351
1354 1347
1354 1342
1354 1351
1354 1351
1354 1342
1354 1332
1354 1332
1354 1341
1354 1336
1354 1351
1354 1334
1354 1333
1354 1339
1355 1331
1355 1339
1355 1331
1355 1337
1355 1346
1355 1350
1355 1339
1355 1334
1355 1343
1355 1332
1355 1336
1355 1344
1355 1352
1355 1348
1355 1353
1356 1363
1358 1417
1358 1437
1358 1363
1358 1400
1358 1427
1360 1386
1360 1441
1360 1414
1362 1373
1362 1402
1362 1437
1362 1381
1362 1357
1362 1360
1362 1376
1362 1363
1362 1438
1362 1370
1362 1402
1362 1365
1362 1403
1362 1403
1362 1365
1362 1426
1362 1452
1362 1363
1362 1362
1362 1362
1363 1440
1363 1410
1363 1451
1363 1432
1363 1362
1363 1412
1363 1575
1364 1362
1364 1396
1365 1449
1365 1404
1365 1372
1365 1362
1365 1604
1366 1410
1368 1362
1368 1429
1368 1364
1369 1358
1369 1368
1369 1362
1369 1430
1370 1407
1370 1414
1370 1420
1371 1402
1371 1371
1371 1436
1372 1432
1374 1358
1375 1424
1375 1387
1375 1429
1375 1363
1375 1366
1375 1408
1375 1420
1376 1429
1376 1360
1378 1437
1378 1444
1378 1405
1378 1381
1381 1421
1381 1381
1381 1385
1381 1363
1381 1394
1381 1369
1381 1450
1381 1362
1381 1437
1381 1420
1381 1450
1381 1413
1381 1378
1381 1449
1382 1381
1382 1381
1382 1381
1382 1581
1383 1377
1384 1369
1385 1376
1386 1437
1387 1404
1388 1402
1388 1376
1391 1391
1393 1368
1393 1429
1393 1402
1393 1439
1393 1370
1393 1420
1393 1445
1394 1390
1394 1429
1394 1420
1396 1381
1398 1377
1398 1364
1398 1401
1400 1362
1400 1362
1402 1409
1402 1439
1402 1437
1402 1403
1402 1402
1402 1406
1402 1393
1402 1360
1403 1369
1403 1409
1403 1420
1403 1410
1403 1362
1404 1381
1404 1396
1405 1362
1406 1400
1406 1421
1407 1393
1407 1403
1407 1362
1407 1367
1407 1363
1407 1420
1407 1415
1408 1432
1408 1414
1409 1385
1409 1420
1409 1609
1410 1452
1410 1452
1410 1420
1410 1362
1410 1362
1411 1382
1411 1420
1411 1429
1411 1362
1412 1423
1413 1381
1413 1378
1414 1381
1414 1411
1414 1429
1414 1435
1415 1363
1417 1362
1418 1417
1419 1361
1419 1922
1420 1360
1420 1427
1420 1445
1420 1420
1420 1437
1420 1398
1420 1431
1420 1417
1420 1401
1420 1358
1420 1377
1420 1437
1420 1367
1420 1441
1420 1437
1420 1420
1420 1429
1420 1543
1421 1433
1421 1420
1421 1452
1423 1390
1425 1363
1427 1435
1427 1365
1428 1476
1429 1439
1429 1439
1429 1404
1429 1362
1429 1384
1429 1414
1429 1420
1429 1362
1429 1419
1429 1369
1429 1420
1429 1376
1429 1400
1429 1410
1429 1408
1430 1437
1430 1437
1432 1384
1432 1381
1433 1362
1433 1414
1433 1400
1433 1439
1433 1592
1434 1439
1435 1381
1437 1365
1437 1365
1437 1445
1437 1402
1437 1445
1437 1386
1437 1374
1437 1382
1437 1362
1437 1370
1437 1371
1437 1429
1437 1375
1437 1439
1437 1369
1437 1656
1438 1391
1439 1365
1439 1419
1439 1433
1439 1420
1439 1426
1439 1362
1439 1420
1439 1381
1439 1411
1439 1420
1439 1437
1439 1382
1439 1365
1439 1422
1440 1382
1440 1400
1443 1376
1443 1372
1445 1358
1445 1402
1447 1420
1447 1378
1447 1475
1448 1411
1449 1364
1451 1414
1451 1445
1451 1439
1452 1358
1453 1550
1455 1457
1455 1454
1455 1464
1456 1454
1456 1454
1456 1456
1456 1458
1456 1458
1457 1454
1457 1459
1457 1460
1457 1469
1458 1464
1458 1465
1458 1465
1458 1456
1459 1460
1460 1464
1460 1455
1460 1454
1460 1464
1461 1468
1461 1458
1462 1469
1462 1456
1462 1454
1463 1468
1463 1464
1463 1463
1463 1458
1464 1458
1466 1457
1466 1454
1466 1464
1466 1458
1466 1456
1466 1555
1467 1458
1468 1465
1468 1469
1469 1457
1470 1526
1470 1575
1470 1632
1470 1501
1470 1539
1471 1625
1472 1523
1472 1507
1473 1539
1473 1493
1473 1627
1473 1770
1475 1603
1475 1531
1476 1554
1478 1565
1478 1533
1480 1546
1480 1537
1480 1539
1482 1592
1484 1584
1484 1603
1485 1546
1485 1500
1485 1548
1485 1546
1485 1497
1485 1648
1486 1603
1486 1592
1486 1630
1486 1679
1488 1473
1488 1543
1488 1696
1489 1593
1490 1648
1492 1582
1492 1566
1493 1497
1493 1566
1493 1605
1493 1488
1493 1514
1493 1565
1493 1830
1494 1539
1494 1608
1494 1784
1496 1497
1496 1589
1497 1543
1497 1606
1497 1508
1497 1486
1497 1621
1497 1539
1497 1630
1497 1494
1497 1607
1497 1519
1497 1573
1497 1539
1497 1649
1497 1536
1497 1546
1497 1512
1497 1500
1497 1565
1497 1573
1497 1575
1497 1626
1498 1512
1499 1533
1499 1529
1501 1644
1502 1625
1503 1533
1504 1497
1505 1594
1506 1550
1506 1517
1508 1787
1510 1486
1510 1588
1511 1489
1512 1529
1512 1566
1512 1627
1512 1575
1512 1555
1512 1524
1516 1594
1517 1546
1522 1539
1522 1722
1523 1497
1523 1606
1524 1539
1525 1592
1525 1486
1525 1539
1525 1956
1526 1600
1527 1497
1529 1499
1529 1497
1529 2040
1530 1507
1532 1603
1532 1642
1533 1511
1533 1628
1533 1473
1533 1493
1533 1756
1535 1493
1535 1676
1536 1473
1536 1602
1536 1506
1536 1497
1536 1601
1536 1628
1536 1538
1536 1526
1536 1605
1536 1486
1536 1549
1537 1506
1537 1546
1537 1484
1537 1603
1538 1497
1538 1629
1538 1706
1539 1513
1539 1591
1539 1475
1539 1588
1539 1563
1539 1632
1539 1592
1539 1602
1539 1658
1539 1494
1539 1525
1539 1578
1539 1535
1539 1564
1539 1625
1539 1612
1539 1497
1539 1784
1540 1593
1543 1478
1543 1536
1546 1533
1546 1473
1546 1637
1546 1522
1546 1525
1546 1607
1546 1546
1546 1565
1546 1497
1546 1539
1546 1560
1546 1602
1546 1499
1546 1536
1548 1493
1549 1655
1549 1496
1549 1629
1549 1578
1550 1507
1550 1497
1551 1473
1552 1564
1552 1592
1552 1713
1554 1600
1554 1606
1554 1508
1554 1537
1555 1659
1555 1593
1555 1643
1555 1529
1555 1787
1556 1603
1556 1629
1557 1546
1558 1479
1559 1570
1564 1480
1565 1484
1565 1620
1565 1594
1565 1606
1565 1546
1565 1528
1565 1653
1565 1620
1565 1493
1565 1522
1565 1506
1565 1603
1565 1533
1565 1475
1566 1511
1566 1526
1566 1526
1566 1594
1566 1497
1566 1588
1566 1602
1566 1575
1566 1525
1566 1997
1567 1515
1568 1530
1569 1592
1569 1486
1570 1605
1571 1598
1571 1570
1571 1648
1572 1627
1572 1486
1572 1539
1573 1585
1574 1543
1574 1554
1575 1497
1575 1603
1575 1473
1575 1621
1575 1519
1575 2040
1576 1512
1577 1471
1578 1600
1578 1552
1578 1504
1578 1506
1581 1538
1582 1621
1582 1529
1583 1613
1584 1603
1586 1622
1588 1539
1588 1603
1588 1608
1588 1500
1588 1627
1588 1648
1588 1606
1588 1692
1590 1637
1591 1536
1592 1497
1592 1636
1592 1526
1592 1645
1592 1574
1592 1512
1592 1576
1592 1565
1592 1616
1592 1644
1592 1830
1592 2041
1593 1588
1593 1582
1593 1471
1593 1628
1593 1509
1594 1663
1594 1600
1594 1663
1594 1480
1594 1603
1594 1497
1594 1546
1595 1489
1595 1519
1595 1603
1595 1940
1597 1603
1597 1505
1597 1560
1598 1497
1598 1512
1599 1575
1599 1517
1600 1565
1600 1552
1600 1529
1600 1646
1600 1473
1600 1665
1600 1784
1600 1828
1601 1632
1601 1536
1601 1588
1601 1488
1602 1552
1602 1486
1603 1661
1603 1473
1603 1493
1603 1549
1603 1592
1603 1497
1603 1493
1603 1647
1603 1592
1603 1621
1603 1525
1603 1475
1603 1592
1603 1493
1603 1561
1603 1616
1603 1907
1603 1985
1604 1605
1605 1562
1605 1627
1605 1605
1605 1605
1605 1472
1606 1497
1606 1497
1606 1574
1606 1592
1606 1603
1607 1526
1607 1646
1608 1594
1608 1472
1608 1546
1609 1603
1610 1575
1610 1526
1613 1569
1616 1625
1619 1636
1620 1488
1620 1529
1621 1647
1621 1536
1621 1551
1621 1530
1622 1543
1622 1506
1624 1532
1625 1478
1625 1622
1626 1601
1627 1603
1627 1535
1627 1603
1627 1610
1627 1603
1627 1754
1628 1497
1628 1539
1628 1538
1628 1476
1628 1493
1628 1529
1629 1548
1629 1645
1629 1647
1629 1527
1631 1539
1632 1510
1635 1510
1636 1497
1636 1593
1636 1522
1636 1593
1637 1640
1637 1590
1637 1603
1638 1539
1638 2018
1640 1575
1640 1536
1640 1539
1641 1593
1641 1548
1642 1575
1642 1591
1643 1547
1644 1552
1644 1624
1644 1572
1645 1603
1645 1593
1645 1607
1645 1604
1645 1483
1645 1985
1646 1593
1647 1470
1647 1607
1647 1537
1647 1487
1648 1638
1648 1603
1648 1625
1648 1533
1648 1582
1649 1536
1649 1539
1649 2045
1650 1566
1650 1638
1651 1616
1651 1529
1652 1565
1652 1549
1653 1604
1655 1493
1655 1536
1656 1645
1657 1627
1657 1536
1658 1496
1658 1497
1661 1497
1662 1485
1663 1646
1664 1533
1664 1603
1664 1526
1664 1497
1664 1603
1665 1665
1665 1667
1665 1679
1665 1669
1665 1670
1669 1665
1669 1669
1669 1679
1669 1683
1669 1669
1670 1669
1671 1679
1672 1679
1673 1682
1673 1679
1673 1665
1678 1677
1678 1677
1678 1673
1678 1690
1679 1667
1679 1679
1679 1669
1679 1683
1679 1679
1679 1665
1679 1669
1679 1676
1679 1665
1680 1690
1681 1679
1681 1673
1681 1679
1682 1665
1682 1682
1682 1688
1682 1858
1683 1692
1685 1684
1685 2029
1687 1679
1688 1681
1688 1681
1688 1683
1688 1679
1688 1690
1688 1676
1688 1665
1688 1665
1690 1676
1690 1665
1690 1669
1691 1684
1692 1674
1692 1688
1692 1690
1692 1733
1693 1699
1693 1706
1694 1745
1696 1788
1696 1697
1696 1787
1696 1719
1697 1770
1697 1719
1697 1746
1698 1776
1698 1774
1700 1783
1700 1700
1700 1766
1700 1776
1700 1714
1700 1784
1700 1784
1700 1762
1700 1770
1700 1770
1701 1714
1701 1713
1701 1700
1701 1766
1701 1728
1701 1757
1703 1739
1703 1787
1703 1717
1704 1696
1704 1771
1704 1730
1704 1702
1706 1787
1707 1695
1707 1740
1709 1731
1709 1736
1709 1703
1710 1779
1710 1776
1710 1727
1710 1700
1710 1788
1710 1739
1710 1701
1710 1783
1710 1754
1711 1720
1711 1750
1712 1770
1713 1719
1713 1697
1713 1764
1714 1770
1714 1699
1714 1714
1714 1710
1714 1754
1714 1745
1714 1746
1714 1733
1714 1785
1714 1716
1715 1712
1717 1700
1718 1756
1718 1697
1719 1776
1719 1743
1720 1745
1721 1773
1722 1782
1727 1778
1728 1792
1728 1747
1729 1780
1729 1769
1731 1714
1731 1830
1732 1754
1732 1766
1732 1713
1733 1739
1737 1757
1739 1722
1739 1766
1739 1714
1743 1762
1744 1838
1745 1751
1745 1779
1745 1716
1745 1784
1745 1739
1745 1735
1745 1700
1745 1700
1745 1762
1745 1706
1745 1762
1746 1766
1748 1784
1748 1700
1748 1710
1749 1790
1750 1777
1750 1770
1752 1787
1754 1700
1754 1713
1754 1739
1754 1762
1754 1745
1754 1696
1754 1714
1754 1934
1755 1776
1756 1787
1756 1745
1756 1813
1757 1696
1759 1762
1761 1770
1762 1696
1762 1720
1762 1705
1762 1750
1762 1790
1762 1700
1762 1697
1763 1706
1764 1743
1765 1745
1766 1721
1766 1762
1766 1784
1766 1735
1766 1784
1766 1785
1766 1762
1766 1745
1766 1770
1768 1754
1768 1740
1769 1784
1769 1768
1770 1746
1770 1784
1770 1754
1770 1697
1770 1745
1770 1766
1770 1784
1770 1753
1771 1730
1774 1754
1776 1770
1776 1766
1776 1770
1776 1731
1776 1701
1776 1777
1777 1746
1777 1700
1777 1697
1777 1787
1777 1766
1777 1739
1779 1784
1780 1787
1781 1709
1781 1697
1783 1717
1784 1753
1784 1762
1784 1698
1784 1704
1784 1762
1784 1703
1784 1697
1784 1759
1784 1758
1784 1877
1786 1766
1787 1756
1787 1754
1787 1762
1787 1696
1787 2008
1788 1784
1788 1697
1788 1716
1788 1697
1788 1714
1788 1746
1789 1776
1789 1747
1790 1700
1791 1784
1792 1788
1792 1713
1792 1728
1792 1697
1793 1799
1793 1795
1793 1794
1793 1793
1793 1794
1793 1794
1793 1793
1793 1793
1793 1794
1794 1798
1794 1798
1795 1795
1795 1795
1795 1795
1795 1796
1795 1798
1796 1800
1796 1800
1796 1799
1796 1797
1796 1799
1796 1797
1796 1799
1796 1799
1796 1796
1796 1796
1796 1799
1796 1798
1796 1793
1797 1798
1797 1795
1797 1797
1797 1797
1797 1793
1798 1799
1798 1799
1798 1796
1798 1793
1798 1794
1798 1797
1798 1799
1798 1800
1799 1800
1799 1793
1799 1793
1799 1800
1799 1796
1799 1800
1799 1797
1799 1794
1799 1799
1799 1800
1799 1798
1800 1797
1800 1800
1800 1794
1800 1796
1800 1794
1800 1794
1800 1799
1801 1830
1801 1843
1801 1817
1802 1820
1802 1827
1802 1850
1802 1858
1802 1822
1802 1821
1802 1867
1802 1808
1802 1819
1802 1841
1802 1843
1803 1858
1803 1991
1804 1802
1805 1851
1805 1802
1807 1803
1807 1863
1808 1816
1808 1854
1809 1810
1810 1854
1810 1801
1811 1838
1813 1844
1813 1868
1813 1849
1814 1808
1814 1916
1815 1855
1815 1842
1816 1815
1816 1863
1817 1801
1818 1802
1818 1801
1818 1860
1818 1810
1820 1853
1820 1840
1820 1816
1820 1802
1822 1802
1822 1801
1822 1837
1822 1802
1822 1803
1822 1861
1822 1802
1824 1815
1824 1863
1825 1855
1827 1823
1827 1858
1827 1810
1828 1845
1828 1859
1828 1808
1829 1802
1830 1861
1830 1841
1831 1823
1831 1837
1831 1942
1832 1829
1832 1802
1832 1802
1832 1869
1833 1823
1834 1810
1835 1808
1835 1863
1836 1841
1836 1833
1837 1808
1838 1868
1838 1858
1838 1812
1839 1855
1839 1808
1840 1841
1841 1827
1841 1837
1841 1812
1841 1869
1841 1830
1841 1820
1841 1861
1841 1807
1841 1810
1841 1845
1841 1836
1841 1859
1842 1828
1842 1827
1842 1802
1843 1826
1844 1802
1844 1855
1844 1824
1844 1868
1844 1812
1844 1849
1846 1858
1847 1802
1847 1842
1848 1802
1848 1832
1848 1861
1849 1863
1849 1863
1849 1858
1849 1841
1850 1868
1850 1841
1854 1845
1854 1832
1855 1838
1855 1835
1855 1833
1855 1828
1855 1811
1855 1845
1856 1834
1856 1803
1858 1845
1858 1840
1858 1844
1858 1813
1859 1814
1859 1864
1860 1815
1860 1808
1860 1829
1860 1810
1861 1854
1861 1861
1861 1845
1862 1830
1862 1827
1863 1837
1863 1862
1864 1820
1866 1802
1870 1883
1870 1913
1870 1892
1870 1890
1870 1892
1871 1892
1871 1886
1871 1897
1871 1892
1871 1919
1872 1890
1872 1911
1872 1891
1877 1886
1880 1919
1881 1911
1881 1890
1881 1890
1883 1919
1884 1886
1885 1886
1885 1890
1886 1918
1886 1919
1886 1892
1886 1902
1886 1890
1886 1916
1886 1886
1886 1918
1886 1886
1886 1879
1887 1886
1887 1906
1888 1886
1888 1890
1890 1890
1890 1919
1890 1898
1890 1890
1890 1889
1890 1919
1891 1898
1891 1919
1891 1892
1891 1892
1891 1901
1891 1890
1892 1890
1892 1913
1892 1886
1892 1913
1892 1892
1892 1870
1892 1913
1892 1902
1892 1920
1892 1891
1892 1892
1892 1892
1892 1887
1892 1875
1894 1910
1895 1913
1897 1913
1898 1892
1898 1881
1898 1873
1899 1909
1900 1892
1902 1871
1902 1890
1903 1890
1906 1886
1906 1890
1909 1902
1911 1899
1913 1898
1915 1919
1916 1896
1916 1903
1916 1897
1916 1913
1917 1920
1917 1897
1918 1890
1918 1892
1918 1893
1919 1918
1919 1892
1919 1891
1921 1892
1921 1901
1922 1942
1922 1954
1923 1953
1923 1960
1923 1957
1923 1958
1924 1929
1925 1943
1925 1952
1926 1940
1926 1922
1926 1955
1927 1922
1927 1967
1927 1945
1929 1935
1929 1973
1931 1945
1932 1955
1935 1969
1935 1952
1935 1945
1935 1949
1935 1949
1935 1946
1935 1950
1936 1930
1936 1945
1937 1941
1937 1953
1939 1940
1940 2007
1941 1931
1941 1922
1943 1953
1943 1929
1943 1946
1943 1934
1943 1949
1945 1973
1945 1943
1945 1949
1945 1946
1945 1964
1946 1944
1946 1959
1946 1956
1947 1950
1947 1949
1948 1963
1948 1952
1948 1947
1949 1964
1949 1929
1949 1953
1952 1935
1952 1956
1952 1969
1952 1923
1952 1974
1952 1922
1952 1954
1952 1931
1952 1931
1953 1927
1953 1975
1955 1935
1955 1948
1955 1945
1955 1922
1956 1939
1956 1944
1956 1933
1957 1938
1957 1945
1958 1942
1958 1947
1958 1950
1959 1968
1961 1939
1962 1971
1962 1973
1963 1932
1963 1958
1963 1950
1964 1938
1964 1945
1965 1949
1969 1943
1969 1973
1969 1958
1973 1971
1974 1945
1974 1962
1974 1952
1975 1929
1975 1939
1976 1997
1976 1995
1976 2015
1976 1983
1976 1993
1976 2029
1977 1989
1977 2013
1980 1992
1981 1992
1981 1989
1982 1981
1983 1977
1983 1997
1983 2010
1983 1976
1984 2008
1985 1981
1985 2003
1985 1995
1985 1982
1985 1991
1986 2012
1988 1993
1990 1997
1991 1988
1991 1991
1993 1998
1993 1981
1994 2008
1994 2002
1994 1981
1994 1981
1994 1991
1994 1991
1995 2009
1995 2009
1995 1991
1995 2000
1995 2006
1996 1996
1997 2012
1998 1983
1998 2016
1999 1976
2000 2004
2000 2011
2002 1985
2003 1993
2003 1995
2003 2007
2003 2009
2003 1997
2006 1998
2007 1985
2007 1981
2009 1991
2011 2003
2012 2003
2012 1978
2012 1983
2012 2008
2012 1998
2012 1983
2014 2015
2015 2001
2015 2016
2015 1990
2016 1981
2016 1976
2017 1982
2017 1997
2018 2006
2021 2020
2021 2021
2022 2023
2023 2020
2023 2020
2025 2033
2026 2041
2026 2035
2027 2038
2027 2033
2027 2031
2029 2041
2029 2041
2029 2029
2029 2029
2030 2025
2031 2041
2032 2037
2032 2041
2035 2041
2037 2029
2039 2031
2040 2040
2040 2040
2040 2028
2040 2040
2041 2041
2041 2041
2041 2031
2041 2035
2042 2041
2042 2041
2042 2041
2045 2036
2045 2027
2045 2031
2045 2044
2045 2029
2045 2029
2046 2050
2047 2051
2048 2051
2048 2048
2048 2047
2048 2049
2048 2047
2048 2048
2050 2051
2051 2048
2052 2053
2052 2057
2052 2055
2052 2055
2053 2056
2053 2055
2053 2053
2055 2052
2055 2055
2055 2052
2055 2058
2055 2053
2056 2053
2058 2057
2059 2069
2059 2074
2059 2071
2059 2071
2059 2070
2059 2064
2059 2062
2059 2078
2059 2061
2059 2064
2059 2077
2059 2059
2059 2062
2059 2078
2059 2061
2059 2068
2059 2072
2060 2068
2060 2060
2060 2074
2060 2063
2060 2065
2060 2067
2060 2064
2060 2059
2060 2078
2060 2067
2060 2063
2061 2065
2061 2062
2061 2068
2061 2059
2061 2076
2061 2061
2061 2060
2061 2062
2061 2072
2061 2061
2061 2075
2061 2060
2061 2060
2061 2068
2061 2074
2061 2062
2062 2064
2062 2067
2062 2078
2062 2071
2062 2078
2062 2067
2062 2061
2062 2064
2062 2062
2062 2062
2062 2069
2062 2078
2062 2066
2062 2071
2062 2059
2062 2069
2062 2067
2062 2077
2062 2071
2063 2067
2063 2070
2063 2071
2063 2067
2063 2078
2063 2071
2063 2059
2063 2060
2063 2072
2063 2073
2063 2069
2063 2060
2063 2063
2063 2059
2063 2076
2064 2062
2064 2073
2064 2061
2064 2059
2064 2061
2064 2070
2064 2063
2064 2073
2064 2061
2064 2065
2064 2062
2064 2061
2064 2069
2065 2074
2065 2072
2065 2076
2065 2078
2065 2066
2065 2074
2065 2063
2065 2071
2065 2077
2065 2073
2065 2073
2065 2075
2065 2076
2065 2078
2065 2065
2065 2074
2065 2070
2066 2061
2066 2072
2066 2071
2066 2075
2066 2077
2066 2071
2066 2064
2066 2063
2066 2067
2066 2063
2067 2072
2067 2069
2067 2075
2067 2066
2067 2062
2067 2064
2067 2067
2067 2074
2067 2065
2067 2078
2067 2060
2067 2065
2067 2062
2067 2075
2068 2071
2068 2062
2068 2061
2068 2076
2068 2060
2068 2075
2068 2072
2068 2063
2068 2061
2068 2063
2068 2062
2068 2066
2068 2062
2068 2064
2068 2077
2068 2062
2068 2071
2068 2078
2068 2068
2068 2059
2069 2067
2069 2062
2069 2061
2069 2063
2069 2072
2069 2060
2069 2078
2069 2066
2069 2059
2069 2063
2069 2061
2069 2067
2069 2075
2069 2077
2069 2062
2069 2068
2069 2068
2069 2074
2069 2059
2069 2070
2070 2065
2070 2064
2070 2072
2070 2070
2070 2060
2070 2069
2070 2072
2070 2070
2070 2062
2070 2060
2070 2062
2070 2076
2071 2062
2071 2063
2071 2059
2071 2059
2071 2073
2071 2075
2071 2070
2071 2072
2071 2076
2071 2077
2071 2067
2071 2064
2071 2070
2071 2059
2071 2074
2071 2064
2071 2060
2071 2073
2071 2069
2071 2070
2072 2071
2072 2066
2072 2065
2072 2076
2072 2074
2072 2073
2072 2066
2072 2071
2072 2069
2072 2077
2072 2059
2072 2068
2072 2059
2073 2064
2073 2071
2073 2073
2073 2072
2073 2063
2073 2063
2073 2071
2073 2075
2073 2075
2073 2077
2074 2061
2074 2072
2074 2059
2074 2076
2074 2073
2074 2068
2074 2064
2074 2059
2074 2078
2074 2069
2074 2070
2074 2062
2074 2074
2075 2078
2075 2076
2075 2075
2075 2077
2075 2063
2075 2060
2075 2059
2075 2068
2075 2065
2075 2069
2075 2073
2075 2062
2075 2062
2075 2066
2075 2070
2075 2067
2075 2075
2075 2075
2075 2077
2075 2063
2075 2063
2075 2061
2075 2070
2076 2073
2076 2076
2076 2067
2076 2064
2076 2063
2076 2068
2076 2077
2076 2067
2076 2069
2076 2072
2076 2060
2076 2073
2076 2071
2076 2072
2076 2072
2077 2066
2077 2065
2077 2072
2077 2074
2077 2062
2077 2064
2078 2075
2078 2073
2078 2077
2078 2060
2078 2061
2078 2059
2078 2061
2078 2064
2078 2060
2078 2063
2078 2062
2078 2064
2078 2068
2078 2064
2078 2065
2078 2065
2078 2078
2078 2061
2079 2080
2080 2080
2080 2079
2083 2085
2084 2086
2084 2084
2084 2086
2084 2084
2085 2084
2088 2088
2088 2089
2088 2090
2089 2089
2089 2088
2090 2089
2091 2092
2091 2093
2092 2091
2092 2091
2092 2094
2092 2093
2093 2094
2093 2091
2093 2093
2094 2094
2094 2093
2094 2093
2095 2097
2095 2098
2096 2096
2096 2096
2097 2096
2098 2095
2099 2099
2099 2101
2100 2099
2101 2101
2101 2099
2101 2101
2101 2099
2103 2104
2103 2105
2103 2105
2103 2103
2104 2104
2105 2104
2105 2105
2106 2106
2106 2104
2107 2108
2108 2108
2108 2108
2108 2110
2110 2110
2110 2109
2110 2110
2111 2111
2112 2113
2112 2113
2112 2114
2113 2112
2113 2113
2113 2113
2113 2111
2114 2112