0 1
0 8
0 0
0 6
0 1
1 3
1 8
1 7
1 0
1 2
1 2
1 7
1 7
1 3
1 4
1 7
1 2
1 5
1 995
2 3
2 7
2 5
2 1
2 1
2 1
2 3
2 2
3 5
3 8
3 0
3 7
3 3
3 7
3 8
3 8
3 2
3 5
3 107
4 4
4 2
4 1
4 2
4 3
4 4
4 3
4 5
4 332
5 2
5 5
5 0
5 8
5 4
5 7
6 2
6 0
6 2
6 8
6 4
6 3
6 7
6 1
6 3
6 1
6 0
6 860
7 4
7 6
7 2
7 0
8 5
8 1
8 0
8 3
8 5
8 5
8 8
8 3
8 0
8 2
8 8
9 26
10 35
10 35
11 35
11 29
11 35
11 390
12 35
13 20
13 9
13 35
13 35
13 19
13 264
13 317
14 35
14 28
14 669
15 35
15 30
15 33
15 35
15 651
16 16
16 35
16 25
18 34
18 15
18 35
18 35
19 25
19 19
19 13
19 834
20 13
20 20
20 467
22 34
23 122
24 35
25 11
25 57
25 382
25 688
26 17
26 20
26 293
26 850
28 30
28 18
28 30
28 9
28 35
28 983
30 35
30 9
31 9
32 170
33 23
35 10
35 15
35 20
35 11
35 25
35 36
35 34
35 19
35 35
35 13
35 28
35 24
35 19
35 35
35 35
35 18
35 32
35 32
35 25
35 16
35 70
35 207
35 588
35 626
35 789
35 930
38 43
38 38
38 54
38 44
38 47
38 42
38 878
39 49
39 46
39 38
39 396
41 61
41 39
41 51
41 827
41 899
44 61
44 438
45 38
45 61
45 263
45 570
45 796
46 48
46 44
46 57
46 170
46 591
47 39
48 91
49 61
49 38
49 229
49 265
50 38
50 58
50 220
50 684
51 56
51 39
51 57
51 50
51 51
51 51
51 49
51 61
51 54
51 51
51 136
52 49
54 51
54 61
54 58
54 51
54 61
54 41
56 38
56 46
56 61
56 44
56 44
56 58
56 43
56 49
56 197
56 616
56 945
58 38
58 58
58 39
60 56
61 49
61 38
61 39
61 44
61 60
61 61
61 38
63 479
64 51
65 49
65 290
67 92
68 92
69 98
70 86
70 69
70 85
70 102
70 93
70 84
70 92
70 96
70 98
70 101
70 70
70 72
70 98
70 80
70 168
70 339
70 353
71 92
71 96
71 96
71 315
72 68
74 104
74 98
75 98
75 84
76 104
76 299
76 688
77 240
77 317
78 70
78 70
78 82
78 98
78 102
78 87
78 500
79 515
80 74
80 78
80 96
80 70
80 70
80 373
80 540
80 709
80 870
80 890
82 103
82 81
82 89
82 83
82 102
82 85
82 76
82 293
82 297
83 83
83 99
83 80
83 92
84 334
85 80
85 98
85 96
85 94
85 255
85 336
86 89
86 92
86 93
86 85
86 98
86 75
86 93
86 87
86 78
86 147
86 304
86 313
86 328
86 417
87 85
87 104
87 81
87 103
87 83
87 70
87 70
87 104
87 76
87 321
87 946
87 996
89 74
90 96
90 83
90 98
90 136
91 70
91 70
91 74
91 293
91 333
91 417
91 616
92 85
92 70
92 71
92 69
92 76
92 102
92 72
92 96
92 70
92 74
92 85
92 77
92 86
92 70
92 315
92 679
92 719
92 746
93 344
93 454
94 94
94 70
94 85
94 92
94 92
94 71
94 70
94 70
94 484
94 735
96 78
96 78
96 89
96 66
96 99
96 94
96 80
97 435
98 98
98 91
98 85
98 74
98 77
98 82
98 348
98 315
99 587
101 87
101 104
101 92
101 101
101 99
101 104
101 68
102 68
102 94
102 70
102 77
102 102
102 340
102 717
103 98
103 300
104 71
104 92
104 91
104 104
104 103
104 94
104 87
104 96
104 93
106 401
107 115
107 107
107 108
107 108
107 111
107 108
107 108
107 108
107 115
107 108
107 115
107 143
107 669
107 755
107 826
107 904
108 108
108 111
108 107
108 105
108 107
108 117
108 107
108 107
108 115
108 108
108 161
108 251
108 340
108 459
108 618
108 698
109 108
111 108
114 560
115 113
115 107
115 733
115 845
119 122
119 120
119 121
119 240
119 850
120 122
120 122
120 120
120 120
120 120
120 136
121 121
121 121
121 122
121 120
121 121
121 120
121 121
121 121
122 119
122 119
123 124
123 138
123 129
123 124
123 591
124 129
124 143
124 143
124 141
124 138
124 310
124 756
124 804
125 141
125 141
125 197
125 763
127 155
127 230
128 129
129 132
129 129
129 125
129 231
130 716
131 137
132 124
132 125
132 740
133 998
135 142
135 129
136 143
136 141
136 129
136 143
136 143
136 129
136 136
136 287
136 429
136 451
136 662
136 873
136 966
136 1009
137 143
137 125
137 143
137 171
137 527
137 643
138 141
138 806
139 129
141 124
141 136
141 136
141 136
141 723
142 143
142 136
142 354
142 542
143 125
143 136
143 136
143 379
143 513
143 508
143 630
143 785
143 913
143 897
146 154
146 433
147 155
147 149
147 147
147 851
149 153
149 154
149 151
149 147
149 351
149 494
150 997
151 148
151 777
152 827
153 154
154 147
154 149
154 147
154 153
154 149
154 154
154 149
154 155
154 334
155 157
155 149
155 600
155 618
155 948
155 1007
156 148
156 162
157 151
157 897
158 159
159 170
160 185
161 185
161 165
161 165
161 850
161 918
162 165
162 165
162 171
162 162
162 170
162 184
162 162
162 184
162 173
162 182
162 162
162 170
162 618
163 290
163 791
164 161
164 170
164 160
164 537
165 167
165 185
165 166
165 165
165 174
165 162
165 188
165 161
165 176
165 162
165 164
165 161
165 166
165 689
166 165
166 799
170 184
170 170
170 187
170 177
171 159
171 184
171 177
171 182
173 170
173 185
175 165
177 172
177 170
177 165
177 185
177 762
178 165
178 177
178 164
179 184
182 185
184 183
184 179
184 186
184 513
184 589
184 991
185 174
185 182
185 162
185 162
185 160
185 165
185 162
185 161
185 161
185 380
185 508
185 799
187 185
187 666
188 334
189 171
189 189
190 213
190 209
190 207
190 195
191 207
191 206
193 204
198 214
198 397
199 215
199 203
200 190
200 209
200 209
202 204
203 209
203 559
204 195
204 202
204 215
204 230
204 286
204 411
206 199
206 195
207 210
207 209
207 209
207 190
207 209
207 215
207 544
208 206
208 207
209 204
209 199
209 201
209 201
209 201
209 215
209 866
209 948
210 210
210 209
210 193
210 210
210 209
210 206
210 291
210 459
214 209
214 207
214 371
215 195
215 209
215 510
217 261
217 239
218 290
218 237
218 427
220 253
220 226
220 224
220 229
220 287
220 226
220 229
220 229
220 248
220 243
220 220
220 835
220 963
221 221
221 221
223 226
224 242
225 223
225 915
226 241
226 251
226 287
226 287
226 242
226 229
226 220
226 496
226 543
226 921
227 252
227 220
228 226
228 262
228 230
228 230
229 290
229 240
229 240
229 287
229 230
229 240
229 269
229 376
229 590
229 755
229 746
229 1000
230 257
230 221
230 229
230 230
230 290
230 252
230 234
231 238
231 278
232 246
232 258
232 230
234 280
234 231
238 287
238 271
238 239
239 240
240 269
240 231
240 230
240 237
240 268
240 240
240 240
240 241
240 390
240 555
240 684
240 838
241 286
241 241
241 229
241 231
241 562
242 280
242 241
242 229
242 241
242 261
242 264
242 752
242 945
243 667
245 240
245 230
245 224
246 315
247 229
247 240
248 461
249 266
251 714
252 231
252 229
252 240
252 287
253 272
253 240
255 240
255 226
257 229
259 625
260 258
260 228
260 226
260 322
261 234
261 236
261 241
262 368
263 290
263 819
264 226
264 226
264 229
264 489
264 670
265 229
266 280
266 284
266 789
267 229
267 480
269 230
269 240
269 229
269 277
269 221
271 287
271 230
271 283
272 251
275 250
277 261
278 230
280 229
282 655
283 266
286 276
286 222
286 220
286 266
286 625
286 621
287 263
287 230
287 287
287 287
287 228
287 261
287 240
287 287
287 229
287 240
287 264
287 237
287 383
287 666
290 230
290 270
290 276
290 251
291 341
291 328
291 333
291 318
291 346
291 299
291 344
291 293
291 338
291 315
292 318
292 345
293 331
293 347
293 334
293 338
293 322
293 327
293 293
293 315
293 332
293 317
293 328
293 315
293 334
293 336
293 293
293 303
293 302
293 334
293 317
293 310
293 298
293 334
293 299
293 329
293 317
293 334
293 328
293 322
293 336
293 341
293 334
293 326
293 302
293 317
293 320
293 292
293 315
293 318
293 334
293 344
293 335
293 326
293 293
293 302
293 336
293 317
293 306
293 317
293 315
293 360
293 468
293 698
293 713
293 1000
294 334
294 293
296 317
296 315
296 296
296 293
298 302
298 346
298 334
298 322
299 328
299 304
299 311
299 317
299 332
299 293
299 317
299 315
299 298
299 340
299 339
300 293
300 333
300 293
300 311
300 318
300 293
301 328
301 293
302 291
302 291
302 328
303 346
303 343
303 420
304 333
304 339
304 346
304 305
304 336
305 309
305 423
306 304
306 293
306 300
306 327
306 313
306 293
306 318
306 293
306 315
306 427
306 506
306 1040
310 334
310 315
310 302
311 304
311 299
311 318
311 334
313 293
313 300
313 300
314 293
314 334
314 292
314 293
314 320
314 318
314 324
314 324
314 463
315 295
315 332
315 342
315 328
315 317
315 318
315 317
315 302
315 334
315 321
315 337
315 306
315 296
315 315
315 338
315 310
315 339
315 339
315 341
315 334
315 339
315 315
315 324
315 293
315 295
315 317
315 317
315 343
315 334
315 328
315 317
315 545
315 690
315 763
316 316
316 316
316 328
316 333
316 336
316 333
317 293
317 316
317 336
317 317
317 318
317 334
317 318
317 310
317 314
317 304
317 299
317 327
317 328
317 318
317 292
317 300
317 296
317 293
317 345
317 318
317 336
317 333
317 318
317 340
317 328
317 317
317 315
317 343
317 293
317 336
317 306
317 321
317 315
317 293
317 327
317 293
317 293
317 310
317 333
317 527
317 692
317 887
318 334
318 317
318 318
318 302
318 300
318 334
318 317
318 317
318 317
318 315
318 347
318 293
318 294
318 328
318 334
318 315
318 328
318 301
318 338
318 327
318 342
318 318
318 317
318 334
318 296
318 293
318 293
318 348
318 333
318 333
318 299
318 291
318 314
318 336
318 334
318 322
318 420
318 443
318 591
318 690
318 772
319 334
319 320
320 318
320 304
321 304
321 315
321 322
321 334
322 296
322 293
322 334
322 291
322 301
322 315
322 319
322 328
322 293
322 332
322 838
323 339
324 454
325 321
325 302
325 301
325 293
326 298
326 321
326 304
326 328
326 292
327 330
327 305
327 340
328 304
328 340
328 296
328 317
328 320
328 328
328 332
328 293
328 336
328 315
328 296
328 328
328 328
328 322
328 339
328 317
328 301
328 318
328 318
328 317
328 334
328 299
328 650
328 670
328 725
328 799
329 328
329 334
329 322
329 304
329 314
329 333
329 565
330 317
330 328
331 321
331 317
331 473
332 317
332 324
332 343
332 318
332 317
332 315
332 373
332 698
332 928
333 307
333 333
333 317
333 317
333 299
333 315
333 328
333 300
333 317
334 333
334 348
334 300
334 318
334 327
334 293
334 306
334 345
334 346
334 315
334 310
334 317
334 339
334 332
334 332
334 318
334 293
334 315
334 334
334 306
334 327
334 292
334 318
334 333
334 334
334 318
334 318
334 299
334 306
334 336
334 317
334 317
334 340
334 301
334 291
334 315
334 334
334 293
334 332
334 318
334 313
334 293
335 293
336 293
336 300
336 334
336 345
336 317
336 313
336 311
336 300
336 306
336 308
336 299
336 327
336 296
336 292
336 315
336 514
336 688
337 453
338 314
338 332
338 316
338 326
338 328
338 334
338 504
339 318
339 293
339 333
339 318
339 315
340 318
340 339
340 309
340 304
340 293
340 317
340 334
340 315
340 317
340 293
340 327
340 786
340 826
341 315
341 306
341 315
341 334
341 317
342 334
342 342
342 306
342 326
343 293
343 317
343 461
345 291
345 302
345 310
346 318
346 317
346 293
346 318
346 293
346 315
346 348
346 299
346 295
346 338
346 369
346 609
347 316
347 318
348 303
348 334
348 293
348 368
348 547
349 360
349 359
349 349
349 355
350 349
350 353
350 356
350 362
350 362
350 364
350 360
350 351
350 363
350 358
350 356
350 358
351 363
351 359
351 359
351 350
351 358
351 360
351 354
351 350
351 361
351 350
351 358
352 353
352 350
352 359
352 354
353 359
353 355
353 352
353 363
353 358
353 355
353 355
354 352
354 358
354 355
354 360
354 360
354 362
354 412
354 468
354 800
355 355
355 363
355 349
355 356
355 349
355 353
355 355
355 359
355 350
355 363
356 358
356 357
356 358
356 349
356 350
356 359
356 354
356 354
356 354
356 355
356 352
356 351
356 359
356 359
357 721
358 363
358 358
358 363
358 358
358 363
358 363
358 535
359 350
359 363
359 352
360 350
360 353
360 358
360 363
360 361
360 360
360 355
360 356
360 363
360 358
360 360
360 360
361 357
361 351
361 361
361 361
361 359
361 363
361 356
361 350
361 351
361 350
362 354
362 349
363 361
363 355
363 349
363 351
363 350
363 351
363 350
365 371
365 381
366 381
366 379
366 381
367 366
367 387
368 372
371 377
371 367
371 372
371 381
371 369
371 388
371 692
371 755
372 386
372 376
372 454
373 382
373 725
376 369
376 382
376 373
377 379
377 379
377 367
377 608
378 376
379 380
379 381
379 379
379 987
380 380
380 829
381 385
381 382
381 382
381 384
381 451
381 494
381 948
382 369
382 365
383 370
385 531
386 552
386 919
387 382
387 371
387 378
387 375
387 882
388 367
389 367
390 399
392 404
392 399
394 401
394 392
394 409
395 409
396 403
396 403
396 390
397 401
397 408
397 400
397 396
397 399
397 407
397 948
399 408
399 396
399 392
401 399
401 396
401 401
401 398
401 406
401 492
401 790
402 397
403 406
403 396
403 391
403 397
403 401
404 397
404 405
405 997
406 403
406 628
406 679
407 397
407 396
408 403
408 401
408 390
409 398
410 403
411 412
411 414
411 413
411 414
411 414
411 411
411 411
411 415
411 411
411 415
412 412
412 415
413 414
413 412
413 412
413 411
413 411
413 414
413 412
413 415
413 746
414 413
414 412
414 411
414 1000
415 415
415 412
415 415
415 414
415 415
416 421
416 421
416 417
416 422
416 426
416 420
416 446
417 423
417 417
417 421
417 426
417 423
417 425
417 425
417 425
417 417
418 421
418 417
419 416
420 420
420 423
420 422
420 423
420 417
420 423
420 421
420 421
421 423
421 422
423 420
423 422
423 423
423 417
423 425
423 420
423 416
423 425
423 416
423 425
423 418
423 423
423 420
423 416
423 416
423 422
423 426
423 422
423 421
424 418
425 426
425 421
425 417
425 420
425 416
425 423
426 418
426 423
426 420
426 416
426 423
426 416
426 417
426 422
426 421
426 421
426 420
426 763
427 430
427 429
427 428
427 434
427 436
427 428
427 436
427 432
427 436
427 436
427 434
428 436
428 435
428 434
428 428
428 428
428 432
428 427
428 436
428 435
428 446
429 432
429 430
429 435
429 431
429 430
429 428
429 433
429 433
429 435
429 427
429 428
429 436
429 429
430 436
430 431
430 432
430 435
430 430
430 431
430 434
430 435
430 430
430 929
431 427
431 434
431 431
431 436
431 428
431 428
431 430
432 428
432 436
432 428
432 433
432 432
432 436
432 436
432 433
432 432
432 427
432 431
432 434
432 508
433 435
433 436
433 427
433 436
433 432
433 430
433 427
433 436
433 432
433 799
434 434
434 432
434 431
434 431
434 427
435 433
435 433
435 436
435 434
435 431
435 431
435 432
435 429
436 433
436 427
436 428
436 433
436 427
436 428
436 436
436 433
436 432
436 591
437 439
437 459
437 454
437 908
438 442
438 437
438 471
439 454
439 439
440 468
440 452
442 477
443 446
444 454
444 445
445 468
445 731
446 456
446 457
446 446
446 688
446 865
447 437
449 454
451 468
454 446
454 437
454 454
454 463
454 446
454 461
454 437
454 447
454 454
454 463
454 459
454 459
454 990
455 444
455 515
455 625
455 763
456 437
456 438
457 460
458 454
458 468
459 468
459 457
459 459
459 457
460 471
460 463
461 458
462 468
462 468
463 468
463 446
463 447
463 464
463 484
463 555
464 454
464 457
465 445
465 948
468 437
468 464
468 454
468 459
468 463
468 461
468 468
468 437
468 595
469 437
469 438
471 457
472 468
472 971
473 459
476 450
477 468
479 489
479 506
481 510
483 504
484 504
484 510
484 508
484 510
484 490
484 861
484 921
485 489
486 486
487 494
487 494
488 928
489 486
489 491
490 482
491 513
491 513
491 506
491 566
491 806
492 507
492 484
494 492
494 511
494 481
494 489
494 484
494 490
494 484
494 510
494 508
495 514
495 514
495 499
496 813
497 483
498 492
499 492
499 484
499 494
499 508
500 508
500 514
500 510
500 485
500 500
500 603
500 996
503 494
504 494
506 486
506 509
506 499
506 494
506 499
506 508
506 489
507 489
508 497
508 509
508 489
508 489
508 513
508 500
510 481
510 508
510 510
510 504
510 1020
511 506
511 765
513 496
513 479
513 698
514 508
514 486
515 516
515 930
516 529
516 527
516 526
516 518
517 526
517 527
517 516
517 521
517 532
517 522
517 993
518 531
518 515
519 516
520 518
521 531
522 531
525 518
526 515
526 516
526 516
526 698
527 516
527 518
527 520
527 531
529 515
529 529
529 526
529 516
529 529
529 516
529 733
530 526
531 531
531 518
531 651
532 519
532 587
534 548
534 544
536 544
536 542
537 537
537 533
537 546
537 545
537 544
537 758
537 939
539 544
539 539
539 546
539 756
540 541
541 545
542 539
543 976
544 547
544 537
544 537
544 544
544 544
544 537
544 743
545 538
546 533
546 537
546 534
546 546
546 543
546 544
546 775
547 534
547 537
547 535
547 544
547 727
548 537
548 538
548 548
548 845
549 534
551 591
552 578
554 555
554 585
555 560
555 575
555 578
555 576
555 554
555 560
555 591
555 587
555 587
555 578
555 587
555 587
555 578
555 587
555 733
555 975
559 558
559 578
560 586
560 571
560 599
560 591
560 598
560 637
560 746
561 900
564 570
564 584
564 600
564 939
565 762
566 590
566 584
567 574
568 576
570 585
570 592
570 591
570 598
570 570
570 587
570 799
570 999
572 585
572 601
572 600
572 578
572 578
574 560
575 585
575 887
576 578
576 574
576 591
577 565
577 559
578 598
578 587
578 572
578 554
578 551
578 577
578 580
578 587
578 578
578 824
578 899
579 601
579 593
579 571
580 578
582 582
582 563
583 552
584 591
584 578
584 555
585 566
585 590
587 578
587 576
587 577
588 590
588 578
588 578
589 587
589 586
589 560
590 576
591 557
591 587
591 587
591 587
591 600
591 578
591 600
593 585
594 583
596 586
596 555
597 587
597 570
597 560
598 599
598 598
601 570
601 578
601 560
601 746
604 665
605 639
605 615
607 626
608 618
608 636
608 651
609 617
609 618
610 637
610 638
611 618
612 631
614 617
614 623
614 618
614 623
614 667
615 643
615 626
615 618
616 630
617 615
617 639
617 622
618 618
618 626
618 608
618 648
618 637
618 627
618 605
618 613
618 617
618 607
618 626
618 617
618 643
618 680
618 754
618 1003
620 608
621 618
621 615
623 618
624 641
624 608
626 620
626 621
626 614
626 638
626 645
626 626
626 645
626 616
626 612
626 618
626 631
626 642
626 789
626 806
628 626
629 626
629 939
630 615
630 636
630 645
631 626
631 643
632 626
635 641
636 616
636 637
636 628
636 638
636 616
638 641
638 632
639 635
639 616
639 636
639 613
639 614
639 617
639 820
642 621
642 986
643 626
643 615
645 642
645 638
645 970
646 620
646 618
649 655
649 654
650 654
650 655
650 785
651 655
651 655
651 654
651 655
652 654
652 902
653 651
653 649
653 650
653 653
654 656
654 655
654 651
655 654
655 649
656 654
658 660
658 666
658 659
658 664
658 669
658 663
658 666
658 664
658 663
658 663
658 664
658 665
658 669
658 662
658 667
658 660
658 667
658 667
658 663
658 733
659 664
659 664
659 669
659 658
659 663
659 669
659 662
659 663
659 662
659 660
659 660
659 664
659 666
659 668
660 667
660 669
660 667
660 665
660 663
660 663
660 667
660 661
660 667
660 669
660 660
660 658
660 659
660 658
661 666
661 664
661 660
661 663
661 664
661 663
661 663
661 658
661 663
661 658
661 663
661 668
661 669
661 666
661 751
662 663
662 668
662 663
662 658
662 666
662 658
662 667
662 664
662 669
662 663
662 668
662 661
662 666
662 663
662 669
662 664
662 658
662 667
662 663
662 666
662 668
662 667
662 900
663 661
663 658
663 660
663 660
663 661
663 667
663 661
663 661
663 665
663 667
663 663
663 658
663 667
664 659
664 666
664 665
664 658
664 669
664 658
664 668
664 665
664 664
664 662
664 665
664 667
664 659
664 664
664 667
664 661
664 667
664 666
664 659
664 669
664 660
664 668
664 658
665 668
665 661
665 668
665 661
665 668
665 664
665 665
665 659
665 661
665 662
665 668
665 658
665 666
666 658
666 663
666 666
666 663
666 662
666 658
666 667
666 663
666 663
666 662
666 668
666 662
666 663
666 659
666 666
666 663
666 660
666 664
666 664
666 659
666 668
666 658
666 659
666 665
666 661
666 661
667 660
667 666
667 666
667 661
667 668
667 667
667 663
667 665
667 662
667 663
667 665
667 665
667 667
667 659
667 663
667 658
667 659
667 928
668 665
668 666
668 658
668 666
668 666
668 662
668 668
668 661
668 661
668 664
668 662
668 661
668 663
668 667
668 666
668 659
668 666
668 663
669 665
669 667
669 659
669 661
669 668
669 659
669 660
669 664
669 664
669 661
669 666
669 664
669 665
671 673
671 691
671 701
673 717
673 683
674 701
674 679
675 693
675 685
676 683
676 689
676 683
677 679
677 677
677 688
677 689
677 679
677 688
677 679
677 679
677 684
678 715
678 799
679 692
679 705
679 707
679 678
679 706
679 670
679 684
679 705
679 679
679 686
679 689
679 685
679 706
679 677
679 671
679 677
679 692
679 688
682 679
683 706
684 689
684 689
684 673
684 688
684 689
684 677
684 705
685 709
685 698
685 690
685 688
685 698
685 689
685 692
685 671
685 677
685 706
685 695
687 679
687 679
688 690
688 698
688 712
688 683
688 679
688 679
688 688
688 685
688 680
688 712
688 711
688 677
688 689
688 689
688 679
688 697
688 684
688 756
689 688
689 711
689 694
689 677
689 688
689 741
690 688
690 688
690 688
690 677
690 682
690 784
691 707
692 688
692 712
692 671
692 679
693 688
693 707
693 717
693 712
695 691
695 690
695 688
697 806
698 705
698 685
698 683
698 690
698 688
698 688
698 690
699 675
701 706
703 679
706 692
708 688
709 679
709 679
711 677
712 693
713 677
714 712
714 671
715 698
716 679
717 700
717 698
717 972
718 684
718 718
719 734
720 725
721 719
722 722
722 723
722 725
722 725
723 726
723 719
724 725
724 724
724 722
724 719
724 726
724 725
725 719
725 719
726 724
726 719
726 725
726 721
727 758
729 740
729 745
729 740
732 735
733 819
734 762
734 800
735 746
735 727
736 741
736 811
736 804
736 748
737 802
737 740
737 763
738 730
738 856
739 746
739 741
739 733
739 799
740 790
740 800
740 799
740 786
740 756
740 808
740 799
740 732
740 805
740 740
740 887
740 996
741 747
741 794
741 784
741 807
744 740
744 796
744 729
745 813
745 784
746 763
746 747
746 799
746 818
746 807
746 826
748 787
748 816
749 813
749 780
751 799
751 762
751 768
752 806
752 805
753 743
753 800
754 746
755 736
755 828
756 779
756 806
756 804
756 811
756 811
756 772
758 740
758 788
758 790
758 816
761 740
762 746
762 740
762 741
762 811
762 816
762 866
763 785
763 776
763 727
763 739
763 740
763 732
763 773
763 742
763 812
763 840
764 885
765 740
765 749
765 811
767 806
772 811
773 737
773 748
775 795
775 784
775 740
775 746
775 821
776 763
779 814
779 740
780 763
780 763
781 760
782 802
782 778
782 760
782 808
782 821
784 802
784 762
784 985
785 786
785 806
785 785
785 763
785 1004
786 812
786 802
786 785
786 811
786 793
786 750
786 754
786 762
786 745
787 776
787 782
788 729
788 762
789 790
789 799
789 805
790 799
790 733
790 795
794 772
795 786
796 736
796 799
796 733
796 764
796 787
798 806
798 867
799 817
799 741
799 793
799 811
799 758
799 816
799 780
799 748
799 786
799 799
799 743
799 795
799 806
799 799
799 802
799 740
799 773
799 917
800 786
801 727
802 801
802 738
802 816
802 746
802 1009
803 762
803 756
804 812
804 733
804 763
805 735
806 774
806 799
806 729
806 750
806 756
806 799
806 806
807 799
808 786
808 806
808 752
809 740
809 746
809 786
811 776
811 753
811 748
811 746
811 814
811 768
811 756
811 798
811 748
811 733
811 740
811 763
812 784
812 771
813 748
814 927
815 779
816 731
816 763
816 806
816 741
816 961
817 752
819 818
821 773
821 759
824 828
825 824
826 828
826 832
826 827
826 824
826 826
826 826
827 837
827 826
827 836
827 824
827 826
827 825
827 836
828 827
828 826
828 826
828 826
828 828
828 827
828 827
829 1007
831 826
833 826
833 897
835 827
835 827
836 828
836 873
838 843
838 869
838 885
838 864
838 845
840 851
840 880
840 859
840 852
840 872
840 840
840 840
840 983
841 838
843 852
843 851
844 878
844 857
845 860
845 838
847 884
849 875
850 838
850 863
851 885
851 867
851 853
851 840
851 870
851 859
851 851
851 875
851 873
851 841
851 884
851 851
851 860
851 873
851 885
851 968
854 879
854 870
855 858
857 838
858 874
859 840
860 845
863 875
863 948
866 861
866 860
866 885
867 884
869 874
870 860
870 859
870 840
870 852
870 887
870 843
871 882
872 876
873 860
873 838
873 844
873 866
873 870
873 880
875 859
875 870
876 846
876 857
877 838
877 858
878 884
878 843
879 870
880 843
880 873
880 875
881 857
882 864
882 870
884 887
884 838
884 903
885 844
885 851
885 840
885 843
885 880
885 857
885 840
885 859
885 887
885 860
887 876
887 879
887 850
887 854
887 851
887 873
887 887
887 844
888 891
888 888
888 888
888 889
888 888
888 890
888 890
888 888
888 888
888 890
889 891
889 891
889 890
889 890
889 891
889 891
889 888
890 891
890 889
890 889
890 888
890 888
890 889
890 891
890 890
890 891
891 891
891 888
891 891
891 890
892 895
892 922
892 916
892 909
893 924
893 917
893 920
894 893
894 917
894 903
895 901
895 903
896 920
897 900
897 893
897 913
897 902
897 916
897 917
899 897
899 897
899 978
900 917
900 908
900 917
900 905
900 897
900 999
901 915
901 911
902 897
903 902
904 918
906 918
906 901
907 907
907 909
907 917
907 917
908 899
908 921
911 920
911 922
911 911
912 899
912 920
915 906
917 900
917 919
917 919
917 909
917 893
917 905
917 924
918 914
919 921
919 906
919 923
919 906
919 909
919 911
921 920
921 921
921 925
921 905
921 916
922 918
923 911
923 898
923 924
923 909
923 917
924 900
925 907
925 934
928 938
928 948
928 948
928 939
929 929
929 948
930 935
934 928
934 943
934 932
934 948
934 927
935 939
937 928
937 946
937 946
938 932
938 939
939 939
939 948
939 948
939 947
939 930
939 928
939 930
939 928
939 943
939 938
940 928
940 939
945 939
947 928
947 930
948 938
948 947
948 929
948 948
948 930
948 939
948 939
948 947
948 939
948 938
948 948
948 939
950 938
953 963
953 976
953 968
957 961
958 955
958 972
958 959
958 956
959 985
961 971
961 970
961 970
962 957
963 957
963 969
963 966
963 958
963 957
964 970
965 963
966 963
968 972
970 965
970 976
970 976
971 972
971 976
971 977
971 976
971 963
971 971
971 963
972 956
972 966
974 976
974 966
976 966
976 970
976 970
976 953
976 961
976 971
976 953
976 970
976 963
977 956
977 969
977 970
978 977
979 991
979 999
980 984
980 980
981 1000
983 997
987 984
988 996
988 1000
988 984
990 999
991 980
991 992
991 988
992 985
992 997
993 986
994 985
995 982
997 1000
997 1000
997 1000
997 988
998 980
998 1007
999 997
999 984
999 982
999 998
999 992
999 987
999 999
1000 990
1000 1000
1000 1000
1000 979
1000 980
1001 1002
1002 1002
1003 1009
1003 1007
1003 1009
1003 1007
1003 1011
1004 1008
1007 1004
1007 1003
1007 1011
1007 1012
1007 1007
1008 1004
1008 1003
1009 1003
1011 1009
1011 1009
1011 1012
1014 1015
1014 1015
1014 1013
1014 1015
1015 1013
1016 1017
1017 1017
1017 1018
1018 1017
1018 1017
1018 1018
1018 1018
1019 1022
1019 1026
1019 1027
1019 1020
1019 1028
1019 1025
1019 1020
1019 1020
1019 1020
1019 1025
1019 1025
1019 1027
1019 1026
1020 1022
1020 1021
1020 1021
1020 1023
1020 1019
1020 1027
1020 1028
1020 1022
1020 1026
1020 1027
1020 1025
1020 1020
1020 1028
1020 1026
1020 1021
1020 1025
1020 1020
1020 1027
1020 1025
1020 1026
1021 1028
1021 1028
1021 1025
1021 1026
1021 1023
1021 1024
1021 1023
1021 1025
1021 1020
1021 1024
1021 1022
1021 1021
1021 1026
1021 1019
1021 1023
1021 1024
1021 1025
1021 1019
1021 1020
1022 1026
1022 1026
1022 1021
1022 1019
1022 1020
1022 1026
1022 1022
1022 1019
1022 1020
1022 1024
1023 1026
1023 1025
1023 1024
1023 1024
1023 1028
1023 1023
1023 1026
1023 1027
1023 1028
1023 1027
1023 1019
1023 1028
1023 1024
1023 1025
1023 1028
1023 1022
1023 1025
1023 1023
1023 1026
1024 1025
1024 1020
1024 1019
1024 1021
1024 1024
1024 1019
1024 1021
1024 1019
1024 1023
1024 1026
1025 1025
1025 1020
1025 1027
1025 1019
1025 1024
1025 1025
1025 1024
1025 1023
1025 1022
1025 1026
1025 1028
1025 1027
1026 1021
1026 1022
1026 1028
1026 1023
1026 1027
1026 1024
1026 1022
1026 1027
1026 1021
1026 1026
1026 1020
1026 1019
1026 1020
1026 1026
1026 1020
1027 1020
1027 1025
1027 1024
1027 1020
1027 1025
1027 1027
1027 1020
1027 1024
1027 1021
1027 1020
1027 1021
1027 1019
1027 1025
1027 1020
1027 1028
1027 1023
1027 1024
1027 1027
1027 1027
1028 1020
1028 1028
1028 1023
1028 1027
1028 1026
1028 1027
1028 1025
1028 1019
1028 1021
1028 1025
1028 1019
1028 1020
1028 1026
1028 1020
1030 1029
1031 1032
1032 1032
1032 1032
1033 1034
1033 1034
1034 1033
1035 1035
1036 1036
1036 1036
1036 1036
1036 1035
1036 1035
1037 1038
1038 1037
1038 1037
1039 1039
1039 1039
1039 1040
1041 1042
1042 1041
1042 1041
1042 1042
1043 1044
1043 1044
1044 1043
1045 1046
1046 1045
1046 1046
1046 1045