0 3
0 2
0 0
0 2
0 1
0 2
0 1
0 152
1 2
1 1
1 1
1 2
1 2
1 2
1 0
1 1
1 0
1 3
1 1
1 2
1 2
1 2
1 57
1 430
2 0
2 2
2 0
2 1
2 1
2 0
2 2
2 2
2 1
2 2
2 1
2 2
2 2
2 1
2 0
2 490
3 2
3 2
4 14
4 217
4 276
4 324
4 460
4 484
5 12
5 111
6 16
6 15
7 12
7 19
8 8
8 12
8 12
9 14
11 15
11 7
11 78
11 104
12 7
12 13
12 8
12 16
12 12
12 14
12 6
12 6
12 14
12 9
12 4
12 14
12 38
12 58
12 164
12 316
12 319
12 334
12 420
13 8
14 11
14 12
14 9
14 12
14 8
14 13
14 181
14 196
14 398
14 405
15 14
15 6
18 26
18 26
18 22
19 22
19 19
19 31
19 20
19 19
19 22
19 22
19 78
19 215
19 367
19 434
19 456
20 21
20 29
20 18
20 140
20 194
22 19
22 19
22 22
22 25
22 19
22 31
22 31
22 26
22 70
22 284
22 307
22 332
22 410
25 43
25 237
26 25
27 22
27 22
28 28
28 29
28 103
31 23
31 19
31 22
31 21
31 118
31 448
32 38
32 39
32 41
32 41
32 32
32 41
32 48
32 161
32 165
32 206
32 285
32 354
33 41
33 50
33 32
33 49
33 38
33 49
33 45
33 38
33 47
33 307
33 432
33 460
34 41
36 44
36 437
37 37
37 44
37 32
37 158
38 49
38 43
38 49
38 37
38 41
38 38
38 70
38 161
38 183
38 237
38 263
38 489
39 43
40 50
40 92
41 44
41 41
41 258
41 334
42 37
42 34
42 38
42 33
43 38
43 32
43 47
43 44
43 44
43 43
43 37
43 32
43 39
43 148
43 217
44 37
44 33
44 40
44 49
44 40
44 37
44 42
44 41
44 152
44 152
45 47
46 37
47 48
47 50
47 48
47 32
47 32
47 76
47 146
47 209
48 38
48 160
49 47
49 43
49 174
49 342
50 43
50 39
50 33
50 33
50 37
50 127
50 144
50 365
51 57
51 337
52 54
52 81
53 54
53 54
53 119
53 148
53 365
54 53
54 55
54 54
54 54
54 51
54 55
54 60
54 200
54 233
54 286
54 302
54 324
54 410
54 424
54 451
56 54
57 52
58 59
58 58
58 59
59 59
59 58
59 59
59 59
59 58
59 58
59 63
59 141
59 414
60 60
60 62
60 69
60 66
60 60
60 63
60 60
60 60
60 115
60 173
60 335
60 393
62 64
62 65
62 66
62 63
62 63
62 93
62 180
62 210
62 240
62 269
62 399
62 452
62 497
63 63
63 63
63 63
63 230
63 313
63 354
64 81
64 158
65 60
66 423
67 60
67 60
67 272
67 479
69 68
69 323
69 393
70 75
70 256
70 484
71 75
71 74
71 456
71 491
72 75
72 75
72 76
72 72
72 74
72 88
72 175
73 74
74 76
74 76
74 309
74 407
75 75
75 161
75 213
75 376
75 423
75 496
76 237
76 285
76 455
78 92
78 81
78 78
78 108
79 81
79 89
79 80
79 82
79 78
79 84
79 82
79 81
79 79
79 92
79 184
79 280
79 323
79 358
79 431
79 449
81 82
81 84
81 88
81 81
81 81
81 78
81 92
81 89
81 80
81 82
81 235
81 267
81 335
81 376
82 89
85 77
85 91
85 80
86 78
86 81
86 313
87 81
88 81
88 160
92 79
92 81
92 78
92 78
92 485
93 94
93 94
93 227
93 269
94 98
94 104
94 93
94 163
95 104
95 93
96 93
96 180
97 103
97 237
98 99
98 104
98 104
98 200
99 104
99 109
99 423
100 104
100 93
104 104
104 104
104 94
104 99
104 104
104 99
104 203
104 285
104 460
105 104
106 106
106 119
107 106
107 293
109 109
109 111
109 111
111 109
111 116
111 111
111 127
111 121
111 107
111 111
111 479
113 127
113 141
113 133
113 117
113 358
114 121
114 107
115 128
115 127
115 111
115 118
115 133
115 194
115 263
115 456
116 109
116 141
116 323
116 416
117 127
117 119
117 115
118 139
118 117
118 128
118 128
119 118
119 109
119 125
119 489
120 315
121 121
121 107
121 125
121 111
121 109
121 116
121 213
122 111
124 127
125 129
127 139
127 142
127 117
127 116
127 127
127 130
127 118
127 125
128 113
128 140
128 126
128 109
128 152
128 226
128 240
129 106
130 116
133 139
133 121
133 106
133 320
137 410
138 111
138 370
139 116
139 138
139 189
140 118
140 450
141 139
142 109
142 129
142 344
143 156
143 152
144 143
144 147
145 168
146 148
146 153
146 166
146 269
147 148
147 152
147 171
147 151
147 163
147 161
147 157
147 152
147 163
147 410
148 156
148 161
148 171
148 150
148 152
148 152
148 161
148 152
148 170
148 160
148 171
148 148
148 167
148 161
148 161
148 152
148 166
148 148
148 165
148 158
148 165
148 152
148 163
148 152
148 393
149 165
149 152
149 255
150 171
150 148
150 148
151 152
152 154
152 152
152 156
152 165
152 150
152 152
152 171
152 156
152 161
152 152
152 148
152 152
152 148
152 161
152 152
152 148
152 156
152 161
152 169
152 158
152 152
152 148
152 161
152 152
152 171
152 163
152 161
152 167
152 161
152 152
152 154
152 156
152 154
152 152
152 152
152 153
152 161
152 171
152 148
152 152
152 148
152 152
152 163
152 161
152 152
152 156
152 152
152 148
152 161
152 163
152 165
152 154
152 165
152 161
152 184
152 217
152 237
152 342
152 330
152 335
153 168
153 148
154 163
154 150
154 148
154 161
155 152
155 161
155 149
155 152
156 164
156 152
156 148
156 148
156 170
156 165
156 148
156 152
156 160
156 322
156 353
157 171
157 161
157 147
157 307
158 161
158 152
158 167
158 160
158 168
159 152
160 152
160 147
160 165
161 152
161 161
161 152
161 171
161 153
161 164
161 152
161 171
161 152
161 161
161 169
161 152
161 152
161 148
161 148
161 165
161 152
161 161
161 161
161 148
161 145
161 161
161 170
161 167
161 171
161 147
161 150
161 152
161 152
161 170
161 152
161 152
161 152
161 154
161 170
161 152
161 205
161 210
161 489
162 152
162 358
163 161
163 170
163 157
163 160
163 165
163 160
163 165
164 161
164 171
164 148
164 225
164 337
164 462
165 155
165 146
165 171
165 150
165 171
165 152
165 171
165 161
165 161
165 161
165 146
165 161
165 511
167 219
168 165
168 419
169 152
169 160
169 165
169 161
170 161
170 152
170 158
170 154
170 148
170 152
170 161
170 280
171 161
171 171
171 146
171 161
171 148
171 152
171 152
171 148
171 171
171 152
171 177
172 178
172 176
172 176
172 173
172 173
172 179
172 177
172 174
172 174
172 203
172 218
173 176
173 175
173 172
173 174
173 179
173 173
173 175
173 174
173 174
173 266
174 175
174 174
174 173
174 176
174 174
174 173
175 178
175 174
175 175
175 173
175 174
175 178
175 172
175 175
175 177
175 179
175 177
176 179
176 173
176 173
176 353
177 179
177 176
177 403
178 178
178 173
178 174
178 179
178 172
178 175
178 178
178 179
178 176
178 179
179 175
179 174
179 177
179 173
180 185
180 183
180 181
180 181
180 239
180 284
180 333
180 416
180 456
181 180
181 189
181 180
181 180
181 181
181 180
181 301
181 443
182 180
182 355
182 365
183 180
183 484
184 183
184 181
184 181
184 217
186 181
187 180
188 180
188 255
189 180
191 188
191 410
192 200
192 198
194 200
194 198
194 200
196 198
196 482
198 194
198 199
198 197
198 200
199 199
199 198
199 247
199 342
199 468
200 194
200 193
200 192
200 193
200 194
200 194
200 198
200 303
200 370
201 201
202 203
202 203
202 202
202 203
202 203
202 203
202 203
202 365
203 202
203 203
203 202
203 202
203 203
203 203
203 203
203 486
204 208
204 204
204 206
205 205
205 205
205 206
205 208
205 205
205 206
205 208
205 205
205 372
206 206
206 208
206 205
206 208
206 208
206 205
206 205
206 205
206 208
206 205
207 207
208 208
208 204
208 206
208 205
208 205
208 208
208 208
208 205
208 205
208 208
208 215
209 213
210 213
210 210
210 210
210 210
210 213
210 213
210 210
210 213
210 213
210 213
210 209
210 213
210 210
210 210
210 210
210 210
210 210
210 239
210 376
210 460
211 210
211 213
212 210
212 213
213 210
213 210
213 213
213 213
213 213
213 213
213 210
213 210
213 210
213 213
213 210
213 211
213 213
213 210
213 212
213 213
213 213
213 210
213 210
213 210
213 213
213 213
213 213
213 210
213 226
213 276
214 239
214 335
215 215
215 219
215 224
215 229
215 225
215 385
217 219
218 229
218 224
219 227
221 221
221 224
222 284
224 229
224 226
224 217
225 224
225 225
225 226
225 215
225 231
225 456
226 224
226 232
226 234
226 232
226 219
226 224
226 418
227 224
227 224
227 227
229 232
229 229
229 230
229 261
229 451
229 478
229 492
230 221
230 219
231 221
232 226
233 309
235 251
235 237
235 240
235 247
235 456
237 237
237 239
237 240
237 243
237 393
238 237
239 246
239 239
239 237
239 235
240 235
240 240
240 240
240 240
240 240
240 247
240 245
240 285
240 312
240 486
241 240
241 240
242 248
244 239
244 505
245 250
245 235
246 245
246 235
247 240
247 240
247 239
247 239
247 414
248 240
248 352
248 455
250 247
253 259
253 256
254 261
255 256
255 259
255 255
255 256
255 273
255 349
255 357
256 261
256 254
256 253
256 482
258 259
258 261
258 464
259 254
259 254
260 259
260 321
261 260
261 259
262 263
262 265
262 265
263 263
263 262
263 265
263 265
263 269
263 269
264 263
264 476
265 265
265 267
265 263
265 269
265 269
265 263
265 399
265 433
265 456
269 264
269 268
269 393
270 280
271 291
273 273
273 285
276 280
276 280
276 280
276 273
276 436
276 479
277 279
278 284
280 273
280 284
280 284
280 281
280 270
280 276
280 279
280 284
280 284
280 291
280 458
282 270
282 285
282 285
284 282
284 270
284 270
284 285
284 292
284 280
284 285
284 280
284 284
284 280
284 368
284 490
285 284
285 280
285 288
285 276
285 284
285 291
285 291
285 307
285 405
285 443
286 276
288 270
288 280
290 284
290 276
291 291
291 280
293 382
294 285
294 283
294 270
298 316
298 308
298 311
299 301
299 316
299 304
300 306
300 303
301 313
303 316
303 306
303 298
303 303
303 318
303 399
303 487
306 496
307 303
307 299
309 306
310 316
310 312
310 315
313 311
313 316
313 313
313 316
313 312
313 299
313 302
313 307
313 342
313 478
315 303
315 316
315 313
315 321
315 324
316 299
316 309
316 303
316 312
316 313
316 296
316 316
316 458
317 306
317 316
318 303
318 365
319 322
319 321
320 319
321 319
321 319
321 321
321 319
321 399
321 441
322 320
322 321
323 323
323 323
323 324
323 324
323 324
323 323
323 327
323 326
323 323
323 323
323 324
323 323
323 323
323 323
323 324
323 324
323 324
323 323
323 323
323 324
323 324
323 324
323 323
323 323
323 328
323 328
323 325
323 324
323 323
323 324
323 323
323 324
323 327
323 323
323 323
323 324
323 324
323 326
323 323
323 327
323 323
323 324
323 323
323 324
323 324
323 324
323 324
323 403
324 327
324 324
324 327
324 324
324 323
324 328
324 324
324 324
324 326
324 325
324 324
324 323
324 324
324 323
324 324
324 323
324 323
324 323
324 324
324 323
324 323
324 326
324 323
324 324
324 324
324 324
324 323
324 327
324 327
324 324
324 324
324 323
324 324
324 328
324 323
324 328
324 324
324 324
324 441
324 462
325 324
325 323
325 324
326 323
326 323
326 323
327 324
327 324
327 324
327 324
327 324
327 323
328 323
328 324
328 323
328 324
328 323
328 323
330 348
330 479
331 349
331 333
332 349
333 341
333 333
333 340
333 332
334 349
334 376
335 349
335 335
335 342
335 342
335 344
335 349
335 352
336 335
337 330
337 342
342 330
342 346
342 344
342 329
342 334
342 333
342 333
342 343
342 330
342 330
342 342
342 345
342 349
342 334
342 335
342 341
342 342
342 358
343 349
345 349
346 342
349 343
349 342
349 349
349 335
349 349
349 349
349 342
349 331
349 335
349 342
349 342
349 349
349 344
349 330
349 335
350 342
350 337
350 332
351 352
351 342
351 333
352 335
352 342
352 331
354 355
354 354
354 394
355 353
355 356
355 356
355 354
355 355
355 353
356 353
356 354
357 399
357 384
357 370
358 359
358 389
358 375
359 387
359 399
359 399
360 369
362 358
364 370
365 399
365 367
365 376
365 386
365 365
365 399
365 391
365 365
365 389
365 410
367 357
367 369
367 367
368 370
368 420
369 389
369 357
369 490
370 389
370 374
370 396
370 414
370 476
372 372
372 401
372 376
372 370
372 365
372 359
372 362
375 400
376 358
376 378
376 393
376 377
376 385
376 372
376 367
376 378
376 399
376 376
376 376
376 382
376 358
376 395
376 376
376 359
376 394
376 372
376 399
376 414
376 460
377 399
378 376
379 365
379 402
380 376
381 366
381 375
381 358
381 387
382 403
383 365
383 381
383 363
385 401
386 376
386 382
386 496
387 381
387 359
388 372
389 369
389 399
390 357
390 365
390 381
393 385
393 376
393 401
393 363
393 399
393 376
398 376
399 387
399 393
399 402
399 399
399 385
399 377
399 379
399 358
399 376
399 399
399 450
400 382
401 398
402 399
403 376
403 372
405 406
405 419
407 410
407 410
407 406
409 411
410 410
410 405
410 411
410 405
411 411
411 411
411 411
411 407
411 443
411 496
412 414
413 414
413 419
414 423
414 429
414 420
414 420
414 414
414 416
414 416
414 426
414 436
414 420
414 416
414 419
414 420
415 413
416 423
416 434
416 422
416 419
416 433
416 480
416 490
418 431
419 422
419 414
419 419
420 413
420 416
420 414
420 414
421 412
422 429
423 429
423 416
423 416
423 456
425 423
426 431
427 423
429 414
429 414
429 431
429 440
431 421
431 416
432 434
433 436
433 414
433 416
433 416
434 414
436 429
437 438
437 438
437 437
437 438
437 438
437 438
437 438
437 438
438 437
438 437
438 438
438 438
438 437
438 438
438 437
439 450
439 450
439 452
439 443
440 442
440 447
440 455
441 444
441 450
443 452
443 451
443 443
443 448
443 453
444 443
444 455
445 455
445 479
446 439
450 449
450 451
450 456
451 440
451 443
451 453
451 442
451 454
451 452
451 452
451 449
451 489
452 451
452 447
452 440
452 439
452 445
452 445
454 444
455 446
456 468
456 462
456 462
456 456
456 458
456 461
456 456
456 456
458 460
458 456
458 456
460 466
460 456
462 456
462 456
462 456
462 468
462 456
462 468
464 461
466 462
468 456
468 456
472 479
473 481
473 473
473 479
473 473
473 479
473 477
473 479
473 473
476 479
476 473
476 479
477 481
477 479
478 479
479 473
479 477
479 469
479 479
480 472
480 473
481 478
481 478
481 473
481 488
482 488
482 482
484 490
484 488
484 489
484 486
487 488
487 490
488 492
488 489
490 484
490 490
490 498
491 484
491 489
491 490
491 490
492 490
492 489
493 493
494 497
495 496
496 498
496 496
496 498
496 496
497 496
497 496
499 499
499 499
500 500
500 500
500 500
501 501
501 503
501 505
502 505
502 504
502 505
502 505
503 504
503 504
504 505
504 505
504 505
504 505
504 505
504 505
504 505
504 504
504 504
504 501
504 505
504 504
504 505
504 505
504 504
504 504
504 504
504 504
504 504
504 504
504 505
504 505
504 505
504 502
504 504
504 504
504 504
504 505
504 504
505 504
505 504
505 505
505 504
505 505
505 501
505 505
505 505
505 505
505 504
505 505
505 505
505 504
505 504
505 505
505 505
505 505
505 504
505 504
505 504
505 505
505 505
505 504
505 505
505 505
505 505
505 505
505 504
505 504
505 503
505 504
505 504
505 504
505 505
505 504
505 504
505 504
507 507
508 508
509 509
509 509
509 509
510 510
511 511
512 512
512 512
513 513
514 514
514 514