0 1
1 4
1 1
2 2
2 2
3 0
3 4
3 3
3 2
4 0
4 2
4 3
4 1
5 1
5 5
6 12
6 9
6 11
7 7
7 12
8 7
8 6
9 11
9 7
9 7
9 7
10 8
10 8
11 12
11 7
12 9
12 9
12 6
12 10
15 16
15 14
16 14
16 19
16 14
17 14
17 19
18 14
19 17
20 598
20 125
20 272
20 27
20 750
20 657
20 540
20 917
20 692
20 536
20 263
20 262
20 921
20 666
20 243
20 238
20 360
20 630
20 97
21 696
21 541
21 940
21 364
21 638
21 552
21 747
21 409
21 266
21 115
21 666
21 649
21 374
21 242
21 331
21 432
21 974
21 974
21 848
21 356
21 270
21 97
21 320
21 821
21 409
21 788
21 381
23 133
23 767
23 630
23 939
23 281
23 325
23 853
23 436
23 882
23 356
23 23
23 871
23 89
23 557
23 381
23 642
23 300
23 552
23 582
23 919
23 818
23 666
23 763
23 479
23 635
24 326
24 730
25 902
25 556
25 308
25 619
25 61
25 270
25 578
26 973
26 692
26 203
26 603
27 953
27 242
27 388
27 557
27 505
27 89
27 279
27 506
27 203
28 557
28 922
28 263
28 103
28 172
28 52
29 762
31 88
31 447
31 502
31 306
31 952
31 315
31 320
31 427
31 740
31 465
31 112
31 774
31 369
31 318
31 700
31 380
31 37
31 694
31 555
31 695
31 961
31 995
31 665
32 327
32 826
32 609
32 255
32 445
32 279
32 85
32 940
32 780
32 510
32 946
33 465
34 180
36 962
36 122
37 197
37 367
37 71
37 789
37 465
37 459
37 1002
37 883
37 752
37 817
37 936
37 650
37 841
39 510
39 97
39 915
39 643
39 949
39 66
39 326
39 537
39 426
39 888
39 432
39 465
39 380
40 123
40 892
40 926
40 677
41 348
41 401
41 702
42 754
43 728
43 723
43 818
43 197
44 297
44 326
45 380
45 166
45 406
45 666
45 180
45 126
45 447
45 295
45 795
45 980
45 527
45 638
45 197
45 613
45 949
45 175
46 464
46 866
46 477
47 881
47 769
47 97
47 582
47 526
47 607
47 143
47 225
47 384
47 337
47 648
47 325
47 39
48 132
48 760
48 713
48 298
48 926
48 693
48 772
48 125
48 705
48 864
48 87
48 166
48 603
48 708
48 578
48 536
48 707
48 376
49 447
49 252
50 479
50 997
50 113
50 272
50 295
50 439
50 315
50 713
52 620
52 713
52 259
52 971
52 891
52 499
52 972
52 973
52 226
53 214
53 471
53 397
53 451
53 940
53 138
54 70
54 97
54 409
54 666
54 166
54 189
54 655
54 197
54 166
54 176
54 433
54 125
54 653
54 226
54 717
54 653
54 197
54 814
54 556
54 972
54 195
54 536
54 472
54 161
55 508
55 263
55 317
55 257
55 360
55 530
56 211
56 571
56 219
56 87
57 458
57 864
57 746
57 565
57 261
58 280
58 760
59 642
59 497
59 244
59 601
59 237
59 700
59 430
59 261
59 819
59 918
59 374
60 700
60 558
60 325
60 530
60 835
60 305
60 848
61 506
61 240
61 798
61 316
61 783
61 691
61 230
61 976
61 601
61 480
61 325
61 653
61 660
61 566
61 655
61 671
61 648
61 535
61 320
61 635
61 255
61 228
61 348
61 89
61 174
61 577
61 983
61 747
62 652
62 848
63 385
63 684
63 126
63 279
63 997
63 559
63 601
63 596
63 270
63 1007
64 77
64 973
64 663
64 728
64 621
64 263
64 853
64 126
64 135
64 263
64 477
64 427
65 197
65 638
65 790
65 423
66 27
66 875
67 692
67 580
67 926
67 939
67 650
67 385
68 199
68 919
69 692
69 354
70 263
71 557
71 808
71 915
71 946
71 649
71 862
71 601
71 700
71 560
71 504
72 994
72 934
73 271
74 939
74 512
75 314
75 403
75 955
75 692
75 376
75 776
75 612
75 841
75 295
76 653
76 195
77 433
77 153
77 760
77 818
79 747
79 70
79 917
79 271
79 635
79 414
79 666
79 289
79 598
79 694
79 760
80 279
80 867
80 247
81 299
81 557
81 1013
81 60
81 20
81 966
81 97
81 152
82 609
82 206
84 862
84 700
84 918
84 325
84 841
85 810
85 972
85 659
85 852
85 419
85 949
85 527
86 380
86 777
86 846
86 197
86 156
86 598
86 263
86 892
86 409
86 325
86 684
86 270
86 380
86 295
87 974
87 309
87 142
87 64
87 315
87 152
87 373
87 533
87 81
87 911
87 98
87 627
87 1008
87 952
87 105
87 263
87 351
87 409
87 904
87 285
87 609
87 144
87 723
87 237
87 849
87 157
87 655
87 760
87 622
87 324
87 952
87 298
87 988
87 679
87 958
87 25
87 70
88 250
88 597
88 252
88 907
88 316
88 883
88 747
88 630
88 578
88 789
88 433
88 951
88 691
88 196
88 852
88 288
88 606
88 197
88 841
88 1018
88 837
88 461
89 90
89 630
89 160
89 638
89 548
89 379
89 115
89 635
89 373
89 527
89 826
89 690
89 409
89 555
89 97
89 343
90 302
90 433
90 176
90 132
91 103
91 608
92 810
92 640
92 286
92 915
92 578
92 481
92 619
92 946
92 560
92 228
92 523
92 88
92 125
92 219
92 852
92 839
92 215
92 787
92 779
92 936
92 875
92 784
92 194
92 915
92 694
92 526
93 837
94 627
94 598
94 479
94 143
94 915
94 262
94 380
94 917
95 469
95 398
95 325
95 836
95 708
96 614
96 826
97 45
97 516
97 439
97 458
97 113
97 560
97 919
97 31
97 739
97 868
97 919
97 566
97 289
97 545
97 64
97 844
97 484
97 135
97 855
97 215
97 231
97 917
97 752
97 219
97 461
97 527
97 692
97 973
97 433
97 842
97 486
97 640
97 395
97 642
97 259
97 663
97 303
97 384
97 681
97 211
97 932
97 525
97 31
97 115
98 793
98 666
98 652
98 915
98 893
98 837
98 69
98 741
98 1018
99 248
99 936
99 742
99 213
99 465
99 245
99 231
99 757
99 664
99 289
99 818
99 115
100 533
103 94
103 105
103 556
103 289
103 109
103 275
103 373
103 464
103 505
103 653
103 983
103 817
103 304
103 603
103 884
103 678
103 505
105 379
105 370
105 325
105 175
105 684
105 213
105 917
105 557
105 537
105 543
105 994
105 533
105 864
105 826
105 383
105 50
105 627
105 877
105 79
106 65
106 465
107 99
107 86
108 747
108 560
108 219
108 326
108 512
108 553
109 31
109 939
109 397
109 609
109 906
111 660
112 613
112 401
113 974
113 638
113 86
113 579
113 958
113 837
113 526
113 642
113 597
113 580
113 679
113 440
113 967
113 740
113 1003
113 589
113 701
113 862
113 974
114 933
115 829
115 505
115 808
115 423
115 898
115 20
115 427
115 20
115 714
115 732
115 190
115 61
115 433
115 219
115 470
115 929
115 818
115 175
115 567
115 475
115 369
115 370
115 910
115 231
115 779
115 819
115 592
115 297
115 486
115 693
115 560
115 695
115 949
115 828
115 295
115 747
115 92
115 297
115 717
115 489
115 855
115 609
115 92
115 1008
115 672
115 860
115 678
115 447
115 855
115 60
115 385
115 780
115 635
115 1008
115 678
116 465
116 881
117 387
117 781
117 157
117 433
118 852
118 266
118 717
118 695
118 649
118 383
118 661
118 195
118 653
118 792
118 314
119 641
119 653
119 705
119 627
119 898
119 655
119 388
119 929
119 797
119 146
120 634
120 885
120 60
121 946
121 503
121 106
121 666
121 795
121 243
121 193
121 473
121 962
121 497
121 553
121 536
121 855
121 263
121 713
121 392
121 647
121 121
121 121
121 946
122 760
123 733
123 35
123 31
123 379
124 527
124 453
124 135
124 98
124 312
124 54
124 718
124 354
124 811
124 506
124 300
124 824
125 32
125 354
125 678
125 232
125 972
125 512
125 231
125 936
125 1009
125 966
125 649
125 861
126 135
126 245
126 621
126 603
126 996
126 519
126 527
126 190
126 374
126 624
126 464
126 809
126 261
126 176
126 238
127 612
127 348
127 262
128 295
128 883
128 222
128 115
128 692
130 56
130 974
130 84
131 263
131 684
131 21
132 861
132 79
132 630
132 472
132 678
132 364
132 899
132 810
132 939
132 695
132 619
132 419
132 693
132 315
132 582
132 897
132 635
132 582
132 566
132 491
132 844
132 191
133 596
134 272
134 700
135 436
135 479
135 97
135 211
135 180
135 638
135 752
135 812
135 971
135 1002
135 300
135 881
135 248
135 821
135 627
135 883
135 966
135 939
135 497
135 223
135 248
136 839
136 728
136 810
136 87
136 899
138 835
138 189
138 23
138 666
138 747
138 980
138 700
139 376
139 437
139 718
139 523
140 560
141 23
142 353
142 36
142 630
142 663
142 429
142 760
142 263
142 999
142 945
142 806
142 630
142 195
142 783
142 427
142 491
142 707
142 299
142 92
142 918
143 418
143 994
143 936
143 523
143 306
143 376
143 476
143 992
143 962
143 659
143 905
143 125
143 698
143 270
144 734
144 723
144 691
144 852
144 808
144 113
144 494
144 760
144 777
144 769
144 695
144 242
144 627
144 578
144 638
144 810
144 275
144 848
144 154
144 97
144 929
144 34
144 132
144 308
145 354
145 708
146 584
146 195
146 479
146 263
146 211
146 532
146 261
146 700
146 149
146 835
146 28
146 456
146 211
147 669
147 839
147 99
147 54
147 314
148 976
149 795
149 381
149 988
149 917
149 695
149 479
150 994
151 176
152 264
152 849
152 601
152 677
152 911
152 592
152 459
152 797
152 659
152 451
152 992
152 754
152 789
152 666
152 32
152 380
152 76
152 666
153 52
153 92
153 270
153 195
153 637
153 666
153 317
153 836
153 477
154 652
155 586
157 972
157 760
157 99
157 666
157 850
157 289
157 858
157 115
157 124
157 918
157 203
157 286
157 211
158 981
158 945
158 409
158 613
158 403
158 32
158 215
158 21
158 255
158 388
158 609
158 618
158 362
158 690
159 583
159 320
159 932
159 966
159 872
159 273
159 491
159 465
159 798
159 684
159 797
160 221
160 870
160 601
160 582
160 601
160 293
163 630
163 582
163 23
163 506
163 993
163 105
163 380
163 817
163 530
163 407
163 60
164 986
164 958
165 713
165 193
166 601
166 272
166 762
166 219
166 243
166 465
166 973
166 247
166 61
166 325
166 490
166 592
166 32
166 951
166 648
166 578
166 318
166 300
166 545
166 175
166 808
166 835
166 780
166 850
166 727
167 530
167 595
167 397
167 779
167 535
167 45
167 1018
168 527
168 891
168 39
169 516
169 319
169 195
169 395
169 630
169 907
169 982
169 214
171 476
172 688
172 223
172 232
172 759
172 386
172 809
172 848
172 772
172 375
172 818
172 271
172 666
172 63
172 354
172 1000
172 762
172 475
172 470
172 693
172 664
172 458
172 917
172 502
172 824
172 374
172 627
172 578
172 135
172 705
172 32
172 741
172 812
173 433
173 866
173 900
173 627
173 153
173 587
173 255
174 505
174 320
174 506
174 166
175 181
175 607
175 142
175 666
175 907
175 146
175 269
175 790
175 618
175 635
175 534
175 266
175 719
175 255
175 510
175 195
175 958
176 771
176 263
176 86
177 926
178 172
179 670
179 740
179 578
179 185
180 381
180 229
180 21
180 159
180 166
180 881
180 594
180 752
180 527
180 436
180 978
180 465
180 283
180 20
180 60
180 580
180 828
180 728
180 603
180 397
180 262
180 213
180 394
180 560
181 685
181 88
181 152
181 211
181 288
181 783
181 237
181 613
181 627
181 262
181 230
181 829
181 881
181 690
181 861
181 877
181 630
181 519
182 475
182 388
182 609
182 230
182 517
183 752
183 808
184 315
185 890
185 700
185 513
185 121
185 181
185 361
185 380
185 797
185 47
185 932
185 715
185 734
185 946
185 754
185 619
185 619
185 33
185 810
186 186
186 465
186 972
186 48
186 491
186 125
186 533
186 666
186 504
186 760
186 144
189 628
189 848
189 229
189 247
190 270
190 939
190 760
190 146
190 97
190 115
190 595
190 232
190 663
191 630
191 659
191 918
192 858
193 747
193 542
193 928
193 663
193 211
193 593
193 374
193 317
193 972
193 919
193 231
193 760
193 841
193 747
193 760
193 388
193 76
193 751
193 303
193 609
193 553
193 331
193 60
193 909
193 854
193 553
193 265
193 424
193 708
193 618
193 388
193 852
193 607
194 848
194 627
194 714
194 536
194 747
194 966
194 248
194 762
194 539
194 666
194 752
194 432
194 619
194 75
194 746
194 815
194 936
194 76
194 536
195 380
195 263
195 316
195 183
195 693
195 144
195 551
195 119
195 266
195 209
195 751
195 477
195 20
195 395
195 25
195 91
195 814
195 109
195 397
195 601
195 780
195 191
195 973
195 523
195 263
195 157
195 282
195 877
195 818
195 764
195 552
195 926
195 52
195 996
195 197
195 785
195 403
195 289
195 136
195 144
195 197
195 881
195 135
195 553
195 855
195 194
195 337
195 106
195 385
196 132
197 395
197 797
197 479
197 87
197 363
197 582
197 291
197 936
197 206
197 485
197 317
197 335
197 465
197 881
197 809
197 678
197 295
197 810
197 433
197 647
197 364
197 724
197 427
197 849
197 195
197 972
197 517
197 924
197 583
197 693
197 327
197 932
197 23
197 815
197 222
197 39
197 982
197 700
197 87
197 193
197 89
197 497
197 613
197 105
197 197
197 209
197 157
197 946
197 128
197 175
197 919
197 478
197 395
197 780
197 381
197 281
197 634
197 891
197 810
198 784
199 926
200 45
200 534
200 39
200 484
200 427
201 327
201 929
201 472
203 357
203 666
203 918
203 280
204 1002
205 103
205 868
206 736
206 747
206 939
206 607
206 817
208 747
208 90
208 395
208 447
208 511
208 180
208 995
208 310
208 270
208 642
208 721
208 976
208 92
208 809
208 614
209 810
209 380
209 505
209 175
209 596
209 85
209 790
209 389
209 853
209 797
209 993
209 559
209 909
209 640
209 745
209 295
209 936
209 243
209 633
211 166
211 862
211 477
211 242
211 146
211 228
211 915
211 79
211 60
211 628
211 630
211 289
211 881
211 779
211 861
211 1018
211 54
211 506
211 146
212 119
213 409
213 787
213 61
213 657
213 553
213 315
213 811
213 298
214 503
214 113
214 490
214 571
214 253
214 54
214 395
214 26
214 315
214 197
214 918
214 540
214 388
214 852
214 221
215 666
215 424
215 465
215 262
215 263
215 692
215 306
215 592
215 533
215 29
215 926
215 586
216 317
216 325
217 370
217 566
218 716
218 871
219 736
219 571
219 806
219 630
219 949
219 268
219 230
219 641
219 118
219 560
219 351
219 918
219 325
219 648
219 648
219 144
219 973
219 433
219 281
219 126
219 969
219 276
222 327
222 280
222 135
222 821
222 666
222 653
222 54
223 439
223 848
223 168
223 628
223 180
223 263
223 193
223 395
223 39
223 609
223 331
223 762
223 839
224 181
224 175
224 358
224 215
224 413
225 278
225 601
225 469
225 98
225 239
225 539
225 428
225 708
225 172
225 571
225 818
225 591
225 266
226 695
226 472
226 814
226 422
226 479
226 598
226 601
226 113
226 695
226 315
226 574
226 263
226 708
228 370
228 316
228 912
228 388
229 232
229 904
229 428
229 229
229 642
229 972
230 424
230 740
230 694
230 800
230 848
230 972
230 896
230 99
230 479
230 836
230 806
230 197
230 578
230 297
230 92
230 247
230 727
231 807
231 89
231 261
231 503
231 39
231 739
231 983
231 607
231 692
231 268
231 25
231 760
231 635
231 135
231 97
231 1003
231 835
232 841
232 1000
232 470
232 464
232 353
232 678
232 262
232 263
232 966
232 118
232 603
232 458
232 27
232 692
232 159
232 818
232 523
232 883
232 555
232 696
232 283
232 367
232 380
232 374
232 470
232 172
232 701
232 747
232 302
232 159
232 852
232 409
232 424
232 666
232 190
232 190
232 581
232 812
232 716
232 232
232 469
232 858
232 735
232 97
232 395
232 651
232 630
232 907
232 936
232 571
232 938
232 385
232 69
232 918
232 214
232 954
232 272
235 512
235 350
235 130
236 690
237 215
237 751
237 645
237 825
237 814
237 397
237 193
238 409
238 85
238 848
238 811
238 523
238 821
238 180
239 994
239 385
239 749
239 812
239 898
239 911
239 164
239 995
239 433
239 409
239 627
239 397
240 128
240 303
240 36
240 621
240 135
240 819
240 822
240 926
240 118
241 484
242 543
242 945
242 972
242 760
242 701
242 550
242 92
242 409
242 946
242 881
242 453
242 713
242 436
242 693
242 797
243 489
243 505
244 866
244 388
244 972
244 263
244 730
245 370
245 582
245 111
245 505
245 809
246 465
246 370
246 270
246 119
246 175
246 953
246 718
247 918
247 677
247 917
247 883
247 693
247 936
247 678
247 552
247 142
247 691
247 53
247 693
247 683
247 910
247 946
247 149
247 735
248 627
248 631
248 502
248 607
248 845
248 335
248 664
248 806
248 861
248 247
248 970
248 388
248 564
248 861
249 453
250 915
250 656
250 976
250 836
250 783
250 848
250 877
250 526
250 760
250 872
250 743
251 965
251 747
251 645
252 742
252 388
252 701
252 395
252 194
252 607
252 797
252 718
253 31
255 269
255 647
255 124
255 1009
255 115
255 928
255 745
255 325
255 211
255 700
255 816
256 497
256 353
256 688
256 855
256 465
256 453
256 696
256 360
257 31
257 214
257 649
257 299
257 232
257 505
257 631
257 440
257 447
258 552
259 191
259 882
259 278
259 325
259 670
259 974
259 360
259 557
259 350
259 325
259 735
259 71
260 631
261 705
261 175
261 958
261 433
261 197
261 112
261 189
261 537
261 849
261 283
261 431
261 278
262 147
262 560
262 421
262 917
262 219
262 846
262 1004
262 502
262 970
262 331
262 395
262 526
262 126
262 837
262 180
262 747
262 718
262 39
262 747
262 317
262 638
262 917
262 317
262 743
262 434
262 306
262 320
262 936
262 692
262 570
262 295
262 271
262 783
262 135
262 152
262 936
262 403
262 811
262 85
262 465
262 890
263 534
263 316
263 469
263 692
263 338
263 677
263 293
263 172
263 797
263 152
263 190
263 582
263 898
263 232
263 250
263 901
263 700
263 839
263 553
263 818
263 932
263 292
263 883
263 308
263 105
263 696
263 471
263 238
263 933
263 419
263 376
263 232
263 849
263 893
263 81
263 747
263 354
263 99
263 649
263 616
263 262
263 559
263 87
263 402
263 579
263 861
263 297
263 213
263 45
263 225
263 503
263 809
263 839
263 953
263 527
263 657
263 492
264 20
264 845
264 470
264 735
264 974
264 54
265 281
265 1002
265 92
265 47
265 273
265 818
265 424
266 852
266 818
266 219
266 852
266 620
266 630
266 55
266 97
267 262
268 146
268 582
268 692
268 949
268 229
268 609
269 627
270 693
270 978
270 915
270 729
270 277
270 270
270 397
270 739
270 271
270 59
270 801
270 789
270 611
270 797
270 911
270 143
270 47
270 313
270 818
270 604
270 506
270 219
270 295
270 848
270 283
270 180
270 433
270 601
270 928
270 395
270 248
270 917
270 67
270 337
271 194
271 688
271 992
271 976
271 380
271 739
271 503
271 338
271 196
271 498
271 262
271 618
271 215
271 118
271 397
271 973
271 631
271 818
271 380
271 971
271 450
271 839
271 459
271 946
271 39
271 533
271 359
271 852
271 393
271 108
271 426
271 31
271 519
271 577
271 780
271 718
271 691
271 297
271 239
271 300
271 684
271 883
271 505
271 663
271 809
272 893
272 1017
272 232
272 818
272 105
272 397
272 526
272 383
272 552
272 186
272 543
272 647
272 458
272 211
272 779
272 224
272 316
272 958
273 936
273 231
273 800
274 858
274 609
274 926
275 374
275 197
275 211
275 135
275 684
275 224
275 817
275 868
275 72
275 980
276 537
276 883
276 239
277 622
277 926
277 338
277 47
277 656
277 105
277 603
277 490
277 552
277 327
277 862
277 852
277 197
277 683
277 438
277 209
277 235
277 479
277 526
278 775
278 645
278 556
278 842
278 708
278 475
278 1018
279 835
279 263
279 708
279 306
279 607
279 147
279 807
279 103
279 505
279 868
279 972
279 465
279 663
279 654
279 132
279 225
279 162
280 578
280 630
280 974
280 23
280 272
280 586
280 839
280 433
280 760
281 811
281 557
281 503
281 974
281 469
281 325
281 818
281 283
281 527
281 545
281 266
281 197
281 397
281 263
281 216
283 94
283 982
283 61
283 280
283 54
283 728
283 601
284 861
285 262
285 898
286 642
286 427
286 934
286 700
286 197
287 381
288 286
288 472
288 144
288 105
288 105
288 879
289 911
289 512
289 630
289 835
289 510
289 849
289 97
289 326
289 262
289 684
289 642
289 130
289 860
289 32
289 433
289 371
289 727
290 85
290 692
290 874
290 609
291 182
291 973
291 311
292 936
292 972
292 66
292 186
292 300
292 618
292 405
293 810
293 262
293 241
293 783
293 543
293 588
293 889
293 172
293 389
293 975
293 841
293 495
294 239
295 560
295 387
295 618
295 124
295 325
295 479
295 350
295 456
295 545
295 263
295 595
295 955
295 364
295 821
295 87
295 370
295 839
295 738
295 730
295 1003
295 994
295 121
295 734
295 983
295 229
295 612
295 86
295 397
295 603
295 819
295 144
295 846
295 298
297 315
297 594
297 519
297 197
297 565
297 586
297 143
297 105
297 566
297 182
297 881
297 214
297 465
297 918
297 92
297 607
297 873
297 608
297 690
297 835
297 735
297 25
297 315
297 23
297 368
297 115
297 97
297 692
297 360
297 690
297 503
297 752
297 613
297 458
297 653
297 892
297 694
297 519
297 473
297 936
297 32
297 647
297 354
297 232
298 152
298 839
298 597
298 661
298 533
298 566
298 595
298 369
298 163
298 31
298 381
298 260
298 60
299 708
299 655
299 326
299 426
299 169
299 315
300 825
300 182
300 271
300 166
300 940
300 263
300 259
300 459
301 471
301 427
301 180
303 118
303 342
303 874
303 503
303 31
304 904
304 826
305 929
306 169
306 209
306 936
306 261
306 444
306 166
306 103
306 261
306 917
306 380
306 380
306 973
306 749
306 478
306 516
306 484
306 601
306 193
307 317
308 747
308 839
308 535
308 761
308 504
308 649
309 903
309 779
312 810
312 470
312 194
312 747
314 714
314 684
314 578
314 790
315 532
315 135
315 527
315 138
315 526
315 747
315 295
315 887
315 693
315 725
315 504
315 557
315 389
315 266
315 526
315 607
315 932
315 146
315 609
315 713
315 398
315 175
315 348
315 486
315 718
315 353
315 326
315 24
315 92
315 423
316 751
316 92
316 427
316 601
316 760
316 929
316 432
316 193
316 464
316 909
316 512
316 705
316 433
316 708
316 659
316 663
316 893
316 566
316 409
316 534
316 266
316 885
316 780
316 266
316 121
316 121
316 222
316 717
316 702
316 441
316 839
317 195
317 708
317 745
317 89
317 853
317 939
317 208
317 653
317 878
317 47
317 635
317 596
317 313
317 134
317 797
317 86
317 694
317 97
317 910
317 716
317 89
317 946
317 271
317 627
317 946
317 526
317 907
317 138
317 713
317 523
317 99
317 246
317 163
317 649
318 1003
318 961
318 132
318 268
318 767
318 533
318 564
318 197
319 281
319 237
319 197
319 397
319 611
319 197
319 262
319 524
319 516
320 23
320 552
320 884
320 754
320 932
320 666
320 666
320 708
320 559
320 598
320 739
320 180
320 810
320 695
320 988
321 447
321 932
322 231
323 1002
323 172
323 530
323 1005
323 926
323 598
323 727
323 347
324 458
324 132
324 871
325 939
325 713
325 364
325 749
325 986
325 973
325 983
325 173
325 552
325 25
325 478
325 316
325 928
325 485
325 115
325 272
325 530
325 527
325 353
325 32
325 966
325 858
325 692
325 152
325 983
325 501
325 441
326 527
326 946
326 517
326 380
326 515
326 666
326 994
326 172
327 503
327 693
327 316
327 557
327 861
327 666
327 346
327 767
328 649
328 855
329 751
329 266
329 88
330 835
330 763
330 237
330 61
330 132
330 380
331 105
331 262
331 572
331 59
331 693
331 92
331 981
331 626
331 655
333 81
333 144
333 609
333 747
333 295
334 878
334 315
334 874
335 159
335 398
335 562
335 144
335 211
335 203
336 185
337 409
337 503
337 976
337 369
337 935
337 888
337 607
337 469
337 672
337 512
337 23
337 904
338 684
338 24
338 924
338 162
338 648
338 564
338 379
338 380
338 597
338 690
338 781
338 939
338 1003
338 939
338 946
339 219
339 479
339 972
339 747
340 476
341 613
341 566
342 194
342 479
342 110
342 32
342 926
343 66
343 760
345 388
346 940
346 115
347 105
347 87
347 517
347 564
347 88
347 306
348 245
348 158
348 799
348 949
348 677
348 32
349 397
349 990
349 87
350 213
350 946
350 642
350 578
350 395
350 693
350 124
350 692
350 409
350 259
351 491
351 763
351 472
351 918
351 972
351 881
351 547
351 839
351 730
351 138
351 836
351 747
351 642
351 584
351 55
352 124
353 627
353 554
353 89
353 465
353 228
353 195
354 20
354 1020
354 883
354 146
354 708
354 437
354 263
354 516
354 730
354 526
354 666
354 794
354 316
354 835
354 747
354 997
354 828
355 316
355 197
356 206
358 904
358 526
358 745
358 640
358 858
358 958
359 447
359 145
359 649
359 105
359 394
359 741
359 969
359 396
359 1001
359 655
359 901
359 315
360 818
360 144
360 874
360 432
360 896
360 733
360 61
360 380
360 666
360 63
360 693
360 494
360 638
360 181
360 459
360 350
360 560
360 475
360 852
360 790
361 85
361 470
361 648
361 809
361 704
361 864
361 113
361 142
363 61
363 158
363 329
363 417
363 761
363 31
363 684
363 684
363 513
363 595
363 186
363 666
363 801
364 323
364 934
364 87
364 459
364 557
364 249
364 896
364 280
364 21
364 23
364 728
364 852
364 330
364 818
364 433
364 904
364 113
366 580
368 64
368 925
368 459
368 450
369 938
369 1009
369 940
370 113
370 146
370 351
370 32
370 841
370 946
370 193
370 238
370 607
370 936
370 788
370 810
370 519
370 635
370 829
370 243
370 316
370 469
370 881
370 25
370 1018
371 182
371 61
371 262
371 923
372 447
373 397
373 580
373 692
374 852
374 749
374 250
374 784
374 286
374 118
374 262
374 940
374 317
374 839
374 837
374 197
374 115
374 286
374 242
374 716
374 799
374 450
374 890
375 240
375 751
375 347
375 380
375 270
375 818
376 195
376 747
376 531
376 590
376 208
376 732
376 61
376 374
376 208
376 115
376 423
376 883
377 566
377 883
378 219
379 290
379 750
379 281
379 845
379 818
379 316
379 407
379 317
379 645
379 255
380 380
380 27
380 379
380 115
380 271
380 436
380 945
380 701
380 409
380 478
380 264
380 493
380 414
380 762
380 315
380 523
380 46
380 180
380 649
380 169
380 132
380 111
380 810
380 789
380 280
380 1003
380 691
380 31
380 315
380 482
380 835
380 79
380 894
380 1002
380 270
380 257
380 215
380 397
380 295
380 976
380 619
380 409
380 809
380 739
380 861
380 50
380 526
380 718
380 338
380 678
380 579
380 195
380 711
380 115
380 781
380 692
380 592
380 958
380 317
380 983
380 785
380 530
381 316
381 693
381 635
381 890
381 844
381 316
381 673
381 946
381 695
381 241
381 708
381 239
381 774
381 760
381 232
381 638
381 438
381 852
381 370
381 316
381 805
381 201
381 703
381 570
381 397
381 797
381 433
381 992
381 733
381 883
383 315
383 678
383 52
383 123
383 849
383 936
383 493
383 363
383 672
383 195
384 810
385 643
385 606
385 172
385 132
385 814
385 695
385 730
385 354
385 489
385 532
385 700
385 1002
385 745
385 962
385 157
385 976
385 103
385 692
385 659
385 28
385 952
385 185
386 559
386 232
386 132
386 573
386 166
387 979
387 197
387 168
388 197
388 300
388 118
388 718
388 982
388 79
388 696
388 270
388 828
388 180
388 23
388 742
388 695
388 119
388 261
388 858
388 555
388 193
388 102
388 143
389 485
389 23
389 364
389 360
389 638
389 688
389 788
389 919
389 857
389 105
389 456
389 601
389 609
389 835
389 181
389 848
389 380
389 898
389 828
389 115
389 601
390 685
391 881
393 795
393 533
393 121
393 694
393 659
394 881
395 423
395 194
395 361
395 735
395 432
395 248
395 503
395 552
395 490
395 691
395 643
395 198
395 849
395 642
395 690
395 653
395 708
395 904
395 526
395 829
395 476
395 471
395 270
395 112
395 229
395 953
395 704
396 530
396 214
396 185
396 648
397 593
397 288
397 559
397 708
397 653
397 970
397 648
397 297
397 964
397 705
397 728
397 208
397 614
397 130
397 951
397 105
397 965
397 250
397 427
397 424
397 438
397 261
397 141
397 197
397 370
397 152
397 211
397 266
397 1019
397 533
397 605
397 915
397 459
397 708
397 835
397 746
397 696
397 747
397 52
397 700
398 530
398 986
398 197
398 905
398 864
398 325
398 582
398 994
398 839
398 557
398 975
398 424
399 883
399 505
399 182
400 825
400 475
401 688
401 409
401 289
401 939
401 325
401 172
401 801
403 409
403 370
403 303
403 974
403 653
403 275
404 219
405 292
405 973
405 281
405 564
405 953
407 946
407 974
407 180
407 818
407 770
407 855
407 363
407 113
408 757
409 222
409 762
409 957
409 700
409 634
409 1022
409 926
409 794
409 936
409 397
409 215
409 45
409 826
409 455
409 666
409 582
409 439
409 499
409 370
409 888
409 700
409 103
409 54
409 976
409 751
409 693
409 861
409 917
409 566
409 88
409 376
409 227
409 360
409 203
409 77
409 199
411 280
411 566
412 655
413 87
413 272
413 711
414 115
414 1018
414 162
414 494
414 315
414 609
414 861
414 223
414 261
414 484
414 195
414 974
415 139
416 949
416 317
416 879
416 559
416 325
416 642
416 1005
416 87
417 811
417 653
417 578
418 136
419 918
419 630
419 715
419 169
419 23
419 885
419 113
419 469
419 733
419 172
419 247
419 359
419 657
420 694
420 505
420 557
421 559
421 297
422 326
422 87
422 545
422 502
423 951
423 325
423 380
423 572
423 622
424 898
424 627
424 152
424 433
424 809
424 427
424 433
424 579
424 643
424 160
424 262
424 627
424 229
424 852
424 997
424 127
424 543
424 479
424 195
424 936
424 459
424 209
424 965
424 1003
424 283
425 607
425 505
425 674
425 648
425 958
426 92
426 209
426 270
426 465
426 678
426 180
426 55
426 849
426 317
426 946
426 369
427 848
427 23
427 717
427 691
427 186
427 290
427 61
427 228
427 653
427 527
427 647
427 270
427 826
427 200
427 570
427 376
427 926
427 197
427 747
427 219
428 433
428 90
428 214
428 789
428 844
430 858
430 70
430 473
430 300
431 678
432 939
432 611
432 817
432 976
433 25
433 466
433 385
433 614
433 1014
433 350
433 32
433 797
433 397
433 420
433 983
433 88
433 543
433 70
433 512
433 594
433 582
433 922
433 82
433 394
433 867
433 459
433 211
433 166
433 316
433 414
433 152
433 1005
433 808
433 298
433 704
433 295
433 1003
433 173
433 881
433 197
433 118
433 647
433 469
433 830
433 433
433 593
433 337
433 537
433 904
433 272
433 1022
434 193
436 584
436 315
436 478
436 337
436 618
437 197
437 440
437 684
437 940
437 447
437 712
437 653
437 318
439 718
439 609
439 747
439 262
439 223
439 868
439 845
439 323
439 818
439 211
439 619
439 318
439 263
439 946
440 708
440 579
440 846
440 133
440 899
441 510
441 185
441 863
441 713
443 653
443 424
443 530
443 492
443 484
445 928
445 279
445 863
446 195
447 726
447 808
447 849
447 747
447 780
447 405
447 423
447 626
447 358
447 592
447 87
447 751
447 433
447 297
447 469
448 508
448 523
449 31
450 730
450 883
450 665
450 364
450 661
450 713
450 791
450 692
450 383
450 50
450 419
450 919
450 904
450 149
450 582
451 657
452 39
453 186
455 189
455 740
455 742
455 261
455 753
455 679
455 874
456 713
456 946
456 826
456 980
456 163
456 359
456 71
456 694
456 477
456 811
458 919
458 917
458 747
458 898
458 525
458 976
458 564
458 484
458 861
458 115
458 262
458 718
458 209
458 817
458 244
458 456
459 486
459 830
459 543
459 369
459 512
459 83
459 193
459 257
459 54
459 250
459 88
459 280
459 579
459 589
459 219
459 316
459 552
459 817
459 818
459 596
459 717
459 424
459 874
459 353
459 425
459 47
459 529
459 978
459 659
459 395
459 613
459 684
459 270
461 360
461 71
461 318
461 270
461 409
461 425
461 947
461 752
461 728
463 316
464 926
464 97
464 293
464 416
464 818
464 677
464 653
464 714
464 607
464 810
464 409
464 817
464 317
464 316
465 917
465 708
465 635
465 39
465 872
465 143
465 735
465 395
465 937
465 243
465 936
465 974
465 36
465 776
465 437
465 674
465 266
465 708
465 144
465 290
465 297
465 638
465 709
465 316
465 840
465 81
465 132
465 383
465 603
465 868
465 360
465 121
465 316
465 84
465 826
465 693
465 667
465 181
465 627
465 99
465 762
465 770
465 193
465 527
465 789
465 225
465 760
465 979
465 124
465 185
465 197
465 208
465 537
465 290
466 389
466 27
466 527
466 409
468 375
468 760
469 638
469 592
469 875
469 186
469 293
469 929
469 570
469 87
469 819
469 131
469 683
469 607
469 795
469 712
469 61
469 911
469 456
469 818
470 787
470 607
470 974
470 191
470 918
470 648
470 503
470 640
470 694
470 696
470 1003
470 649
470 718
470 983
470 747
471 114
471 297
471 858
471 105
471 900
471 465
471 477
471 176
471 779
471 670
471 641
471 693
471 695
471 559
471 432
471 353
472 465
472 673
472 459
472 92
472 92
472 953
472 566
472 302
472 811
472 512
472 289
473 125
473 898
473 92
473 975
473 219
473 966
473 342
473 143
473 692
474 881
474 809
474 818
474 627
474 320
474 965
474 897
474 663
474 635
475 792
475 401
475 607
475 353
475 609
475 527
475 115
475 71
475 57
475 64
475 618
475 182
475 601
475 972
475 197
475 684
476 994
476 439
476 713
476 852
476 849
476 727
477 709
477 794
477 863
477 693
477 776
477 707
477 972
477 666
477 638
477 932
477 271
477 92
477 85
477 423
477 71
477 715
478 633
478 160
478 147
478 325
478 519
478 320
478 409
478 405
478 79
478 232
478 270
478 808
478 333
479 195
479 1019
479 380
479 601
479 750
479 470
479 180
479 836
479 231
479 543
479 798
479 115
479 557
479 666
479 601
479 613
481 642
481 31
481 295
482 211
482 32
482 485
484 685
484 105
484 551
484 510
484 381
484 758
484 628
484 894
484 910
484 891
485 191
485 787
485 925
485 76
485 374
485 848
485 257
485 613
485 223
485 810
485 289
485 28
486 1014
486 347
486 424
486 848
488 490
488 810
489 315
489 971
489 489
489 299
489 932
489 314
490 846
490 557
490 215
490 980
490 774
490 684
490 668
490 396
490 795
490 783
490 912
491 121
491 400
491 263
491 456
491 638
491 878
491 869
491 80
491 527
491 353
491 505
491 96
491 919
491 633
491 810
491 746
491 35
491 54
491 317
491 635
492 194
492 852
493 891
493 934
493 465
493 741
493 152
493 1002
493 185
493 92
493 747
494 433
494 400
494 925
494 695
494 666
494 214
494 189
494 211
495 543
495 845
495 995
497 884
497 85
497 209
498 232
499 503
499 124
499 1005
500 494
501 684
501 909
501 194
502 877
502 770
502 381
502 739
502 803
502 521
502 858
502 739
502 325
502 789
502 974
503 211
503 589
503 558
503 180
503 561
503 642
503 1002
503 25
503 648
503 555
503 578
503 279
503 320
503 770
503 635
503 270
503 237
503 211
503 208
503 694
503 433
503 457
504 307
504 232
504 953
504 814
504 477
504 247
504 247
504 918
504 261
504 818
504 851
504 645
504 485
504 958
505 684
505 40
505 982
505 348
505 570
505 570
505 126
505 666
505 770
505 661
505 789
505 86
505 946
505 397
505 197
505 635
505 734
505 519
505 182
505 936
505 907
505 605
505 317
505 89
505 666
505 903
505 835
505 516
505 648
505 533
506 601
506 837
506 469
506 552
506 929
506 945
506 692
506 946
506 36
506 806
507 195
507 338
507 190
507 395
507 477
508 818
508 60
508 867
508 280
508 389
509 208
509 708
510 701
510 926
510 939
510 521
510 688
510 917
510 361
512 194
512 127
512 113
512 369
512 459
512 246
512 739
512 634
512 718
512 713
512 777
512 331
512 271
512 292
512 971
512 789
513 358
513 262
513 1010
513 157
513 397
515 876
515 582
516 1003
516 32
516 821
516 981
516 92
516 718
516 754
516 692
516 983
516 195
516 745
516 941
516 61
516 568
516 647
516 180
516 760
516 335
516 649
516 368
516 601
516 861
516 457
516 613
517 982
517 465
517 839
517 607
517 849
518 364
518 693
519 20
519 970
519 627
519 898
519 972
519 767
519 306
519 488
519 935
519 678
519 810
519 819
519 427
519 505
519 603
519 601
519 898
519 217
519 724
519 326
519 922
520 516
520 692
521 420
522 652
523 566
523 203
523 164
523 742
523 317
523 87
524 574
524 182
524 35
524 673
524 992
524 760
524 577
525 734
525 380
525 374
525 595
525 762
525 933
525 829
525 690
525 885
525 896
526 669
526 844
526 439
526 497
526 92
526 679
526 99
526 722
526 252
526 286
526 638
526 723
526 158
526 215
526 326
526 926
526 627
526 754
526 530
526 691
526 385
526 718
526 316
526 232
526 797
527 760
527 972
527 512
527 231
527 88
527 461
527 917
527 568
527 20
527 304
527 375
527 32
527 1013
527 693
527 325
527 516
527 648
527 526
527 564
527 848
527 219
527 527
529 45
529 193
530 456
530 980
530 471
530 997
530 126
530 195
530 505
530 747
530 121
530 163
530 688
530 166
530 360
530 364
530 333
530 331
531 631
531 465
532 868
532 559
532 237
532 621
533 315
533 115
533 578
533 363
533 414
533 648
533 469
533 37
533 172
533 932
533 826
533 456
533 578
533 708
534 380
534 939
534 760
534 635
534 86
534 692
534 693
534 526
534 708
535 191
535 972
535 427
535 626
535 262
535 835
536 920
536 266
536 907
536 61
536 281
536 878
536 453
536 979
537 308
537 741
537 666
537 713
537 56
537 248
537 527
537 152
537 85
537 253
539 237
539 138
539 798
539 76
540 973
540 746
541 816
541 976
541 407
542 395
542 360
542 872
542 139
542 672
542 630
542 663
542 675
542 774
542 51
542 309
543 59
543 554
543 23
543 592
543 350
543 31
543 723
543 481
545 818
545 699
545 962
545 692
545 401
545 123
545 195
545 316
545 552
545 297
546 465
546 557
547 642
547 797
547 316
548 109
548 603
548 497
548 858
548 180
549 160
549 101
549 708
549 176
549 771
550 631
550 810
550 319
550 592
550 325
550 648
550 546
551 643
551 409
552 175
552 881
552 595
552 692
552 222
552 152
552 997
552 692
552 289
552 350
552 374
552 631
552 262
552 747
552 406
552 735
552 614
552 319
552 494
552 147
552 801
553 910
554 527
554 673
554 925
555 601
555 214
555 490
555 918
555 655
555 295
555 88
555 586
555 700
555 562
555 363
555 138
555 700
556 635
556 263
556 674
556 381
556 584
556 883
556 972
556 65
556 693
556 428
556 848
556 825
556 592
556 281
557 197
557 649
557 370
557 295
557 801
557 640
557 780
557 271
557 997
557 694
557 152
557 248
557 649
557 381
557 622
558 471
559 436
559 596
559 400
559 888
559 674
559 363
559 1008
559 380
559 965
559 971
559 491
559 54
559 937
559 704
559 101
559 233
559 283
559 722
560 215
560 335
560 647
560 100
560 693
560 776
560 745
560 262
560 479
560 23
560 649
560 395
560 113
561 717
562 904
563 363
564 936
564 223
564 666
564 760
564 364
565 894
565 463
565 809
565 105
565 115
565 852
565 910
565 934
565 101
565 316
565 144
566 984
566 653
566 601
566 376
566 556
566 934
566 595
566 718
566 597
566 31
566 259
566 897
566 561
566 213
566 666
566 690
566 115
566 669
567 692
567 383
567 476
568 974
569 678
569 209
569 627
569 947
569 708
569 828
569 839
569 645
570 683
570 619
570 966
570 115
570 750
570 864
570 872
570 461
571 516
571 929
571 172
571 970
571 519
571 967
571 186
571 503
571 571
571 595
571 422
571 858
571 432
571 262
571 926
571 579
571 197
572 263
573 910
573 640
573 609
573 472
573 635
574 994
575 47
575 433
575 374
577 858
577 979
577 376
577 119
577 317
577 270
578 638
578 678
578 211
578 55
578 469
578 666
578 592
578 485
578 945
578 52
578 280
578 353
578 883
579 397
579 614
579 994
579 595
579 556
579 167
580 297
580 922
580 132
581 71
581 118
581 180
581 280
581 149
582 559
582 194
582 574
582 516
582 50
582 971
582 558
582 774
582 915
582 315
582 789
582 219
582 660
582 965
582 395
582 465
582 979
582 124
582 101
582 92
582 532
582 961
582 360
583 570
583 619
583 919
583 858
583 193
583 397
583 338
583 380
583 592
583 741
583 666
584 380
584 270
584 640
584 213
584 271
584 69
584 331
584 286
585 839
586 653
586 376
586 87
586 684
586 182
586 767
586 181
587 911
587 315
587 405
587 330
587 197
587 602
588 281
588 376
588 557
588 133
588 242
588 103
589 232
589 263
589 59
589 142
589 694
589 237
589 960
589 627
589 595
589 272
591 939
591 103
591 316
592 113
592 306
592 653
592 157
592 113
592 717
592 508
592 949
592 855
592 715
592 818
592 380
592 84
593 883
593 186
593 144
593 545
593 197
593 97
593 631
593 713
593 193
593 315
593 409
593 524
594 540
594 461
595 315
595 151
595 545
595 849
595 983
595 654
595 700
595 638
595 826
595 972
595 909
595 407
595 839
595 649
595 197
595 720
595 818
595 722
595 306
596 749
596 508
596 193
596 270
596 422
596 374
596 1002
596 542
596 270
596 475
597 215
597 884
597 255
597 527
597 347
597 491
597 510
597 566
597 635
597 53
598 875
598 504
598 556
598 145
598 684
598 881
598 508
600 315
600 325
600 893
601 306
601 652
601 293
601 340
601 1000
601 592
601 818
601 297
601 121
601 503
601 669
601 232
601 708
601 180
601 485
601 849
601 85
601 478
601 477
601 906
601 270
601 958
601 54
601 559
601 380
601 864
601 608
601 512
601 441
601 424
603 693
603 377
603 115
603 798
603 357
603 71
603 708
603 757
603 219
603 76
603 459
603 1018
603 917
603 642
604 506
605 760
605 535
605 751
605 56
605 818
605 197
606 702
606 40
606 720
607 226
607 666
607 848
607 828
607 363
607 519
607 739
607 904
607 893
607 904
607 635
607 898
607 690
607 220
607 693
607 472
607 607
607 262
607 655
607 373
607 607
607 315
607 409
608 655
608 297
609 875
609 215
609 122
609 99
609 972
609 295
609 512
609 497
609 373
609 297
609 375
609 700
609 295
609 962
609 746
609 427
609 297
609 779
609 176
609 453
609 852
609 111
609 583
609 858
609 953
609 263
609 149
609 548
609 815
609 231
609 295
609 609
609 197
609 345
609 315
609 350
609 708
610 530
611 684
612 525
612 962
612 702
612 306
612 934
612 262
612 231
613 581
613 306
613 767
613 327
613 891
613 195
613 175
613 1005
613 352
613 289
613 436
613 700
614 713
614 61
614 494
614 809
614 45
614 280
614 799
614 54
614 47
614 747
614 363
614 818
614 39
614 747
614 809
614 397
614 751
616 503
616 660
616 569
616 424
616 726
616 426
616 188
616 242
617 447
618 809
618 613
618 951
618 337
618 211
618 939
618 648
619 872
619 761
619 271
619 855
619 760
619 459
619 124
619 584
619 684
619 705
619 23
619 783
620 631
620 684
620 182
620 601
621 939
621 280
621 542
621 1003
621 258
621 659
621 630
621 797
621 97
621 523
621 465
621 595
621 405
621 537
621 806
622 578
622 174
622 718
622 87
622 827
622 663
622 27
622 707
622 132
622 262
622 186
622 79
622 223
624 811
624 673
624 885
625 228
625 975
626 684
626 477
627 570
627 972
627 213
627 243
627 166
627 899
627 607
627 49
627 741
627 816
627 762
627 470
627 257
627 298
627 494
627 818
627 422
627 884
627 929
627 614
627 195
627 374
627 360
627 262
627 57
627 496
627 325
627 211
627 638
627 666
627 571
627 839
627 388
627 1001
627 939
627 455
627 144
627 385
627 983
627 988
628 717
628 271
628 239
628 433
628 424
629 816
630 826
630 623
630 510
630 876
630 119
630 381
630 409
630 106
630 337
630 647
630 700
630 524
630 297
630 244
630 197
630 519
630 116
630 648
630 779
630 634
630 112
630 539
630 262
630 476
630 461
630 917
631 678
631 643
631 649
631 972
631 24
631 940
631 990
631 742
631 472
631 409
631 982
632 226
633 28
633 143
634 54
634 607
634 551
634 195
634 751
634 222
635 29
635 701
635 653
635 64
635 142
635 848
635 534
635 41
635 368
635 374
635 458
635 655
635 861
635 66
635 946
635 653
635 673
635 537
635 797
635 664
635 355
635 536
635 94
635 249
635 640
635 421
635 881
635 158
635 262
635 325
635 570
635 363
635 123
635 936
635 135
635 581
635 918
635 57
635 315
635 122
635 751
635 671
635 412
635 89
635 984
636 619
638 907
638 638
638 530
638 781
638 206
638 300
638 469
638 614
638 433
638 917
638 327
638 552
638 655
638 208
638 442
638 653
639 459
639 297
640 88
640 226
640 666
640 682
640 866
640 992
640 419
640 573
640 370
640 801
641 747
641 369
641 249
641 781
642 43
642 939
642 678
642 993
642 760
642 695
642 609
642 244
642 718
642 708
642 818
642 203
642 760
642 594
642 747
642 638
642 317
642 684
642 166
642 879
643 571
643 440
643 211
643 718
643 67
643 844
643 299
643 917
643 582
643 375
643 779
643 401
643 115
643 1014
643 960
643 211
644 144
644 1012
644 291
645 818
645 126
645 779
645 795
645 508
645 818
645 279
645 195
645 409
645 41
645 1014
646 692
647 172
647 407
647 385
647 244
647 48
647 760
647 221
647 126
647 297
647 730
647 652
647 891
647 320
647 125
647 382
647 653
647 428
647 582
647 947
647 270
647 749
647 666
647 770
647 306
647 39
647 771
647 215
648 315
648 125
648 924
648 337
648 465
648 861
648 48
648 611
648 837
648 746
648 848
648 224
648 61
648 512
648 747
648 789
648 972
648 760
648 995
648 852
648 211
648 635
648 842
648 504
648 23
648 52
648 32
648 250
648 103
648 881
648 370
648 750
648 245
648 459
648 223
649 902
649 563
649 792
649 852
649 919
649 861
649 940
649 232
649 718
649 794
649 79
649 186
649 237
649 230
649 172
649 270
649 815
649 609
649 670
649 247
649 793
649 271
649 537
649 143
649 980
649 949
649 609
649 475
649 322
649 946
649 193
649 635
649 281
649 643
649 211
649 849
649 499
650 474
650 603
650 315
651 530
652 848
652 919
652 733
652 841
652 812
652 308
652 490
652 882
652 816
652 526
652 666
652 172
652 505
652 119
652 60
652 31
652 289
652 694
652 380
653 489
653 123
653 163
653 92
653 651
653 363
653 489
653 925
653 713
653 984
653 59
653 380
653 883
653 230
653 609
653 342
653 59
653 381
653 317
653 880
653 980
653 917
653 146
653 439
653 958
653 250
653 327
653 427
654 607
654 99
655 849
655 152
655 424
655 648
655 728
655 940
655 666
655 228
655 517
655 649
655 848
655 195
655 489
655 643
655 522
655 195
656 818
656 125
656 563
656 152
656 718
656 848
657 208
657 956
657 777
657 543
657 262
657 700
657 180
657 352
657 704
659 974
659 780
659 580
659 936
659 1005
659 232
661 979
661 175
661 474
661 551
661 926
661 570
661 888
661 262
661 261
661 315
661 115
661 781
661 818
661 692
662 677
663 649
663 279
663 335
663 407
663 118
663 271
663 130
664 780
664 861
664 526
664 517
664 232
664 302
664 933
665 883
665 704
665 640
665 472
665 45
665 849
665 419
665 137
666 149
666 992
666 87
666 779
666 263
666 121
666 929
666 270
666 135
666 609
666 684
666 734
666 230
666 704
666 660
666 458
666 559
666 767
666 688
666 519
666 409
666 559
666 272
666 232
666 395
666 486
666 659
666 779
666 262
666 465
666 883
666 677
666 290
666 938
666 808
666 261
666 182
666 890
666 60
666 960
666 312
666 721
666 416
666 839
666 747
666 230
666 115
666 642
666 619
666 951
666 290
666 995
666 447
667 255
667 983
667 122
667 652
667 974
668 609
668 240
669 201
669 666
669 958
669 125
669 627
670 988
670 264
670 642
670 694
670 818
670 465
670 713
670 193
670 270
671 672
671 928
672 359
672 570
672 678
672 316
672 166
672 787
672 271
672 653
672 537
672 762
672 621
673 695
673 58
673 986
673 972
673 146
674 715
674 70
674 21
674 197
676 645
676 798
677 214
677 172
677 784
677 262
677 703
677 971
677 849
677 262
677 447
677 777
677 270
678 479
678 337
678 797
678 881
678 622
678 976
678 769
678 154
678 746
678 946
678 684
678 458
678 469
678 981
678 893
678 818
678 21
679 316
679 849
679 936
679 755
679 542
679 381
679 465
679 939
679 470
679 627
679 400
679 614
679 870
682 579
682 818
683 423
683 997
683 479
684 232
684 848
684 627
684 175
684 485
684 152
684 852
684 484
684 613
684 899
684 297
684 684
684 554
684 439
684 517
684 20
684 519
684 175
684 88
684 485
684 326
684 583
684 465
684 45
684 172
684 297
684 905
684 350
684 848
684 762
684 757
684 700
684 855
684 883
684 979
684 224
684 270
684 113
684 32
684 875
684 814
684 490
684 99
684 983
684 75
684 684
684 779
685 877
685 108
685 380
685 1002
685 195
685 252
685 946
685 350
685 476
685 479
685 351
686 600
687 580
687 465
688 325
688 113
688 868
688 849
688 329
688 601
688 436
688 868
688 87
688 117
688 31
688 98
688 757
688 649
688 197
688 902
689 35
690 316
690 144
690 630
690 810
690 43
690 707
690 747
690 232
690 470
690 812
690 983
690 569
690 691
690 939
691 306
691 165
691 61
691 263
691 297
691 946
691 108
691 953
691 700
691 353
691 635
691 485
692 627
692 907
692 559
692 242
692 409
692 693
692 202
692 917
692 915
692 180
692 554
692 749
692 193
692 993
692 132
692 965
692 643
692 992
692 726
692 974
692 247
692 375
692 630
692 255
692 584
692 580
692 839
692 262
692 265
692 512
692 182
692 516
692 465
692 64
692 55
692 557
692 880
692 747
692 809
693 570
693 494
693 389
693 55
693 621
693 37
693 193
693 54
693 853
693 592
693 510
693 653
693 698
693 263
693 237
693 946
693 684
693 609
693 232
693 727
693 790
693 39
693 729
693 972
693 527
693 648
693 394
693 818
693 926
693 893
693 144
694 295
694 984
694 792
694 577
694 530
694 661
694 952
694 858
694 917
694 465
694 574
694 601
694 364
694 692
694 609
694 919
694 241
694 64
694 904
694 917
694 414
694 780
694 245
694 808
695 742
695 890
695 635
695 259
695 388
695 232
695 747
695 828
695 713
695 670
695 242
695 439
695 717
695 760
696 653
696 526
696 542
696 351
696 806
696 622
696 491
696 428
697 367
698 364
698 652
698 919
699 126
699 806
699 197
700 806
700 166
700 679
700 381
700 545
700 503
700 97
700 953
700 532
700 103
700 434
700 453
700 271
700 363
700 652
700 607
700 253
700 849
700 705
700 747
700 972
700 159
700 707
700 573
700 259
700 373
700 166
700 279
700 465
700 635
700 142
700 846
700 566
700 243
700 561
700 380
700 232
700 21
700 980
700 420
700 53
700 381
700 364
701 388
701 252
701 461
701 780
701 801
701 638
701 186
701 810
701 618
701 323
701 417
701 447
701 1004
702 316
702 784
702 527
704 28
704 503
704 364
704 630
704 556
704 271
704 787
704 88
704 447
704 753
704 125
704 272
704 247
704 478
704 352
704 1012
704 81
705 899
705 325
705 182
705 182
705 98
705 395
705 148
705 1013
705 275
705 921
705 172
705 135
705 673
705 592
705 649
705 252
705 760
705 255
705 821
706 23
707 405
707 121
707 666
708 692
708 532
708 255
708 383
708 848
708 317
708 942
708 360
708 974
708 958
708 648
708 827
708 166
708 649
708 79
708 257
708 141
708 474
708 186
708 904
708 124
708 78
708 433
708 374
708 214
708 907
708 693
708 297
708 898
708 363
708 447
708 684
708 642
708 695
708 180
708 195
708 622
708 295
709 635
709 1005
710 48
711 527
711 543
711 359
711 733
711 698
712 537
712 949
712 579
713 688
713 102
713 801
713 972
713 518
713 910
713 936
713 911
713 270
713 967
713 539
713 661
713 537
713 338
713 27
713 658
713 747
713 728
713 280
713 705
713 506
713 733
713 595
714 818
714 280
715 661
716 904
716 852
716 718
716 926
716 958
716 648
716 578
717 640
717 516
717 315
717 907
717 219
717 1009
717 946
717 642
717 638
717 512
717 61
717 279
718 115
718 119
718 983
718 613
718 735
718 712
718 694
718 972
718 883
718 126
718 818
718 598
718 722
718 469
718 741
718 336
718 505
718 571
718 230
718 149
718 193
718 866
718 388
718 819
718 459
718 368
718 433
718 649
718 664
718 88
718 609
718 584
718 531
718 87
718 424
718 940
718 225
719 839
719 31
719 326
721 989
722 364
722 240
722 581
722 127
722 889
722 465
722 780
722 583
722 23
723 614
723 485
723 661
723 704
723 289
723 713
723 137
723 861
723 1002
724 491
724 559
724 939
724 504
724 535
724 87
724 770
726 939
726 395
727 582
727 21
727 641
727 225
727 904
727 505
727 308
727 424
727 213
728 918
728 316
728 939
728 53
728 897
728 527
728 607
729 1005
729 613
730 557
730 542
730 193
730 87
730 864
730 215
730 279
730 48
730 730
730 885
730 620
732 76
732 197
732 826
733 739
733 486
733 607
733 147
733 181
734 124
734 952
734 325
734 409
734 433
735 906
735 295
735 677
735 746
735 419
735 839
735 566
735 866
735 437
735 585
735 693
735 788
736 67
736 911
736 190
736 752
736 334
736 172
738 811
739 913
739 172
739 868
739 376
739 938
739 844
739 569
739 316
739 232
739 373
739 450
740 397
740 142
740 53
740 835
740 658
740 922
740 978
740 478
740 552
741 588
741 655
741 861
741 354
741 97
741 579
741 276
742 353
742 787
742 718
742 814
742 37
742 679
742 506
742 163
742 400
742 918
742 238
742 360
743 82
743 197
743 271
743 604
743 37
745 167
745 377
745 957
745 1013
745 522
746 527
746 747
746 674
746 316
746 946
746 966
746 761
746 450
746 747
746 517
746 330
746 126
746 589
746 935
747 395
747 801
747 666
747 194
747 670
747 512
747 37
747 589
747 425
747 475
747 587
747 186
747 475
747 938
747 143
747 31
747 745
747 601
747 232
747 607
747 810
747 263
747 981
747 563
747 257
747 717
747 454
747 691
747 825
747 910
747 516
747 635
747 693
747 237
747 169
747 849
747 98
747 97
747 323
747 564
747 331
747 195
747 87
747 211
747 90
747 238
747 808
747 1005
747 172
747 346
747 239
747 208
747 612
747 443
747 297
747 56
747 819
747 75
747 186
747 424
747 351
747 552
747 597
747 622
747 961
747 524
747 579
747 718
747 337
748 582
748 808
748 627
749 291
749 897
749 708
749 325
749 901
749 380
749 316
749 946
749 918
749 26
749 677
749 678
750 849
750 955
750 643
750 684
750 471
750 430
750 115
750 837
750 166
751 259
751 757
751 397
751 648
751 279
751 728
751 704
751 747
751 727
751 190
751 601
751 922
751 389
751 826
752 316
752 270
752 424
752 607
752 89
752 490
752 648
752 316
753 407
753 601
753 665
754 779
754 790
754 547
754 929
754 693
754 910
756 320
756 115
757 317
757 526
757 491
757 469
757 589
757 270
757 893
758 458
759 395
759 653
759 607
759 263
760 503
760 657
760 503
760 182
760 265
760 747
760 596
760 661
760 925
760 871
760 643
760 474
760 717
760 907
760 754
760 197
760 795
760 824
760 281
760 631
760 486
760 35
760 523
760 126
760 883
760 115
760 927
760 750
760 52
760 685
760 464
760 166
760 779
760 248
760 39
760 527
760 527
760 812
760 491
760 849
760 844
760 92
760 904
760 708
760 185
760 485
760 779
760 980
760 872
760 316
760 152
760 750
760 817
760 609
760 582
761 685
762 550
762 641
762 613
762 559
762 630
762 48
762 298
762 61
762 138
762 537
762 678
763 947
763 381
763 521
763 354
763 972
764 314
764 898
764 627
764 780
766 742
766 949
767 359
767 215
767 338
767 619
767 837
769 630
770 661
770 34
770 479
770 829
770 746
770 293
770 503
770 142
770 939
770 597
770 97
771 205
771 684
771 186
771 692
771 992
771 864
771 1016
771 516
771 635
771 666
772 848
773 158
773 485
774 601
774 374
774 263
774 530
774 195
774 197
774 219
774 922
774 456
774 984
776 592
776 403
776 708
776 87
776 742
776 92
777 972
777 700
777 67
778 553
778 818
779 381
779 135
779 71
779 831
779 517
779 818
779 739
779 934
779 277
779 944
779 855
779 684
779 603
779 961
779 37
779 818
779 494
779 314
779 426
779 552
780 503
780 635
780 354
780 645
780 881
780 719
780 728
780 622
780 185
780 585
780 811
780 672
780 918
780 306
780 666
780 316
780 430
781 614
781 465
781 226
781 958
781 177
781 678
781 907
781 197
781 419
783 252
783 172
783 917
783 37
783 131
783 273
783 515
783 664
784 203
784 524
784 532
784 485
784 818
784 191
785 771
787 99
787 121
787 427
787 1003
787 684
787 308
787 163
787 360
787 686
788 890
788 557
788 565
789 92
789 760
789 958
789 946
789 433
789 303
789 692
789 928
789 324
789 810
789 263
789 855
789 409
789 23
789 185
789 597
789 315
789 300
790 237
790 717
790 381
790 297
790 295
790 648
790 299
790 105
790 226
790 631
791 465
792 271
792 570
792 292
792 464
792 578
792 552
792 325
792 67
792 874
792 465
793 486
794 635
794 45
794 837
794 32
795 909
795 426
795 693
795 502
795 190
795 424
796 409
796 593
796 601
796 283
796 88
797 754
797 539
797 270
797 810
797 426
797 32
797 447
797 388
797 818
797 672
797 398
797 21
797 316
797 711
798 737
798 471
798 806
798 325
798 684
798 917
798 141
801 974
801 263
801 238
801 239
801 607
801 974
801 586
801 217
801 441
801 621
801 633
801 684
801 694
801 315
801 694
801 250
801 946
801 627
801 232
801 846
801 949
804 792
806 503
806 621
806 163
806 85
806 596
806 429
808 729
808 419
808 338
808 403
808 897
808 315
808 325
808 274
808 280
808 552
808 337
808 186
808 395
808 381
808 280
808 867
808 758
808 471
808 810
809 826
809 397
809 956
809 733
810 163
810 71
810 664
810 46
810 597
810 98
810 869
810 557
810 271
810 262
810 649
810 387
810 45
810 398
810 670
810 237
810 638
810 21
810 929
810 186
810 609
810 385
810 844
810 31
810 380
810 278
810 121
810 323
810 470
810 263
810 499
810 762
810 808
810 693
811 904
811 936
811 370
811 742
811 443
811 551
811 527
811 512
811 922
811 263
811 339
811 766
812 872
812 506
812 193
812 379
812 459
812 946
812 542
812 795
812 271
812 730
812 493
812 776
812 928
812 163
812 447
813 760
814 353
814 232
814 235
814 379
814 760
814 370
814 692
814 627
814 360
814 397
814 261
814 573
814 630
814 491
814 579
815 919
816 673
816 549
816 519
816 747
816 479
816 270
817 61
817 564
817 616
817 849
817 351
817 533
817 641
817 635
817 939
817 465
817 692
817 80
817 206
818 595
818 904
818 712
818 416
818 849
818 1005
818 70
818 607
818 59
818 250
818 752
818 994
818 183
818 232
818 862
818 939
818 677
818 550
818 78
818 386
818 477
818 890
818 694
818 700
818 231
818 315
818 304
818 525
818 433
818 86
818 879
818 720
818 357
818 382
818 811
818 666
818 132
818 625
818 705
818 918
818 417
818 657
818 614
818 317
818 911
818 965
818 79
818 286
818 503
818 213
818 53
818 911
818 760
819 542
819 811
819 946
819 936
819 232
819 958
819 789
819 936
819 627
819 409
819 441
819 149
819 858
819 88
820 375
821 459
821 388
821 974
821 527
821 760
821 93
821 976
822 328
823 437
823 635
823 277
823 97
823 826
824 517
824 193
825 477
825 693
825 61
825 994
825 263
825 904
825 54
825 570
825 338
825 877
825 477
825 748
825 997
826 877
826 660
826 630
826 373
826 469
826 115
826 433
826 502
826 289
826 219
826 835
826 270
826 193
826 225
826 272
826 232
826 255
826 649
826 214
826 469
827 673
827 718
828 655
828 647
828 939
828 919
828 115
828 530
828 153
828 225
829 630
829 180
829 426
829 915
829 167
829 849
829 723
830 315
830 385
831 142
831 609
831 465
831 121
831 904
831 48
831 677
835 635
835 951
835 649
835 292
835 746
835 389
835 677
835 373
835 790
835 837
835 751
835 271
835 398
835 484
835 297
835 502
836 625
836 125
836 814
837 159
837 495
837 270
837 972
837 692
837 208
837 672
837 718
837 1005
838 55
839 760
839 742
839 707
839 465
839 582
839 380
839 193
839 684
839 275
839 400
839 172
839 505
839 774
839 416
839 649
839 940
839 577
839 701
839 657
839 533
839 981
839 810
839 259
839 627
839 735
839 631
839 747
839 172
839 920
840 974
840 25
840 821
840 797
840 325
841 559
841 524
841 381
841 635
841 159
841 789
841 147
841 627
841 747
841 994
841 465
841 564
841 359
841 199
842 98
843 92
844 818
844 627
844 297
844 409
844 800
844 31
844 635
844 853
844 706
844 760
844 595
844 275
844 339
844 115
845 565
845 848
845 583
845 97
845 864
845 388
845 27
845 1009
846 984
846 58
846 494
846 364
848 907
848 450
848 405
848 609
848 648
848 223
848 190
848 747
848 1003
848 135
848 923
848 880
848 475
848 816
848 722
848 1002
848 660
848 166
848 505
848 180
848 530
848 289
848 29
848 577
848 627
849 516
849 527
849 951
849 919
849 489
849 578
849 861
849 967
849 181
849 915
849 609
849 126
849 955
849 613
849 197
849 698
849 607
849 277
849 535
849 770
849 1012
849 52
849 147
849 293
849 193
849 299
849 968
849 376
849 608
849 299
849 152
849 684
850 179
850 898
850 741
850 552
850 213
850 666
850 876
850 760
850 135
851 884
851 648
851 702
852 860
852 121
852 195
852 798
852 835
852 976
852 368
852 700
852 883
852 747
852 115
852 364
852 684
852 684
852 545
852 595
852 771
852 653
852 272
852 531
852 465
852 918
852 631
852 485
852 1018
852 502
852 619
852 138
852 60
852 465
852 694
852 286
852 24
852 316
852 939
852 61
852 166
853 910
853 578
853 413
853 530
855 195
855 545
855 146
855 660
855 517
855 380
855 839
855 797
855 474
855 219
855 130
856 229
857 325
857 904
857 729
857 826
857 652
858 627
858 172
858 885
858 911
858 327
858 678
858 54
858 734
858 622
858 131
858 185
858 172
860 211
860 370
860 918
860 705
860 419
860 818
860 849
860 195
861 425
861 56
861 331
861 47
861 323
861 351
861 232
861 723
861 952
861 605
861 373
861 225
861 1008
861 666
861 741
861 835
861 505
861 929
861 926
862 197
862 306
862 872
862 635
862 848
862 878
862 223
862 464
863 593
863 582
863 484
863 316
863 270
863 816
863 812
863 465
864 507
864 347
864 195
864 1005
864 690
864 530
864 186
864 898
864 735
866 195
866 371
866 716
866 185
866 257
866 397
866 693
867 90
867 92
867 464
868 510
868 981
868 271
868 881
868 297
868 750
868 695
868 852
868 760
869 846
870 575
871 485
871 568
871 926
871 55
872 890
872 513
872 743
872 119
872 601
872 596
872 661
872 534
872 240
872 197
872 894
872 262
872 649
872 649
872 28
872 653
873 643
874 532
874 505
874 663
874 631
874 407
875 776
875 380
875 381
875 881
875 222
876 848
876 424
876 814
876 50
876 678
876 380
876 143
876 972
876 401
877 1013
877 666
877 904
877 574
877 132
877 421
877 546
878 890
878 464
878 747
878 790
878 317
878 491
878 1022
878 405
878 701
878 502
878 1002
879 642
879 779
879 211
879 792
880 306
880 926
880 289
880 118
880 677
880 684
880 409
881 477
881 494
881 1000
881 673
881 708
881 256
881 852
881 31
881 214
881 315
881 320
881 918
881 231
881 263
881 958
881 1013
881 717
881 939
881 949
881 31
881 433
881 227
881 788
881 917
882 853
882 84
882 193
883 980
883 888
883 484
883 557
883 250
883 552
883 566
883 542
883 858
883 679
883 252
883 685
883 846
883 955
883 606
883 138
883 673
883 877
883 273
883 877
883 197
883 917
884 958
884 926
884 249
884 263
884 181
884 752
885 597
885 121
885 865
885 898
885 571
885 541
885 172
885 264
885 456
885 54
885 248
886 930
888 750
888 146
888 315
888 633
888 1017
889 904
889 714
889 855
890 596
890 270
890 208
890 780
890 397
890 465
890 564
890 627
891 872
891 730
891 469
891 609
891 589
891 679
891 724
891 180
891 426
891 553
891 734
892 679
892 298
893 824
893 152
893 917
893 603
893 166
893 666
893 719
893 973
893 754
893 1003
893 242
893 898
894 581
894 700
894 526
894 647
896 158
896 115
896 915
896 564
896 87
896 353
896 621
896 535
896 172
896 649
897 586
897 917
897 47
898 935
898 197
898 828
898 315
898 493
898 373
898 845
898 818
898 655
898 479
898 231
898 723
898 761
898 666
898 690
898 97
898 331
898 197
898 405
898 958
898 159
898 477
898 124
898 290
898 239
898 526
898 480
899 978
899 708
900 409
900 243
901 898
901 1003
901 215
901 839
902 469
902 185
902 99
902 503
902 958
902 669
902 341
902 571
902 474
902 939
903 527
903 694
904 195
904 86
904 239
904 630
904 940
904 742
904 391
904 85
904 946
904 618
904 354
904 707
904 635
904 647
904 459
904 477
904 747
904 622
904 592
904 315
904 29
904 27
904 925
904 571
904 609
904 939
904 49
904 570
904 61
904 55
904 974
904 142
904 555
904 434
904 218
904 316
904 972
905 629
906 907
906 464
907 246
907 232
907 545
907 852
907 728
907 818
907 934
907 353
907 972
907 808
907 23
907 325
907 317
908 1011
909 97
909 271
909 690
909 978
909 243
910 919
910 537
910 810
910 288
910 867
910 840
910 637
910 690
910 585
910 649
910 767
910 979
910 926
911 645
911 760
911 539
911 896
911 315
911 491
911 474
911 138
912 852
912 826
912 67
912 427
915 556
915 124
915 461
915 678
915 195
915 379
915 486
915 526
915 213
915 111
915 374
915 685
915 972
915 103
915 308
915 125
915 989
915 56
915 166
915 774
915 995
916 713
917 239
917 485
917 432
917 713
917 426
917 835
917 810
917 149
917 491
917 115
917 486
917 701
917 577
917 951
917 592
917 157
917 424
917 527
917 810
917 352
917 363
917 760
917 527
917 634
917 79
917 172
917 926
917 1016
917 250
917 376
917 185
917 810
917 519
917 79
917 747
917 461
918 527
918 497
918 684
918 281
918 547
918 543
918 560
918 983
918 910
918 917
918 818
918 827
918 619
918 928
918 414
918 929
918 115
918 118
918 730
918 631
918 427
918 90
918 904
918 690
918 455
918 250
919 695
919 807
919 88
919 810
919 175
919 684
919 530
919 881
919 855
919 241
919 852
919 532
919 355
919 784
919 701
919 424
919 397
919 695
919 97
919 439
919 946
919 239
919 946
919 649
920 762
921 979
921 297
922 607
922 263
922 879
923 1019
923 566
923 647
923 762
923 97
923 917
924 995
924 829
924 474
925 320
925 484
925 808
925 106
925 552
925 328
926 609
926 113
926 211
926 495
926 624
926 747
926 537
926 169
926 443
926 638
926 195
926 597
926 25
926 808
926 619
926 864
926 451
926 167
926 565
926 141
926 978
926 592
926 718
926 1007
926 560
926 85
928 126
928 582
928 995
929 499
929 966
929 527
929 495
929 240
929 403
929 770
929 983
929 277
929 884
929 700
932 739
932 666
932 728
932 609
932 841
932 447
932 272
932 465
932 817
932 337
932 20
932 810
932 678
932 695
932 1002
932 818
932 242
932 535
932 684
932 664
933 180
933 132
933 895
934 992
934 132
934 940
934 397
934 211
934 503
934 879
934 649
934 484
934 215
935 433
935 477
936 932
936 92
936 802
936 41
936 87
936 262
936 653
936 485
936 180
936 61
936 209
936 262
936 135
936 818
936 273
936 640
936 915
936 470
936 388
936 79
936 864
936 917
936 713
936 980
936 229
936 881
936 693
936 55
936 523
936 750
936 666
936 711
937 263
938 638
938 630
938 746
938 180
938 476
938 194
939 813
939 608
939 877
939 247
939 898
939 704
939 774
939 445
939 370
939 306
939 613
939 195
939 917
939 422
939 48
939 331
939 863
939 574
939 495
939 1008
939 47
939 649
939 194
939 263
939 87
939 232
939 297
939 1014
939 770
939 708
940 195
940 126
940 874
940 23
940 545
940 115
940 459
940 433
940 552
940 166
940 25
940 758
940 831
940 848
940 458
940 655
940 451
940 232
940 620
941 848
942 99
944 858
945 571
945 32
945 703
945 589
945 874
945 244
945 910
946 559
946 593
946 119
946 932
946 653
946 271
946 631
946 426
946 433
946 926
946 105
946 232
946 872
946 225
946 808
946 576
946 1016
946 505
946 904
946 86
946 92
946 554
946 884
946 747
946 31
946 291
946 316
946 881
946 641
946 39
946 692
946 505
947 96
947 974
947 762
947 929
947 828
947 849
947 878
947 105
947 826
947 376
949 992
949 61
949 98
949 692
949 835
949 992
949 271
949 685
949 713
951 447
951 505
951 557
951 926
951 862
951 693
951 286
951 980
951 537
951 997
951 780
951 645
952 543
952 427
952 110
953 933
953 180
953 239
953 111
953 936
953 609
953 61
953 465
953 648
953 652
953 739
953 179
953 169
953 409
953 874
953 560
953 270
955 23
955 571
955 751
957 929
958 613
958 749
958 186
958 973
958 201
958 718
958 272
958 361
958 271
958 918
958 630
958 289
958 631
958 818
958 485
958 997
958 92
958 653
958 762
958 395
959 846
959 919
959 420
960 694
960 491
960 295
960 883
960 840
961 603
961 211
961 754
961 849
961 648
962 248
962 652
962 730
963 175
963 1018
964 338
965 630
965 578
965 68
965 409
966 55
966 721
966 848
966 718
966 582
966 955
966 663
966 582
966 297
966 519
966 433
966 695
966 479
966 677
966 918
966 917
966 828
966 61
966 752
967 370
967 852
968 747
969 552
970 144
970 734
970 118
970 653
970 983
970 944
970 21
970 527
970 208
971 469
971 771
971 293
971 819
971 733
971 409
972 424
972 319
972 656
972 919
972 659
972 918
972 672
972 559
972 83
972 304
972 232
972 912
972 839
972 392
972 232
972 327
972 958
972 537
972 335
972 955
972 649
972 757
972 263
972 306
972 806
972 825
972 469
972 277
972 436
972 447
972 608
972 327
972 760
972 469
972 708
972 692
972 219
972 318
973 997
973 808
973 270
973 239
973 713
973 153
973 876
973 144
973 647
973 497
973 601
973 469
974 760
974 760
974 88
974 193
974 770
974 327
974 119
974 792
974 797
974 113
974 374
974 115
974 436
974 835
974 203
974 790
974 747
974 596
974 644
974 904
974 695
974 99
975 586
975 829
976 653
976 505
976 649
976 516
976 471
976 484
976 808
976 92
976 428
976 297
976 465
976 491
976 774
976 526
976 877
976 691
978 195
978 635
978 380
978 167
978 135
978 363
979 315
979 48
979 87
979 409
979 409
979 848
979 166
979 197
979 647
979 544
979 642
979 367
980 413
980 495
980 974
980 657
980 262
980 631
980 708
980 655
980 416
980 90
980 624
980 195
980 338
980 915
980 849
980 490
981 556
981 25
981 980
982 852
982 674
982 607
982 190
982 969
983 710
983 936
983 1008
983 600
983 839
983 920
983 939
983 297
983 465
983 45
983 537
983 68
983 519
983 381
983 316
983 965
983 932
983 532
983 169
983 980
983 866
983 728
983 297
984 647
984 704
984 195
984 87
984 571
986 433
986 295
986 995
987 211
988 816
988 50
988 839
989 647
990 527
990 917
991 317
992 316
992 862
992 291
992 262
992 973
992 179
992 810
992 936
992 209
992 553
992 163
992 176
992 672
992 946
993 261
993 380
994 218
994 918
994 918
994 947
994 98
994 425
994 433
994 971
994 760
994 769
994 602
994 166
995 478
995 48
995 363
995 797
996 936
996 295
996 478
997 896
997 195
997 774
997 277
997 694
997 750
997 649
997 359
998 858
998 746
999 760
1000 653
1000 57
1000 536
1001 190
1001 316
1001 375
1001 257
1001 273
1001 370
1001 325
1001 380
1001 983
1002 852
1002 540
1002 990
1002 469
1002 97
1002 670
1002 826
1002 115
1002 318
1002 197
1002 751
1002 711
1003 397
1003 397
1003 840
1003 215
1003 308
1003 586
1003 250
1003 229
1003 932
1003 595
1003 746
1003 659
1003 39
1003 530
1003 503
1003 120
1003 616
1003 374
1004 734
1004 92
1004 583
1005 337
1005 570
1005 248
1005 961
1005 760
1005 679
1005 23
1005 186
1005 855
1005 359
1005 947
1005 433
1005 694
1005 647
1005 659
1005 441
1005 232
1005 290
1006 679
1007 383
1008 261
1008 569
1008 584
1008 780
1008 263
1008 270
1009 713
1009 169
1009 728
1009 692
1009 152
1009 125
1009 762
1009 660
1010 206
1010 105
1012 552
1012 397
1012 53
1012 797
1013 835
1013 760
1013 92
1013 353
1013 502
1013 80
1013 603
1013 325
1013 860
1013 527
1013 334
1014 167
1014 875
1014 1003
1014 395
1016 928
1016 687
1016 512
1017 701
1017 397
1017 734
1017 361
1018 24
1018 160
1018 306
1018 760
1018 997
1018 248
1018 461
1018 601
1018 898
1018 747
1018 713
1018 476
1019 902
1022 618
1023 700
1024 1027
1026 1036
1026 1027
1027 1039
1027 1035
1027 1039
1028 1026
1028 1039
1028 1032
1028 1030
1031 1037
1032 1032
1032 1024
1032 1027
1033 1026
1033 1036
1035 1025
1035 1024
1035 1036
1035 1036
1036 1033
1036 1032
1036 1032
1036 1026
1036 1028
1037 1031
1038 1024
1039 1031
1039 1029
1041 1043
1041 1045
1042 1044
1042 1041
1042 1043
1042 1043
1044 1043
1044 1042
1044 1045
1045 1041
1045 1042
1046 1047
1047 1047
1049 1051
1049 1051
1050 1049
1052 1052
1052 1058
1052 1054
1052 1056
1053 1058
1053 1055
1053 1052
1053 1052
1053 1057
1053 1052
1054 1052
1054 1055
1055 1058
1055 1052
1055 1053
1055 1058
1055 1054
1055 1053
1056 1057
1056 1055
1056 1052
1057 1058
1058 1060
1058 1055
1059 1053
1060 1060
1061 1062
1061 1063
1061 1062
1062 1063
1063 1064
1064 1062
1066 1068
1066 1068
1067 1067
1067 1066
1067 1067
1069 1070
1071 1069
1072 1075
1073 1074
1074 1075
1074 1072
1075 1074
1076 1078
1077 1076
1078 1078
1080 1080
1080 1081
1081 1081
1082 1085
1082 1085
1083 1084
1083 1085
1084 1085
1085 1085
1086 1087
1088 1086
1089 1089
1090 1091
1092 1094
1094 1096
1094 1092
1095 1092
1098 1101
1098 1098
1098 1100
1100 1098
1101 1100
1102 1106
1103 1107
1103 1104
1103 1105
1103 1109
1103 1106
1103 1102
1104 1107
1104 1110
1104 1103
1104 1104
1104 1105
1104 1107
1105 1108
1105 1107
1105 1105
1105 1111
1106 1106
1106 1103
1108 1110
1108 1106
1108 1106
1108 1109
1109 1107
1109 1110
1109 1108
1110 1109
1110 1109
1110 1110
1112 1115
1114 1112
1115 1113
1115 1112
1116 1116
1116 1120
1117 1119
1117 1120
1119 1116
1120 1116
1121 1122
1121 1123
1123 1122
1124 1126
1124 1128
1124 1128
1125 1127
1125 1125
1125 1129
1125 1124
1126 1127
1126 1125
1127 1126
1127 1126
1128 1126
1128 1127
1128 1125
1128 1126
1131 1137
1132 1131
1132 1135
1132 1132
1132 1136
1132 1132
1132 1134
1132 1136
1133 1134
1134 1132
1134 1138
1135 1132
1135 1133
1136 1130
1136 1132
1137 1137
1137 1131
1139 1139
1140 1139
1140 1140
1141 1141
1141 1143
1142 1140
1144 1144
1144 1146
1144 1144
1145 1150
1145 1147
1145 1149
1145 1149
1145 1149
1146 1146
1146 1149
1146 1149
1148 1148
1148 1146
1148 1151
1149 1151
1149 1146
1150 1150
1150 1151
1150 1150
1151 1145
1151 1145
1151 1148
1151 1147
1151 1147
1152 1157
1152 1153
1152 1158
1153 1157
1153 1154
1153 1153
1154 1157
1154 1160
1155 1158
1155 1154
1155 1155
1155 1160
1155 1162
1156 1155
1156 1160
1156 1153
1156 1156
1157 1160
1157 1161
1157 1157
1157 1157
1157 1155
1158 1157
1158 1156
1158 1153
1158 1158
1159 1158
1159 1157
1159 1156
1159 1156
1159 1162
1160 1158
1160 1155
1160 1156
1161 1162
1161 1157
1162 1162
1162 1162
1162 1158
1163 1166
1163 1165
1165 1163
1165 1165
1166 1165
1166 1163
1168 1169
1169 1172
1170 1170
1170 1174
1171 1171
1172 1174
1173 1174
1174 1174
1174 1174
1174 1169
1174 1174
1175 1176
1175 1176
1177 1177
1177 1178
1178 1177
1178 1176
1179 1179
1180 1179
1181 1180
1182 1182
1182 1184
1182 1185
1183 1189
1183 1186
1183 1182
1183 1188
1188 1183
1189 1182
1189 1184
1190 1193
1190 1191
1191 1194
1191 1195
1191 1193
1191 1190
1191 1191
1191 1190
1193 1191
1193 1195
1193 1195
1193 1196
1194 1190
1195 1190
1195 1196
1195 1194
1195 1196
1195 1190
1196 1192
1196 1191
1196 1195
1197 1197
1197 1200
1198 1198
1199 1199
1199 1199
1201 1204
1201 1203
1201 1203
1202 1203
1205 1210
1205 1209
1206 1205
1207 1206
1208 1209
1208 1208
1209 1207
1209 1210
1209 1207
1210 1209
1210 1210
1210 1205
1212 1213
1212 1213
1213 1213
1214 1215
1214 1215
1214 1219
1216 1214
1216 1214
1217 1215
1218 1215
1219 1219
1220 1221
1221 1221
1222 1221
1224 1224
1225 1225
1227 1227
1227 1227
1230 1231
1231 1231
1232 1234
1232 1234
1237 1236
1237 1237
1238 1240
1239 1238
1240 1248
1240 1241
1241 1238
1242 1245
1242 1242
1242 1239
1244 1249
1244 1245
1244 1251
1245 1238
1245 1242
1245 1248
1245 1251
1245 1242
1245 1249
1245 1242
1246 1239
1248 1244
1248 1251
1248 1244
1248 1248
1249 1245
1251 1241
1251 1242
1252 1254
1253 1253
1254 1252
1255 1258
1255 1259
1257 1258
1257 1260
1258 1260
1259 1258
1260 1260
1261 1264
1262 1261
1262 1261
1263 1264
1265 1267
1265 1267
1265 1268
1265 1268
1266 1268
1268 1270
1268 1269
1268 1269
1268 1265
1269 1269
1269 1265
1269 1265
1270 1265
1270 1265
1270 1271
1271 1271
1274 1273
1274 1273
1275 1272
1275 1272
1276 1277
1277 1276
1278 1277
1279 1280
1280 1280
1280 1280
1283 1286
1284 1286
1286 1286
1287 1284
1289 1289
1289 1290
1290 1290
1292 1294
1292 1299
1294 1294
1294 1300
1295 1291
1295 1297
1295 1298
1295 1300
1295 1296
1295 1300
1295 1297
1296 1298
1296 1295
1296 1291
1296 1300
1296 1294
1297 1298
1297 1298
1298 1299
1298 1297
1298 1300
1299 1298
1299 1294
1300 1299
1300 1297
1300 1296
1301 1302
1303 1301
1304 1304
1305 1308
1305 1306
1306 1306
1306 1305
1306 1306
1306 1310
1307 1307
1308 1308
1308 1307
1308 1310
1308 1309
1309 1307
1310 1305
1310 1308
1310 1308
1310 1305
1312 1313
1312 1315
1315 1315
1315 1312
1315 1313
1315 1312
1318 1317
1318 1317
1319 1320
1319 1321
1320 1321
1321 1325
1321 1320
1321 1326
1322 1323
1322 1326
1324 1321
1325 1321
1326 1324
1326 1321
1327 1332
1327 1329
1327 1328
1327 1329
1327 1331
1328 1327
1328 1331
1328 1334
1328 1327
1329 1327
1329 1333
1329 1330
1329 1330
1330 1331
1330 1330
1331 1334
1331 1332
1331 1328
1332 1332
1332 1329
1332 1327
1333 1331
1333 1330
1333 1333
1333 1333
1333 1328
1333 1329
1334 1331
1335 1339
1336 1339
1337 1337
1338 1337
1339 1338
1339 1336
1339 1340
1340 1337
1340 1339
1340 1336
1344 1342
1344 1341
1344 1342
1346 1346
1347 1347
1350 1349
1350 1349
1350 1349
1351 1355
1351 1351
1351 1351
1352 1356
1352 1352
1353 1354
1354 1352
1354 1352
1354 1351
1355 1352
1356 1354
1356 1354
1356 1355
1356 1354
1357 1360
1357 1358
1359 1360
1360 1360
1360 1358
1361 1364
1362 1362
1363 1364
1363 1362
1363 1364
1364 1364
1364 1365
1364 1364
1365 1364
1366 1368
1368 1366
1369 1369
1370 1370
1370 1370
1372 1374
1374 1373
1375 1375
1377 1377
1377 1376
1379 1381
1379 1382
1380 1382
1381 1381
1381 1381
1383 1384
1383 1385
1385 1385
1386 1386
1387 1388
1390 1391
1390 1391