0 33
0 3
0 19
0 27
0 35
0 19
0 24
0 25
0 27
0 19
0 19
0 14
0 28
0 0
0 26
0 33
0 96
1 8
1 19
1 18
2 6
2 2
3 4
3 8
3 19
4 17
4 7
4 7
4 22
4 5
5 23
5 27
5 4
5 35
5 33
5 23
5 30
5 28
5 30
5 18
5 26
6 12
6 22
6 14
6 33
6 33
6 33
6 33
6 31
6 5
6 28
7 6
7 19
7 12
7 18
7 9
7 19
7 24
7 27
7 17
7 33
7 9
7 19
7 22
7 13
7 21
7 116
8 2
8 23
8 7
8 31
8 0
8 31
8 1
8 11
8 0
9 24
9 33
9 8
9 27
9 31
9 27
9 1
9 1
9 33
9 19
9 76
9 87
10 27
10 28
10 30
10 12
10 24
11 18
11 27
11 19
11 0
11 124
12 28
12 19
12 31
12 7
12 7
12 28
12 19
12 19
12 9
12 27
12 34
12 35
12 13
12 23
12 17
12 33
12 28
12 31
12 27
12 19
12 31
12 7
12 31
13 28
13 28
13 18
13 9
13 23
13 4
13 20
13 28
13 32
13 34
13 33
13 27
13 33
13 8
13 0
13 27
14 20
14 27
14 22
14 31
14 19
14 35
14 31
14 30
14 99
15 12
15 23
15 19
15 22
15 6
15 20
16 33
17 22
17 17
17 31
17 35
17 27
17 27
18 0
18 19
18 18
18 33
18 31
18 6
18 27
18 27
19 31
19 7
19 19
19 1
19 7
19 33
19 3
19 5
19 9
19 27
19 12
19 19
19 8
19 24
19 31
19 14
19 22
19 27
19 13
19 12
19 65
20 12
20 19
20 22
20 33
20 11
20 18
20 1
20 43
21 4
22 32
22 23
22 27
22 34
22 1
22 7
22 14
22 19
22 27
22 42
23 27
23 0
23 13
23 35
23 35
23 18
23 2
23 0
23 19
23 96
24 25
24 33
24 23
24 26
24 7
25 5
25 11
25 11
26 19
27 33
27 5
27 28
27 28
27 29
27 22
27 31
27 24
27 0
27 20
27 0
27 12
27 20
27 24
27 19
27 0
27 35
27 13
27 0
27 31
27 19
27 7
27 13
27 12
27 20
27 19
27 0
27 12
27 30
27 68
28 4
28 35
28 33
28 12
28 7
28 27
28 31
28 8
28 8
28 0
28 19
29 0
29 0
30 19
30 13
30 9
30 7
30 31
30 20
30 27
30 20
31 23
31 32
31 27
31 18
31 19
31 8
31 4
31 13
31 19
31 13
31 31
31 21
31 22
31 23
31 14
31 19
31 20
31 0
31 42
31 99
33 6
33 14
33 22
33 27
33 27
33 19
33 19
33 28
33 33
33 27
33 19
33 19
33 6
33 14
33 24
33 2
33 27
33 23
33 31
33 5
33 56
33 58
34 1
34 28
34 27
34 27
34 44
35 35
35 23
35 19
35 14
35 33
35 20
35 22
35 5
35 33
35 13
35 0
35 18
35 57
36 39
36 38
36 37
36 39
36 39
36 39
36 39
36 38
36 36
36 83
37 38
37 38
37 36
37 38
37 39
37 37
37 39
37 38
38 36
38 38
38 36
38 37
38 36
38 39
38 39
38 36
39 37
39 38
39 36
39 37
39 38
39 38
39 39
40 41
40 42
41 58
41 43
41 52
41 50
41 57
41 47
41 49
41 84
41 117
42 43
42 53
42 47
42 43
42 56
42 58
42 49
42 48
42 49
42 56
42 52
42 49
42 52
42 49
42 44
42 41
42 50
42 55
42 55
42 51
42 48
42 44
42 49
42 44
42 55
42 55
42 50
42 75
42 109
42 89
42 114
43 48
43 50
43 46
43 42
43 58
43 58
43 47
43 48
43 42
44 53
44 56
44 42
44 56
44 45
44 42
44 49
44 41
44 52
45 50
45 45
45 47
45 49
45 50
45 42
45 54
46 52
46 48
47 51
47 48
47 53
48 52
48 43
48 44
48 48
48 48
48 54
48 42
48 48
48 56
48 44
48 43
48 52
48 49
48 49
48 43
48 84
49 53
49 49
49 48
49 58
49 58
49 46
50 43
50 42
50 43
50 56
50 44
50 54
50 73
51 54
51 54
52 43
52 58
52 43
52 42
52 48
52 50
52 47
52 56
52 99
52 114
53 51
53 58
53 47
53 58
53 53
53 44
53 43
53 47
53 55
54 48
54 43
54 41
54 56
54 41
54 55
54 56
54 52
55 43
55 43
55 48
55 42
55 42
55 53
55 43
55 52
56 53
56 56
56 42
56 47
56 51
56 44
56 49
56 58
56 53
56 57
56 44
57 51
57 126
58 42
58 42
58 42
58 58
58 48
58 48
58 51
58 44
58 41
58 58
58 56
58 42
58 50
58 41
59 63
59 63
59 62
59 84
60 60
60 60
60 59
60 63
60 60
60 60
60 62
60 61
60 105
61 61
61 60
61 61
61 60
61 60
61 61
61 61
61 61
61 60
61 60
61 105
62 59
62 60
62 59
62 84
63 63
64 64
64 72
65 64
65 66
65 64
65 66
65 72
65 69
65 65
65 71
66 68
66 68
67 68
67 68
68 71
68 65
68 71
68 72
69 72
69 64
69 69
69 69
69 71
70 71
70 116
71 72
71 68
71 67
71 65
71 72
71 70
71 68
71 69
72 65
72 69
72 114
73 77
73 80
73 73
73 75
74 77
74 78
74 81
74 81
74 74
74 73
75 81
75 75
75 74
75 75
75 73
75 81
75 73
75 75
75 73
75 81
75 82
75 77
75 77
75 78
76 81
76 76
77 75
77 81
77 74
77 80
77 76
77 73
78 75
78 79
78 77
79 77
79 81
80 75
80 80
80 79
80 80
81 81
81 74
81 74
81 80
81 74
82 75
82 82
83 91
83 106
83 87
83 96
83 128
83 109
83 98
83 125
83 103
83 84
83 92
83 95
83 89
83 96
83 108
83 94
83 116
84 126
84 95
84 99
84 95
84 96
84 107
84 114
84 95
84 92
84 123
84 91
84 96
84 96
84 118
84 84
84 109
84 84
84 96
84 84
84 116
84 106
84 123
84 91
84 109
84 109
84 83
84 98
84 83
84 89
84 84
84 89
84 84
84 84
84 84
84 115
84 98
84 116
84 84
84 113
84 83
84 128
84 87
84 99
84 122
84 114
84 99
84 87
84 99
84 116
84 126
84 89
84 86
84 89
84 103
84 95
84 115
84 124
84 96
84 109
84 84
84 101
84 109
84 106
84 107
85 95
85 98
85 99
85 115
85 107
85 106
85 102
85 116
85 98
86 116
86 124
87 99
87 89
87 115
87 106
87 103
87 89
87 99
87 123
87 114
87 103
87 116
87 114
87 120
88 99
88 99
88 125
88 84
88 83
88 110
88 89
88 84
88 84
88 110
88 96
88 84
88 91
89 128
89 91
89 102
89 96
89 89
89 99
89 120
89 87
89 93
89 114
89 84
89 109
89 106
89 99
89 84
89 84
89 129
89 116
89 89
89 99
89 87
89 129
89 99
89 84
89 106
90 116
91 91
91 89
91 99
91 85
91 114
91 100
91 116
91 121
91 124
91 84
91 99
92 84
92 109
92 85
92 99
92 99
92 114
92 99
92 116
93 97
93 123
93 98
93 88
93 109
94 102
94 116
95 124
95 84
95 88
95 94
95 103
95 108
95 99
95 114
95 109
95 92
95 99
95 105
95 96
95 98
95 116
95 124
95 99
95 129
95 96
95 84
95 109
95 83
95 96
95 109
95 96
95 124
95 109
95 110
95 108
96 99
96 112
96 116
96 114
96 118
96 89
96 94
96 84
96 120
96 98
96 128
96 116
96 96
96 116
96 99
96 89
96 88
96 108
96 123
96 95
96 116
96 96
96 116
96 95
96 109
96 104
96 84
96 96
96 85
96 106
96 114
97 85
97 84
97 95
97 128
97 83
97 88
97 99
97 85
98 93
98 95
98 97
98 103
98 108
98 109
98 120
98 84
98 109
98 112
98 108
98 99
98 128
98 96
98 109
98 85
98 106
98 124
99 108
99 95
99 108
99 106
99 104
99 98
99 95
99 84
99 84
99 95
99 106
99 95
99 116
99 96
99 128
99 99
99 86
99 117
99 95
99 83
99 89
99 99
99 87
99 89
99 92
99 85
99 83
99 87
99 84
99 109
99 128
99 94
99 91
99 106
99 111
99 102
99 116
99 116
99 98
99 109
99 128
99 102
99 99
99 99
99 108
99 84
99 98
99 96
99 89
99 84
99 99
99 98
99 113
99 114
99 99
99 123
100 116
101 99
102 95
102 99
102 108
102 108
102 85
102 98
103 84
103 114
103 114
103 103
103 99
103 109
103 95
104 83
104 103
104 83
105 98
105 99
105 129
105 89
105 116
105 128
105 115
105 95
105 125
105 98
105 107
106 96
106 89
106 109
106 95
106 117
106 96
106 89
106 96
106 114
106 95
106 95
106 84
106 99
106 92
106 98
106 96
106 96
106 84
106 116
106 116
106 93
106 96
106 84
107 84
107 98
107 98
108 108
108 114
108 84
108 97
108 116
108 114
108 124
108 95
108 95
108 129
109 127
109 83
109 105
109 124
109 84
109 84
109 88
109 109
109 114
109 89
109 99
109 106
109 98
109 84
109 109
109 99
109 97
109 93
109 99
109 84
109 88
110 103
110 99
110 85
111 109
111 109
111 88
111 96
112 115
112 88
112 84
113 116
113 95
113 83
114 106
114 87
114 87
114 88
114 96
114 109
114 84
114 114
114 87
114 95
114 124
114 114
114 106
114 96
114 89
114 93
114 116
114 114
114 85
114 114
114 108
114 99
114 99
114 123
115 94
115 84
115 85
115 124
115 89
115 102
115 103
115 99
115 103
116 84
116 114
116 107
116 114
116 90
116 108
116 110
116 88
116 106
116 108
116 95
116 95
116 83
116 120
116 87
116 86
116 87
116 105
116 108
116 106
116 88
116 98
116 114
116 109
116 126
116 91
116 106
116 88
116 108
117 84
117 96
117 128
117 106
118 120
118 83
119 109
119 99
119 94
120 127
120 93
120 114
120 95
120 95
120 114
120 116
120 109
120 84
120 114
121 95
121 96
121 88
122 85
122 96
122 95
123 106
123 84
123 117
124 87
124 96
124 98
124 89
124 87
124 124
124 109
124 84
124 99
124 95
124 128
124 88
124 116
125 95
125 124
125 124
125 95
125 99
125 89
125 88
125 96
125 96
126 103
127 90
127 99
127 89
127 127
128 125
128 114
128 114
128 103
128 116
128 88
128 116
129 84
129 102
129 116
129 84
129 103
129 83
129 99
129 99
129 98
129 84
129 97
129 96
129 114