0 35
0 13
0 25
0 3
0 38
0 3
0 35
0 32
0 16
0 37
0 41
0 32
0 3
0 25
0 3
0 10
0 5
0 25
0 40
0 0
0 28
0 33
0 12
0 3
0 34
0 0
0 0
0 0
0 19
0 13
0 63
0 43
0 43
0 70
0 170
0 170
0 160
0 159
1 0
1 9
1 21
1 10
1 41
1 29
1 20
1 29
1 16
1 29
1 38
1 11
1 19
1 18
1 11
1 19
1 6
1 10
1 1
1 5
1 29
1 12
1 11
1 41
1 13
1 11
1 39
1 14
1 34
1 19
1 15
1 19
1 18
1 39
1 13
1 7
1 13
1 23
1 33
1 35
1 3
1 37
1 1
1 76
1 55
1 89
1 67
1 90
1 59
1 93
1 50
1 173
1 162
1 162
1 174
2 0
2 9
2 0
2 29
2 29
2 2
2 10
2 41
2 19
2 24
2 17
2 29
2 35
2 2
2 19
2 23
2 13
2 24
2 34
2 27
2 12
2 8
2 15
2 1
2 29
2 2
2 34
2 59
2 84
2 70
2 67
2 61
2 98
2 90
2 55
2 67
2 172
2 162
2 160
2 162
2 175
3 23
3 1
3 38
3 7
3 9
3 31
3 18
3 31
3 28
3 39
3 14
3 37
3 13
3 32
3 22
3 41
3 9
3 19
3 12
3 4
3 7
3 20
3 13
3 6
3 15
3 19
3 39
3 2
3 39
3 26
3 32
3 67
3 45
3 74
3 59
3 172
3 172
3 172
4 1
4 10
4 28
4 11
4 33
4 33
4 95
5 14
5 12
5 19
5 1
5 25
5 38
5 12
5 29
5 16
5 9
5 9
5 15
5 12
5 22
5 7
5 3
5 29
5 7
5 29
5 5
5 15
5 10
5 7
5 21
5 83
5 63
5 61
5 55
5 95
5 61
5 92
5 89
5 172
5 166
5 160
5 162
6 24
6 28
6 33
6 18
6 36
6 26
6 0
6 15
6 28
6 3
6 15
6 1
6 33
6 16
6 25
6 37
6 1
6 41
6 0
6 76
6 55
6 74
6 50
6 67
6 172
6 177
6 177
7 28
7 29
7 12
7 35
7 25
7 7
7 33
7 26
7 25
7 12
7 14
7 21
7 32
7 36
7 0
7 15
7 28
7 19
7 40
7 10
7 41
7 11
7 37
7 18
7 16
7 29
7 24
7 76
7 55
7 76
7 46
8 25
8 34
8 15
8 18
8 10
8 7
8 65
8 90
8 92
8 59
8 159
8 160
9 24
9 35
9 11
9 9
9 13
9 10
9 15
9 36
9 12
9 41
9 1
9 29
9 6
9 26
9 25
9 35
9 23
9 22
9 11
9 18
9 39
9 20
9 5
9 23
9 10
9 26
9 39
9 33
9 33
9 16
9 19
9 25
9 40
9 25
9 26
9 41
9 19
9 88
9 43
9 61
9 70
9 91
9 61
9 86
9 50
9 59
9 149
10 18
10 3
10 25
10 31
10 25
10 4
10 11
10 38
10 23
10 0
10 21
10 22
10 9
10 23
10 34
10 45
10 67
10 86
10 172
10 178
11 13
11 11
11 2
11 39
11 18
11 37
11 23
11 6
11 31
11 19
11 23
11 29
11 26
11 30
11 11
11 29
11 23
11 18
11 30
11 35
11 35
11 9
11 20
11 3
11 23
11 10
11 37
11 3
11 18
11 90
11 74
11 61
11 86
11 50
11 75
11 172
12 35
12 40
12 13
12 24
12 16
12 41
12 29
12 4
12 28
12 23
12 1
12 32
12 14
12 32
12 0
12 7
12 7
12 29
12 3
12 3
12 22
12 25
12 41
12 9
12 22
12 19
12 12
12 19
12 0
12 29
12 67
12 77
12 85
12 88
12 93
12 81
12 162
12 160
12 160
12 172
13 22
13 0
13 25
13 25
13 19
13 34
13 23
13 2
13 1
13 37
13 9
13 23
13 16
13 22
13 6
13 16
13 18
13 14
13 15
13 2
13 2
13 0
13 13
13 11
13 29
13 18
13 1
13 33
13 9
13 57
13 52
13 44
13 92
13 75
13 90
13 64
13 67
13 100
13 95
13 75
13 172
14 2
14 24
14 29
14 30
14 32
14 13
14 21
14 38
14 36
14 1
14 25
14 24
14 18
14 28
14 16
14 18
14 5
14 12
14 11
14 13
14 11
14 29
14 29
14 41
14 26
14 31
14 15
14 21
14 29
14 4
14 10
14 18
14 32
14 26
14 15
14 7
14 95
14 90
14 75
14 163
14 168
14 177
15 33
15 1
15 30
15 10
15 41
15 21
15 2
15 39
15 11
15 33
15 5
15 0
15 7
15 29
15 7
15 30
15 5
15 38
15 2
15 33
15 41
15 25
15 28
15 2
15 38
15 14
15 33
15 29
15 12
15 25
15 31
15 40
15 26
15 19
15 11
15 19
15 29
15 14
15 25
15 16
15 21
15 85
15 45
15 74
15 55
15 75
15 49
15 89
15 90
15 81
15 90
15 81
15 74
15 61
15 50
15 166
15 160
15 172
15 162
16 21
16 22
16 18
16 23
16 39
16 3
16 28
16 3
16 23
16 15
16 24
16 31
16 22
16 63
16 76
16 59
16 84
16 63
16 90
16 95
16 72
16 169
16 172
17 1
17 11
17 171
18 26
18 28
18 23
18 41
18 29
18 29
18 29
18 34
18 12
18 19
18 9
18 18
18 25
18 19
18 23
18 19
18 29
18 31
18 24
18 23
18 1
18 33
18 11
18 40
18 41
18 41
18 26
18 1
18 21
18 22
18 3
18 71
18 77
18 55
18 71
18 172
18 159
18 170
19 23
19 3
19 4
19 23
19 13
19 14
19 33
19 2
19 21
19 2
19 20
19 14
19 20
19 28
19 1
19 1
19 12
19 1
19 34
19 9
19 23
19 22
19 39
19 37
19 25
19 21
19 3
19 35
19 37
19 41
19 0
19 24
19 90
19 86
19 100
19 74
19 52
19 84
19 81
19 162
19 172
20 37
20 5
20 29
20 18
20 18
20 37
20 36
20 26
20 32
20 29
20 25
20 19
20 33
20 18
20 25
20 10
20 30
20 10
20 11
20 12
20 89
20 55
20 76
20 74
20 58
20 159
20 158
21 23
21 18
21 16
21 0
21 12
21 23
21 34
21 0
21 12
21 24
21 22
21 1
21 15
21 29
21 31
21 10
21 91
21 50
22 18
22 23
22 39
22 20
22 28
22 32
22 20
22 12
22 29
22 0
22 29
22 18
22 23
22 19
22 20
22 19
22 26
22 25
22 37
22 11
22 41
22 12
22 67
22 55
22 101
22 43
22 48
22 172
22 160
23 9
23 19
23 39
23 10
23 33
23 2
23 23
23 20
23 39
23 5
23 25
23 29
23 26
23 37
23 12
23 41
23 3
23 19
23 29
23 20
23 19
23 2
23 26
23 23
23 36
23 1
23 39
23 28
23 5
23 35
23 25
23 24
23 22
23 19
23 33
23 19
23 10
23 25
23 40
23 18
23 36
23 14
23 5
23 44
23 81
23 55
23 75
23 58
23 74
23 85
23 51
23 124
23 162
23 177
23 161
24 13
24 40
24 31
24 0
24 0
24 7
24 13
24 9
24 29
24 2
24 18
24 28
24 41
24 44
24 75
24 50
24 90
25 23
25 28
25 17
25 23
25 13
25 29
25 1
25 8
25 13
25 19
25 12
25 15
25 33
25 19
25 24
25 28
25 25
25 35
25 5
25 33
25 5
25 26
25 33
25 34
25 17
25 25
25 6
25 29
25 14
25 9
25 22
25 25
25 15
25 20
25 31
25 38
25 18
25 38
25 31
25 33
25 15
25 25
25 28
25 25
25 7
25 1
25 35
25 13
25 67
25 90
25 84
25 89
25 71
25 67
25 76
25 53
25 63
25 171
25 159
25 162
25 163
25 162
26 19
26 0
26 3
26 24
26 12
26 28
26 13
26 4
26 25
26 35
26 25
26 31
26 20
26 1
26 77
26 80
26 63
26 163
26 173
27 14
28 12
28 41
28 22
28 35
28 41
28 20
28 1
28 28
28 18
28 19
28 29
28 5
28 41
28 0
28 40
28 16
28 32
28 41
28 3
28 37
28 87
28 73
28 72
28 96
28 63
28 53
28 72
29 24
29 33
29 26
29 15
29 31
29 13
29 41
29 5
29 18
29 3
29 0
29 32
29 25
29 40
29 30
29 25
29 24
29 31
29 5
29 26
29 9
29 25
29 25
29 13
29 5
29 9
29 29
29 2
29 25
29 0
29 2
29 9
29 32
29 39
29 16
29 1
29 4
29 0
29 15
29 30
29 0
29 27
29 80
29 75
29 58
29 67
29 51
29 85
29 90
29 89
29 97
29 55
29 75
29 71
29 93
29 83
29 55
29 84
29 85
29 69
29 86
29 59
30 13
30 34
30 29
30 11
30 29
30 12
30 1
30 28
30 41
30 64
30 59
30 164
31 35
31 23
31 9
31 13
31 40
31 19
31 23
31 25
31 3
31 32
31 22
31 25
31 6
31 39
31 21
31 34
31 14
31 37
31 31
31 69
31 90
31 61
31 95
31 74
31 164
31 177
31 162
32 18
32 24
32 18
32 26
32 15
32 18
32 22
32 30
32 33
32 39
32 22
32 38
32 3
32 32
32 24
32 25
32 29
32 19
32 41
32 0
32 15
32 95
33 23
33 2
33 9
33 15
33 12
33 20
33 36
33 33
33 12
33 23
33 9
33 6
33 22
33 25
33 11
33 38
33 12
33 15
33 23
33 1
33 3
33 32
33 10
33 25
33 21
33 20
33 22
33 39
33 29
33 41
33 29
33 85
33 75
33 92
33 74
33 75
33 91
33 77
33 101
33 95
33 142
33 172
33 173
33 159
34 33
34 36
34 37
34 33
34 26
34 35
34 1
34 16
34 1
34 37
34 55
35 9
35 12
35 10
35 29
35 18
35 28
35 22
35 5
35 22
35 16
35 11
35 18
35 2
35 18
35 12
35 22
35 19
35 33
35 15
35 16
35 35
35 33
35 19
35 31
35 6
35 18
35 0
35 10
35 1
35 32
35 9
35 31
35 10
35 23
35 7
35 2
35 37
35 45
35 67
35 85
35 89
35 59
35 61
35 90
35 90
35 75
35 159
35 172
35 160
35 159
35 175
35 173
36 36
36 9
36 15
36 26
36 16
36 2
36 29
36 39
36 5
36 25
36 4
36 15
36 9
36 15
36 29
36 29
36 3
37 41
37 5
37 23
37 16
37 16
37 7
37 13
37 37
37 33
37 38
37 23
37 0
37 82
37 89
37 94
38 40
38 2
38 15
38 5
38 39
38 36
38 16
38 9
38 2
38 33
38 14
38 40
38 7
38 22
38 90
38 63
38 165
39 19
39 25
39 16
39 1
39 29
39 11
39 26
39 39
39 29
39 41
39 23
39 13
39 0
39 9
39 2
39 32
39 16
39 3
39 86
39 70
39 51
39 61
39 159
40 23
40 2
40 3
40 12
40 22
40 23
40 19
40 16
40 18
40 1
40 0
40 1
40 5
40 0
40 31
40 35
40 8
40 18
40 6
40 2
40 16
40 29
40 38
40 9
40 22
40 80
40 91
40 164
41 0
41 18
41 11
41 22
41 12
41 37
41 33
41 3
41 1
41 12
41 41
41 9
41 25
41 1
41 19
41 29
41 12
41 5
41 5
41 23
41 9
41 20
41 16
41 12
41 25
41 40
41 20
41 15
41 35
41 37
41 6
41 33
41 29
41 0
41 73
41 81
41 59
41 66
41 49
41 54
41 89
41 86
41 74
41 138
41 165
41 162
41 164
41 162
42 68
42 85
42 91
42 159
42 172
43 73
43 81
43 57
43 52
43 100
43 95
43 76
43 63
43 71
43 43
43 88
43 89
43 91
43 59
43 98
44 68
44 68
44 99
44 101
44 43
44 67
44 75
44 85
44 49
44 75
44 164
44 162
45 92
45 90
45 55
45 43
45 101
45 74
45 162
45 162
46 46
46 45
46 97
46 74
47 84
47 163
47 162
48 86
48 186
49 61
49 52
49 89
49 90
49 43
49 59
49 89
49 90
49 168
49 164
49 159
49 160
50 84
50 65
50 90
50 63
50 65
50 75
50 79
50 161
51 81
51 90
51 53
51 71
51 43
51 171
51 162
52 74
52 63
52 67
52 67
52 80
52 160
52 159
53 84
53 59
53 55
53 61
54 101
54 63
54 60
55 63
55 52
55 73
55 90
55 49
55 90
55 71
55 63
55 81
55 92
55 55
55 76
55 88
55 81
55 91
55 97
55 43
55 86
55 90
55 43
55 93
55 52
55 100
55 81
55 81
55 72
55 90
55 61
55 61
55 50
55 55
55 93
55 55
55 66
55 163
55 170
56 59
56 51
57 43
58 43
58 89
59 75
59 78
59 65
59 71
59 74
59 75
59 90
59 53
59 50
59 53
59 81
59 76
59 158
59 170
60 43
60 90
60 55
60 55
61 86
61 99
61 74
61 89
61 54
61 74
61 45
61 85
61 76
61 61
61 92
61 44
61 67
61 81
61 44
61 148
61 172
61 159
62 184
63 81
63 61
63 43
63 48
63 93
63 90
63 86
63 54
63 61
63 60
63 67
63 59
63 77
63 176
64 81
64 86
65 92
65 67
65 76
65 52
65 51
65 53
65 68
66 88
66 77
66 53
66 61
66 162
67 67
67 75
67 90
67 55
67 81
67 75
67 55
67 75
67 73
67 63
67 53
67 81
67 76
67 85
67 74
67 90
67 98
67 50
67 138
67 154
67 178
67 177
68 91
68 63
68 74
68 88
68 50
68 61
70 54
70 95
70 90
70 159
71 55
71 55
71 75
71 83
71 91
71 101
71 92
71 47
71 72
71 50
71 47
71 91
71 136
71 162
71 177
71 162
72 85
72 81
73 63
73 90
73 73
73 81
73 75
73 97
73 73
73 42
73 163
73 177
74 93
74 46
74 77
74 74
74 90
74 50
74 60
74 72
74 74
74 90
74 49
74 61
74 89
74 81
74 83
74 53
74 52
74 73
74 55
74 78
74 51
74 141
74 160
75 90
75 77
75 100
75 75
75 61
75 85
75 90
75 55
75 61
75 63
75 63
75 43
75 52
75 44
75 89
75 73
75 75
75 67
75 73
75 67
75 74
75 83
75 90
75 53
75 115
75 154
75 162
75 169
75 164
75 162
75 166
75 172
75 170
76 55
76 53
76 81
76 45
76 78
76 73
76 95
76 48
76 63
76 56
76 72
76 89
76 44
76 55
76 93
76 45
76 78
76 86
76 89
76 65
76 74
76 84
76 160
76 162
76 162
76 170
76 172
76 163
76 160
77 75
77 69
77 61
77 61
77 76
77 91
77 81
77 93
77 149
77 168
78 76
78 55
78 88
78 97
78 90
78 171
79 75
79 86
79 73
79 92
80 91
80 86
80 50
80 65
80 74
80 175
81 55
81 89
81 48
81 100
81 61
81 44
81 52
81 91
81 61
81 93
81 85
81 86
81 90
81 97
81 59
81 98
81 162
81 158
81 162
82 80
82 47
82 71
83 74
83 89
84 85
84 50
84 70
84 55
84 84
84 52
84 81
84 78
84 76
84 160
84 162
85 67
85 92
85 84
85 52
85 67
85 71
85 95
85 133
85 120
85 171
86 72
86 74
86 73
86 97
86 50
86 42
86 90
86 61
86 91
86 81
86 81
86 160
86 165
87 67
87 46
88 63
88 164
89 42
89 61
89 67
89 74
89 91
89 44
89 78
89 43
89 163
90 80
90 97
90 63
90 89
90 98
90 71
90 61
90 89
90 99
90 92
90 88
90 50
90 44
90 68
90 61
90 84
90 67
90 61
90 88
90 89
90 54
90 94
90 42
90 86
90 95
90 77
90 55
90 85
90 74
90 114
90 162
90 160
90 164
90 159
90 172
90 173
90 162
91 71
91 78
91 74
91 78
91 65
91 76
91 47
91 61
91 57
91 84
91 74
91 158
91 160
92 43
92 55
92 49
92 85
92 49
92 175
92 173
92 176
92 160
92 169
93 75
93 74
93 162
94 61
94 91
94 88
95 65
95 91
95 54
95 61
95 81
95 67
95 98
95 75
95 98
95 164
95 168
96 91
96 77
97 46
97 52
97 49
97 55
97 83
97 52
97 161
98 90
98 61
98 73
98 68
98 162
99 81
99 75
99 95
100 84
100 81
101 52
101 48
101 73
102 139
102 121
102 133
102 114
102 125
102 151
102 143
102 133
102 110
102 143
102 146
102 131
102 157
102 134
102 117
102 121
102 143
102 122
102 111
102 146
102 102
102 135
102 139
102 132
102 123
102 117
102 121
102 119
102 124
102 143
102 113
102 139
102 118
102 129
103 150
103 112
103 121
103 146
103 149
103 157
103 134
103 113
103 124
103 151
103 108
103 151
103 136
103 149
103 141
103 142
103 125
103 114
103 105
103 103
103 135
103 111
103 112
103 126
103 142
103 146
103 112
103 105
103 117
103 103
103 117
103 149
104 134
104 105
104 124
104 111
104 112
104 121
104 114
104 126
104 148
105 108
105 154
105 114
105 103
105 147
105 132
105 121
105 121
105 132
105 112
105 112
105 118
105 114
105 134
105 117
105 126
105 132
105 137
106 117
106 136
106 133
107 154
107 125
107 145
107 118
107 117
107 135
107 113
107 146
107 138
107 149
107 122
108 124
108 137
108 146
108 149
108 131
108 125
108 149
108 134
108 154
108 111
108 112
108 105
108 122
108 113
108 141
108 148
108 142
108 150
108 103
109 157
109 108
109 149
109 155
109 133
109 127
109 125
109 141
110 132
110 112
110 115
110 136
110 154
110 140
110 117
110 114
110 108
110 104
110 146
110 133
110 132
110 117
110 107
110 123
110 117
111 134
111 117
111 112
111 157
111 134
111 135
111 144
111 102
111 125
111 135
111 154
111 123
111 151
111 134
111 112
111 115
112 141
112 139
112 112
112 142
112 113
112 143
112 112
112 146
112 119
112 151
112 119
112 138
112 134
112 102
112 121
112 148
112 113
112 143
112 122
112 141
112 112
112 112
112 118
112 102
112 117
112 114
112 104
112 121
112 114
112 134
112 156
112 149
112 121
112 122
112 112
112 108
112 109
112 122
112 155
112 117
112 124
112 139
112 154
112 114
112 146
112 121
112 114
112 121
112 156
112 139
112 107
112 151
112 138
112 113
112 119
112 139
112 118
112 172
113 123
113 132
113 154
113 146
113 104
113 121
113 132
113 135
113 112
113 104
113 135
113 105
113 124
113 122
113 147
113 132
113 138
113 125
113 115
113 108
114 119
114 117
114 125
114 113
114 110
114 146
114 114
114 142
114 133
114 155
114 135
114 112
114 157
114 143
114 146
114 103
114 134
114 134
114 143
114 135
114 132
114 129
114 138
114 149
114 125
114 119
114 138
114 146
114 104
114 151
114 134
114 123
114 112
114 102
114 135
114 143
114 151
114 113
114 105
114 117
114 113
114 104
114 138
114 149
114 123
114 114
114 131
114 142
114 141
114 133
114 157
115 143
115 157
115 146
115 112
115 116
115 106
115 115
115 142
115 142
115 146
115 114
115 150
115 117
116 133
116 138
116 124
116 138
116 142
116 151
116 124
116 117
117 136
117 139
117 136
117 150
117 129
117 142
117 125
117 122
117 139
117 134
117 134
117 124
117 112
117 144
117 146
117 105
117 127
117 135
117 134
117 117
117 103
117 135
117 120
117 125
117 147
117 138
117 119
117 105
117 143
117 117
117 157
117 114
117 113
117 125
117 142
117 133
117 125
117 108
117 151
117 149
117 120
117 117
117 127
117 146
117 135
117 143
117 117
117 110
117 132
117 134
117 121
117 122
117 139
117 127
117 154
117 148
117 114
117 140
118 135
118 136
118 133
118 109
118 124
118 146
118 132
118 136
118 142
118 117
118 121
118 151
118 126
118 143
118 134
118 137
118 124
118 120
118 121
119 149
119 112
119 125
119 137
119 144
119 110
119 132
119 112
119 132
119 133
119 138
119 153
119 130
119 102
119 132
119 116
119 142
119 103
119 114
120 134
120 151
120 125
120 135
120 110
120 121
120 150
120 134
120 142
120 142
120 118
120 134
120 157
120 124
121 123
121 112
121 117
121 121
121 134
121 132
121 124
121 132
121 132
121 125
121 149
121 156
121 108
121 112
121 116
121 142
121 132
121 150
121 148
121 117
121 113
121 137
121 143
121 132
121 114
121 121
121 118
121 124
121 115
121 151
121 116
121 136
121 112
121 110
121 154
121 144
121 146
121 106
121 148
122 105
122 118
122 125
122 125
122 121
122 121
122 154
122 125
122 136
122 136
122 131
122 146
122 102
122 115
122 134
122 117
122 155
122 121
122 154
122 149
122 155
122 134
123 150
123 132
123 114
123 154
123 147
123 114
123 114
123 137
123 129
123 124
123 133
123 146
123 151
123 144
123 134
123 117
123 152
123 133
123 117
123 144
123 125
123 154
123 107
123 138
123 136
124 121
124 153
124 105
124 150
124 112
124 121
124 114
124 117
124 112
124 142
124 140
124 142
124 139
124 110
124 149
124 129
124 144
124 104
124 104
124 122
124 123
124 143
124 132
124 133
124 103
124 142
124 123
124 105
124 132
124 135
124 102
124 129
124 123
124 154
124 146
124 157
124 111
124 147
124 136
124 144
124 124
124 125
124 157
124 142
125 149
125 112
125 136
125 147
125 132
125 136
125 147
125 142
125 136
125 129
125 114
125 117
125 104
125 108
125 147
125 126
125 150
125 152
125 126
125 110
125 135
125 125
125 113
125 122
125 143
125 119
125 111
125 117
125 146
125 151
125 110
125 141
125 110
125 123
125 123
125 103
125 132
125 112
125 117
126 102
126 149
126 141
126 144
126 129
126 112
126 115
126 132
126 138
126 157
126 113
126 107
126 154
126 138
126 129
126 125
126 120
126 147
126 140
126 110
126 157
126 112
126 135
126 120
126 119
126 115
127 106
127 109
127 157
127 138
127 110
127 141
128 106
129 142
129 146
129 132
129 138
129 123
129 117
129 142
129 137
129 114
129 150
129 141
129 143
129 137
129 116
129 135
129 114
129 124
130 153
130 127
131 157
131 141
131 119
131 108
131 136
131 154
131 154
131 133
131 117
131 147
131 134
131 134
131 146
131 138
131 141
131 139
131 103
131 122
131 112
131 137
131 121
131 110
132 120
132 157
132 117
132 114
132 119
132 131
132 104
132 136
132 143
132 108
132 118
132 147
132 118
132 143
132 149
132 157
132 132
132 137
132 117
132 123
132 125
132 106
132 112
132 107
132 122
132 138
132 112
132 112
132 120
132 147
132 131
132 149
132 113
132 119
132 123
132 141
132 114
132 125
132 146
132 103
132 121
132 146
132 121
132 135
132 149
132 148
132 138
132 149
132 142
132 112
132 157
132 114
132 119
132 133
132 142
132 149
132 148
132 121
132 131
132 133
132 137
132 132
132 134
132 154
132 121
132 114
132 139
132 143
132 154
132 125
132 103
132 132
133 134
133 110
133 117
133 142
133 119
133 149
133 115
133 117
133 131
133 120
133 144
133 103
133 117
133 139
133 147
133 132
133 130
133 146
133 121
133 149
133 149
133 125
133 120
133 106
133 128
133 117
133 123
133 123
133 132
133 125
133 155
133 114
133 117
133 102
133 103
133 145
133 154
133 136
133 153
133 131
134 114
134 121
134 123
134 153
134 124
134 114
134 104
134 103
134 110
134 115
134 124
134 131
134 119
134 157
134 125
134 132
134 143
134 117
134 133
134 131
134 125
134 112
134 112
134 111
134 132
134 134
134 125
134 125
134 142
134 107
134 124
134 113
134 121
134 109
134 113
135 118
135 137
135 149
135 132
135 117
135 136
135 117
135 138
135 135
135 134
135 154
135 125
135 134
135 112
135 136
135 143
135 131
135 113
135 154
135 145
135 103
135 133
135 112
135 102
135 151
135 149
135 139
135 126
135 157
135 157
135 142
135 124
135 137
135 103
135 147
135 139
135 105
135 132
135 125
135 143
135 131
135 149
135 121
135 143
135 134
135 114
135 115
135 144
135 136
135 135
135 148
135 126
135 131
135 136
135 157
135 138
135 121
135 123
136 138
136 125
136 113
136 126
136 132
136 141
136 136
136 147
136 111
136 117
136 147
136 144
136 121
136 117
136 104
136 154
136 135
136 147
136 142
136 151
136 124
136 137
136 157
136 121
136 121
136 136
136 114
136 117
136 155
136 120
136 120
136 124
136 157
137 135
137 110
137 153
137 125
137 156
137 139
137 125
137 113
137 116
137 117
137 124
137 126
137 129
137 124
137 157
137 119
137 122
137 146
137 117
137 144
137 134
137 137
137 136
137 132
137 135
137 146
137 147
137 142
137 142
138 117
138 114
138 132
138 138
138 119
138 124
138 125
138 117
138 149
138 105
138 118
138 136
138 141
138 113
138 113
138 154
138 105
138 142
138 126
138 139
138 134
138 154
138 122
138 110
139 125
139 146
139 141
139 139
139 124
139 113
139 117
139 143
139 157
139 125
139 116
140 114
140 123
140 155
140 118
140 137
140 118
140 157
140 110
140 139
140 113
140 117
140 135
140 129
140 154
141 146
141 115
141 102
141 145
141 124
141 139
141 141
141 150
141 129
141 144
141 121
141 117
141 118
141 106
141 122
141 104
141 113
141 104
141 114
141 114
141 139
141 118
141 123
141 140
141 121
141 132
142 154
142 134
142 133
142 135
142 134
142 150
142 116
142 136
142 144
142 145
142 149
142 116
142 136
142 114
142 146
142 134
142 149
142 144
142 124
142 134
142 134
142 136
142 102
142 105
142 117
142 107
142 133
142 151
142 149
142 146
142 112
142 134
142 117
142 107
143 146
143 117
143 117
143 144
143 155
143 120
143 141
143 139
143 114
143 143
143 143
143 135
143 147
143 135
143 114
143 132
143 146
143 117
143 111
143 135
143 103
143 157
143 124
143 112
143 148
143 140
143 113
143 120
143 150
143 138
143 134
143 131
143 119
143 144
143 137
143 121
143 146
143 157
144 108
144 138
144 112
144 115
144 104
144 149
144 133
144 118
144 102
144 116
144 104
144 150
144 105
144 103
145 151
145 135
145 117
146 135
146 136
146 142
146 146
146 118
146 132
146 146
146 144
146 135
146 119
146 121
146 155
146 102
146 151
146 133
146 149
146 117
146 118
146 116
146 114
146 105
146 126
146 150
146 116
146 114
146 138
146 119
146 136
146 111
146 103
146 102
146 103
146 157
146 138
146 135
146 137
146 115
146 135
146 122
146 139
146 124
146 151
146 143
146 150
146 117
146 154
146 132
146 117
147 117
147 102
147 129
147 121
147 112
147 128
147 119
147 141
147 111
147 102
147 117
147 149
147 111
147 139
147 142
147 123
147 132
147 126
147 149
147 117
147 134
147 154
147 120
147 117
147 136
148 117
148 133
148 107
148 102
148 142
148 115
148 146
148 146
148 132
148 112
148 146
148 148
148 121
148 122
148 102
148 121
148 119
148 122
149 139
149 132
149 149
149 115
149 121
149 143
149 116
149 114
149 134
149 145
149 134
149 151
149 135
149 121
149 144
149 134
149 132
149 117
149 112
149 132
149 141
149 114
149 146
149 136
149 121
149 120
149 131
149 151
149 109
149 131
149 118
149 135
149 117
149 136
149 107
149 125
149 135
149 103
149 135
149 135
149 112
149 138
149 156
149 127
150 104
150 121
150 151
150 153
150 122
150 157
150 104
150 143
150 111
150 136
150 102
150 125
150 134
150 142
150 110
150 141
150 136
150 111
150 124
150 122
150 135
150 134
150 155
150 122
150 114
151 142
151 113
151 150
151 104
151 108
151 144
151 105
151 143
151 143
151 132
151 121
151 141
151 141
151 136
151 136
151 132
151 114
151 114
151 134
151 135
151 126
151 146
151 142
151 134
151 112
151 102
151 118
151 146
151 119
151 121
151 103
152 132
152 102
152 144
152 142
152 146
152 112
152 131
152 134
152 104
153 125
153 126
153 134
153 150
153 129
154 114
154 149
154 117
154 135
154 112
154 146
154 132
154 112
154 146
154 138
154 141
154 142
154 123
154 132
154 114
154 141
154 105
154 138
154 112
154 135
154 144
154 114
154 135
154 114
154 105
154 131
154 134
154 102
154 138
154 148
154 144
154 106
154 112
155 114
155 102
155 102
155 142
155 112
155 146
155 154
155 150
155 104
155 150
155 103
155 118
155 147
155 144
155 147
155 138
155 121
155 148
155 129
156 114
156 149
156 144
156 124
156 115
156 141
156 137
156 149
156 157
157 117
157 134
157 125
157 110
157 121
157 132
157 134
157 141
157 147
157 123
157 118
157 126
157 136
157 123
157 146
157 149
157 133
157 137
157 134
157 120
157 124
157 133
157 155
157 124
157 133
157 149
157 126
157 154
157 117
157 154
157 105
157 133
157 146
157 141
158 162
159 162
159 163
159 159
159 162
159 159
159 171
159 162
159 161
159 160
159 162
159 162
159 160
159 163
159 177
159 178
159 170
159 163
159 164
159 160
160 160
160 175
160 161
160 171
160 172
160 164
160 162
160 175
160 162
160 175
160 172
160 171
160 170
160 164
160 175
160 162
160 177
160 171
160 171
160 160
160 175
160 172
160 169
160 164
160 158
160 172
160 162
162 164
162 170
162 165
162 170
162 162
162 169
162 169
162 176
162 170
162 164
162 160
162 172
162 168
162 169
162 168
162 173
162 176
162 164
162 162
162 163
162 164
162 164
162 172
162 162
162 178
162 159
162 164
162 165
162 160
162 162
162 163
163 172
163 173
163 163
163 160
163 173
163 162
163 162
163 175
163 162
164 164
164 158
164 173
164 163
164 172
164 160
164 172
164 159
164 172
164 166
165 172
165 162
165 164
165 177
165 168
165 162
165 170
165 177
165 177
166 164
166 159
166 171
166 162
166 162
166 160
167 160
167 162
167 163
167 162
167 160
168 160
168 160
168 175
168 175
168 170
168 171
168 160
169 170
169 178
169 162
169 160
170 171
170 172
170 165
170 159
170 167
170 172
170 178
170 172
170 162
170 162
171 162
171 173
171 163
171 171
171 173
171 160
171 162
171 158
171 162
172 173
172 159
172 175
172 162
172 159
172 172
172 166
172 172
172 172
172 160
172 171
172 173
172 160
173 159
173 178
173 162
173 172
173 162
173 160
173 162
173 162
173 162
173 165
173 178
173 162
173 175
174 165
174 178
174 172
175 177
175 172
175 164
175 171
175 159
175 168
176 162
176 171
176 159
177 160
177 159
177 176
177 174
177 159
178 164
178 173
178 173
178 175
178 168
179 181
179 183
179 180
180 182
180 180
180 180
180 183
180 179
180 179
180 181
180 182
180 180
181 183
182 179
182 183
183 180
183 183
183 180
183 183
185 184
185 185
185 185
186 189
186 187
186 186
186 189
186 188
186 189
186 186
186 188
186 189
186 186
187 187
187 189
187 186
187 186
187 186
187 189
187 186
187 186
187 186
187 186
187 189
187 187
187 186
187 188
188 188
188 188
188 186
188 188
188 187
189 186
189 188
189 188
189 189
189 186