0 1
0 16
0 0
0 22
0 3
0 10
0 14
0 26
0 15
0 1
0 22
0 15
0 9
0 15
1 1
1 33
1 36
1 17
1 15
1 15
1 0
1 35
1 15
1 16
2 39
3 15
3 22
4 15
4 9
5 9
5 18
5 15
5 11
5 15
5 22
5 20
5 17
6 15
6 16
6 16
6 15
9 15
9 15
9 39
9 15
9 21
9 23
9 13
9 16
9 15
9 15
9 25
9 15
9 1
9 13
9 1
9 4
9 35
11 15
13 42
13 15
13 15
13 9
13 15
13 39
13 15
13 15
13 33
13 15
13 15
13 35
13 15
14 15
14 1
14 14
14 27
14 20
14 35
14 39
15 22
15 19
15 39
15 35
15 35
15 15
15 13
15 15
15 33
15 19
15 15
15 1
15 35
15 35
15 15
15 22
15 15
15 15
15 0
15 37
15 37
15 23
15 41
15 20
15 18
15 16
15 15
15 31
15 17
15 19
15 15
15 22
15 16
15 11
15 0
15 9
15 1
15 22
15 19
15 15
15 16
15 15
15 15
15 17
15 19
15 9
15 22
15 22
15 31
15 16
15 39
15 11
15 39
15 25
15 15
15 41
15 3
15 15
15 15
15 22
15 41
15 1
15 39
15 32
15 10
15 35
15 41
15 15
15 0
15 41
15 15
15 35
15 0
15 19
15 35
15 36
15 15
15 15
15 38
15 39
15 35
15 15
15 15
15 15
15 35
15 9
15 15
15 22
15 39
15 0
15 35
15 15
15 15
15 31
15 15
15 36
15 39
15 36
15 60
15 161
16 17
16 15
16 17
16 36
16 9
16 0
16 15
16 15
16 39
16 15
16 15
16 15
16 15
16 15
16 15
16 17
16 15
16 97
17 22
17 18
17 22
17 15
17 36
17 30
17 15
17 15
17 22
17 35
17 15
18 15
18 18
18 15
18 1
18 31
18 14
18 35
18 17
19 15
19 39
19 15
19 39
19 39
19 1
19 19
19 11
19 38
19 19
19 15
19 22
19 17
19 15
19 22
19 15
19 35
19 15
20 14
20 15
20 15
20 15
21 15
21 32
22 35
22 9
22 19
22 15
22 14
22 17
22 15
22 15
22 15
22 15
22 15
22 17
22 39
22 15
23 20
23 15
24 0
24 15
25 16
25 15
25 16
25 2
25 21
25 15
26 42
26 5
26 0
26 16
28 17
30 39
30 36
30 19
30 1
30 35
30 36
31 15
31 18
32 13
32 5
32 35
33 31
33 6
33 16
33 17
33 19
33 162
34 9
35 23
35 15
35 16
35 36
35 15
35 16
35 15
35 35
35 19
35 8
35 15
35 11
35 17
35 15
35 15
35 39
35 22
36 16
36 19
36 15
36 35
36 2
36 14
36 9
36 19
36 0
36 15
36 36
36 15
36 17
36 32
36 33
38 42
39 15
39 9
39 22
39 15
39 15
39 22
39 15
39 22
39 15
39 35
39 15
39 15
39 15
39 15
39 5
39 22
39 15
39 15
40 35
41 30
41 15
41 6
41 15
41 22
41 19
41 35
41 39
41 23
41 16
41 15
41 15
41 15
41 1
42 22
42 15
42 15
42 39
42 39
42 15
42 245
43 76
43 64
43 82
43 57
43 73
43 60
43 141
43 273
44 76
44 79
44 73
44 57
44 47
46 82
46 64
46 79
46 88
46 88
46 64
46 76
48 94
48 79
48 90
48 90
48 94
48 53
48 49
48 73
48 90
48 79
48 60
48 64
48 60
48 149
48 277
49 60
49 49
49 76
49 88
49 73
49 91
49 82
49 60
49 45
49 43
49 47
49 81
49 75
49 58
49 60
49 66
49 90
49 90
49 58
49 60
49 90
49 76
49 75
49 59
49 75
49 75
49 73
49 55
49 88
49 49
49 83
49 82
49 75
49 73
49 79
49 75
49 79
49 49
49 76
49 60
49 45
49 91
49 88
49 60
49 75
49 82
49 64
49 60
49 79
49 91
49 71
49 76
49 76
49 79
49 60
49 91
49 58
49 79
49 76
49 81
49 57
49 67
49 97
49 117
49 120
49 97
49 111
49 278
49 274
49 275
49 299
49 283
49 431
50 46
50 43
50 61
50 79
50 64
50 79
50 49
50 61
50 58
50 44
50 49
50 75
50 76
50 49
50 90
50 122
50 273
51 82
52 61
53 66
53 90
53 60
53 94
53 82
53 49
53 87
53 94
53 66
53 46
53 66
53 94
53 49
53 71
53 57
53 88
53 89
53 76
53 82
53 88
53 60
53 58
53 60
53 88
53 94
53 54
53 60
53 48
53 82
53 79
53 81
53 61
53 292
53 292
53 290
53 291
53 275
54 90
54 73
54 79
54 79
54 60
54 50
54 311
55 60
55 49
55 76
55 91
55 50
55 278
56 60
56 64
56 88
56 67
56 90
56 124
57 88
57 88
57 49
57 81
57 79
57 82
57 82
57 49
57 66
57 89
57 88
57 64
57 50
57 60
57 82
57 60
57 49
57 60
57 141
57 274
58 50
58 61
58 91
58 63
58 59
58 82
58 66
58 75
58 50
58 90
58 87
58 61
58 82
58 53
58 61
58 79
58 49
58 64
58 79
58 49
58 88
58 91
58 133
58 116
58 295
58 280
59 49
59 79
59 60
59 49
59 79
59 83
59 90
59 50
59 82
60 54
60 79
60 66
60 88
60 59
60 82
60 61
60 91
60 53
60 60
60 49
60 55
60 89
60 88
60 53
60 60
60 88
60 82
60 53
60 73
60 58
60 79
60 43
60 87
60 75
60 82
60 49
60 60
60 66
60 44
60 88
60 79
60 60
60 82
60 82
60 55
60 89
60 77
60 90
60 66
60 93
60 59
60 78
60 79
60 59
60 53
60 49
60 60
60 57
60 72
60 83
60 75
60 60
60 73
60 76
60 82
60 94
60 73
60 46
60 78
60 49
60 76
60 89
60 79
60 60
60 88
60 133
60 150
60 150
60 112
60 281
60 306
60 275
60 302
60 308
60 296
60 283
60 291
60 296
60 291
60 292
60 301
60 308
61 49
61 82
61 75
61 53
61 60
61 79
61 55
61 57
61 53
61 53
61 75
61 58
61 46
61 82
61 43
61 150
63 82
63 75
63 75
63 76
63 76
63 122
63 300
64 76
64 83
64 60
64 94
64 82
64 78
64 60
64 49
64 49
64 60
64 72
64 60
64 86
64 60
64 88
64 60
64 78
64 60
64 90
64 88
64 53
64 75
64 75
64 66
64 94
64 87
64 76
64 88
64 136
64 103
64 278
64 293
65 66
66 59
66 79
66 94
66 52
66 66
66 58
66 44
66 82
66 79
66 82
66 60
66 53
66 78
66 76
66 90
66 59
66 75
66 82
66 76
66 79
66 60
66 88
66 79
66 55
66 60
66 79
66 44
66 91
66 94
66 49
66 90
66 89
66 79
66 53
66 60
66 68
66 141
66 146
66 141
66 292
66 276
67 94
67 51
67 48
67 60
67 78
67 61
67 79
67 49
67 303
68 88
68 49
68 50
68 301
70 66
70 48
71 82
71 88
71 78
71 49
71 49
71 59
71 49
71 53
72 76
72 82
72 88
73 87
73 94
73 54
73 91
73 60
73 75
73 76
73 50
73 43
73 55
73 53
73 66
73 88
73 79
73 92
73 60
73 94
73 50
73 53
73 89
73 50
73 76
73 88
73 46
73 306
73 302
74 94
74 49
74 64
74 60
74 82
74 91
74 82
74 94
74 79
74 89
74 50
74 281
74 283
74 278
75 60
75 81
75 60
75 71
75 52
75 60
75 82
75 91
75 79
75 79
75 61
75 53
75 64
75 49
75 64
75 49
75 75
75 94
75 50
75 67
75 91
75 50
75 94
75 76
75 48
75 49
75 66
75 45
75 82
75 94
75 60
75 60
75 79
75 149
75 157
75 435
76 66
76 75
76 75
76 94
76 60
76 60
76 66
76 49
76 75
76 56
76 84
76 75
76 87
76 71
76 75
76 88
76 79
76 73
76 82
76 90
76 76
76 75
76 94
76 79
76 77
76 60
76 76
76 49
76 49
76 79
76 79
76 53
76 57
76 61
76 71
76 76
76 58
76 91
76 64
76 109
76 123
76 276
76 281
76 281
77 60
78 46
78 58
78 61
78 71
78 83
78 55
78 49
78 78
79 54
79 58
79 61
79 60
79 64
79 88
79 60
79 88
79 79
79 90
79 66
79 91
79 90
79 54
79 61
79 75
79 74
79 48
79 49
79 50
79 79
79 86
79 58
79 71
79 60
79 49
79 79
79 60
79 88
79 50
79 75
79 49
79 49
79 60
79 52
79 90
79 94
79 73
79 89
79 87
79 87
79 82
79 58
79 73
79 125
79 148
79 97
79 113
79 133
79 292
80 82
81 60
81 79
81 64
81 60
81 49
82 75
82 49
82 76
82 87
82 60
82 73
82 82
82 94
82 53
82 76
82 75
82 56
82 90
82 60
82 82
82 79
82 82
82 48
82 90
82 88
82 49
82 53
82 73
82 79
82 91
82 89
82 75
82 48
82 66
82 75
82 87
82 89
82 53
82 53
82 49
82 78
82 91
82 64
82 82
82 60
82 60
82 117
82 99
82 276
82 301
82 280
82 347
83 52
83 60
83 67
83 73
83 82
83 82
83 79
83 82
83 53
83 76
83 94
83 66
83 120
83 146
84 49
84 97
85 82
85 49
86 89
86 53
86 72
86 49
86 60
86 281
87 48
87 78
87 94
87 49
87 431
88 49
88 60
88 46
88 79
88 50
88 58
88 71
88 82
88 63
88 91
88 49
88 79
88 48
88 82
88 49
88 52
88 82
88 76
88 49
88 47
88 58
88 87
88 87
88 53
88 79
88 46
88 83
88 88
88 58
88 60
88 49
88 60
88 82
88 82
88 73
88 73
88 66
88 74
88 74
88 79
88 60
88 287
88 301
89 80
89 66
89 79
89 79
89 74
89 48
89 49
89 86
89 74
89 60
89 60
89 94
89 75
89 66
89 89
89 90
89 60
89 82
89 72
89 82
89 97
90 82
90 82
90 75
90 82
90 68
90 53
90 64
90 53
90 89
90 82
90 75
90 50
90 88
90 79
90 53
90 78
90 46
90 66
90 53
90 58
90 80
90 64
90 97
91 64
91 79
91 58
91 90
91 71
91 59
91 49
91 88
91 66
91 87
91 49
91 78
91 53
91 74
91 48
91 76
91 66
91 60
91 64
91 75
91 82
91 49
91 94
91 88
91 75
91 44
91 53
91 53
91 97
92 89
93 91
93 79
93 50
93 57
93 79
93 64
93 93
93 282
93 282
93 432
94 79
94 58
94 60
94 60
94 76
94 82
94 79
94 88
94 58
94 94
94 88
94 91
94 58
94 51
94 60
94 89
94 76
94 84
94 78
94 60
94 77
94 105
94 306
94 278
95 97
95 115
95 135
95 148
95 130
96 115
97 97
97 135
97 127
97 144
97 123
97 121
97 141
97 97
97 121
97 97
97 137
97 142
97 146
97 119
97 112
97 120
97 111
97 135
97 123
97 137
97 145
97 117
97 103
97 97
97 97
97 97
97 116
97 130
97 122
97 136
97 119
97 127
97 97
97 102
97 130
97 137
97 130
97 137
97 98
97 121
97 126
97 148
97 129
97 148
97 142
97 146
97 97
97 135
97 97
97 150
97 148
97 147
97 145
97 97
97 103
97 133
97 122
97 124
97 96
97 136
97 111
97 123
97 97
97 117
97 133
97 142
97 107
97 122
97 144
97 103
97 97
97 120
97 144
97 142
97 122
97 97
97 112
97 130
97 116
97 125
97 100
97 140
97 127
97 144
97 121
97 127
97 127
97 123
97 97
97 112
97 141
97 141
97 99
97 136
97 116
97 145
97 97
97 148
97 102
97 115
97 150
97 108
97 129
97 130
97 149
97 127
97 98
97 135
97 150
97 112
97 113
97 97
97 97
97 142
97 135
97 142
97 142
97 100
97 149
97 122
97 144
97 127
97 132
97 109
97 120
97 128
97 97
97 117
97 121
97 99
97 149
97 127
97 146
97 126
97 105
97 105
97 143
97 97
97 97
97 127
97 149
97 106
97 145
97 117
97 98
97 98
97 98
97 127
97 124
97 150
97 97
97 102
97 148
97 123
97 116
97 149
97 126
97 137
97 142
97 97
97 130
97 132
97 120
97 97
97 144
97 97
97 112
97 130
97 127
97 137
97 124
97 122
97 112
97 141
97 145
97 116
97 127
97 97
97 148
97 102
97 146
97 148
97 97
97 112
97 99
97 148
97 140
97 97
97 98
97 123
97 121
97 121
97 140
97 126
97 123
97 137
97 97
97 97
97 127
97 135
97 144
97 140
97 146
97 124
97 97
97 143
97 110
97 123
97 124
97 112
97 130
97 141
97 149
97 115
97 112
97 99
97 126
97 135
97 100
97 130
97 136
97 125
97 122
97 143
97 122
97 142
97 148
97 141
97 111
97 135
97 112
97 97
97 123
97 141
97 99
97 112
97 144
97 137
97 107
97 117
97 148
97 97
97 126
97 97
97 136
97 142
97 97
97 135
97 129
97 135
97 142
97 136
97 124
97 143
97 97
97 149
97 148
97 116
97 150
97 98
97 145
97 133
97 97
97 100
97 117
97 133
97 117
97 97
97 100
97 106
97 142
97 137
97 97
97 115
97 105
97 130
97 124
97 101
97 121
97 134
97 141
97 111
97 99
97 144
97 119
97 140
97 123
97 97
97 97
97 97
97 107
97 149
97 97
97 141
97 149
97 107
97 129
97 109
97 115
97 105
97 141
97 146
97 149
97 127
97 107
97 127
97 150
97 133
97 137
97 109
97 105
97 124
97 100
97 97
97 97
97 148
97 97
97 103
97 144
97 98
97 97
97 115
97 137
97 141
97 145
97 135
97 148
97 115
97 142
97 144
97 144
97 136
97 97
97 98
97 112
97 127
97 124
97 145
97 141
97 97
97 121
97 150
97 98
97 100
97 142
97 124
97 136
97 111
97 123
97 97
97 135
97 144
97 97
97 122
97 112
97 103
97 123
97 136
97 146
97 135
97 97
97 97
97 97
97 123
97 127
97 109
97 98
97 194
97 249
97 282
97 297
97 296
97 289
97 292
97 269
97 306
97 293
97 314
97 321
97 356
98 137
98 115
98 97
98 97
98 149
98 140
98 145
98 107
98 133
98 124
98 132
98 97
98 123
98 135
98 109
98 145
98 97
98 124
98 127
98 135
98 104
98 97
98 150
99 109
99 135
99 127
99 142
99 97
99 124
99 107
99 106
99 97
99 136
99 124
99 97
99 140
99 98
99 112
99 149
99 116
99 117
99 122
99 135
99 97
99 121
99 112
99 97
99 127
99 127
99 104
99 112
99 150
99 127
99 219
99 280
99 288
99 277
99 293
100 116
100 98
100 123
100 106
100 97
100 148
100 136
100 137
100 132
100 107
100 146
100 97
100 136
100 149
100 125
100 126
100 103
100 109
100 146
100 141
100 116
100 99
100 148
100 136
100 111
100 148
100 122
100 123
100 97
100 136
100 104
100 103
100 119
100 137
100 271
100 311
101 136
101 112
101 135
101 139
101 145
101 141
101 109
101 97
101 97
101 149
101 127
101 97
101 146
101 291
102 136
102 142
102 123
102 124
102 120
102 100
102 116
102 116
102 145
102 133
102 132
102 105
102 126
102 136
102 99
102 132
102 127
102 126
102 123
102 122
102 140
102 103
102 142
102 114
102 150
102 135
103 108
103 140
103 133
103 135
103 97
103 137
103 148
103 150
103 149
103 116
103 97
103 108
103 113
103 124
103 146
103 142
103 150
103 101
103 121
103 154
103 234
103 305
103 314
103 312
103 313
104 127
104 124
104 133
104 121
104 137
105 132
105 120
105 149
105 111
105 148
105 136
105 98
105 97
105 133
105 116
105 111
105 113
105 144
105 97
105 107
105 122
105 146
105 97
105 123
105 121
105 97
105 107
105 97
105 97
105 146
105 97
105 97
105 142
105 97
105 130
105 115
105 123
105 149
105 121
105 147
105 103
105 142
105 119
105 228
105 295
105 283
105 284
105 281
105 321
105 317
106 97
106 111
106 109
106 146
106 149
106 98
106 132
106 293
107 137
107 141
107 97
107 132
107 97
107 143
107 121
107 105
107 150
107 134
107 144
107 149
107 109
107 97
107 103
107 121
107 97
107 123
107 141
107 147
107 112
107 103
107 103
107 97
107 127
107 128
107 124
107 148
107 146
107 97
107 140
107 119
107 124
107 150
107 127
107 140
107 137
107 127
107 148
107 105
107 96
107 107
107 304
107 307
108 148
108 130
108 121
108 100
108 127
108 109
108 124
108 97
108 127
108 132
108 129
108 148
108 112
108 150
108 106
108 144
108 172
109 127
109 122
109 144
109 123
109 97
109 124
109 97
109 124
109 132
109 139
109 123
109 136
109 122
109 121
109 124
109 101
109 105
109 97
109 107
109 97
109 97
109 111
109 132
109 126
109 130
109 137
109 143
109 281
109 292
110 122
110 115
110 127
110 145
110 117
110 99
110 112
110 119
110 124
110 130
110 97
110 97
110 115
110 97
110 124
110 97
110 132
110 317
110 317
111 97
111 123
111 126
111 109
111 112
111 123
111 136
111 145
111 114
111 97
111 97
111 97
111 97
111 149
111 112
111 140
111 126
111 150
111 141
111 141
111 98
111 97
111 130
111 127
111 311
112 127
112 112
112 117
112 97
112 130
112 103
112 97
112 140
112 103
112 126
112 99
112 115
112 146
112 130
112 97
112 130
112 121
112 135
112 126
112 99
112 120
112 97
112 127
112 102
112 115
112 144
112 97
112 144
112 115
112 108
112 129
112 145
112 127
112 114
112 116
112 129
112 145
112 97
112 112
112 123
112 144
112 141
112 105
112 121
112 97
112 141
112 105
112 100
112 109
112 97
112 150
112 148
112 107
112 97
112 127
112 149
112 124
112 144
112 133
112 137
112 121
112 146
112 133
112 123
112 115
112 142
112 107
112 144
112 111
112 137
112 143
112 126
112 119
112 98
112 233
112 260
112 307
112 312
113 129
113 97
113 102
113 99
113 126
113 97
113 150
113 97
113 234
113 274
113 319
114 145
114 133
114 150
114 105
114 123
114 132
114 280
114 282
115 105
115 97
115 121
115 100
115 99
115 137
115 137
115 124
115 146
115 126
115 111
115 97
115 99
115 145
115 102
115 136
115 127
115 97
115 148
115 97
115 141
115 115
115 116
115 130
115 97
115 132
115 135
115 107
115 133
115 132
115 136
115 137
115 123
115 124
115 144
115 99
115 99
115 131
115 116
115 97
115 142
115 144
115 148
116 116
116 97
116 133
116 109
116 130
116 124
116 123
116 123
116 97
116 148
116 127
116 123
116 120
116 146
116 97
116 136
116 137
116 97
116 112
116 123
116 126
116 116
116 142
116 137
116 145
116 136
116 97
116 121
116 105
116 121
116 150
116 150
116 146
116 136
116 127
116 97
116 144
116 139
116 97
116 112
116 149
116 148
116 97
116 130
116 105
116 127
116 109
116 130
116 137
116 97
116 115
116 136
117 129
117 98
117 122
117 97
117 136
117 137
117 140
117 135
117 109
117 135
117 137
117 146
117 113
119 97
119 135
119 121
119 115
119 100
119 97
119 103
119 149
119 132
119 99
119 122
119 110
119 162
120 112
120 135
120 105
120 142
120 141
120 111
120 150
120 136
120 97
120 144
120 124
120 140
120 144
120 123
120 112
120 148
120 122
120 120
120 242
120 273
120 273
121 97
121 127
121 97
121 115
121 150
121 148
121 97
121 99
121 143
121 130
121 97
121 111
121 97
121 127
121 141
121 131
121 112
121 123
121 97
121 121
121 127
121 148
121 144
121 97
121 120
121 97
121 97
121 141
121 144
121 97
121 97
121 148
121 97
121 127
121 121
121 101
121 149
121 130
121 121
121 107
121 126
121 132
121 100
121 148
121 98
122 136
122 116
122 130
122 98
122 133
122 100
122 126
122 135
122 121
122 149
122 102
122 105
122 113
122 105
122 140
122 97
122 149
122 149
122 100
122 131
122 127
122 97
122 101
122 97
122 141
122 143
122 95
122 143
122 120
122 142
122 139
122 142
122 149
122 97
122 130
122 145
122 107
122 107
122 122
122 112
122 175
122 289
122 282
122 316
123 97
123 144
123 97
123 97
123 124
123 129
123 115
123 127
123 135
123 97
123 110
123 130
123 121
123 112
123 132
123 141
123 97
123 123
123 127
123 127
123 99
123 124
123 97
123 97
123 120
123 105
123 120
123 97
123 124
123 136
123 131
123 108
123 97
123 136
123 125
123 97
123 149
123 137
123 149
123 123
123 135
123 127
123 123
123 136
123 142
123 126
123 142
123 150
123 132
123 101
123 132
123 135
123 127
123 97
123 136
123 148
123 123
123 123
123 135
123 140
123 97
123 136
123 273
123 300
123 310
124 100
124 124
124 123
124 140
124 97
124 116
124 123
124 97
124 121
124 123
124 112
124 111
124 97
124 97
124 126
124 135
124 132
124 112
124 142
124 97
124 144
124 124
124 146
124 97
124 140
124 149
124 123
124 144
124 130
124 127
124 107
124 127
124 105
124 133
124 112
124 112
124 129
124 108
124 97
124 97
124 130
124 115
124 98
124 130
124 146
124 140
124 98
124 306
125 136
125 119
125 105
125 97
125 136
125 140
125 144
125 142
125 97
125 97
125 121
125 97
125 97
125 280
125 310
126 135
126 144
126 125
126 126
126 136
126 140
126 130
126 97
126 97
126 136
126 144
126 141
126 105
126 122
126 126
126 146
126 97
126 122
126 123
126 97
126 124
126 107
126 284
127 121
127 131
127 144
127 97
127 123
127 115
127 135
127 107
127 122
127 99
127 122
127 132
127 112
127 110
127 97
127 112
127 119
127 98
127 97
127 124
127 136
127 141
127 144
127 109
127 119
127 124
127 124
127 148
127 116
127 115
127 99
127 149
127 97
127 142
127 123
127 117
127 97
127 115
127 120
127 136
127 112
127 149
127 97
127 97
127 133
127 100
127 142
127 132
127 127
127 132
127 146
127 97
127 143
127 126
127 127
127 111
127 124
127 142
127 146
127 123
127 122
127 99
127 144
127 108
127 122
127 148
127 140
127 136
127 123
127 109
127 148
127 133
127 113
127 97
127 127
127 127
127 105
127 148
127 130
127 97
127 142
127 123
127 97
127 97
127 127
127 136
127 132
127 97
127 97
127 115
127 133
127 144
127 144
127 112
127 132
127 249
127 292
127 269
127 309
128 97
128 101
128 133
128 150
128 144
129 97
129 145
129 144
129 150
129 111
129 144
129 111
129 115
129 97
129 129
129 122
129 108
129 97
129 141
129 115
129 103
129 136
129 112
129 97
130 124
130 127
130 107
130 149
130 105
130 121
130 107
130 140
130 105
130 105
130 137
130 112
130 107
130 97
130 140
130 109
130 97
130 127
130 149
130 112
130 148
130 130
130 110
130 123
130 129
130 122
130 148
130 97
130 144
130 97
130 97
130 148
130 140
130 140
130 138
130 97
130 132
130 99
130 126
130 141
130 112
130 128
130 109
130 122
130 97
130 149
130 146
130 146
130 115
130 123
130 108
130 135
130 120
130 144
130 130
130 144
130 130
130 105
130 124
130 130
130 130
130 136
130 105
130 132
130 122
130 124
130 143
130 142
130 135
130 121
130 260
130 269
131 97
131 135
131 148
131 97
131 98
131 109
131 144
131 148
131 133
131 175
131 224
131 276
132 114
132 112
132 102
132 149
132 116
132 148
132 97
132 97
132 105
132 137
132 150
132 130
132 132
132 111
132 136
132 141
132 97
132 116
132 145
132 148
132 127
132 99
132 140
132 150
132 98
132 122
132 144
132 109
132 143
132 130
132 130
132 143
132 145
132 123
132 122
132 129
132 130
132 126
132 107
132 103
132 114
132 108
132 121
132 141
132 144
132 97
132 142
132 146
132 129
132 97
132 249
132 281
132 300
132 316
132 322
133 97
133 149
133 132
133 150
133 126
133 145
133 97
133 121
133 139
133 97
133 137
133 113
133 130
133 97
133 126
133 97
133 108
133 120
133 143
133 116
133 112
133 121
133 132
133 119
133 145
133 121
133 130
133 107
133 130
133 112
133 150
133 98
133 130
133 105
133 115
133 121
133 123
133 97
133 133
133 135
133 97
133 129
133 109
133 140
133 127
133 122
133 112
133 112
133 127
133 297
133 276
133 313
135 100
135 127
135 130
135 107
135 142
135 149
135 148
135 97
135 123
135 116
135 136
135 130
135 123
135 135
135 97
135 115
135 135
135 121
135 120
135 123
135 97
135 97
135 115
135 132
135 124
135 136
135 102
135 148
135 97
135 97
135 149
135 116
135 107
135 97
135 135
135 142
135 136
135 110
135 97
135 123
135 127
135 105
135 133
135 109
135 133
135 98
135 127
135 115
135 135
135 97
135 133
135 108
135 124
135 102
135 121
135 135
135 97
135 115
135 137
135 97
135 221
135 227
135 301
136 137
136 102
136 105
136 144
136 123
136 97
136 97
136 144
136 107
136 127
136 146
136 97
136 136
136 97
136 127
136 144
136 109
136 150
136 149
136 97
136 97
136 105
136 112
136 148
136 98
136 98
136 97
136 97
136 122
136 97
136 145
136 143
136 96
136 105
136 142
136 146
136 148
136 109
136 123
136 107
136 124
136 108
136 97
136 115
136 97
136 99
136 97
136 133
136 122
136 123
136 112
136 126
136 99
136 150
136 102
136 126
136 140
136 105
136 112
136 105
136 148
136 112
136 133
136 115
136 133
136 100
136 133
136 124
136 97
136 122
136 135
136 145
136 121
136 123
136 115
136 305
136 282
136 312
137 130
137 148
137 135
137 136
137 140
137 100
137 149
137 133
137 115
137 146
137 115
137 137
137 99
137 97
137 140
137 127
137 143
137 111
137 98
137 132
137 121
137 127
137 97
137 140
137 97
137 142
137 127
137 123
137 127
137 131
137 278
137 280
137 282
137 311
138 123
138 111
138 143
138 127
138 97
138 103
139 106
139 149
140 121
140 143
140 123
140 127
140 149
140 136
140 135
140 128
140 97
140 112
140 121
140 107
140 136
140 130
140 127
140 97
140 115
140 135
140 97
140 135
140 137
140 127
140 121
140 112
140 117
140 117
140 127
140 98
140 145
140 97
140 127
140 112
140 136
140 111
140 137
140 142
140 97
140 112
140 111
140 111
140 136
140 97
140 136
140 144
140 127
140 141
140 144
140 150
140 147
140 144
140 116
140 283
140 299
141 140
141 123
141 108
141 140
141 101
141 135
141 99
141 149
141 140
141 132
141 122
141 149
141 129
141 113
141 116
141 141
141 136
141 140
141 144
141 140
141 120
141 133
141 123
141 140
141 127
141 103
141 144
141 150
141 107
141 125
141 97
141 146
141 142
141 130
141 97
141 130
141 113
141 112
141 123
141 112
141 121
141 112
141 127
141 146
141 105
141 107
141 112
141 109
141 175
141 278
141 289
141 319
142 127
142 97
142 133
142 97
142 148
142 148
142 133
142 115
142 97
142 99
142 136
142 143
142 100
142 97
142 123
142 141
142 112
142 105
142 127
142 100
142 123
142 123
142 136
142 145
142 105
142 97
142 123
142 105
142 104
142 135
142 98
142 127
142 130
142 114
142 149
142 107
142 133
142 148
142 141
142 112
142 97
142 149
142 112
142 130
142 100
142 109
142 135
142 122
142 97
142 298
142 312
143 97
143 107
143 97
143 99
143 135
143 97
143 122
143 130
143 127
143 127
143 149
143 103
143 136
143 123
143 97
143 132
143 100
143 141
143 109
143 122
143 130
143 122
143 130
143 100
143 130
143 150
143 127
143 125
143 107
143 149
143 142
143 144
143 127
143 97
143 135
143 123
144 123
144 135
144 150
144 132
144 132
144 100
144 97
144 110
144 109
144 98
144 125
144 135
144 100
144 121
144 101
144 135
144 142
144 150
144 116
144 149
144 97
144 122
144 111
144 127
144 147
144 136
144 150
144 141
144 112
144 105
144 113
144 97
144 126
144 149
144 148
144 149
144 117
144 99
144 125
144 141
144 124
144 124
144 142
144 135
144 126
144 149
144 144
144 128
144 122
144 118
144 127
144 123
144 112
144 97
144 107
144 145
144 112
144 97
144 97
144 120
144 112
144 127
144 135
144 299
144 278
144 302
145 112
145 120
145 130
145 101
145 130
145 148
145 121
145 111
145 111
145 119
145 105
145 125
145 97
145 132
145 110
145 144
145 115
145 97
145 148
145 141
145 127
146 136
146 97
146 137
146 130
146 144
146 115
146 116
146 132
146 109
146 149
146 145
146 97
146 142
146 136
146 141
146 122
146 122
146 115
146 127
146 120
146 115
146 145
146 144
146 148
146 116
146 103
146 149
146 135
146 97
146 97
147 135
147 97
147 112
147 123
147 291
148 146
148 144
148 143
148 112
148 140
148 137
148 144
148 108
148 141
148 107
148 135
148 149
148 143
148 97
148 121
148 141
148 148
148 149
148 146
148 136
148 130
148 122
148 137
148 138
148 130
148 109
148 149
148 124
148 97
148 140
148 150
148 121
148 105
148 109
148 149
148 137
148 104
148 135
148 97
148 127
148 97
148 109
148 112
148 148
148 140
148 97
148 112
148 123
148 124
148 132
148 97
148 136
148 97
148 149
148 96
148 109
148 102
148 141
148 108
148 149
148 105
148 301
148 289
148 293
148 311
149 109
149 97
149 123
149 145
149 122
149 143
149 115
149 144
149 113
149 140
149 111
149 136
149 133
149 122
149 100
149 105
149 100
149 112
149 127
149 140
149 112
149 137
149 97
149 97
149 97
149 97
149 148
149 130
149 125
149 121
149 97
149 108
149 105
149 122
149 142
149 112
149 130
149 129
149 145
149 150
149 132
149 132
149 130
149 109
149 126
149 123
149 140
149 149
149 121
149 112
149 144
149 97
149 128
149 130
149 133
149 113
149 148
149 142
149 97
149 140
149 148
149 99
149 136
149 136
149 121
149 141
149 108
149 107
149 130
149 103
149 112
149 135
149 255
149 276
149 483
150 137
150 107
150 127
150 115
150 99
150 109
150 137
150 97
150 108
150 97
150 123
150 149
150 122
150 97
150 136
150 149
150 112
150 137
150 121
150 112
150 136
150 130
150 97
150 97
150 122
150 97
150 107
150 107
150 124
150 124
150 122
150 135
150 127
150 97
150 111
150 115
150 124
150 135
150 97
150 127
150 142
150 137
150 106
150 99
150 125
150 312
150 312
151 162
151 158
151 175
151 162
151 158
151 162
151 158
152 199
152 185
152 162
152 158
152 193
152 190
152 153
152 162
152 153
152 158
152 175
152 177
152 162
152 181
152 177
152 162
152 168
152 199
152 162
152 162
152 162
152 184
152 168
152 151
152 161
152 175
152 169
152 158
152 158
152 156
152 324
152 323
152 419
152 414
152 402
152 428
153 184
153 168
153 200
153 162
153 202
153 195
153 175
153 191
153 168
153 185
153 175
153 174
153 162
153 177
153 162
153 175
153 175
153 196
153 162
153 172
153 153
153 198
153 177
153 162
153 200
153 200
153 177
153 185
153 181
153 162
153 191
153 199
153 162
153 182
153 162
153 175
153 158
153 175
153 161
153 199
153 414
154 181
154 177
154 199
154 151
154 175
154 162
154 417
154 427
155 158
155 157
155 153
155 427
156 162
156 153
156 197
156 198
156 190
156 162
156 194
156 158
156 153
156 184
156 162
156 171
156 162
156 188
156 176
156 152
156 199
156 188
156 162
156 162
156 175
156 161
156 166
156 199
156 162
156 162
157 175
157 181
157 188
157 184
157 193
157 153
157 199
157 169
157 188
157 158
157 159
157 197
157 179
157 186
157 162
157 162
157 184
157 175
157 159
157 200
157 162
157 400
157 405
157 410
157 417
157 405
158 158
158 200
158 162
158 167
158 175
158 184
158 202
158 175
158 162
158 162
158 185
158 175
158 175
158 158
158 158
158 187
158 169
158 175
158 172
158 188
158 196
158 175
158 175
158 175
158 184
158 156
158 160
158 162
158 172
158 188
158 168
158 162
158 161
158 201
158 169
158 156
158 165
158 199
158 185
158 177
158 175
158 191
158 200
158 175
158 162
158 151
158 152
158 168
158 158
158 175
158 162
158 175
158 199
158 160
158 175
158 177
158 197
158 162
158 171
158 198
158 175
158 175
158 160
158 153
158 175
158 194
158 158
158 179
158 162
158 168
158 394
158 398
158 403
159 162
159 162
159 394
159 414
159 428
160 175
160 158
160 184
160 153
160 184
160 162
160 183
160 175
160 183
160 168
160 175
160 175
160 175
160 172
160 168
160 196
160 195
160 162
160 195
160 162
160 198
160 162
160 175
160 162
160 199
160 160
160 175
160 197
160 177
160 162
160 162
160 168
160 199
160 195
160 191
160 156
160 153
160 162
160 162
160 199
160 175
160 199
160 175
160 161
160 153
160 175
160 425
161 175
161 158
161 162
161 200
161 175
161 198
161 175
161 162
161 175
161 190
161 175
161 195
161 162
161 175
161 184
161 162
161 162
161 175
161 158
161 175
161 172
161 179
161 199
161 174
161 161
161 185
161 162
161 177
161 198
161 172
161 162
161 175
161 200
161 158
161 197
161 395
161 405
162 175
162 181
162 153
162 175
162 175
162 202
162 195
162 199
162 192
162 185
162 172
162 175
162 175
162 162
162 178
162 197
162 175
162 175
162 162
162 202
162 162
162 161
162 158
162 162
162 175
162 158
162 162
162 158
162 175
162 161
162 186
162 192
162 158
162 162
162 172
162 168
162 199
162 175
162 162
162 198
162 157
162 200
162 162
162 157
162 161
162 185
162 175
162 162
162 172
162 173
162 175
162 154
162 175
162 194
162 162
162 175
162 153
162 162
162 179
162 198
162 194
162 185
162 175
162 167
162 170
162 171
162 162
162 153
162 175
162 168
162 199
162 194
162 175
162 175
162 161
162 162
162 171
162 184
162 177
162 162
162 175
162 152
162 151
162 158
162 162
162 200
162 157
162 151
162 168
162 190
162 179
162 162
162 160
162 171
162 162
162 175
162 162
162 162
162 160
162 158
162 162
162 183
162 200
162 197
162 186
162 174
162 175
162 160
162 162
162 162
162 176
162 202
162 197
162 177
162 162
162 172
162 171
162 177
162 190
162 161
162 175
162 158
162 175
162 156
162 157
162 171
162 167
162 201
162 190
162 155
162 158
162 185
162 188
162 175
162 175
162 200
162 177
162 172
162 175
162 185
162 158
162 187
162 171
162 160
162 188
162 199
162 194
162 162
162 162
162 199
162 162
162 196
162 196
162 194
162 157
162 175
162 162
162 160
162 197
162 162
162 185
162 158
162 162
162 160
162 162
162 160
162 172
162 161
162 181
162 175
162 197
162 177
162 175
162 184
162 162
162 184
162 162
162 153
162 162
162 185
162 156
162 175
162 175
162 201
162 199
162 169
162 162
162 153
162 199
162 161
162 160
162 169
162 171
162 162
162 156
162 177
162 158
162 184
162 199
162 175
162 163
162 185
162 192
162 175
162 175
162 162
162 175
162 197
162 175
162 175
162 175
162 160
162 182
162 183
162 162
162 162
162 175
162 175
162 160
162 162
162 175
162 324
162 398
162 399
162 397
162 399
162 407
162 419
162 416
162 402
162 402
162 428
162 417
162 429
162 409
162 404
162 424
162 426
162 424
162 407
162 405
162 423
162 427
163 158
163 152
163 171
163 175
163 427
163 412
164 183
164 162
165 181
165 152
165 162
165 191
165 153
166 162
166 156
166 159
166 193
166 188
166 158
166 200
166 175
166 185
166 188
166 153
167 190
167 180
167 167
167 158
167 194
167 194
167 185
167 177
167 168
167 152
167 185
167 199
167 175
167 180
167 162
167 403
167 427
167 409
168 177
168 175
168 188
168 184
168 175
168 158
168 162
168 160
168 185
168 164
168 175
168 162
168 195
168 175
168 160
168 161
168 175
168 167
168 185
168 166
168 162
168 188
168 175
168 200
168 162
168 175
168 162
168 163
168 200
168 161
168 177
168 195
168 190
168 197
168 177
168 200
168 175
168 394
169 175
169 160
169 168
169 159
169 160
169 197
169 162
169 154
169 185
169 175
169 183
169 183
169 188
169 162
169 156
169 179
169 184
169 197
169 175
169 426
169 411
169 421
171 175
171 186
171 162
171 185
171 200
171 175
171 194
171 186
171 172
171 158
171 160
171 162
171 153
171 174
171 175
171 199
171 175
171 162
171 162
171 197
171 167
171 183
171 162
171 160
171 396
171 404
172 152
172 162
172 162
172 184
172 162
172 162
172 186
172 158
172 162
172 161
172 152
172 155
172 191
172 190
172 202
172 199
172 200
172 175
172 183
172 202
172 162
172 191
172 166
172 169
172 162
172 188
172 162
172 194
172 161
172 152
172 158
172 425
172 411
172 426
172 412
172 429
172 407
172 410
172 421
172 424
173 175
173 175
174 175
174 197
174 403
175 172
175 153
175 171
175 162
175 181
175 181
175 185
175 162
175 169
175 184
175 158
175 162
175 152
175 166
175 160
175 194
175 157
175 188
175 198
175 177
175 199
175 177
175 162
175 174
175 199
175 162
175 161
175 153
175 183
175 175
175 175
175 171
175 152
175 184
175 160
175 158
175 174
175 158
175 199
175 184
175 162
175 185
175 155
175 176
175 175
175 175
175 181
175 160
175 175
175 172
175 199
175 184
175 167
175 162
175 153
175 198
175 158
175 200
175 199
175 201
175 162
175 167
175 177
175 191
175 175
175 152
175 175
175 175
175 181
175 172
175 175
175 181
175 158
175 180
175 175
175 172
175 160
175 161
175 163
175 162
175 162
175 175
175 162
175 175
175 175
175 181
175 186
175 153
175 177
175 155
175 175
175 162
175 158
175 182
175 161
175 182
175 198
175 179
175 199
175 162
175 175
175 156
175 162
175 175
175 162
175 199
175 174
175 162
175 184
175 202
175 158
175 194
175 185
175 158
175 179
175 162
175 199
175 175
175 175
175 175
175 157
175 191
175 175
175 152
175 167
175 174
175 172
175 183
175 162
175 168
175 175
175 175
175 153
175 169
175 175
175 196
175 177
175 167
175 175
175 184
175 199
175 183
175 201
175 162
175 169
175 175
175 188
175 199
175 175
175 152
175 201
175 162
175 191
175 199
175 175
175 166
175 200
175 198
175 153
175 193
175 160
175 158
175 162
175 152
175 198
175 185
175 162
175 158
175 184
175 156
175 153
175 162
175 168
175 157
175 161
175 153
175 175
175 175
175 156
175 195
175 152
175 157
175 180
175 191
175 157
175 162
175 161
175 175
175 162
175 198
175 175
175 181
175 197
175 178
175 158
175 175
175 175
175 162
175 158
175 162
175 191
175 169
175 160
175 175
175 190
175 179
175 162
175 175
175 184
175 195
175 162
175 169
175 175
175 202
175 154
175 175
175 177
175 162
175 398
175 399
175 397
175 394
175 397
175 394
175 396
175 419
175 423
175 407
175 430
175 427
175 428
175 419
175 414
175 427
175 425
175 416
175 417
175 410
175 427
175 426
175 412
175 408
175 416
175 430
175 414
175 424
175 430
176 156
176 175
176 162
176 184
176 197
176 172
176 175
176 199
177 177
177 175
177 164
177 152
177 153
177 167
177 162
177 162
177 174
177 199
177 171
177 188
177 175
177 177
177 186
177 167
177 197
177 191
177 175
177 162
177 194
177 162
177 162
177 198
177 182
177 161
177 154
177 181
177 175
177 184
177 158
177 162
177 160
177 194
177 151
177 186
177 162
177 198
177 197
177 175
177 174
177 162
177 202
177 200
177 175
177 159
177 199
177 168
177 194
177 396
177 394
177 423
177 403
178 196
178 156
178 162
178 234
178 393
179 194
179 194
179 185
179 180
179 162
179 157
179 175
179 200
179 162
179 162
179 153
179 171
180 160
180 175
180 175
180 199
180 168
180 197
180 194
180 171
180 155
180 200
180 175
180 158
180 423
181 202
181 175
181 192
181 177
181 188
181 175
181 181
181 175
181 158
181 197
181 172
181 175
181 162
181 175
181 162
181 175
181 179
181 396
182 160
182 188
182 183
182 187
182 162
182 200
182 162
182 175
182 162
182 162
182 178
182 164
182 183
182 175
182 185
182 419
182 407
183 161
183 175
183 171
183 194
183 175
183 154
183 154
183 175
183 195
183 161
183 162
183 162
183 156
183 168
183 162
183 152
183 201
183 177
183 190
183 172
183 168
183 191
183 181
183 416
183 425
183 407
184 175
184 177
184 153
184 175
184 162
184 160
184 162
184 185
184 175
184 177
184 175
184 175
184 177
184 202
184 200
184 177
184 158
184 175
184 175
184 162
184 190
184 196
184 162
184 190
184 191
184 177
184 175
184 161
184 159
184 193
184 162
184 162
184 169
184 168
184 398
184 398
184 405
184 404
185 162
185 184
185 166
185 162
185 201
185 175
185 184
185 162
185 157
185 162
185 197
185 153
185 171
185 186
185 197
185 154
185 197
185 200
185 175
185 160
185 184
185 175
185 197
185 298
185 416
185 429
185 423
185 410
186 188
186 175
186 160
186 176
186 169
186 181
186 156
186 186
186 162
186 399
187 162
187 182
187 191
187 157
188 162
188 162
188 152
188 160
188 199
188 194
188 185
188 185
188 154
188 162
188 162
188 171
188 162
188 198
188 155
188 184
188 195
188 185
188 156
188 197
188 197
188 171
188 199
188 194
188 185
188 198
188 162
188 197
188 160
188 175
188 158
188 323
188 393
190 162
190 201
190 183
190 194
190 166
190 198
190 162
190 175
190 426
190 414
191 197
191 175
191 162
191 153
191 155
191 184
191 192
191 397
191 423
191 414
192 197
192 188
193 167
193 184
193 160
193 175
193 156
193 200
193 182
193 162
193 162
194 162
194 167
194 199
194 173
194 185
194 162
194 162
194 188
194 179
194 175
194 176
194 198
194 175
194 175
194 162
194 182
194 169
194 156
194 181
194 175
194 198
194 202
194 175
194 154
194 162
194 158
194 184
194 175
194 172
194 184
194 184
194 162
194 164
194 175
194 201
194 166
194 419
194 420
195 175
195 199
195 197
195 153
195 156
195 152
195 193
195 153
195 152
195 156
196 175
196 175
196 181
196 156
196 175
196 175
196 191
196 175
196 401
197 183
197 160
197 194
197 169
197 160
197 200
197 162
197 200
197 188
197 160
197 157
197 161
197 162
197 159
197 160
197 162
197 188
197 175
197 157
197 160
197 199
197 162
197 175
197 160
197 184
197 199
197 175
197 161
197 162
197 185
197 194
197 153
197 162
197 186
197 166
197 152
197 162
197 152
197 183
197 158
197 153
197 158
197 197
197 158
197 199
197 167
197 162
197 156
197 177
197 160
197 175
197 324
197 420
197 423
197 426
197 428
198 160
198 160
198 161
198 162
198 191
198 177
198 175
198 175
198 175
198 184
198 202
198 175
198 175
198 175
198 154
198 158
198 202
198 175
198 166
198 154
198 154
198 162
198 153
198 162
198 175
198 162
198 180
198 194
198 162
198 162
198 161
198 202
198 199
198 200
198 168
198 162
198 194
198 191
198 202
198 171
198 158
198 162
198 153
198 166
198 195
198 162
198 199
198 414
198 405
198 409
199 175
199 169
199 177
199 162
199 178
199 152
199 162
199 160
199 200
199 199
199 175
199 175
199 158
199 197
199 175
199 199
199 162
199 172
199 171
199 175
199 176
199 162
199 175
199 175
199 162
199 185
199 197
199 162
199 175
199 156
199 160
199 161
199 172
199 199
199 156
199 162
199 176
199 175
199 176
199 162
199 197
199 160
199 178
199 156
199 198
199 199
199 200
199 168
199 196
199 199
199 154
199 200
199 198
199 175
199 196
199 153
199 161
199 185
199 175
199 175
199 198
199 160
199 168
199 312
199 399
199 410
199 402
199 415
199 426
200 194
200 175
200 175
200 175
200 177
200 185
200 162
200 167
200 162
200 175
200 162
200 176
200 160
200 171
200 151
200 179
200 162
200 185
200 162
200 158
200 183
200 199
200 153
200 158
200 162
200 175
200 168
200 162
200 177
200 160
200 160
200 398
200 397
200 419
200 412
201 164
201 199
201 160
201 194
201 175
201 153
201 177
201 188
201 177
201 154
201 184
201 162
201 162
201 162
201 177
201 162
201 162
201 407
202 158
202 179
202 169
202 158
202 175
202 200
202 160
202 175
202 180
202 175
202 162
202 177
202 197
202 156
202 188
202 152
202 184
202 201
202 166
202 162
202 177
202 423
202 410
203 243
203 260
203 220
203 255
203 260
203 255
205 225
205 267
205 268
205 260
205 230
205 245
205 234
206 249
207 265
207 232
207 260
208 221
208 239
208 265
208 220
208 263
208 232
208 238
208 260
208 221
208 260
208 234
208 234
208 223
208 260
208 260
208 230
208 232
208 267
208 230
208 252
208 260
208 268
208 210
208 233
208 240
208 260
208 225
208 260
208 230
208 268
208 237
208 221
208 253
208 260
208 264
208 230
208 475
208 486
209 265
209 219
209 227
209 267
209 264
209 264
209 260
210 208
210 217
210 238
210 220
211 260
211 260
211 225
211 260
211 236
211 245
211 245
211 486
212 222
212 265
212 217
212 254
212 260
212 218
212 245
212 221
212 249
212 238
212 260
212 208
212 212
212 220
212 225
212 260
212 264
212 249
212 253
212 234
212 243
212 230
212 208
212 234
212 260
212 260
212 211
212 264
212 255
212 264
212 234
212 260
212 219
212 260
212 239
212 260
212 260
212 219
212 220
212 212
212 234
212 483
213 228
213 218
213 260
213 252
213 240
213 244
213 255
213 205
213 239
214 250
214 260
215 239
215 205
215 234
216 260
216 236
216 244
216 260
217 219
217 237
217 235
217 220
217 260
217 260
217 228
217 266
217 219
217 230
217 266
217 259
217 253
217 266
217 224
217 260
217 260
217 223
217 217
217 267
217 260
217 225
217 217
217 219
217 223
217 256
217 208
217 234
217 238
217 260
217 260
217 208
217 236
217 486
218 266
218 219
218 264
218 230
218 260
218 219
218 260
218 208
218 221
218 221
218 260
218 264
218 212
218 219
218 244
219 230
219 260
219 220
219 260
219 212
219 260
219 260
219 260
219 262
219 244
219 240
219 244
219 230
219 260
219 243
219 211
219 266
219 217
219 252
219 254
219 264
219 260
219 209
219 260
219 490
220 258
220 264
220 255
220 233
220 260
220 234
220 260
220 219
220 258
220 260
220 260
221 255
221 238
221 260
221 225
221 260
221 250
221 224
221 259
221 211
221 260
222 259
222 260
222 264
222 260
222 260
222 239
222 240
222 485
223 217
223 212
223 227
223 261
223 260
223 234
223 240
223 226
223 260
223 230
223 260
224 264
224 235
224 227
224 220
224 234
224 243
224 217
225 249
225 252
225 231
225 232
225 234
225 230
225 260
225 233
225 225
225 219
225 260
225 264
225 260
225 212
225 242
225 260
225 232
225 260
225 208
225 240
225 223
225 260
225 261
225 232
225 266
225 232
225 221
225 256
225 259
225 245
225 487
226 217
226 234
226 219
226 219
226 212
227 249
227 264
227 260
227 225
227 264
227 253
227 245
227 260
227 233
227 251
227 260
227 260
227 248
227 228
227 267
227 225
227 238
227 253
227 227
228 258
228 264
228 212
229 258
229 260
229 260
229 263
229 256
229 211
229 260
229 259
230 210
230 236
230 220
230 238
230 213
230 224
230 238
230 227
230 231
230 254
230 259
230 268
230 233
230 240
230 257
230 260
230 260
230 260
230 238
230 212
230 256
230 245
230 208
230 237
230 249
230 209
230 243
230 237
230 208
230 212
230 217
230 222
230 261
230 260
230 249
230 216
230 249
230 234
230 317
231 242
231 241
232 265
232 234
232 264
232 265
232 220
232 250
232 222
232 255
232 260
232 259
232 267
232 208
232 219
232 240
232 266
232 208
232 251
232 220
232 219
232 260
232 268
232 260
232 263
232 260
232 260
232 253
232 260
232 239
232 208
232 493
233 260
233 232
233 268
233 222
233 260
233 479
234 260
234 260
234 208
234 233
234 243
234 268
234 260
234 260
234 260
234 260
234 205
234 264
234 264
234 260
234 260
234 229
234 212
234 230
234 210
234 212
234 260
234 240
234 210
234 260
234 205
234 264
234 260
234 225
234 260
234 260
234 227
234 260
234 232
234 264
234 225
234 211
234 260
234 256
234 220
234 260
234 236
234 249
234 260
234 492
235 256
235 219
235 212
235 264
235 260
235 267
235 260
235 221
235 219
235 260
235 260
235 212
235 260
235 249
235 220
235 260
235 211
235 242
235 256
236 254
236 235
236 212
236 217
236 486
237 260
237 217
237 213
237 265
237 212
237 260
237 260
237 232
237 230
237 208
237 263
237 208
237 254
237 260
237 253
237 268
237 223
238 249
238 212
238 209
238 260
238 234
238 257
238 251
238 260
238 260
238 220
238 260
238 260
238 230
238 234
238 260
238 230
238 264
238 233
238 235
238 260
238 260
238 235
238 233
238 268
238 476
238 469
239 264
239 232
239 220
239 260
239 223
239 259
239 260
239 233
239 229
239 255
239 260
239 260
239 223
239 230
239 473
240 260
240 219
240 214
240 260
240 251
240 255
240 260
240 260
240 264
240 232
240 474
241 227
241 219
241 220
241 225
241 242
241 260
242 260
242 260
242 230
242 234
242 219
242 217
242 264
242 230
242 259
243 237
243 260
243 242
243 260
243 232
243 268
243 268
243 260
243 254
243 260
243 217
243 254
243 237
243 227
243 220
243 234
243 260
243 260
243 260
243 217
243 267
243 218
243 244
243 220
244 260
244 217
244 264
244 267
244 229
244 232
244 234
244 251
244 260
244 471
244 489
245 261
245 249
245 251
245 234
245 225
245 236
246 223
247 227
247 217
247 260
247 240
248 268
248 268
248 252
248 226
249 232
249 222
249 234
249 255
249 260
249 239
249 212
249 238
249 260
249 260
249 242
249 234
249 235
249 260
249 256
249 260
249 208
249 260
249 266
249 260
249 260
249 260
249 467
249 490
249 486
250 203
250 254
250 203
250 218
251 260
251 268
251 245
251 260
251 223
251 244
251 267
251 219
251 237
251 219
251 252
251 249
251 212
251 260
251 220
252 265
252 249
252 230
252 249
252 244
252 260
252 232
252 227
252 243
252 223
252 255
252 260
252 260
252 211
252 230
252 446
253 230
253 232
253 218
253 260
253 223
253 260
253 260
253 208
253 217
253 255
254 260
254 260
254 224
254 261
254 228
254 212
254 260
254 260
254 236
254 244
254 267
254 260
254 238
254 232
254 225
254 476
255 260
255 260
255 239
255 213
255 212
255 220
255 234
255 217
255 230
255 263
255 219
255 221
255 264
255 238
255 225
255 263
255 234
255 254
255 238
255 260
255 260
255 489
256 231
256 210
256 260
256 260
256 234
257 239
258 226
258 260
258 225
259 219
259 217
259 236
259 260
259 220
259 260
259 253
259 260
259 238
259 238
259 260
259 486
260 252
260 260
260 261
260 261
260 268
260 260
260 260
260 260
260 260
260 224
260 260
260 260
260 221
260 255
260 234
260 260
260 260
260 208
260 234
260 260
260 208
260 266
260 209
260 260
260 217
260 260
260 208
260 260
260 260
260 260
260 225
260 230
260 227
260 232
260 237
260 260
260 260
260 244
260 217
260 208
260 208
260 249
260 225
260 239
260 251
260 260
260 224
260 244
260 243
260 260
260 260
260 221
260 260
260 219
260 260
260 259
260 260
260 233
260 234
260 261
260 224
260 233
260 239
260 217
260 243
260 244
260 268
260 230
260 254
260 219
260 214
260 208
260 260
260 234
260 235
260 260
260 225
260 208
260 260
260 266
260 228
260 244
260 232
260 260
260 260
260 260
260 260
260 220
260 266
260 253
260 218
260 261
260 233
260 255
260 260
260 234
260 212
260 208
260 227
260 265
260 260
260 220
260 217
260 232
260 267
260 255
260 249
260 245
260 260
260 230
260 257
260 260
260 252
260 260
260 225
260 260
260 238
260 260
260 234
260 228
260 220
260 232
260 208
260 211
260 260
260 229
260 260
260 265
260 260
260 217
260 229
260 217
260 232
260 260
260 244
260 259
260 205
260 227
260 225
260 260
260 266
260 249
260 253
260 230
260 263
260 224
260 260
260 219
260 232
260 219
260 261
260 260
260 260
260 260
260 260
260 232
260 260
260 237
260 260
260 232
260 260
260 260
260 212
260 252
260 260
260 232
260 235
260 263
260 243
260 249
260 225
260 219
260 260
260 219
260 208
260 260
260 243
260 237
260 260
260 237
260 260
260 232
260 258
260 213
260 217
260 249
260 260
260 229
260 260
260 227
260 260
260 232
260 251
260 261
260 217
260 219
260 260
260 212
260 260
260 260
260 235
260 264
260 260
260 260
260 236
260 260
260 238
260 221
260 217
260 260
260 264
260 240
260 222
260 208
260 217
260 260
260 243
260 208
260 265
260 260
260 260
260 260
260 242
260 260
260 260
260 225
260 219
260 219
260 250
260 260
260 261
260 208
260 227
260 260
260 226
260 255
260 255
260 219
260 260
260 223
260 260
260 219
260 211
260 230
260 219
260 208
260 260
260 234
260 260
260 221
260 263
260 208
260 267
260 230
260 265
260 260
260 212
260 255
260 234
260 219
260 268
260 260
260 208
260 260
260 260
260 260
260 260
260 254
260 224
260 260
260 260
260 260
260 260
260 229
260 260
260 232
260 260
260 260
260 260
260 255
260 253
260 264
260 228
260 238
260 211
260 235
260 267
260 225
260 314
260 466
260 483
260 492
260 471
260 473
260 475
260 486
260 469
260 476
260 468
260 481
261 260
261 235
261 221
261 219
261 260
261 227
261 260
261 232
261 260
262 260
262 260
262 260
262 232
263 208
263 255
263 260
263 227
263 244
263 209
263 265
263 245
263 205
264 266
264 260
264 251
264 241
264 260
264 253
264 219
264 218
264 219
264 219
264 234
264 219
264 254
264 250
264 230
264 243
264 244
264 249
264 206
264 260
264 208
264 221
264 255
264 260
264 230
264 248
264 219
264 264
264 260
264 314
264 478
265 259
265 233
265 224
265 260
265 264
265 266
265 227
265 256
265 220
265 260
265 242
265 219
265 234
265 236
265 495
266 235
266 264
266 238
266 248
266 212
266 264
266 212
266 220
266 212
266 212
267 253
267 246
267 230
267 249
267 260
267 217
267 239
267 229
267 230
267 253
267 260
267 260
267 220
267 260
267 466
267 484
268 260
268 260
268 203
268 260
268 230
268 264
269 275
269 292
269 290
269 304
269 287
269 272
269 276
269 275
269 298
269 301
269 269
270 302
270 291
270 284
270 292
270 286
270 288
270 306
270 282
271 297
271 301
271 303
271 275
272 288
272 277
272 291
272 306
272 289
272 280
272 275
272 283
272 299
272 299
272 307
272 302
273 280
273 292
273 273
273 301
273 282
273 275
273 292
273 283
273 278
273 300
273 274
273 292
273 290
273 306
273 293
273 292
273 286
273 283
273 306
273 274
273 286
273 292
273 286
274 299
274 278
274 293
274 298
274 299
274 281
274 303
274 306
274 280
274 284
274 303
274 282
274 275
274 277
274 270
274 291
274 278
274 274
274 297
274 302
274 294
274 273
274 302
274 274
274 274
274 286
274 302
274 291
274 273
274 272
274 274
274 293
274 280
274 282
274 274
274 302
274 272
274 280
274 278
274 281
274 276
274 301
274 300
274 302
274 291
274 297
274 286
274 307
274 306
274 282
274 290
274 321
275 300
275 281
275 297
275 300
275 274
275 284
275 278
275 305
275 292
275 274
275 290
275 276
275 281
275 274
275 292
275 304
275 282
275 288
275 284
275 275
275 308
275 302
275 301
275 288
275 293
275 297
275 301
275 273
275 306
275 277
275 275
275 274
275 275
275 291
275 292
275 295
275 283
275 295
275 297
276 283
276 305
276 292
276 292
276 290
276 280
276 274
276 274
276 305
276 306
276 302
276 295
276 295
277 282
277 273
277 281
277 299
277 282
277 271
277 273
277 282
277 299
277 297
277 297
277 292
277 306
277 299
278 283
278 292
278 303
278 297
278 273
278 278
278 299
278 297
278 282
278 281
278 282
278 305
278 302
278 285
278 292
278 295
278 278
278 305
278 274
278 298
278 300
278 275
278 302
278 306
278 291
278 278
278 290
278 295
278 275
278 281
278 295
278 273
278 274
278 292
278 302
278 295
278 286
278 279
278 302
278 274
278 319
279 269
280 276
280 282
280 298
280 289
280 293
280 287
280 302
280 280
280 302
280 269
280 304
280 274
280 308
280 306
280 300
280 291
280 292
280 278
280 278
280 273
280 275
280 278
280 301
280 282
280 274
280 306
280 303
280 298
280 277
280 297
280 288
280 273
280 274
280 299
280 284
280 299
281 295
281 284
281 274
281 305
281 273
281 305
281 306
281 276
281 282
281 273
281 298
281 280
281 282
281 274
281 281
281 281
281 280
281 283
281 274
281 278
281 273
281 292
281 290
281 281
281 275
281 274
281 299
281 301
281 291
281 269
281 276
281 274
281 276
281 269
281 302
282 300
282 282
282 280
282 300
282 283
282 282
282 274
282 271
282 292
282 292
282 280
282 279
282 288
282 299
282 307
282 292
282 302
282 283
282 278
282 276
282 282
282 278
282 297
282 282
282 301
282 304
282 288
282 302
282 276
282 283
282 281
282 293
282 297
282 299
282 273
282 277
282 282
282 284
282 299
283 288
283 290
283 278
283 295
283 305
283 286
283 275
283 288
283 284
283 269
283 291
283 299
283 278
283 278
283 272
283 292
284 275
284 289
284 299
284 274
284 286
284 303
284 286
284 290
284 295
284 290
284 284
284 281
284 295
284 277
284 302
284 276
284 282
284 288
284 306
284 303
284 293
284 276
285 302
285 275
285 291
286 307
286 291
286 273
286 288
286 273
286 278
287 297
287 308
287 297
288 299
288 281
288 290
288 284
288 273
288 282
288 277
288 290
288 273
288 303
288 280
288 288
288 283
288 275
288 302
288 295
288 271
288 289
288 301
288 300
288 299
288 307
288 306
288 278
288 290
288 275
288 296
288 283
288 278
288 290
288 275
288 303
288 273
288 307
288 291
288 288
289 292
289 284
289 282
289 274
289 273
289 302
289 280
289 299
289 290
290 292
290 273
290 290
290 297
290 274
290 302
290 306
290 300
290 297
290 286
290 293
290 302
290 306
290 275
290 289
290 303
290 291
290 273
290 292
290 281
290 301
290 280
290 298
290 289
290 300
290 302
290 273
290 304
290 281
290 282
290 288
290 306
290 293
291 272
291 299
291 288
291 275
291 274
291 308
291 282
291 292
291 281
291 292
291 298
291 278
291 278
291 282
291 292
291 282
291 278
291 272
291 282
291 269
291 302
291 303
291 280
291 296
291 319
292 284
292 291
292 293
292 284
292 288
292 274
292 303
292 293
292 275
292 288
292 296
292 290
292 302
292 300
292 273
292 297
292 284
292 274
292 294
292 293
292 299
292 305
292 280
292 306
292 278
292 299
292 282
292 283
292 302
292 276
292 298
292 276
293 289
293 308
293 278
293 291
293 301
293 280
293 292
293 274
293 302
293 275
293 282
293 293
293 288
293 280
293 301
293 306
293 302
293 292
293 278
293 299
293 290
293 302
293 299
293 277
295 295
295 298
295 281
295 293
295 300
295 302
295 300
295 299
295 274
295 292
295 289
295 284
295 302
295 288
295 280
295 307
296 278
296 308
296 280
296 284
296 280
296 299
296 302
296 293
296 302
297 292
297 288
297 299
297 288
297 275
297 275
297 275
297 282
297 308
297 275
297 304
297 301
297 281
297 272
297 274
297 295
297 274
297 302
298 282
298 302
298 307
298 291
298 296
298 283
298 297
298 282
298 302
298 292
299 291
299 272
299 293
299 282
299 302
299 273
299 293
299 289
299 292
299 269
299 301
299 290
299 299
299 302
299 306
299 296
299 278
299 275
299 304
299 288
299 298
299 303
299 289
299 304
299 288
299 302
299 339
300 288
300 290
300 288
300 300
300 304
300 308
300 278
300 288
300 275
300 292
300 290
300 304
300 300
300 299
300 296
300 275
300 272
301 299
301 304
301 290
301 286
301 293
301 281
301 308
301 293
301 273
301 277
301 275
301 308
301 275
301 278
301 291
301 299
301 281
301 282
301 284
301 276
301 302
301 272
301 280
301 275
301 273
301 275
302 290
302 290
302 299
302 290
302 279
302 302
302 289
302 274
302 272
302 292
302 287
302 278
302 289
302 281
302 300
302 283
302 290
302 306
302 274
302 292
302 276
302 302
302 269
302 296
302 274
302 277
302 282
302 288
302 274
302 282
302 274
302 307
302 284
302 287
302 306
302 282
302 284
302 302
302 290
302 296
302 282
303 269
303 274
303 281
303 292
303 302
303 299
303 281
303 273
303 302
303 302
303 300
303 317
304 302
304 284
304 299
304 277
304 304
304 288
304 301
304 284
304 273
304 282
304 284
304 305
304 308
304 278
305 303
305 272
305 278
305 297
305 278
305 272
305 283
305 280
306 305
306 282
306 281
306 278
306 288
306 307
306 302
306 284
306 301
306 274
306 284
306 303
306 284
306 299
306 276
306 281
306 283
306 272
306 307
306 302
306 281
306 269
306 290
306 297
306 290
306 274
306 273
306 300
306 288
306 277
306 295
306 300
306 320
307 278
307 270
307 283
307 302
307 300
307 276
307 284
307 286
307 287
307 300
307 291
307 269
307 297
307 282
307 288
307 280
307 293
307 273
308 273
308 287
308 302
308 291
308 307
308 291
308 302
308 270
309 318
309 319
309 316
309 312
309 319
309 320
309 311
309 318
310 322
310 321
310 317
310 318
310 313
310 320
310 313
310 319
310 322
310 310
311 317
311 319
311 319
311 313
311 309
311 314
311 322
311 315
311 322
311 313
311 310
311 318
311 322
312 313
312 309
312 312
312 319
312 311
312 319
312 319
312 309
312 314
312 311
312 310
312 314
312 310
312 322
312 356
313 311
313 317
313 315
313 310
313 317
313 317
313 320
313 319
313 310
313 312
314 310
314 311
314 322
314 309
314 313
314 319
314 321
314 309
314 321
314 320
314 313
314 310
314 311
315 310
315 321
315 312
315 310
316 319
316 319
316 310
316 319
316 310
316 318
316 312
316 313
316 316
316 310
317 314
317 314
317 316
317 313
317 316
317 312
318 309
318 309
318 318
318 314
318 312
318 319
319 316
319 322
319 319
319 313
319 322
319 319
319 312
319 356
320 321
320 318
320 313
321 321
321 313
321 314
321 315
321 314
321 321
321 310
321 320
321 322
321 317
321 311
321 321
321 311
322 312
322 317
322 316
322 316
322 318
322 314
322 314
322 310
322 311
322 317
322 317
323 324
323 323
323 324
323 324
323 323
323 324
323 323
323 324
324 324
324 323
324 324
324 323
324 323
324 324
324 324
324 323
324 411
325 351
325 348
325 351
325 356
325 359
325 370
326 338
326 356
326 356
326 356
326 381
327 377
328 356
328 338
328 355
328 344
328 328
328 350
329 379
329 386
329 371
329 370
329 379
329 384
330 371
330 345
330 381
330 356
330 360
330 363
330 369
330 375
330 338
330 373
331 330
331 362
331 356
331 382
331 349
331 356
331 356
331 378
331 356
331 378
331 357
331 354
331 388
331 386
331 367
332 338
332 338
332 371
332 356
332 356
332 391
332 381
332 348
332 356
332 348
332 371
332 341
333 330
333 371
333 387
334 378
334 371
335 357
335 359
335 329
336 377
336 356
336 356
337 363
337 370
338 336
338 383
338 356
338 356
338 377
338 349
338 378
338 348
338 361
338 356
338 356
338 385
338 375
338 356
338 367
338 373
338 387
338 332
338 347
338 356
338 351
338 367
339 331
339 332
340 346
340 338
340 332
341 356
341 356
341 371
341 367
341 351
341 356
341 356
341 356
342 356
342 356
342 391
343 331
343 381
343 344
344 370
344 343
344 338
344 376
344 384
344 356
344 346
344 356
344 356
344 381
344 356
344 362
344 357
344 451
345 357
345 356
345 338
345 350
345 380
345 391
346 351
346 353
346 359
346 332
346 356
346 386
346 367
346 390
346 378
347 349
347 326
347 390
347 367
347 338
347 361
347 356
347 351
347 338
347 373
347 349
348 371
348 328
348 369
348 378
348 375
348 356
348 391
348 356
348 328
348 344
348 348
348 356
349 378
349 379
349 344
349 374
349 347
349 362
349 355
349 356
349 370
349 334
349 347
349 388
349 356
349 363
349 356
349 369
349 350
350 370
350 347
350 351
350 367
351 356
351 362
351 359
351 356
351 371
351 357
351 356
351 391
351 383
351 356
351 383
351 382
351 346
351 375
351 356
351 330
351 356
351 356
351 375
351 356
351 332
351 366
351 366
351 363
351 341
351 332
351 330
351 341
351 347
351 370
352 368
352 384
353 356
353 356
353 371
353 356
353 356
354 330
355 377
355 356
355 356
355 356
355 377
355 337
356 391
356 371
356 338
356 379
356 349
356 356
356 388
356 329
356 381
356 338
356 375
356 390
356 391
356 345
356 356
356 351
356 343
356 346
356 356
356 356
356 336
356 350
356 369
356 357
356 356
356 390
356 356
356 356
356 356
356 370
356 351
356 377
356 344
356 383
356 371
356 374
356 338
356 356
356 367
356 356
356 390
356 347
356 378
356 355
356 330
356 392
356 370
356 329
356 375
356 373
356 356
356 356
356 378
356 386
356 338
356 344
356 338
356 344
356 388
356 362
356 356
356 357
356 343
356 326
356 331
356 356
356 356
356 351
356 357
356 367
356 366
356 378
356 356
356 356
356 375
356 387
356 362
356 356
356 347
356 356
356 351
356 361
356 343
356 356
356 336
356 356
356 354
356 326
356 351
356 356
356 391
356 351
356 359
356 348
356 356
356 371
356 379
356 349
356 353
356 383
356 350
356 356
356 356
356 356
356 356
356 370
356 327
356 351
356 381
356 381
356 356
356 351
356 349
356 351
356 356
356 356
356 383
356 326
356 326
356 373
356 326
356 356
356 356
356 346
356 348
356 356
356 326
356 356
356 374
356 388
356 378
356 385
356 356
356 373
356 367
356 356
356 391
356 387
356 371
356 384
356 391
356 373
356 369
356 355
356 356
356 371
356 357
356 357
356 356
356 356
356 349
356 356
356 388
356 383
356 371
356 375
356 356
356 356
357 375
357 351
357 356
357 366
357 351
357 381
357 378
357 346
357 330
357 386
357 338
357 360
357 356
357 343
357 360
357 330
358 348
359 351
359 388
359 356
359 357
359 371
360 390
360 380
361 371
361 375
361 356
361 356
362 356
362 330
362 330
362 326
362 389
362 379
362 371
362 356
363 351
363 344
363 356
363 325
363 356
363 356
363 335
363 356
363 367
366 356
366 353
366 378
366 375
366 330
366 371
366 371
366 357
367 356
367 356
367 370
367 359
367 356
367 377
367 349
367 356
367 386
367 356
367 388
367 356
368 356
368 348
369 351
369 356
369 379
370 377
370 344
370 384
370 349
370 370
370 347
370 356
370 356
370 371
370 344
370 391
370 356
371 377
371 377
371 359
371 351
371 371
371 330
371 356
371 356
371 356
371 356
371 356
371 377
371 391
371 375
371 383
371 337
371 330
371 351
371 351
371 363
371 351
371 373
371 336
371 356
371 388
371 351
371 356
371 378
371 347
371 371
371 356
373 386
373 371
373 388
373 356
373 356
373 367
373 356
373 371
374 325
374 356
374 362
375 386
375 331
375 330
375 371
375 370
375 378
375 390
375 385
375 388
375 382
375 356
375 367
375 391
375 379
375 367
375 371
375 356
375 371
375 373
375 384
376 373
376 356
376 347
376 359
376 356
376 373
377 330
377 377
377 339
377 341
377 361
377 347
377 338
377 371
377 351
377 383
377 359
377 375
377 357
377 359
377 367
377 351
377 356
378 367
378 356
378 351
378 356
378 378
378 376
378 356
378 378
378 356
378 381
378 363
378 390
378 390
378 366
378 363
379 368
379 354
379 390
379 336
379 356
379 356
379 373
379 351
379 338
380 356
380 348
380 356
380 369
380 383
380 344
381 344
381 371
382 373
382 332
382 356
382 375
383 351
383 343
383 356
383 356
383 356
383 378
383 362
383 351
383 359
383 356
383 370
383 369
384 360
384 371
384 359
384 377
384 368
384 330
384 375
384 359
384 377
384 367
384 338
385 356
386 344
386 344
386 356
386 373
386 378
386 388
386 359
386 392
386 331
386 363
386 356
386 336
387 344
387 371
388 377
388 381
388 371
388 338
388 388
388 356
388 363
388 326
389 362
389 338
389 356
389 338
389 351
390 351
390 356
390 359
390 348
390 348
390 356
390 356
390 390
390 388
390 357
390 351
390 356
390 345
390 356
390 374
390 387
390 356
390 389
390 384
390 379
390 356
390 390
391 363
391 349
392 356
392 351
393 396
393 401
393 399
393 393
393 401
393 401
393 399
393 401
393 399
393 397
393 398
393 394
393 398
393 393
393 399
393 398
393 396
393 400
393 398
393 400
393 395
394 396
394 400
394 394
394 398
394 397
394 394
394 397
394 397
394 399
394 394
394 399
394 401
394 393
394 399
394 419
395 396
395 394
395 399
395 394
395 393
395 396
395 397
395 399
395 396
395 394
395 396
395 396
395 400
395 397
395 401
395 396
395 394
395 399
395 398
395 398
395 401
395 399
395 396
395 397
395 393
396 400
396 397
396 394
396 394
396 393
396 401
396 393
396 398
396 393
396 397
396 399
396 395
396 400
396 399
396 397
396 396
396 398
396 398
396 394
396 396
396 399
396 400
396 398
397 396
397 398
397 400
397 396
397 395
397 396
397 394
397 397
397 400
397 398
397 397
397 393
397 395
397 399
397 401
397 400
397 398
397 399
397 393
398 398
398 393
398 394
398 393
398 400
398 397
398 395
398 393
398 394
398 398
398 393
398 393
398 396
398 398
398 393
398 400
398 399
398 396
398 394
398 394
398 401
398 395
398 395
398 397
399 396
399 400
399 393
399 396
399 401
399 397
399 397
399 393
399 394
399 394
399 398
399 397
399 396
399 396
399 401
399 400
399 399
399 394
399 395
399 399
400 399
400 400
400 393
400 398
400 399
400 396
400 398
400 397
400 393
400 400
400 399
400 395
400 393
400 394
400 398
400 394
400 397
401 395
401 396
401 401
401 393
401 394
401 396
401 399
401 393
401 399
401 401
401 401
401 397
401 397
401 395
401 399
401 393
401 394
401 394
401 393
401 395
401 397
401 398
402 411
402 409
402 424
402 426
402 410
402 420
402 424
402 403
402 423
402 425
402 414
402 414
402 411
402 417
402 429
402 428
402 403
402 428
402 405
402 426
402 418
402 414
402 403
402 410
402 412
402 415
403 427
403 412
403 429
403 430
403 424
403 419
403 428
403 416
403 424
403 411
403 416
403 412
403 407
403 405
403 405
403 416
403 415
403 402
403 408
403 430
403 424
403 419
403 411
403 410
403 428
403 420
403 420
403 424
403 412
403 417
403 428
403 421
403 425
403 407
403 403
403 430
403 418
403 416
403 427
403 403
403 429
403 424
403 428
403 409
403 430
403 427
403 410
403 425
403 417
403 420
403 411
403 412
403 422
403 422
403 428
403 405
403 419
403 425
403 429
403 428
403 409
403 426
403 410
403 414
403 405
403 403
403 426
403 417
403 415
403 425
403 403
403 417
404 407
404 412
404 407
404 414
404 409
404 416
404 403
404 429
404 424
404 419
404 423
404 403
404 430
404 416
404 414
404 414
404 415
404 422
404 412
404 404
404 402
404 426
404 410
404 416
404 426
404 430
404 430
404 404
404 426
404 405
404 409
404 424
404 426
404 407
404 427
404 419
404 427
404 405
404 414
404 405
404 417
404 425
404 419
404 407
404 425
404 410
404 426
404 407
404 428
404 409
404 430
404 415
404 407
404 412
404 424
404 428
404 405
404 405
404 422
404 416
404 427
405 420
405 428
405 416
405 416
405 411
405 416
405 430
405 430
405 417
405 408
405 424
405 404
405 417
405 423
405 416
405 407
405 409
405 426
405 429
405 411
405 429
405 417
405 405
405 424
405 422
405 426
405 424
405 417
405 404
405 422
405 407
405 428
405 416
405 428
405 416
405 428
405 422
405 419
405 414
405 428
405 412
405 430
405 425
405 426
405 417
405 423
405 411
405 405
405 428
405 424
405 430
405 407
405 410
405 422
405 409
405 408
405 428
405 409
405 430
405 422
405 410
405 427
405 417
405 403
405 426
405 416
405 425
405 425
405 424
405 428
405 409
405 414
405 410
405 425
405 427
406 425
406 410
406 430
406 417
406 412
406 421
406 419
406 427
406 419
406 419
406 428
406 417
406 411
406 427
406 407
406 430
406 411
406 424
406 410
406 414
406 412
406 403
406 424
406 405
406 430
406 417
406 427
406 414
407 403
407 424
407 416
407 405
407 414
407 419
407 418
407 426
407 422
407 402
407 411
407 425
407 409
407 420
407 424
407 422
407 403
407 403
407 424
407 403
407 430
407 428
407 403
407 412
407 411
407 426
407 427
407 427
407 402
407 427
407 417
407 410
407 428
407 411
407 407
407 404
407 424
407 428
407 425
407 410
407 407
407 414
407 420
407 426
407 404
407 411
407 423
407 425
407 425
407 428
407 411
407 420
407 426
407 408
407 407
407 426
407 416
407 419
407 427
407 412
407 409
407 403
407 428
407 405
407 404
407 409
407 416
407 410
407 411
407 423
407 407
407 427
407 425
407 406
407 430
407 430
407 427
407 405
407 411
407 430
407 426
407 404
407 411
407 427
407 427
407 422
407 420
407 415
407 427
407 407
407 407
407 410
407 417
407 410
407 428
407 426
407 421
407 419
407 426
407 428
407 416
407 414
407 426
407 419
407 427
407 410
407 412
407 407
407 430
407 428
408 430
408 412
408 414
408 404
408 430
408 410
408 407
408 410
408 402
408 430
408 418
409 414
409 427
409 410
409 409
409 424
409 405
409 417
409 424
409 430
409 410
409 424
409 414
409 407
409 407
409 419
409 412
409 414
409 421
409 403
409 427
409 419
409 409
409 410
409 414
409 430
409 423
409 426
409 422
409 427
409 403
409 418
409 424
409 427
409 428
409 427
409 423
409 427
409 427
409 403
409 409
409 414
409 419
409 404
409 414
409 414
409 411
409 422
409 407
409 429
409 405
409 409
409 407
409 408
409 419
409 406
409 410
409 420
409 412
409 423
409 426
409 424
409 411
409 417
409 424
409 407
409 418
409 412
409 426
409 428
409 426
409 416
409 417
409 411
409 420
409 417
409 407
409 415
409 425
409 430
409 405
409 419
409 423
409 407
409 424
409 416
409 417
409 409
409 429
409 430
409 408
409 416
409 423
409 403
409 430
409 424
409 423
409 427
409 416
409 419
409 425
409 414
409 408
409 427
410 420
410 421
410 404
410 411
410 416
410 411
410 416
410 423
410 424
410 412
410 427
410 430
410 409
410 423
410 420
410 410
410 425
410 419
410 412
410 411
410 427
410 426
410 429
410 411
410 402
410 426
410 424
410 418
410 404
410 419
410 421
410 405
410 424
410 419
410 407
410 417
410 411
410 427
410 417
410 404
410 404
410 410
410 404
410 417
410 403
410 423
410 420
410 411
410 417
410 410
410 430
410 409
410 414
410 409
410 409
410 404
410 416
410 426
410 416
410 426
410 405
410 416
410 414
410 417
410 426
410 416
410 427
410 414
410 417
410 428
410 411
410 410
410 426
410 417
410 420
410 422
410 422
410 407
410 414
410 420
410 419
410 427
410 428
410 419
410 407
410 423
410 426
410 410
410 403
410 424
410 428
410 420
410 409
410 430
410 404
410 428
410 428
410 426
410 411
410 409
410 416
410 419
410 430
410 416
410 430
410 403
410 417
410 402
410 410
410 403
410 428
410 414
410 403
410 420
410 405
410 402
410 412
410 430
411 414
411 402
411 414
411 424
411 427
411 417
411 426
411 417
411 419
411 417
411 407
411 414
411 430
411 407
411 410
411 425
411 424
411 423
411 417
411 423
411 404
411 430
411 424
411 405
411 417
411 429
411 405
411 424
411 427
411 414
411 408
411 410
411 420
411 412
411 410
411 420
411 430
411 414
411 426
411 404
411 404
411 405
411 411
411 424
411 409
411 419
411 416
411 426
411 426
411 408
411 427
411 421
411 423
411 410
411 416
411 428
411 409
411 422
411 404
411 411
411 404
411 412
411 425
411 416
411 417
411 402
411 423
411 412
411 412
411 405
411 412
411 412
411 419
411 405
411 419
411 423
411 409
411 427
411 427
411 414
411 416
411 407
411 411
411 411
411 426
411 426
411 409
411 427
411 424
411 414
411 409
411 402
411 410
411 423
411 430
411 409
411 429
411 407
411 419
411 403
411 414
411 411
411 427
411 402
411 403
411 430
411 430
411 428
412 404
412 404
412 404
412 410
412 426
412 422
412 417
412 411
412 416
412 428
412 412
412 417
412 427
412 428
412 427
412 412
412 423
412 416
412 427
412 415
412 409
412 414
412 417
412 425
412 424
412 419
412 423
412 404
412 414
412 410
412 411
412 412
412 411
412 417
412 402
412 404
412 428
412 412
412 417
412 409
412 403
412 403
412 416
412 419
412 427
412 403
412 425
412 419
412 416
412 411
412 423
412 427
412 412
412 414
412 423
412 417
412 419
412 415
412 428
412 409
412 405
412 419
412 429
412 407
412 423
412 425
412 412
412 423
412 405
412 428
412 406
412 415
412 413
412 424
412 424
412 430
412 417
412 410
412 415
413 409
414 405
414 410
414 410
414 403
414 418
414 405
414 416
414 419
414 414
414 417
414 424
414 430
414 430
414 426
414 410
414 426
414 409
414 416
414 426
414 419
414 416
414 423
414 406
414 404
414 410
414 409
414 412
414 418
414 428
414 430
414 409
414 428
414 410
414 428
414 416
414 417
414 427
414 416
414 412
414 405
414 417
414 416
414 423
414 420
414 407
414 417
414 424
414 420
414 403
414 419
414 412
414 430
414 409
414 412
414 416
414 419
414 417
414 415
414 403
414 427
414 425
414 410
414 405
414 416
414 430
414 428
414 411
414 414
414 412
414 411
414 428
414 409
414 402
414 405
414 417
414 412
414 427
414 428
414 409
414 410
414 404
414 410
414 423
414 407
414 404
414 419
414 410
414 420
414 425
414 416
414 424
414 423
415 424
415 417
415 411
415 407
415 403
415 430
415 412
415 424
415 407
415 411
415 423
415 426
415 416
415 420
416 419
416 407
416 427
416 410
416 424
416 430
416 412
416 424
416 423
416 427
416 412
416 405
416 417
416 411
416 424
416 427
416 410
416 414
416 429
416 417
416 419
416 403
416 417
416 405
416 411
416 407
416 428
416 430
416 425
416 430
416 410
416 419
416 430
416 426
416 412
416 419
416 419
416 411
416 410
416 403
416 426
416 412
416 419
416 427
416 427
416 412
416 419
416 414
416 411
416 408
416 412
416 416
416 412
416 418
416 411
416 428
416 411
416 409
416 428
416 412
416 404
416 410
416 405
416 430
416 430
416 409
416 426
416 407
416 410
416 414
416 425
416 416
416 411
416 414
416 406
416 424
416 408
416 430
416 403
416 418
416 407
416 426
416 425
416 414
416 409
416 411
416 411
416 416
416 405
416 423
416 428
416 430
416 417
416 410
416 411
416 428
416 417
416 418
416 410
416 423
416 430
416 417
416 427
416 410
416 417
416 430
416 403
416 414
416 420
416 428
416 428
416 416
416 409
416 417
416 428
416 416
416 425
416 412
416 410
416 426
416 419
416 409
417 410
417 426
417 411
417 417
417 426
417 407
417 410
417 407
417 407
417 404
417 412
417 427
417 409
417 409
417 409
417 404
417 424
417 420
417 416
417 427
417 407
417 412
417 414
417 405
417 419
417 423
417 428
417 409
417 404
417 411
417 427
417 411
417 407
417 410
417 417
417 411
417 426
417 422
417 417
417 405
417 423
417 427
417 412
417 403
417 402
417 419
417 426
417 416
417 425
417 404
417 410
417 417
417 430
417 404
417 409
417 404
417 410
417 403
417 416
417 411
417 428
417 409
417 409
417 414
417 410
417 417
417 408
417 425
417 405
417 430
417 417
417 416
417 428
417 402
417 411
417 417
417 414
417 411
417 403
417 424
417 402
417 427
417 407
417 430
417 408
417 420
417 405
417 403
417 407
417 406
417 406
417 410
417 427
417 419
418 409
418 407
418 428
418 411
418 409
418 409
418 423
418 424
418 417
418 419
418 410
418 416
418 425
418 410
418 426
418 427
418 406
418 426
418 403
419 403
419 403
419 430
419 430
419 417
419 411
419 427
419 427
419 423
419 402
419 410
419 407
419 403
419 428
419 417
419 404
419 402
419 427
419 403
419 407
419 426
419 403
419 414
419 425
419 407
419 426
419 429
419 412
419 412
419 428
419 410
419 416
419 419
419 411
419 417
419 410
419 417
419 403
419 423
419 410
419 417
419 428
419 403
419 419
419 403
419 404
419 409
419 410
419 416
419 428
419 424
419 423
419 406
419 426
419 426
419 411
419 414
419 416
419 414
419 407
419 405
419 403
419 423
419 412
419 417
419 419
419 425
419 421
419 428
419 416
419 423
419 419
419 430
419 416
419 427
419 423
419 426
419 426
419 430
419 416
419 428
419 411
419 427
419 403
419 424
419 422
419 407
419 425
419 430
419 427
419 427
419 427
419 410
419 407
419 419
419 427
419 404
419 402
419 424
419 410
419 428
419 416
420 409
420 404
420 422
420 427
420 427
420 428
420 409
420 411
420 404
420 417
420 409
420 423
420 428
420 417
420 412
420 417
420 403
420 410
420 416
420 425
420 419
420 424
420 410
420 410
420 414
420 419
420 402
420 416
420 415
420 410
420 406
420 428
420 416
420 423
420 405
420 430
420 403
420 416
420 404
420 421
420 428
420 430
420 418
420 417
420 408
421 411
421 426
421 411
421 427
421 426
421 430
421 427
421 430
421 417
421 426
421 416
421 426
421 405
421 425
421 430
421 405
421 410
421 420
421 423
421 407
421 424
421 405
422 424
422 426
422 411
422 423
422 416
422 427
422 404
422 416
422 416
422 411
422 408
422 412
422 419
422 410
422 423
422 425
422 407
422 424
422 423
422 405
422 416
422 414
422 410
422 419
422 411
422 424
422 428
422 410
422 417
422 424
422 416
422 407
422 427
422 402
422 427
422 419
423 414
423 415
423 410
423 428
423 409
423 416
423 415
423 407
423 407
423 419
423 424
423 426
423 411
423 410
423 427
423 424
423 414
423 410
423 425
423 409
423 417
423 425
423 427
423 419
423 426
423 403
423 412
423 411
423 420
423 427
423 417
423 419
423 414
423 423
423 419
423 410
423 406
423 427
423 414
423 430
423 426
423 414
423 403
423 427
423 424
423 427
423 427
423 412
423 426
423 405
423 411
423 410
423 403
423 407
423 407
423 407
423 419
423 424
423 425
423 406
423 425
423 409
423 428
423 428
423 403
423 426
423 411
423 404
423 423
423 424
423 410
424 412
424 407
424 410
424 427
424 422
424 403
424 403
424 417
424 416
424 411
424 405
424 430
424 416
424 404
424 419
424 407
424 430
424 424
424 415
424 426
424 402
424 430
424 416
424 427
424 425
424 404
424 410
424 421
424 409
424 410
424 419
424 414
424 427
424 412
424 427
424 414
424 428
424 415
424 405
424 419
424 410
424 410
424 412
424 424
424 417
424 403
424 407
424 430
424 412
424 424
424 424
424 427
424 414
424 410
424 409
424 428
424 407
424 411
424 411
424 419
424 417
424 428
424 402
424 422
424 428
424 415
424 430
424 408
424 410
424 416
424 407
424 430
424 407
424 425
424 404
424 417
424 419
424 409
424 430
424 428
424 409
424 410
424 416
424 428
424 424
424 417
424 419
424 430
424 409
424 403
424 416
424 410
424 409
424 417
424 419
425 422
425 405
425 404
425 414
425 424
425 410
425 410
425 430
425 411
425 417
425 410
425 411
425 416
425 407
425 420
425 403
425 411
425 416
425 403
425 411
425 414
425 422
425 402
425 428
425 404
425 416
425 424
425 410
425 425
425 420
425 405
425 427
425 419
425 414
425 416
425 407
425 417
425 407
425 406
425 421
425 424
425 410
425 427
425 409
425 414
425 407
425 409
425 423
425 403
425 423
425 427
425 408
425 420
425 417
425 411
425 424
425 416
425 417
425 412
425 407
425 430
425 414
425 407
425 417
425 428
425 428
425 405
425 425
425 419
425 428
425 428
425 424
425 411
425 426
425 411
425 414
425 414
425 412
425 404
425 424
425 427
425 419
426 404
426 416
426 407
426 423
426 410
426 414
426 421
426 417
426 430
426 419
426 414
426 430
426 404
426 411
426 426
426 409
426 404
426 419
426 428
426 410
426 416
426 426
426 423
426 417
426 427
426 423
426 409
426 426
426 414
426 430
426 416
426 428
426 409
426 430
426 419
426 414
426 426
426 410
426 414
426 414
426 430
426 425
426 412
426 411
426 405
426 425
426 411
426 428
426 410
426 411
426 419
426 416
426 424
426 429
426 427
426 425
426 423
426 430
426 425
426 418
426 409
426 419
426 407
426 428
426 411
426 429
426 409
426 409
426 428
426 414
426 428
426 418
426 404
426 428
426 424
426 409
426 408
426 412
426 419
426 410
426 416
426 419
426 411
426 414
426 402
426 403
426 426
426 426
426 403
426 414
426 412
426 425
426 427
426 412
426 428
426 423
426 409
426 419
426 422
427 405
427 405
427 404
427 418
427 417
427 416
427 424
427 416
427 411
427 407
427 410
427 412
427 410
427 425
427 409
427 411
427 417
427 409
427 418
427 411
427 411
427 416
427 409
427 407
427 410
427 409
427 405
427 417
427 416
427 426
427 410
427 428
427 417
427 416
427 427
427 405
427 427
427 423
427 428
427 410
427 403
427 410
427 409
427 416
427 412
427 416
427 410
427 430
427 409
427 410
427 412
427 409
427 427
427 416
427 409
427 411
427 411
427 425
427 419
427 402
427 404
427 409
427 423
427 416
427 409
427 403
427 409
427 412
427 414
427 428
427 424
427 403
427 414
427 405
427 428
427 411
427 406
427 411
427 410
427 405
427 403
427 424
427 406
427 425
427 416
427 408
427 405
427 403
427 409
427 428
427 425
427 417
427 422
427 419
427 403
427 409
427 409
427 416
427 410
427 412
427 424
427 430
427 430
427 415
427 410
427 411
428 404
428 423
428 414
428 417
428 411
428 409
428 405
428 417
428 424
428 407
428 407
428 416
428 419
428 423
428 412
428 430
428 419
428 416
428 411
428 416
428 405
428 402
428 411
428 404
428 409
428 406
428 410
428 430
428 419
428 425
428 404
428 423
428 407
428 428
428 428
428 419
428 409
428 409
428 409
428 423
428 428
428 419
428 427
428 414
428 425
428 417
428 405
428 426
428 430
428 424
428 428
428 405
428 410
428 406
428 419
428 424
428 425
428 410
428 427
428 424
428 414
428 414
428 430
428 428
428 426
428 426
428 427
428 419
428 423
428 410
428 417
428 419
428 410
428 407
428 410
428 404
428 428
428 430
428 422
428 417
428 425
428 404
428 405
428 427
428 428
428 416
428 420
428 422
428 412
428 423
428 426
428 420
428 410
428 404
428 414
428 416
428 419
428 410
428 402
428 427
428 425
428 417
428 416
428 428
428 403
428 404
428 430
428 416
428 428
428 407
428 416
428 428
428 404
428 425
428 422
428 425
428 419
428 429
428 429
428 428
428 407
428 430
428 403
429 430
429 430
429 410
429 418
429 409
429 409
429 430
429 423
429 425
429 426
429 412
429 410
429 409
429 409
429 412
429 411
429 416
429 410
429 428
429 430
429 430
429 428
429 407
429 407
429 426
429 414
429 410
429 424
429 403
429 416
429 430
429 414
429 403
429 405
429 430
429 426
429 416
429 420
429 414
429 426
429 414
429 405
429 425
429 410
429 417
429 422
429 411
430 410
430 429
430 420
430 414
430 428
430 412
430 411
430 407
430 424
430 417
430 416
430 417
430 409
430 424
430 417
430 414
430 412
430 407
430 416
430 403
430 417
430 429
430 404
430 419
430 425
430 406
430 424
430 428
430 420
430 416
430 424
430 402
430 419
430 410
430 422
430 405
430 419
430 412
430 427
430 430
430 426
430 407
430 411
430 425
430 422
430 428
430 427
430 416
430 408
430 419
430 423
430 407
430 408
430 416
430 409
430 405
430 417
430 407
430 427
430 426
430 428
430 427
430 411
430 422
430 423
430 403
430 428
430 412
430 425
430 409
430 427
430 425
430 402
430 426
430 411
430 427
430 424
430 411
430 420
430 416
430 409
430 425
430 407
430 409
430 417
430 407
430 405
430 409
430 412
430 416
430 415
430 430
430 409
430 430
430 420
430 416
430 403
430 415
430 416
430 426
430 427
430 405
430 419
430 417
430 423
430 417
431 431
431 432
431 431
431 431
431 431
431 432
431 433
431 433
431 432
431 433
431 431
432 431
432 432
432 432
432 432
432 433
432 432
432 431
432 431
432 431
432 432
432 431
432 433
432 433
433 431
433 433
433 433
433 431
433 433
433 432
433 432
433 431
434 439
435 436
435 436
435 439
435 435
435 437
435 435
435 439
435 436
435 435
435 439
435 440
435 439
435 435
436 439
436 435
436 439
437 435
437 435
438 439
439 435
439 435
439 435
439 439
440 439
441 443
441 453
441 443
441 443
441 464
442 448
442 458
442 448
442 444
442 448
442 459
442 450
442 443
443 441
443 453
443 464
443 451
443 458
443 453
443 443
443 457
443 443
443 447
443 443
443 451
443 453
443 464
443 443
443 443
443 446
443 457
443 443
443 451
443 451
443 444
443 448
443 443
443 448
443 464
443 453
443 453
443 448
443 448
443 441
443 455
443 448
443 443
443 451
443 443
443 443
443 444
443 464
443 464
443 463
443 448
443 464
443 447
443 451
443 448
443 443
443 448
443 457
443 455
443 448
443 443
443 443
443 456
444 453
444 446
444 464
444 448
446 448
446 459
447 457
447 443
447 458
447 448
447 443
447 447
447 453
447 451
448 443
448 463
448 453
448 456
448 463
448 448
448 443
448 461
448 448
448 458
448 448
448 450
448 448
448 441
448 448
448 446
448 443
448 446
448 443
448 448
448 443
448 443
448 450
448 464
448 461
448 443
448 443
448 448
448 448
448 463
448 448
448 448
448 443
448 456
448 443
448 452
448 459
448 447
448 447
448 459
448 444
448 448
448 448
448 461
448 451
448 448
448 451
448 459
448 459
448 448
448 457
448 451
448 448
448 457
448 453
448 443
449 443
449 456
449 443
449 444
449 464
449 443
450 464
450 453
450 443
450 456
450 448
450 443
450 449
451 453
451 457
451 453
451 451
451 455
451 448
451 459
451 443
451 463
451 463
451 464
451 450
451 451
452 443
452 453
452 448
452 457
452 450
452 457
453 448
453 448
453 459
453 443
453 454
453 463
453 448
453 443
453 443
453 461
453 464
453 447
453 443
453 443
453 443
453 455
453 451
453 448
453 443
454 443
454 448
454 464
454 448
454 451
455 448
455 463
455 457
455 448
455 448
456 457
456 463
457 464
457 449
457 448
457 443
457 448
457 443
457 443
457 448
458 463
458 447
458 443
458 453
458 443
458 448
458 447
458 451
458 457
459 453
459 443
459 448
460 441
461 448
461 443
462 448
462 455
462 443
463 442
463 449
463 448
463 453
463 448
463 457
464 444
464 451
464 443
464 455
464 443
464 448
464 448
464 444
464 443
464 443
464 443
464 443
464 453
464 448
465 443
466 466
466 467
466 466
466 467
466 467
466 467
466 467
466 466
466 466
466 466
466 467
466 466
466 468
467 466
467 467
467 467
467 466
467 466
468 473
468 469
468 475
468 482
468 489
468 476
468 489
468 490
468 476
468 481
468 468
468 469
468 493
468 471
468 479
468 489
468 486
468 490
468 477
468 468
468 479
468 471
468 476
468 476
468 495
468 485
468 491
468 471
468 468
468 490
468 485
468 490
468 487
468 494
468 469
468 479
468 492
468 489
468 492
468 473
468 489
468 489
468 479
468 476
468 487
468 474
468 474
468 474
468 468
468 489
469 489
469 476
469 474
469 469
469 483
469 485
469 475
469 478
469 486
469 485
469 484
469 483
469 481
469 494
469 495
469 479
469 478
469 476
469 489
469 468
469 478
469 492
469 485
469 488
469 486
469 469
469 478
469 483
469 489
469 483
469 470
469 486
469 490
469 483
469 481
469 481
469 488
469 483
469 483
469 471
469 469
469 481
470 481
470 483
470 488
470 483
470 495
470 486
470 476
470 483
470 490
470 493
471 475
471 474
471 478
471 487
471 493
471 478
471 489
471 483
471 489
471 473
471 475
471 478
471 489
471 488
471 483
471 476
471 486
471 468
471 493
471 489
471 486
471 489
471 479
471 489
471 474
471 489
471 471
471 488
471 485
471 468
471 486
471 469
471 483
471 483
471 494
471 489
471 476
471 477
471 476
471 468
471 479
471 494
471 492
471 489
471 471
472 478
472 486
472 486
473 473
473 488
473 470
473 489
473 486
473 478
473 469
473 474
473 476
473 478
473 471
473 468
473 478
474 471
474 476
474 486
474 474
474 469
474 468
474 492
474 470
474 471
474 489
474 478
474 484
474 492
474 483
474 478
474 489
474 493
474 494
474 488
474 485
474 478
474 476
474 476
474 479
474 479
474 475
474 468
474 488
474 486
474 478
474 495
474 483
474 476
474 494
474 484
474 474
474 483
475 476
475 492
475 490
475 485
475 492
475 492
475 484
475 488
475 489
475 483
475 483
475 471
475 483
475 475
475 481
475 478
475 484
475 488
475 473
475 468
475 477
475 469
475 481
475 476
475 486
475 487
476 469
476 468
476 481
476 471
476 477
476 468
476 469
476 469
476 469
476 478
476 469
476 474
476 474
476 474
476 474
476 489
476 492
476 475
476 483
476 493
476 469
476 494
476 493
476 489
476 471
476 470
476 487
476 483
476 484
476 489
476 476
476 476
476 488
476 475
476 478
476 489
476 471
476 468
476 476
476 489
476 481
476 494
476 478
476 478
476 477
476 469
476 471
476 495
477 475
477 478
477 486
477 468
477 495
477 493
477 469
477 468
478 477
478 474
478 488
478 486
478 478
478 468
478 488
478 468
478 478
478 478
478 468
478 494
478 468
478 486
478 477
478 471
478 479
478 473
478 476
478 493
478 489
478 474
478 469
478 473
478 471
478 476
478 478
478 468
478 487
478 489
478 474
478 485
478 469
478 490
478 492
478 489
478 474
478 489
478 491
478 471
478 476
478 484
478 487
478 471
478 483
479 483
479 489
479 493
479 479
479 488
479 489
479 489
479 486
479 483
479 486
479 495
479 492
479 481
479 491
479 472
479 483
480 489
480 476
480 495
481 468
481 486
481 476
481 485
481 487
481 490
481 487
481 486
481 476
481 489
481 486
481 494
481 492
481 481
481 478
481 475
481 494
481 483
481 485
481 473
481 495
481 495
481 489
481 494
481 483
481 474
481 485
481 479
481 483
481 476
481 468
481 486
481 471
481 468
481 487
481 479
481 483
481 483
481 489
481 475
481 468
481 478
482 490
482 471
483 475
483 469
483 488
483 470
483 471
483 471
483 471
483 479
483 469
483 489
483 492
483 485
483 476
483 495
483 468
483 490
483 469
483 481
483 486
483 478
483 489
483 474
483 468
483 488
483 489
483 474
483 489
483 488
483 469
483 471
483 488
483 469
483 489
483 469
483 492
483 490
483 484
483 481
483 478
483 468
483 492
483 493
483 489
483 470
483 489
483 474
483 471
483 474
484 489
484 483
484 495
484 476
484 475
484 484
484 483
484 474
484 474
484 476
484 490
484 492
484 473
484 483
484 488
484 490
484 483
485 488
485 477
485 486
485 488
485 483
485 489
485 489
485 468
485 478
485 471
485 492
485 483
485 479
485 468
486 468
486 471
486 489
486 476
486 471
486 486
486 475
486 469
486 483
486 473
486 483
486 471
486 474
486 468
486 479
486 481
486 495
487 476
487 468
487 476
487 490
487 474
487 481
487 468
487 476
487 469
487 486
487 489
487 483
487 486
487 490
487 474
487 483
487 469
487 474
487 485
487 484
487 486
487 468
487 471
487 471
487 468
487 483
488 478
488 469
488 488
488 492
488 489
488 481
488 477
488 488
488 481
488 492
488 471
488 471
488 468
488 476
488 481
488 468
488 479
488 474
488 492
488 476
488 476
488 488
488 469
488 471
488 489
488 471
488 493
488 489
488 490
488 483
488 471
488 475
488 488
488 489
488 483
488 486
488 490
488 492
488 490
489 469
489 488
489 484
489 471
489 489
489 489
489 476
489 469
489 476
489 474
489 468
489 488
489 471
489 489
489 495
489 478
489 494
489 489
489 474
489 481
489 474
489 489
489 481
489 484
489 495
489 485
489 474
489 481
489 476
489 478
489 469
489 471
489 487
489 486
489 488
489 488
489 483
489 490
489 476
489 471
489 484
489 485
489 489
489 494
489 488
489 481
489 481
489 474
489 486
489 474
489 488
489 471
489 476
490 484
490 476
490 485
490 474
490 474
490 473
490 490
490 471
490 476
490 478
490 476
490 490
490 488
490 476
490 494
490 481
490 471
490 476
490 489
490 495
490 483
490 475
490 481
491 469
491 468
492 469
492 469
492 495
492 469
492 474
492 468
492 470
492 478
492 485
492 489
492 489
492 488
492 485
492 478
492 478
492 468
492 468
492 486
493 478
493 469
493 488
493 488
493 477
493 474
493 471
493 483
493 468
493 483
493 484
493 481
493 468
493 477
493 492
493 489
493 486
493 468
493 495
494 488
494 489
494 474
494 494
494 474
494 483
494 476
494 484
494 472
494 478
494 476
494 476
494 469
495 478
495 474
495 486
495 476
495 479
495 478
495 476
495 492
495 476
495 493
495 489
495 468
495 478
495 471
495 468
495 484
495 483
495 481
495 471
495 488
495 487