0 5
0 1
1 74
1 111
2 130
3 102
3 117
3 23
3 96
3 119
3 50
3 137
3 15
3 79
3 18
3 107
3 28
4 4
4 39
4 45
4 5
4 67
4 117
4 50
4 3
4 86
4 133
4 88
4 72
4 113
4 352
4 517
5 104
5 133
5 64
5 129
5 112
5 46
5 22
5 141
5 70
5 52
5 3
5 103
5 101
5 46
5 37
5 55
5 120
5 41
5 5
5 11
5 192
5 431
5 321
6 142
6 20
6 115
6 61
6 114
6 107
6 68
6 68
6 23
6 31
6 78
6 14
6 122
6 35
6 4
6 526
7 14
7 20
7 42
8 81
8 53
8 52
8 46
8 86
8 70
8 6
8 63
8 89
8 4
8 76
8 113
8 86
8 110
8 112
8 30
8 102
8 33
8 14
8 97
8 109
8 66
8 81
8 127
8 137
8 53
8 63
8 102
8 198
8 336
9 22
10 24
10 86
10 6
10 38
10 142
10 97
10 38
10 97
10 106
10 130
10 24
10 60
10 79
10 130
10 105
10 13
10 3
10 89
10 82
10 115
10 109
10 69
11 87
11 19
11 21
11 30
11 58
11 29
11 8
11 112
11 27
11 136
11 52
11 125
11 74
11 121
12 24
12 141
14 44
14 43
14 98
14 98
14 31
14 55
14 118
14 46
14 66
14 42
14 107
14 8
14 86
14 128
14 103
14 24
14 94
14 523
14 483
15 98
15 118
15 5
15 28
15 66
15 24
15 88
15 109
15 134
15 81
15 84
15 36
16 70
16 94
16 4
16 44
16 115
16 97
16 130
16 31
16 84
17 3
17 76
17 50
18 55
18 98
18 141
18 39
18 63
18 36
18 19
18 58
18 87
18 88
18 94
18 53
18 241
19 97
19 14
19 38
19 104
19 6
19 46
19 44
19 43
19 60
19 47
19 68
19 11
20 19
20 105
20 117
20 58
20 53
20 92
20 24
20 52
20 137
20 137
20 73
20 121
20 123
20 514
20 476
21 42
21 79
21 4
21 23
21 89
21 119
21 142
21 93
21 83
21 89
21 12
21 84
21 397
22 19
22 133
22 116
22 107
22 20
22 54
22 23
23 40
23 24
23 65
23 90
23 23
23 130
23 58
23 78
23 79
23 40
23 11
23 28
23 69
23 41
23 14
23 81
23 118
23 97
23 104
23 54
23 99
23 78
23 418
24 112
24 102
24 79
24 61
24 84
24 24
24 63
24 99
24 68
24 127
24 117
24 41
24 136
24 105
24 43
24 126
24 84
25 67
25 63
25 364
26 63
27 131
27 130
27 103
27 83
27 43
27 83
27 451
28 18
28 46
28 40
28 82
28 83
28 101
28 108
28 5
28 89
28 44
28 140
29 49
29 11
29 107
29 16
29 39
29 20
29 20
29 310
30 70
30 136
30 88
30 79
30 137
30 44
30 58
30 141
30 11
30 97
30 63
30 10
30 104
30 226
30 392
31 20
31 45
31 121
31 18
31 83
31 20
31 40
31 83
31 53
31 18
31 11
31 27
31 49
32 126
32 136
32 100
32 24
32 69
32 138
32 103
33 72
33 78
33 93
33 108
33 111
33 56
33 64
33 122
33 122
34 139
34 141
34 131
35 43
35 119
35 128
36 124
37 43
37 70
37 5
37 60
37 119
37 131
37 132
37 21
38 119
38 55
38 53
38 81
38 18
38 69
38 55
38 112
38 52
38 23
38 220
38 508
39 39
39 31
39 82
39 43
39 22
39 107
39 65
40 8
40 79
40 44
40 23
40 76
41 11
41 31
41 4
41 82
41 73
41 112
41 131
41 120
41 43
41 23
42 76
42 48
42 107
42 82
42 44
42 104
42 133
42 105
42 14
42 83
42 55
43 138
43 93
43 107
43 125
43 81
43 102
43 98
43 105
43 40
43 76
43 96
43 128
43 90
43 29
43 76
43 4
43 77
43 30
43 40
43 84
43 20
43 27
43 5
43 86
43 55
43 30
43 137
43 124
43 58
43 368
43 514
44 124
44 84
44 5
44 81
44 43
44 2
45 53
45 63
45 4
45 52
45 88
45 98
45 62
45 84
45 14
45 107
45 105
45 112
46 136
46 18
46 76
46 113
46 81
46 38
46 46
46 107
46 4
46 23
46 130
47 82
47 125
48 83
48 106
48 89
48 43
48 63
48 11
48 104
48 52
48 65
48 100
49 55
49 71
49 137
50 77
50 322
51 53
51 81
51 128
52 94
52 107
52 53
52 86
52 90
52 58
52 110
52 68
52 33
52 66
52 55
52 134
52 23
52 136
52 74
52 111
52 119
52 26
52 10
52 24
52 38
52 33
52 115
53 63
53 69
53 68
53 63
53 8
53 47
53 134
53 136
53 136
53 16
53 118
53 83
53 109
53 4
53 18
53 78
53 130
53 138
53 52
53 91
53 119
53 4
53 467
54 84
54 101
54 10
54 11
54 66
54 138
54 109
54 122
54 65
54 212
55 11
55 19
55 6
55 13
55 86
55 83
55 8
55 117
55 137
55 23
55 128
55 15
55 89
55 109
55 16
55 19
55 109
55 65
55 39
55 48
55 5
55 115
55 137
55 282
55 382
55 531
55 519
56 104
56 52
56 124
56 105
56 48
56 65
56 516
57 89
57 55
57 27
58 8
58 138
58 37
58 20
58 8
58 89
58 476
58 474
59 22
59 83
59 106
59 63
59 93
59 72
59 31
59 76
60 42
60 39
60 418
61 70
61 3
62 8
62 28
62 4
62 104
63 11
63 43
63 117
63 54
63 68
63 3
63 104
63 136
63 127
63 105
63 45
63 96
63 13
63 111
63 103
63 31
63 78
63 10
63 34
63 0
63 108
63 65
63 122
63 136
63 62
63 77
63 58
64 109
64 65
64 118
64 77
64 11
64 19
65 64
65 97
65 55
65 118
65 65
65 115
65 104
65 68
65 139
65 101
65 106
65 43
65 115
65 19
65 234
66 11
66 128
66 67
66 55
66 133
66 38
66 46
66 62
66 43
66 57
66 82
66 4
66 57
66 31
66 89
66 81
67 43
67 74
67 79
67 131
67 97
67 43
67 94
67 47
67 16
67 6
67 122
68 57
68 43
68 27
68 24
68 53
68 42
68 20
68 59
68 81
68 5
68 61
68 19
68 117
68 387
69 30
69 133
69 46
69 107
69 42
69 84
69 20
69 141
69 114
69 33
69 44
69 73
69 11
69 99
69 37
69 234
69 477
69 508
70 107
70 87
70 129
70 37
70 130
70 133
70 58
70 107
70 95
70 95
70 100
70 28
71 65
71 280
72 114
72 86
72 9
72 23
72 48
72 142
72 44
72 37
72 136
72 104
72 53
72 103
72 72
72 63
72 106
72 124
72 83
72 112
72 90
72 81
72 22
72 14
72 105
73 25
73 8
73 137
74 71
74 61
75 10
75 54
76 112
76 16
76 81
76 105
76 24
76 112
76 66
76 95
76 128
76 84
76 10
76 4
76 118
76 212
76 395
77 130
77 72
77 57
77 22
77 34
77 52
77 506
78 106
78 104
78 30
78 59
78 89
78 63
78 130
78 18
78 57
78 117
78 40
78 10
78 30
78 83
78 28
78 109
78 105
78 50
78 14
78 38
78 4
79 68
79 17
79 3
79 118
79 72
79 87
79 65
79 44
79 89
79 81
79 54
79 130
80 11
80 33
80 125
80 462
81 94
81 124
81 45
81 127
81 19
81 39
81 133
81 48
81 31
81 112
81 55
81 71
81 11
81 128
81 53
81 63
81 81
81 102
81 82
81 4
81 130
82 79
82 72
82 89
82 141
82 37
82 11
82 58
82 31
82 44
82 408
82 413
83 98
83 14
83 53
83 30
83 106
83 42
83 14
83 90
83 98
83 83
83 68
83 135
83 52
83 136
83 31
83 44
83 89
83 304
83 328
83 520
83 468
84 54
84 113
84 114
84 112
84 54
84 97
84 119
84 66
84 5
84 121
84 130
84 42
84 57
84 30
84 23
84 78
84 56
84 124
84 512
86 125
86 22
86 56
86 99
86 14
86 83
86 81
86 46
86 123
86 80
86 77
86 66
86 109
86 107
86 457
87 95
87 137
88 76
88 24
88 139
88 99
88 127
88 112
88 124
88 38
88 3
89 130
89 134
89 109
89 127
89 63
89 133
89 134
89 83
89 86
89 122
89 4
89 129
89 128
89 65
89 20
89 23
90 91
90 90
90 48
90 130
90 68
90 86
90 21
90 10
90 29
90 64
90 283
91 5
91 4
91 136
92 106
92 30
93 59
93 14
93 126
93 21
93 111
93 95
93 128
93 197
94 45
94 5
94 20
94 360
95 66
96 125
97 113
97 65
97 97
97 138
97 59
97 122
97 125
97 63
97 42
97 31
97 102
97 55
97 20
97 34
97 181
97 430
98 5
98 90
98 32
98 119
98 113
98 19
98 114
99 54
99 110
99 95
99 138
99 83
99 52
99 89
100 33
100 42
100 25
100 111
101 129
101 53
101 118
101 78
101 294
102 133
102 85
102 130
102 120
102 23
102 127
102 25
102 9
102 81
102 474
103 9
103 5
103 66
103 16
104 122
104 70
104 27
104 63
104 97
104 57
104 23
104 66
104 19
104 83
104 94
105 72
105 129
105 58
105 74
105 76
105 131
105 143
105 118
106 98
106 29
106 59
106 117
106 43
106 137
106 104
106 118
106 89
106 10
106 86
106 90
106 94
106 11
107 50
107 17
107 86
107 125
107 133
107 67
107 4
107 98
107 105
107 55
107 125
107 78
107 136
107 141
107 22
107 28
107 127
107 82
107 42
108 83
108 4
108 133
108 84
108 52
109 122
109 28
109 128
109 20
109 115
109 468
109 506
110 30
110 4
110 72
110 102
110 77
110 9
110 97
110 95
111 133
111 72
111 63
111 78
111 59
111 70
112 32
112 42
112 63
112 122
112 48
112 130
112 77
112 40
112 117
112 86
112 62
112 14
112 125
112 119
112 122
112 131
112 20
112 479
113 63
113 10
113 43
113 139
113 14
113 14
113 137
113 23
113 20
114 115
114 64
114 133
114 66
114 110
114 107
114 122
114 130
114 23
115 10
115 105
115 33
115 21
115 15
115 8
115 94
115 23
115 23
115 106
115 94
115 102
116 115
116 121
116 133
117 76
117 7
117 58
117 70
117 42
117 97
117 91
117 104
117 105
117 441
118 109
118 14
118 113
118 10
118 5
118 84
118 94
118 99
118 3
119 59
119 14
119 92
119 72
119 8
119 86
119 100
119 103
119 104
119 43
120 115
120 6
120 127
120 44
120 421
121 124
121 99
121 115
121 53
122 83
122 47
122 100
122 90
122 112
122 70
122 103
122 63
122 38
122 118
122 82
123 125
124 47
124 5
124 112
124 86
124 115
124 94
124 86
124 121
125 65
125 39
125 59
125 21
125 46
125 22
125 53
125 125
125 103
125 42
126 69
126 38
126 43
127 130
127 89
127 84
127 129
127 65
127 22
127 35
127 31
127 99
127 38
128 113
128 54
128 79
128 37
128 52
128 18
129 32
130 133
130 81
130 20
130 43
130 66
130 58
130 90
130 52
130 20
130 133
130 109
130 5
130 46
130 3
130 53
130 13
130 435
130 336
131 84
131 82
131 61
131 128
132 97
133 55
133 35
133 65
133 18
133 53
133 104
133 133
133 10
133 56
133 56
133 23
133 97
133 96
133 121
133 102
133 110
133 229
133 483
133 509
134 112
134 110
134 97
134 15
134 123
134 59
134 58
134 443
136 60
136 136
136 48
136 14
136 78
136 44
136 29
136 29
137 4
137 52
137 114
137 33
137 82
137 23
137 43
137 14
137 130
137 113
137 33
137 195
137 514
138 24
138 70
138 105
138 21
138 82
138 83
138 71
138 96
138 10
138 180
139 43
139 32
139 14
139 69
139 105
139 101
139 81
139 124
139 104
139 54
139 68
139 30
140 94
140 136
140 11
140 14
140 59
140 113
141 90
141 10
141 122
141 68
141 30
141 3
141 20
141 65
141 66
142 13
142 10
142 79
143 90
143 83
143 5
143 48
144 150
144 146
144 150
144 149
145 150
145 146
145 156
145 147
145 147
145 158
145 162
145 160
145 161
145 162
146 159
146 150
146 161
146 151
146 144
146 156
147 144
147 162
147 147
147 156
147 145
148 160
148 150
148 159
148 153
148 154
149 158
149 156
149 152
149 154
149 152
149 161
149 150
149 149
149 154
149 161
149 152
150 144
150 144
150 150
150 150
150 157
150 153
150 150
150 150
150 390
151 154
151 147
151 162
151 145
151 160
151 150
151 152
151 155
151 157
151 242
152 154
152 150
152 161
152 144
152 149
152 153
152 162
152 149
153 153
153 148
153 158
153 148
153 158
153 149
153 145
153 154
154 162
154 149
154 154
154 151
154 161
154 150
154 156
154 154
154 158
154 162
154 156
155 148
155 149
155 147
156 151
156 153
156 161
156 160
157 151
157 144
157 145
157 148
157 158
157 430
158 156
158 146
158 154
158 155
158 156
159 144
159 160
159 151
159 144
159 147
159 161
159 161
159 149
159 154
159 363
159 404
160 154
160 146
160 150
160 151
160 161
161 155
161 153
161 162
161 153
161 159
161 162
162 151
162 153
162 156
162 148
162 149
162 155
164 180
164 169
164 196
164 168
164 165
164 191
164 198
164 187
164 506
164 495
165 181
165 180
165 192
165 170
165 189
165 166
165 173
165 174
165 482
166 171
166 197
166 187
166 165
166 187
166 180
166 171
166 169
166 198
166 166
167 195
168 172
169 198
169 199
169 163
169 191
169 165
169 199
169 171
169 171
170 190
170 167
170 173
170 171
170 166
170 187
170 190
170 528
171 189
171 175
171 197
171 200
171 176
171 197
171 180
171 170
171 190
171 198
171 192
171 166
171 180
173 191
173 194
173 184
173 170
173 190
173 483
174 194
174 170
174 170
174 171
174 189
174 188
174 495
175 187
175 165
175 195
175 169
175 184
176 199
176 164
176 203
178 202
178 170
180 166
180 174
180 193
180 194
180 203
180 191
180 170
181 192
181 166
181 189
181 355
182 191
183 175
183 176
183 194
184 198
184 198
185 194
185 171
185 197
185 197
185 191
186 198
186 180
186 164
186 190
186 202
186 383
187 190
187 194
187 194
187 166
187 171
187 185
187 171
187 174
187 195
187 189
187 198
187 180
188 190
188 199
188 169
188 189
188 480
189 190
189 187
189 187
189 192
189 169
190 180
190 189
190 170
190 168
191 185
191 164
191 191
191 189
191 166
191 196
191 196
191 198
191 197
191 188
192 166
192 165
192 188
192 198
192 187
192 187
192 171
192 443
192 507
193 187
193 202
194 180
194 177
194 169
194 188
194 164
194 199
194 170
194 191
195 182
195 175
195 170
195 167
195 169
196 192
196 170
196 190
197 187
197 187
197 187
197 187
198 173
198 186
198 165
198 174
198 164
198 185
198 198
198 191
198 198
198 170
198 165
198 195
198 165
198 476
198 514
199 191
199 170
199 190
199 185
199 165
199 187
199 166
199 170
199 489
200 194
200 181
202 194
202 180
203 186
205 231
205 234
206 224
206 238
206 209
206 235
206 207
206 229
207 229
207 212
207 230
207 234
209 235
209 231
209 227
210 235
210 216
210 421
210 397
211 207
211 228
211 224
211 235
211 294
212 229
212 235
212 222
212 211
212 231
212 222
212 236
212 242
212 426
213 229
215 243
215 225
215 240
215 206
215 214
215 206
216 205
216 232
216 443
217 219
218 219
219 206
219 236
220 231
220 218
220 232
221 241
222 241
222 237
222 228
222 233
222 215
222 236
222 205
224 238
224 231
225 240
225 222
225 233
225 208
225 220
225 240
225 209
225 206
226 232
226 229
227 243
227 240
227 231
227 231
228 209
228 206
228 207
228 238
229 242
229 231
230 225
230 241
230 231
230 212
231 235
231 216
231 215
231 224
231 231
231 225
232 209
232 212
232 209
232 205
232 207
232 215
232 238
232 236
232 232
232 338
233 231
233 213
233 231
233 212
233 216
234 242
234 206
234 229
235 206
235 211
235 230
235 209
235 206
235 236
235 215
235 230
235 242
235 301
236 228
236 231
236 231
236 241
236 236
236 275
237 243
237 211
237 227
239 220
239 216
239 219
239 235
239 228
240 230
240 207
240 236
240 231
241 205
241 217
242 209
242 240
242 214
242 237
242 323
243 224
243 212
243 222
243 223
244 244
244 256
244 261
244 259
244 260
244 254
244 252
244 293
245 244
245 253
245 246
245 244
246 246
246 248
246 263
246 258
246 249
246 325
246 318
247 249
247 246
247 260
247 254
247 425
248 263
248 251
248 245
248 250
248 256
248 258
248 247
248 332
249 246
249 260
249 252
249 251
249 263
249 254
249 258
249 252
249 255
249 384
249 446
249 301
250 259
251 260
251 261
251 261
252 249
252 258
252 259
252 422
252 277
253 250
253 245
253 245
253 253
253 262
253 251
253 249
253 247
253 252
253 256
254 245
254 259
254 251
254 259
254 257
255 254
255 260
255 246
255 253
255 359
256 249
256 252
256 255
257 248
257 437
257 436
258 248
258 253
258 249
258 260
258 244
258 247
258 244
258 248
259 262
259 246
259 357
259 371
260 258
260 255
260 255
260 259
260 263
260 284
261 246
261 260
261 248
261 254
261 259
261 263
261 451
262 259
262 258
262 260
262 249
262 262
262 244
262 262
262 260
263 251
263 263
263 244
263 260
263 261
263 387
263 434
264 357
265 435
265 384
265 448
265 413
265 317
265 366
265 342
266 296
266 342
266 296
266 274
266 415
266 405
266 345
267 436
267 296
267 372
268 271
268 379
268 338
268 433
268 421
268 316
268 282
268 318
268 275
268 268
268 296
268 321
269 442
269 329
269 357
269 359
269 415
269 279
270 362
270 414
270 310
270 275
270 384
270 452
270 476
271 355
271 363
271 366
271 391
271 408
271 342
271 282
271 292
271 339
271 404
271 451
271 445
271 438
271 384
271 408
271 443
271 342
271 389
271 321
271 415
271 411
271 281
271 441
271 452
271 387
271 421
271 445
271 270
271 504
272 413
272 408
272 434
272 385
272 430
273 452
273 275
273 394
273 271
274 436
274 387
274 363
274 443
275 441
275 324
275 305
275 271
275 307
275 372
275 304
275 443
275 414
275 294
275 306
275 346
275 421
275 437
275 390
275 387
275 377
275 363
275 398
275 282
275 322
275 352
275 269
275 451
275 316
275 451
275 318
275 301
275 305
275 397
275 427
275 372
275 407
275 415
275 430
275 284
276 277
276 414
276 397
276 408
276 421
276 319
276 301
276 398
276 281
276 283
276 351
276 430
276 371
276 433
276 384
276 357
276 420
276 403
276 358
276 413
276 338
276 451
277 315
277 298
277 353
277 377
277 307
277 360
277 412
277 519
278 270
278 370
278 352
278 382
279 301
279 348
279 299
279 358
279 371
279 357
279 271
279 348
279 443
279 441
279 308
280 342
280 406
280 341
280 411
280 446
280 376
280 336
280 289
280 346
280 405
280 283
280 312
280 329
280 288
280 336
280 434
280 507
281 360
281 424
281 296
281 322
281 276
281 337
281 356
281 340
281 436
281 317
281 360
281 339
281 310
282 298
282 380
282 443
282 307
282 446
282 298
282 307
282 391
282 436
282 408
282 436
282 368
282 380
282 374
282 380
282 381
282 323
282 385
282 359
282 408
282 389
282 271
282 379
282 421
282 310
282 319
282 358
282 382
282 275
283 297
283 443
283 284
283 319
283 399
283 392
283 380
283 416
283 369
283 443
283 355
283 306
284 390
284 277
284 443
284 307
284 434
284 342
284 433
284 371
284 443
284 443
284 293
284 276
284 295
284 390
284 286
284 332
284 362
284 319
284 432
284 377
284 443
284 342
284 336
284 305
284 461
285 342
285 319
285 356
285 351
285 299
286 328
286 321
286 338
286 414
286 430
286 288
286 381
286 331
287 274
287 307
287 445
287 436
288 436
288 387
288 431
288 275
288 304
288 351
288 283
288 452
288 369
288 298
288 362
288 404
288 318
288 313
288 342
288 363
288 367
288 405
288 307
288 295
288 436
288 270
288 343
288 457
289 359
289 283
289 433
289 405
289 310
289 293
289 361
289 321
289 363
289 436
289 449
289 371
289 466
290 437
290 430
290 415
290 376
291 430
291 404
291 423
292 298
292 319
292 268
292 266
293 321
293 313
293 398
293 308
293 371
293 422
293 425
293 356
293 276
293 304
293 411
293 329
294 452
294 361
294 357
294 429
294 361
294 373
294 362
294 317
294 421
294 408
295 436
295 366
295 280
295 422
296 300
296 357
296 430
296 284
296 306
296 413
296 279
296 452
296 346
296 397
296 430
296 315
296 436
296 313
296 328
296 268
296 282
296 340
296 349
297 329
297 428
297 406
297 351
297 353
297 305
298 277
298 444
298 362
298 280
298 364
298 332
298 319
298 391
299 278
299 396
299 358
299 411
299 284
299 280
299 280
299 363
299 306
299 430
299 328
299 288
299 443
299 434
299 299
299 301
299 282
299 357
299 322
299 398
299 415
299 404
299 505
299 503
300 378
300 414
300 310
300 322
301 434
301 340
301 446
301 275
301 430
301 301
301 430
301 325
301 408
301 408
301 417
301 434
301 333
301 442
301 443
301 413
301 382
301 421
301 310
301 265
301 435
301 394
301 357
301 452
301 363
301 281
301 414
301 315
302 328
302 313
304 321
304 387
304 288
304 436
304 404
304 328
304 389
304 408
304 371
304 433
304 379
304 289
304 352
304 364
304 342
304 445
304 304
304 372
305 270
305 281
305 360
305 438
305 436
305 408
305 364
305 428
305 339
305 381
306 387
306 416
306 329
306 398
306 372
306 385
306 320
306 436
306 349
306 325
306 445
306 403
306 417
306 443
306 274
306 328
306 378
306 348
306 342
306 430
306 301
306 416
306 369
306 415
306 355
306 463
307 396
307 341
307 279
307 342
307 363
307 342
307 284
307 335
307 352
307 305
307 336
307 352
307 391
307 443
307 284
307 380
307 363
307 267
307 301
307 394
307 407
307 304
307 372
307 433
307 460
308 316
308 382
308 385
308 417
308 428
309 420
309 339
310 382
310 328
310 269
310 332
310 441
310 304
310 436
310 313
310 296
310 357
310 436
310 414
310 410
310 390
310 443
310 398
310 377
310 321
310 343
310 298
312 392
312 415
312 405
312 360
312 379
312 378
312 415
312 306
312 333
312 336
312 323
312 374
312 304
313 346
313 310
313 315
313 363
313 417
313 415
313 367
315 416
315 363
315 446
315 332
315 296
315 299
315 359
315 382
316 357
316 394
316 416
316 323
316 271
316 443
316 282
316 382
316 451
316 379
316 289
316 288
316 405
316 363
316 273
316 381
317 408
317 423
317 328
317 284
317 362
317 398
317 356
317 356
317 304
317 406
317 319
317 296
317 280
317 316
317 415
317 288
317 296
317 372
317 319
317 312
317 415
317 266
317 377
317 424
318 362
318 443
318 387
318 305
318 298
318 424
318 433
318 363
318 414
318 362
318 290
318 342
318 397
318 443
319 307
319 432
319 364
319 397
319 329
319 374
319 360
319 436
319 362
319 387
319 414
319 424
319 408
319 451
319 342
319 306
319 360
319 387
320 339
320 431
320 363
320 368
320 343
320 413
321 379
321 397
321 441
321 372
321 321
321 443
321 384
321 446
321 406
321 425
321 307
321 301
321 445
321 381
321 328
321 428
321 436
321 276
321 275
321 384
321 399
321 363
321 288
321 275
321 321
321 325
322 343
322 379
322 279
322 321
322 325
322 417
322 414
322 403
322 387
322 310
322 317
322 301
322 405
322 322
323 275
323 372
323 319
323 436
323 268
323 349
323 289
323 396
323 342
323 392
323 452
323 431
323 306
323 396
323 399
323 434
323 387
323 443
323 397
324 415
324 443
324 288
324 352
324 392
324 268
324 295
324 392
324 322
324 341
324 340
324 321
325 430
325 360
325 293
325 390
325 316
325 338
325 415
325 333
325 406
325 405
325 296
325 333
325 393
325 381
325 367
325 369
325 443
325 275
325 362
325 277
326 271
326 408
327 392
327 433
328 305
328 280
328 381
328 352
328 286
328 448
328 329
328 382
328 448
328 394
328 402
328 336
328 406
328 276
328 430
328 266
328 382
328 476
329 414
329 331
329 438
329 443
329 414
329 401
329 286
329 281
329 298
329 341
329 329
329 443
329 315
329 324
329 398
329 433
329 342
329 278
329 451
329 296
329 397
329 423
329 291
329 430
329 323
329 357
330 423
330 363
330 323
330 338
331 405
332 357
332 301
332 443
332 367
332 434
332 280
333 387
333 337
333 282
333 340
333 398
333 299
333 391
333 382
333 379
333 337
333 281
333 384
333 275
333 399
333 411
333 395
333 437
333 382
333 338
333 519
334 398
335 352
335 401
335 305
335 445
335 523
336 333
336 299
336 328
336 394
336 305
336 381
336 382
336 426
336 323
336 406
336 411
336 402
336 381
336 377
336 329
336 325
336 405
336 434
336 408
336 288
336 316
336 509
337 346
337 317
337 445
337 310
337 394
337 268
337 428
337 414
337 441
337 342
337 441
337 333
337 445
338 369
338 355
338 448
338 452
338 401
338 316
338 280
338 315
338 435
338 316
338 363
338 322
338 392
338 318
338 284
338 356
338 270
338 301
338 338
338 408
338 329
338 357
338 369
338 415
338 299
338 395
339 304
339 289
339 445
339 403
339 416
339 446
339 385
339 336
339 408
340 283
340 412
340 310
340 318
340 336
340 310
340 404
340 368
340 345
340 302
340 431
340 414
340 295
340 346
340 445
340 269
340 325
340 341
340 426
340 387
340 318
340 415
340 465
340 493
341 312
341 342
341 296
341 436
341 283
341 278
341 271
341 387
341 307
342 310
342 411
342 317
342 294
342 338
342 319
342 443
342 338
342 360
342 304
342 317
342 379
342 288
342 324
342 372
342 451
342 285
342 319
342 288
342 413
342 422
342 360
342 363
342 387
342 451
342 408
342 346
342 389
342 328
342 421
342 423
342 357
342 363
342 352
342 304
343 397
343 423
343 315
343 430
343 333
343 452
344 443
344 328
344 325
344 271
345 418
345 319
345 338
346 404
346 282
346 306
346 317
346 316
346 282
346 336
346 361
346 295
346 411
346 434
347 413
347 304
348 268
349 377
349 320
349 415
349 381
349 293
349 337
350 436
350 278
350 346
350 321
350 398
350 411
350 395
350 392
350 430
350 421
350 346
350 310
351 437
351 285
351 360
351 381
351 451
351 377
351 270
351 371
351 424
351 355
352 443
352 441
352 408
352 438
352 416
352 294
352 280
352 359
352 428
352 368
352 356
352 443
352 397
352 276
352 324
352 326
352 436
352 414
352 441
352 289
352 266
352 304
352 352
352 338
352 411
352 446
352 390
352 422
352 408
352 299
352 511
353 289
353 369
353 397
354 268
355 425
355 430
355 304
355 408
355 452
355 319
355 356
355 347
356 415
356 451
356 433
356 312
356 351
356 445
356 335
356 276
356 399
356 390
356 276
356 310
356 347
356 321
356 304
356 416
356 355
356 378
356 294
356 277
356 384
356 361
356 436
356 336
356 338
356 376
356 280
356 333
356 317
356 294
356 274
356 320
356 367
356 268
356 374
356 355
357 323
357 271
357 307
357 446
357 379
357 384
357 342
357 297
357 371
357 323
357 357
357 446
357 307
357 350
357 322
357 329
357 321
358 285
358 408
358 317
358 274
358 443
358 321
358 436
358 342
358 438
358 323
359 411
359 333
359 372
359 383
359 323
359 301
359 420
359 414
359 430
359 483
360 433
360 277
360 289
360 400
360 352
360 415
360 342
360 452
360 317
360 279
360 315
360 274
360 435
360 310
360 367
360 307
360 443
360 445
360 342
360 451
361 389
361 271
361 401
361 431
361 356
361 415
362 437
362 431
362 345
362 341
362 301
362 408
362 338
362 401
362 317
362 446
362 324
362 304
362 422
362 436
362 436
362 337
362 436
362 362
362 433
362 306
362 301
362 436
362 443
362 443
362 343
362 331
362 374
362 329
362 289
362 321
362 358
362 301
362 496
363 451
363 397
363 451
363 342
363 380
363 304
363 352
363 414
363 282
363 405
363 265
363 413
363 293
363 352
363 445
363 414
363 283
363 282
363 301
363 431
363 337
363 316
363 266
363 358
363 372
363 425
363 336
363 443
363 296
363 363
363 397
363 415
363 316
363 338
363 338
363 317
363 381
363 415
363 275
363 362
363 482
364 356
364 439
364 381
364 448
364 378
364 307
364 357
364 418
365 338
365 307
366 305
366 443
366 405
366 317
366 271
366 416
366 431
366 299
366 435
366 321
367 319
367 296
367 402
367 338
367 290
367 360
367 338
367 277
367 345
367 343
367 523
368 324
368 356
368 436
368 269
368 446
368 306
368 318
368 321
368 329
369 281
369 325
369 398
369 433
369 446
369 441
369 310
369 385
369 338
369 430
369 379
369 374
369 405
369 402
369 342
369 443
369 356
369 277
369 316
369 321
369 342
369 495
369 467
370 421
370 318
371 362
371 312
371 372
371 371
371 419
371 353
371 524
372 321
372 312
372 451
372 318
372 291
372 389
372 289
372 428
372 378
372 380
372 356
372 268
372 387
372 370
372 312
372 377
373 281
373 448
373 448
373 426
373 338
373 415
374 362
374 319
374 356
374 435
374 360
374 421
374 299
374 373
374 449
374 288
374 317
374 443
374 433
375 289
375 351
376 360
376 307
376 387
376 441
376 315
376 363
376 329
376 453
376 299
377 358
377 268
377 430
377 433
377 276
377 416
377 363
377 306
377 372
377 431
377 392
377 362
378 275
378 273
378 363
378 268
379 320
379 422
379 387
379 299
379 376
379 415
379 297
379 451
379 411
379 380
379 402
379 380
379 442
379 338
379 436
379 315
379 288
379 374
379 436
379 362
379 438
379 452
379 383
379 300
379 415
379 284
379 405
379 302
379 351
379 317
380 404
380 283
380 276
380 390
380 443
380 296
380 278
380 415
380 373
380 363
380 356
380 493
381 411
381 342
381 411
381 286
381 411
381 284
381 435
381 346
381 358
381 382
381 310
381 452
381 306
381 405
381 408
381 374
381 333
381 280
382 319
382 357
382 424
382 452
382 397
382 381
382 305
382 408
382 441
383 422
383 363
383 372
383 338
383 340
383 387
383 355
383 281
384 414
384 406
384 282
384 322
384 366
384 342
384 360
384 384
384 394
384 293
384 397
384 390
384 312
384 343
384 421
385 408
385 321
385 430
385 283
385 266
385 362
385 436
385 451
385 271
385 387
385 430
385 433
385 523
386 323
386 406
386 452
386 409
386 307
387 443
387 385
387 306
387 424
387 342
387 382
387 416
387 310
387 428
387 397
387 358
387 443
387 363
387 392
387 400
387 369
387 342
387 337
387 361
387 370
387 349
387 321
387 277
387 307
387 280
387 406
387 307
387 396
387 405
387 433
387 405
388 293
389 389
389 273
389 418
389 363
389 404
389 408
390 269
390 342
390 324
390 392
390 338
390 281
390 373
390 307
390 301
390 360
390 391
390 430
390 317
390 317
391 442
391 415
392 356
392 393
392 425
392 443
392 283
392 369
392 395
392 368
392 396
392 280
392 289
392 366
392 296
392 415
393 445
393 374
393 430
393 356
393 297
394 387
394 445
394 321
394 363
394 301
394 453
394 319
394 430
394 515
395 428
395 338
395 443
395 306
395 406
395 395
396 408
396 283
396 289
397 369
397 374
397 363
397 305
397 362
397 362
397 443
397 310
397 332
397 280
397 384
397 449
397 387
397 384
397 292
397 280
397 525
398 428
398 315
398 301
398 433
398 318
398 441
398 280
398 372
398 441
398 296
398 415
398 421
398 299
398 342
398 360
398 339
398 372
398 520
399 369
399 372
399 451
399 488
401 405
401 352
401 415
401 423
401 434
401 284
401 378
401 346
402 439
402 366
402 379
402 316
402 335
402 379
402 431
402 335
402 325
402 421
402 476
403 417
403 434
403 372
404 405
404 424
404 318
404 381
404 317
404 340
405 411
405 301
405 452
405 359
405 316
405 293
405 319
405 296
405 408
405 417
405 357
405 282
405 299
405 406
405 380
405 425
405 452
405 415
405 383
405 434
405 523
405 466
406 279
406 430
406 338
406 390
406 318
406 356
406 289
406 387
406 301
406 408
406 358
406 350
406 312
406 445
406 307
406 339
406 448
406 452
406 401
406 443
407 363
407 384
407 405
407 307
407 385
408 392
408 446
408 377
408 389
408 362
408 443
408 357
408 293
408 289
408 342
408 336
408 357
408 363
408 437
408 414
408 362
408 298
408 398
408 381
408 434
408 390
408 421
408 366
408 411
408 302
408 406
408 306
408 296
408 307
408 325
408 430
408 379
408 443
408 315
408 296
408 305
408 507
408 489
409 363
410 443
410 271
410 332
410 345
410 302
411 271
411 346
411 387
411 367
411 441
411 321
411 381
411 430
411 372
411 422
411 405
411 405
411 387
411 296
411 362
411 355
412 325
412 445
412 338
412 271
413 388
413 414
413 403
413 308
413 363
413 383
413 424
413 364
413 384
413 358
413 307
413 436
413 275
413 443
413 341
414 387
414 341
414 394
414 316
414 443
414 338
414 342
414 369
414 310
414 304
414 413
414 362
414 380
414 415
414 340
414 276
414 338
414 366
415 408
415 337
415 408
415 430
415 377
415 366
415 270
415 430
415 360
415 306
415 287
415 276
415 284
415 443
415 342
415 381
415 363
415 430
415 325
415 328
415 385
415 367
415 317
415 284
415 304
415 406
415 362
415 302
415 408
415 329
415 363
415 317
416 336
416 352
416 352
416 319
416 363
416 323
416 283
416 301
416 362
416 371
416 388
416 421
416 282
416 271
417 372
417 282
417 416
417 352
417 304
417 275
418 352
418 338
418 364
418 441
418 287
418 418
418 435
418 367
418 406
418 410
419 396
419 387
419 392
419 279
419 317
420 296
420 363
420 268
421 410
421 437
421 401
421 397
421 323
421 338
421 340
421 365
421 405
421 298
421 408
421 276
421 430
421 340
421 416
421 275
421 377
421 350
421 406
421 418
421 358
421 363
421 310
422 453
422 317
422 307
422 276
422 430
422 405
422 336
422 453
422 390
422 379
422 351
422 411
422 292
422 288
423 306
423 282
423 342
423 390
423 421
423 446
423 362
423 269
423 367
423 342
423 414
423 405
424 381
424 424
424 275
424 422
424 376
424 443
424 289
424 377
424 417
424 405
424 415
424 362
424 414
424 329
424 357
424 323
424 389
424 398
424 275
424 452
424 337
425 298
425 350
425 279
425 298
425 398
425 401
425 395
425 280
425 443
425 421
425 401
425 323
425 293
425 285
425 352
425 405
425 353
425 319
425 436
425 408
426 379
426 436
426 423
428 418
428 414
428 298
428 301
428 351
429 379
429 305
430 390
430 296
430 434
430 333
430 431
430 390
430 266
430 329
430 416
430 363
430 441
430 446
430 442
430 418
430 421
430 383
430 319
430 317
430 312
430 430
430 408
430 441
430 416
430 434
430 376
430 316
430 295
430 436
430 289
430 338
430 361
430 338
430 381
430 408
430 317
430 443
430 289
430 422
430 380
430 459
431 391
431 401
431 423
431 415
431 334
431 392
431 318
431 382
431 374
431 278
432 354
432 371
432 451
432 408
432 292
432 362
432 282
433 443
433 391
433 301
433 363
433 333
433 428
433 276
433 367
433 421
434 305
434 273
434 299
434 443
434 403
434 368
434 336
435 406
435 276
435 275
435 317
435 266
435 437
435 435
435 415
435 417
435 322
435 414
435 279
435 325
436 317
436 316
436 391
436 358
436 337
436 291
436 441
436 362
436 417
436 305
436 352
436 358
436 349
436 405
436 360
436 380
436 341
436 357
436 402
437 317
437 335
437 305
437 408
438 288
438 379
438 452
438 405
438 452
438 298
439 392
441 337
441 390
441 296
441 395
441 291
441 284
441 443
441 275
441 298
441 389
441 298
441 316
441 307
442 325
442 268
442 362
443 415
443 296
443 342
443 268
443 381
443 356
443 390
443 286
443 423
443 368
443 342
443 358
443 389
443 307
443 356
443 321
443 339
443 299
443 321
443 289
443 349
443 411
443 278
443 408
443 430
443 307
443 362
443 451
443 340
443 436
443 362
443 384
443 337
443 363
443 293
443 329
443 452
443 352
443 387
443 296
443 381
443 345
443 282
443 351
443 374
443 305
443 312
443 383
443 323
443 379
443 363
443 408
443 372
443 310
443 383
444 288
444 283
444 413
444 362
444 322
445 286
445 434
445 352
445 322
445 277
445 377
445 332
445 388
445 271
445 319
445 307
445 291
445 514
446 405
446 366
446 422
446 415
446 381
446 299
446 321
446 392
446 414
446 329
446 441
446 410
447 316
447 299
447 325
447 430
448 282
448 289
448 281
449 323
449 392
449 393
449 386
449 452
449 298
449 346
449 430
449 266
449 453
450 271
451 319
451 294
451 270
451 358
451 275
451 396
451 318
451 360
451 436
451 363
451 392
451 380
451 358
451 342
451 363
452 372
452 340
452 421
452 425
452 386
452 314
452 340
452 270
452 421
452 430
452 286
452 430
452 328
452 451
452 268
452 304
452 275
452 393
452 339
452 443
453 287
453 366
453 443
453 291
453 355
454 461
455 476
456 468
456 512
456 507
456 467
457 468
457 478
457 527
457 496
457 472
457 505
458 490
458 488
458 466
458 527
458 466
459 469
459 460
459 497
459 466
459 492
459 509
460 481
460 479
461 519
461 492
461 494
461 476
461 499
461 524
461 516
461 495
461 507
461 483
461 485
461 515
461 492
461 502
462 506
462 507
462 483
462 487
462 469
462 507
462 482
462 483
462 508
462 513
463 509
463 493
463 458
463 494
463 512
463 504
463 528
463 491
464 466
464 458
464 515
464 514
465 490
465 489
465 493
466 460
466 524
466 494
466 503
466 523
466 464
466 495
466 472
466 489
466 469
466 481
466 481
466 478
466 463
466 495
466 489
466 479
466 509
466 504
466 478
466 466
466 511
466 488
466 498
466 523
466 466
466 495
467 471
467 469
467 496
467 485
467 488
467 507
467 479
467 519
467 493
467 522
467 509
468 511
468 467
468 476
468 510
468 481
468 504
468 476
468 508
468 526
468 502
468 495
469 483
469 522
469 528
469 475
469 489
469 522
469 456
469 494
469 470
469 523
469 483
470 498
470 483
470 474
470 490
470 498
470 516
470 514
470 490
470 510
471 491
471 478
471 483
471 461
471 490
472 481
472 476
472 513
472 473
472 505
473 492
473 524
473 463
473 481
473 494
473 466
473 474
473 483
473 456
473 519
473 478
474 523
474 469
474 477
474 491
474 492
474 479
474 497
474 502
474 468
474 515
475 507
475 492
475 484
475 469
475 489
475 495
476 457
476 513
476 457
476 494
476 478
476 523
476 493
476 456
476 502
476 481
476 516
476 514
476 508
476 519
476 466
476 468
477 462
477 461
477 522
477 517
477 497
477 456
477 519
477 499
477 463
477 466
477 495
477 471
477 516
477 487
478 454
478 461
478 461
478 464
478 476
479 500
479 509
479 483
479 524
479 478
479 502
479 515
479 497
480 475
481 519
481 513
481 490
481 528
481 522
481 497
481 478
481 466
481 476
481 502
481 514
481 475
481 476
482 530
482 481
482 511
483 525
483 519
483 509
483 487
483 513
483 456
483 493
483 516
483 494
483 490
483 474
483 510
484 485
484 494
484 522
484 519
484 466
485 472
485 466
485 491
485 513
485 457
485 472
485 462
487 519
487 477
487 519
487 494
487 475
487 515
487 485
488 455
488 530
488 479
488 468
488 497
488 530
488 491
488 516
488 514
488 504
489 473
489 496
489 491
489 514
489 484
489 511
489 526
489 461
490 494
490 483
490 490
490 496
490 496
490 461
490 476
490 468
490 462
491 467
491 509
491 512
491 497
491 471
491 468
491 519
491 487
491 508
492 527
492 506
492 493
492 476
492 459
493 472
493 477
493 456
493 513
493 528
493 487
493 495
493 498
493 491
493 457
494 476
494 464
494 507
494 491
494 477
494 473
494 476
494 454
494 473
494 531
494 527
494 466
494 468
494 495
494 505
494 497
494 505
494 494
494 467
494 504
494 474
494 516
494 491
494 527
495 524
495 510
495 525
495 460
495 525
495 520
496 515
496 521
496 456
496 511
496 476
496 507
496 524
496 519
497 467
497 510
497 466
497 519
497 481
497 523
497 474
497 471
497 490
497 517
497 510
497 512
497 485
497 502
497 461
497 483
497 494
498 471
498 461
498 466
498 504
498 512
498 482
499 475
499 477
499 458
499 512
500 494
500 456
500 484
500 504
500 523
501 514
501 468
501 524
501 476
501 512
501 523
501 516
501 459
502 512
502 460
502 467
502 489
502 483
502 469
502 467
502 493
502 512
502 467
502 477
503 503
503 498
503 476
504 511
504 464
504 458
504 492
504 466
504 519
504 461
504 498
504 468
504 521
504 506
505 473
505 509
505 525
505 530
505 523
505 474
506 513
506 505
506 476
506 468
506 471
506 520
506 476
507 481
507 506
507 460
507 491
507 489
507 515
507 472
507 504
508 465
508 515
508 483
508 514
509 494
509 527
509 495
509 494
509 494
509 530
509 515
509 496
509 468
509 476
509 471
510 528
510 466
510 517
510 498
510 485
511 503
511 476
511 482
511 469
511 507
511 492
511 497
512 466
512 459
512 503
512 471
512 466
512 502
512 461
512 507
512 491
512 495
512 462
512 497
512 476
512 525
512 524
512 482
512 472
512 530
512 525
513 527
513 515
513 524
513 496
513 467
513 515
513 519
513 491
513 476
514 484
514 522
514 466
514 507
514 523
514 528
514 481
514 456
515 519
515 460
515 459
515 507
515 496
515 482
515 507
515 486
515 513
515 511
515 526
515 510
515 525
515 493
516 512
516 504
516 528
516 488
516 508
516 512
516 464
516 519
517 502
517 483
519 515
519 468
519 483
519 485
519 490
519 469
519 464
519 519
519 522
519 469
519 490
519 493
519 498
519 477
519 477
519 519
520 484
520 469
520 484
520 475
521 468
522 510
522 491
522 491
522 519
522 483
522 456
522 454
522 466
523 495
523 483
523 510
523 469
523 505
523 456
523 472
523 502
523 494
523 466
523 528
523 522
523 519
523 499
524 510
524 490
524 527
524 496
524 503
524 503
524 505
524 481
524 508
524 512
524 465
525 463
525 515
526 467
526 512
526 515
526 481
526 516
526 466
526 492
526 497
526 458
526 460
526 457
527 468
527 478
528 473
528 469
528 468
528 531
528 466
528 494
528 520
528 462
528 466
528 516
528 498
528 507
528 520
530 509
530 492
530 523
530 462
530 466
530 522
531 530
531 493
531 491
531 523
531 457
531 479