5 14
5 65
6 91
6 108
6 54
7 999
8 954
9 1042
10 78
10 147
10 159
13 93
13 143
13 156
14 5
14 64
14 163
14 40
14 62
14 5
15 40
17 161
19 51
19 168
20 10
20 42
20 145
20 9
20 157
21 43
23 149
23 80
23 51
25 167
25 0
26 148
26 65
27 98
27 38
27 91
27 118
28 105
29 63
30 121
30 23
30 140
30 91
30 786
31 153
31 111
34 57
34 155
34 99
34 30
34 19
34 91
35 115
35 112
35 14
36 91
36 819
37 89
38 111
39 163
39 89
39 124
39 91
40 119
40 94
40 27
40 29
40 106
40 51
40 47
40 14
40 50
41 135
43 54
43 61
43 22
43 91
45 103
45 40
46 102
47 121
47 14
49 115
49 149
49 38
49 126
50 149
50 78
50 105
51 68
51 161
51 25
51 67
51 5
51 78
53 147
53 126
54 116
54 13
54 30
54 91
56 32
56 14
61 89
61 8
62 159
62 91
62 151
62 68
62 89
62 116
62 54
62 20
62 68
62 156
62 70
62 10
63 132
63 160
63 20
63 49
63 91
63 150
63 166
63 729
65 91
65 102
65 91
66 91
67 148
67 153
67 45
67 27
67 112
67 91
67 151
67 1026
68 78
68 17
68 98
68 89
68 114
68 1655
70 78
70 61
71 43
72 9
72 89
75 108
75 47
76 26
78 94
78 148
78 39
78 112
78 67
79 98
79 34
80 74
80 68
80 51
81 14
83 51
83 84
83 14
83 14
83 561
84 91
84 68
84 61
84 124
84 105
84 95
85 42
86 124
89 91
89 110
89 114
89 78
89 84
89 105
91 98
91 64
91 127
91 34
91 102
91 76
91 99
91 109
91 9
91 83
91 61
91 13
91 20
91 89
91 84
91 58
91 132
91 9
91 20
91 134
91 140
91 24
91 51
91 163
91 143
91 49
91 20
91 24
91 34
91 598
91 537
91 878
92 0
92 57
93 161
93 105
94 20
94 14
94 39
94 40
95 63
95 38
96 125
96 68
98 90
98 121
98 105
98 72
99 91
99 91
99 65
99 168
99 30
99 54
99 91
99 91
100 113
100 60
100 140
103 149
103 55
103 78
103 56
103 116
104 91
105 91
105 113
105 24
106 110
107 51
107 91
108 76
108 91
108 91
108 110
108 16
109 137
109 89
109 55
109 148
110 91
110 30
111 143
111 124
111 94
112 40
112 160
112 65
113 14
113 132
113 20
114 68
114 697
115 132
115 43
115 63
115 14
116 42
116 30
118 20
118 89
119 86
119 147
119 168
119 94
121 91
122 14
124 49
124 17
124 130
124 51
124 63
125 91
125 23
127 7
127 147
127 32
127 21
127 970
130 70
130 1334
131 91
131 165
132 106
132 24
132 91
132 143
132 91
135 62
135 34
137 81
137 80
137 856
138 21
140 62
140 99
140 91
140 543
142 91
142 108
145 105
147 122
147 45
147 95
147 86
147 91
147 13
148 94
148 89
149 51
149 68
150 0
150 160
150 99
150 79
150 68
150 124
153 94
153 1509
154 99
154 126
155 105
156 20
156 91
157 1426
158 26
159 91
159 94
160 161
161 85
161 40
163 165
164 91
165 108
165 161
166 37
167 47
167 5
167 17
168 129
168 72
168 55
168 9
170 261
171 194
172 218
172 237
174 240
175 244
175 190
176 237
176 255
176 1952
177 176
177 204
177 236
177 222
177 237
177 213
177 255
177 245
178 237
179 172
179 239
179 264
180 245
180 193
180 247
180 194
180 192
180 177
180 188
180 256
181 247
182 187
183 255
184 175
184 207
184 255
184 247
184 176
184 194
184 269
184 194
187 239
188 243
188 271
188 1919
189 259
189 179
190 245
191 194
191 252
191 204
193 199
193 244
194 244
194 177
194 180
194 269
194 232
194 1745
195 237
196 199
196 237
199 255
199 182
199 237
199 236
200 237
201 244
201 176
204 265
206 175
206 182
207 236
207 186
207 268
208 255
208 272
208 240
210 271
210 194
210 191
210 255
211 261
211 194
211 237
211 258
211 243
211 212
211 177
212 185
212 265
213 218
214 176
215 256
215 224
215 256
215 226
215 252
215 237
215 192
215 239
217 260
218 227
218 248
218 207
218 255
219 186
219 208
220 271
222 256
222 259
223 227
224 211
224 189
224 199
225 271
225 201
226 253
226 272
227 215
227 218
228 255
228 218
230 266
230 203
232 234
232 194
232 178
233 188
233 210
233 210
233 258
233 199
234 218
235 237
236 187
236 173
236 184
236 190
237 194
237 253
237 256
237 213
237 261
237 242
237 259
237 236
237 268
237 269
237 253
237 184
237 243
237 218
237 221
237 188
237 223
237 177
237 223
239 177
240 267
240 244
240 196
241 234
241 240
241 181
241 177
242 186
242 249
243 252
243 263
243 215
245 192
245 265
247 253
247 259
247 239
247 184
247 180
248 255
249 248
249 260
252 223
252 271
252 255
253 194
253 177
253 179
255 190
255 184
255 191
255 271
255 262
256 227
256 246
256 173
256 242
256 188
258 210
258 249
259 241
259 184
259 210
260 247
260 180
260 191
260 258
260 203
261 248
261 209
261 271
261 190
261 181
261 218
261 175
262 194
262 263
262 249
262 229
263 211
264 262
264 262
265 237
266 237
267 237
268 237
268 182
268 198
268 177
268 210
269 264
269 206
269 220
269 268
269 194
269 189
270 210
271 189
271 176
271 236
271 211
271 237
271 230
271 210
272 225
272 237
272 256
272 191
273 485
273 561
273 493
273 471
273 445
273 346
273 451
273 454
273 354
273 348
273 1625
273 1560
274 402
274 561
274 491
276 389
276 392
276 287
276 513
276 298
276 427
276 1280
277 436
277 489
277 375
277 561
277 287
277 513
278 298
278 663
278 336
278 609
278 342
278 273
278 491
278 439
279 592
279 371
279 491
279 375
279 389
279 316
279 354
280 376
281 293
281 578
281 491
281 513
281 561
281 513
281 279
281 619
281 1513
283 448
283 343
284 604
284 1285
285 442
285 343
285 559
285 295
285 561
285 562
285 513
285 561
285 615
286 653
286 576
286 595
286 631
286 491
286 510
286 554
286 599
286 655
286 511
286 468
287 538
287 595
287 1361
288 439
288 606
288 304
288 389
288 631
288 338
290 554
291 641
291 359
291 538
291 427
291 607
291 448
291 401
291 543
291 1679
291 1437
292 490
293 447
293 440
293 294
294 547
294 605
294 663
294 453
294 279
294 491
295 389
295 623
295 593
295 491
295 298
295 491
296 598
297 464
297 400
297 561
297 372
297 600
297 313
300 512
300 490
300 443
300 397
300 491
300 309
301 494
301 604
302 613
302 561
302 510
302 399
302 529
302 475
302 664
302 286
302 351
303 328
303 491
304 410
304 374
305 354
305 389
305 642
305 351
305 491
306 455
307 1259
308 277
308 623
308 343
308 313
309 605
309 642
309 474
309 388
309 642
309 273
309 561
309 561
309 389
309 434
309 426
310 481
311 389
311 294
311 476
311 661
311 300
311 613
311 523
311 520
311 448
311 495
312 460
312 390
312 326
313 432
313 352
314 375
314 581
315 418
315 623
315 491
315 1665
316 558
316 448
316 311
316 418
316 491
317 506
317 313
317 605
317 629
317 513
317 458
317 469
318 641
318 451
318 513
318 1541
319 532
319 295
320 575
320 309
320 621
320 513
320 561
320 418
320 451
320 513
320 460
320 398
320 389
320 311
321 476
321 529
321 372
321 666
321 450
322 438
322 523
322 341
322 632
322 1381
324 287
324 607
324 620
324 438
324 389
324 629
324 652
324 436
324 576
324 556
325 364
325 403
325 513
325 560
325 439
325 311
326 389
326 389
326 561
326 491
326 513
326 302
326 491
326 476
326 1688
326 1453
326 1686
327 338
327 439
327 389
328 389
328 638
328 649
328 641
328 439
329 561
329 351
329 349
329 276
330 460
330 389
330 561
330 588
330 494
330 511
332 491
332 389
333 639
333 649
334 311
336 577
338 561
338 593
338 561
339 621
339 538
339 491
339 468
340 560
340 469
341 510
341 526
341 561
341 386
341 297
341 609
341 616
341 365
341 295
341 1096
342 491
342 491
342 513
342 491
342 1386
343 320
343 310
343 617
343 442
343 407
343 642
343 326
343 491
343 491
343 642
344 649
344 494
344 561
344 592
345 529
346 653
346 561
346 468
346 491
346 389
346 543
346 526
346 514
346 643
347 491
347 384
347 360
348 573
348 491
348 375
349 513
349 300
350 389
351 439
351 375
351 666
351 491
351 514
351 452
351 549
351 296
351 424
351 540
351 513
351 1583
352 420
352 455
353 278
354 388
354 392
354 389
354 513
354 561
354 537
354 578
354 621
354 558
354 373
354 330
355 600
355 1733
356 539
356 376
357 300
357 561
357 565
357 643
357 524
357 419
359 522
360 628
360 343
360 328
360 631
360 661
360 493
360 442
360 407
360 428
360 427
360 533
360 513
360 1517
361 546
361 1232
362 295
362 621
363 430
364 341
364 665
364 490
364 513
364 561
364 336
364 279
364 1739
365 491
365 389
365 561
365 594
365 576
365 530
366 367
367 643
367 530
367 598
370 313
370 514
370 1473
371 546
372 321
373 509
373 577
373 369
373 285
373 491
373 561
373 389
373 288
373 1085
373 1354
374 451
374 561
374 328
374 355
375 276
375 651
375 498
375 389
375 464
375 279
375 513
375 561
375 513
375 389
375 490
375 355
375 477
375 562
375 428
375 491
375 520
375 561
375 582
375 323
375 1421
375 1140
376 561
376 561
376 491
376 273
376 389
376 609
377 519
377 623
378 629
380 556
380 334
380 564
384 491
384 332
384 513
384 286
384 1605
385 472
386 513
386 452
386 646
386 519
387 587
388 427
388 448
388 613
388 315
388 398
388 582
388 439
388 485
388 389
388 307
388 360
388 491
389 417
389 543
389 560
389 372
389 407
389 376
389 307
389 561
389 656
389 321
389 543
389 306
389 354
389 554
389 364
389 464
389 283
389 326
389 621
389 392
389 273
389 372
389 513
389 634
389 561
389 375
389 590
389 631
389 434
389 513
389 649
389 504
389 384
389 605
389 317
389 367
389 490
389 513
389 491
389 402
389 666
389 286
389 513
389 610
389 455
389 661
389 452
389 469
389 438
389 642
389 603
389 513
389 298
389 581
389 451
389 509
389 578
389 483
389 452
389 291
389 617
389 616
389 463
389 561
389 452
389 281
389 505
389 533
389 513
389 307
389 459
389 617
389 636
389 278
389 374
389 1709
389 1189
389 1327
392 342
392 563
392 373
392 561
392 642
392 285
392 455
392 519
392 558
392 606
392 445
392 561
393 513
394 576
395 277
395 316
395 599
395 297
395 350
395 491
396 311
396 491
396 389
396 412
397 303
397 509
397 346
397 513
397 341
398 435
398 561
398 442
398 560
398 513
398 520
399 286
399 482
399 588
399 663
399 523
399 577
399 970
400 523
401 540
401 467
401 508
401 513
401 317
401 391
401 389
401 642
401 294
401 389
401 408
401 453
401 545
401 392
402 376
402 447
403 296
403 489
403 513
403 291
404 430
404 326
406 600
406 561
406 623
407 389
407 277
407 633
407 314
407 352
407 499
407 287
407 491
408 438
408 565
408 389
408 489
409 578
409 375
410 625
410 278
410 598
410 389
410 470
410 538
410 428
410 529
411 293
412 649
412 438
412 600
412 598
412 448
412 513
412 561
413 376
413 389
413 513
415 454
415 561
415 422
415 1453
416 609
416 294
417 365
417 322
417 389
417 609
417 491
418 392
418 317
418 628
418 605
418 295
418 626
418 615
418 630
418 330
418 411
418 302
418 491
418 297
418 586
418 1578
419 468
419 346
419 470
419 458
420 618
420 491
420 493
420 389
421 338
421 607
421 529
422 298
422 404
422 436
423 1541
424 551
425 328
425 309
425 475
425 289
425 300
426 608
426 388
426 389
426 393
426 384
427 436
427 561
427 436
427 309
428 655
429 360
429 537
430 277
430 276
430 401
430 340
430 519
430 317
430 389
431 409
432 304
432 408
434 439
434 380
434 279
434 302
434 407
434 389
434 513
434 310
435 449
435 561
435 455
435 300
435 607
435 400
435 558
435 628
435 465
435 628
435 561
436 561
436 374
436 346
436 389
436 513
436 376
436 513
436 527
436 328
436 351
436 1199
438 389
438 370
438 415
439 396
439 273
439 438
439 603
439 420
439 663
439 556
439 453
439 475
439 621
440 517
440 560
441 389
442 346
442 341
442 491
442 389
442 397
442 455
442 281
442 1453
443 381
443 389
444 352
445 285
446 539
447 519
448 628
448 346
448 561
448 475
448 439
448 355
448 451
448 434
448 449
448 552
448 332
448 561
448 435
448 364
448 652
448 438
448 491
448 312
448 661
449 598
449 561
449 561
449 373
449 439
449 576
449 279
449 1199
450 623
450 539
450 305
450 634
451 609
451 513
452 598
452 491
452 615
452 655
453 632
453 338
453 276
454 376
454 598
454 321
454 1076
455 502
455 322
455 380
455 380
455 1137
457 491
457 356
457 540
458 377
458 561
459 429
460 311
460 641
462 438
463 627
463 505
463 278
463 1503
464 513
464 656
464 418
464 288
464 409
464 430
464 491
466 439
466 291
466 436
467 647
467 561
467 513
467 480
468 513
468 355
468 590
468 434
468 475
468 513
469 493
469 561
469 330
469 320
469 526
469 575
470 320
470 437
471 365
471 476
471 573
471 375
472 561
472 388
472 578
472 287
472 540
472 662
472 440
472 389
474 561
474 291
475 376
475 392
475 519
475 513
475 275
475 496
475 343
475 561
475 351
475 333
475 519
475 519
475 1453
476 328
476 294
476 663
476 311
476 285
476 514
477 297
478 419
480 577
482 638
482 606
482 519
482 491
482 587
484 569
484 452
485 590
485 513
486 287
486 448
486 642
486 471
486 286
487 510
489 552
489 538
489 281
489 558
489 360
489 583
489 605
489 491
489 452
489 655
490 590
490 543
490 609
490 326
490 438
490 513
490 1494
490 1493
491 595
491 563
491 339
491 531
491 287
491 539
491 274
491 621
491 404
491 489
491 572
491 594
491 457
491 316
491 395
491 386
491 664
491 326
491 320
491 595
491 320
491 455
491 595
491 563
491 390
491 489
491 360
491 665
491 451
491 389
491 328
491 355
491 573
491 605
491 453
491 398
491 315
491 506
491 561
491 389
491 476
491 352
491 436
491 578
491 317
491 514
491 342
491 375
491 613
491 298
491 561
491 313
491 606
491 423
491 301
491 273
491 548
491 468
491 351
491 633
491 309
491 296
491 647
491 315
491 561
491 294
491 297
491 285
491 641
491 277
491 315
491 632
491 472
491 641
491 641
491 351
491 363
491 291
491 1075
491 1417
492 491
493 373
493 389
493 389
493 623
493 621
493 439
493 1125
494 318
494 398
494 491
494 389
494 627
494 561
495 371
495 513
496 281
496 376
496 338
498 609
498 514
498 320
498 523
498 418
498 396
498 347
499 557
500 319
500 396
500 513
503 590
503 409
504 499
504 510
504 389
506 365
506 389
506 561
506 463
506 320
507 627
507 491
507 498
507 513
507 338
508 297
508 661
508 333
508 1240
509 449
509 564
509 491
509 551
509 278
509 1113
510 581
510 589
510 404
510 561
510 417
510 425
510 317
510 570
510 451
511 661
511 560
513 322
513 540
513 628
513 451
513 300
513 594
513 394
513 412
513 642
513 663
513 279
513 663
513 460
513 418
513 491
513 538
513 635
513 277
513 527
513 337
513 496
513 373
513 576
513 621
513 290
513 661
513 439
513 469
513 491
513 641
513 501
513 491
513 642
513 354
513 514
513 309
513 511
513 346
513 316
513 647
513 578
513 348
513 341
513 617
513 401
513 285
513 389
513 543
513 417
513 298
513 468
513 277
513 634
513 511
513 355
513 508
513 491
513 607
513 540
513 561
513 628
513 657
513 490
513 389
513 518
513 576
513 519
513 623
513 609
513 490
513 424
513 529
513 315
513 472
513 486
513 529
513 491
513 347
513 494
513 491
513 1334
513 1189
513 1423
514 498
514 561
514 548
514 418
515 302
515 514
515 285
515 469
515 513
516 513
516 389
516 655
517 641
517 350
517 389
517 558
517 639
517 1280
518 448
518 526
519 469
519 322
519 386
519 526
519 354
519 389
519 558
519 476
519 613
519 590
519 635
519 628
519 551
519 1688
520 491
520 373
520 652
520 333
520 565
520 386
520 510
520 631
521 435
522 323
523 613
523 309
523 360
523 341
523 663
523 334
523 593
525 385
525 519
525 461
525 491
525 429
525 490
525 417
526 462
526 476
526 457
526 513
526 397
526 514
526 281
526 376
526 314
526 635
526 377
526 561
526 618
526 529
527 340
527 513
527 342
527 367
527 341
527 418
527 442
528 425
528 1714
529 351
529 286
529 420
529 561
529 561
529 472
529 548
529 354
529 354
529 491
529 438
529 397
529 315
529 352
529 435
529 485
530 464
530 582
530 493
531 567
531 281
531 579
532 1389
533 318
533 491
533 509
534 513
534 294
534 392
534 451
534 538
534 467
536 605
536 389
538 529
538 480
538 556
538 389
538 376
538 597
538 343
538 467
538 461
538 1704
538 1240
539 297
539 421
539 427
539 328
539 491
539 587
539 442
539 491
540 631
540 598
540 409
540 527
540 424
540 302
540 365
540 581
540 410
541 517
542 491
542 291
543 286
543 491
543 513
543 534
543 443
543 343
544 621
546 521
546 317
548 407
548 291
551 629
551 413
554 563
554 317
554 513
554 665
554 529
554 582
554 1366
555 491
555 622
555 330
556 520
556 584
556 322
556 560
556 442
556 394
556 575
556 628
557 648
557 448
558 563
558 389
558 569
558 548
558 613
558 467
558 406
558 459
558 1611
560 427
560 418
560 413
560 634
560 393
560 561
560 653
560 543
560 563
560 631
560 386
560 490
560 321
560 486
560 657
560 1548
561 604
561 287
561 499
561 407
561 465
561 276
561 375
561 362
561 427
561 439
561 389
561 628
561 389
561 434
561 449
561 621
561 554
561 589
561 378
561 490
561 442
561 384
561 631
561 590
561 523
561 439
561 319
561 519
561 435
561 491
561 351
561 373
561 595
561 318
561 606
561 491
561 498
561 442
561 587
561 513
561 619
561 516
561 649
561 556
561 666
561 326
561 536
561 661
561 406
561 281
561 513
561 284
561 491
561 356
561 623
561 543
561 491
561 429
561 343
561 496
561 513
561 513
561 419
561 606
561 432
561 651
561 403
561 560
561 491
561 454
561 589
561 567
561 389
561 606
561 509
561 302
561 513
561 564
561 567
561 507
561 291
561 476
561 511
561 345
561 367
561 625
561 1195
561 1417
561 1603
563 513
563 346
563 311
563 519
564 334
564 503
564 563
564 415
564 432
564 561
565 449
565 410
565 537
565 401
565 280
565 580
565 351
565 561
565 277
566 273
566 283
567 273
567 463
567 370
567 386
567 526
567 440
567 491
567 476
569 491
569 519
569 491
569 448
569 425
569 356
569 438
569 305
569 1737
570 513
570 354
570 651
570 448
570 291
570 491
570 452
570 274
570 400
570 305
571 556
571 323
572 435
572 556
572 343
572 491
573 513
573 496
573 416
573 513
573 646
573 451
573 408
573 615
573 389
573 554
575 389
575 345
575 538
575 522
575 513
575 514
575 326
575 602
575 520
575 360
576 475
576 513
576 313
576 438
576 311
576 494
576 552
576 491
576 605
577 494
577 623
577 575
577 603
578 389
578 442
578 607
578 439
578 510
578 389
578 506
578 613
580 641
581 389
581 284
581 558
581 386
581 317
582 507
582 540
582 436
582 576
582 401
584 377
585 526
586 489
586 320
586 389
586 385
587 491
587 396
587 529
587 448
587 491
587 343
588 304
588 565
589 465
589 465
589 618
589 619
589 635
590 491
590 338
590 376
590 427
590 513
590 376
591 540
592 564
592 403
592 533
592 455
592 1694
592 1656
593 490
593 610
593 281
593 345
593 520
593 388
594 513
594 430
594 646
594 610
594 389
594 365
594 561
595 328
595 643
595 322
595 418
595 628
595 491
597 590
597 1471
598 420
598 354
598 389
598 561
598 621
598 569
598 297
598 573
598 539
598 491
598 319
599 449
599 351
600 388
600 491
600 389
601 491
601 648
601 513
601 478
601 455
601 634
601 579
601 316
601 574
601 380
602 311
602 648
603 623
603 432
603 341
603 451
605 372
605 389
605 293
605 439
605 341
605 491
605 389
606 379
607 438
607 648
607 641
607 367
607 317
608 403
608 513
609 304
609 425
609 427
609 498
609 373
610 563
611 631
612 513
612 321
613 561
613 513
613 322
613 539
613 582
613 346
613 281
613 513
614 563
614 598
615 439
615 389
615 571
615 482
617 567
617 509
617 439
617 563
617 360
617 1735
618 575
618 389
618 1505
619 550
619 506
619 513
620 420
620 413
620 1297
621 320
621 449
621 472
621 573
621 285
621 587
621 558
621 400
621 328
621 306
622 491
623 454
623 351
623 513
623 389
623 628
624 519
625 413
625 430
625 273
625 419
625 494
625 631
625 549
626 491
626 291
627 413
627 413
628 389
628 569
628 467
628 288
628 513
628 513
628 576
628 563
628 288
628 520
628 497
628 613
629 520
630 356
630 605
630 548
630 561
631 634
631 491
631 495
631 354
631 610
631 322
631 375
631 606
633 439
634 373
634 389
634 561
634 351
634 367
634 380
634 513
634 624
634 434
634 297
635 448
635 401
635 389
635 367
635 322
635 418
635 666
635 419
635 526
635 284
635 308
639 561
639 394
639 451
641 471
641 621
641 513
641 491
641 498
641 365
641 513
642 450
642 403
642 527
642 425
642 322
642 285
642 375
642 628
642 1175
643 607
643 469
644 360
644 1523
645 561
645 294
645 1204
646 543
646 375
646 656
646 461
646 285
646 561
646 425
646 389
646 453
646 641
647 338
647 561
647 491
647 293
647 398
647 324
647 558
647 543
648 561
648 464
648 576
648 561
648 425
649 561
649 527
649 606
649 589
649 513
651 554
651 598
651 392
651 613
651 1598
652 606
652 613
652 417
653 554
653 646
655 572
655 607
655 373
655 376
656 567
656 422
656 576
657 573
657 300
657 309
657 642
658 1149
659 287
659 1496
661 561
661 475
661 645
661 656
661 403
661 346
661 388
661 590
661 619
661 278
661 577
662 453
662 578
663 560
663 526
663 491
663 384
663 554
663 354
663 349
663 590
663 458
663 430
665 666
665 513
665 525
665 395
665 561
665 322
666 487
666 513
666 561
666 430
666 355
667 682
667 677
668 673
669 685
669 1165
673 670
675 694
675 690
676 687
677 669
677 689
680 688
681 679
681 674
684 685
688 679
688 670
688 695
688 674
688 678
688 682
690 688
692 673
693 688
696 688
696 1283
697 803
697 937
697 756
697 794
697 763
697 795
697 875
697 946
697 706
697 713
697 814
697 1005
697 853
697 819
697 1002
698 754
698 791
698 914
698 962
698 783
698 931
698 914
698 880
698 1059
698 1008
698 742
698 950
698 946
698 895
698 730
698 1032
698 870
698 1007
698 890
698 777
698 951
698 729
698 995
698 749
699 987
699 941
699 870
699 700
699 894
699 995
699 1049
699 986
699 1049
699 814
699 783
699 855
699 969
699 810
699 1032
699 734
699 932
699 1062
699 954
699 1028
699 724
699 931
699 919
700 704
700 1042
700 718
700 905
700 803
700 819
700 747
700 926
700 947
700 1047
700 861
700 1656
701 777
701 811
702 808
702 733
702 743
702 1023
702 1053
702 796
702 770
702 822
704 747
704 953
704 834
704 890
704 762
704 953
704 988
704 932
704 697
704 837
705 905
705 969
705 1013
705 1010
705 944
705 698
705 949
705 730
705 697
705 788
705 1057
705 1071
705 799
705 847
705 946
705 959
705 715
705 909
705 870
705 979
705 856
705 976
706 999
706 784
706 794
706 794
706 762
706 959
706 834
706 987
706 847
706 794
706 780
706 953
706 756
706 926
706 826
706 744
707 782
707 947
707 912
707 749
707 1024
708 777
708 1035
708 874
708 744
708 806
708 896
708 712
708 1005
708 1027
708 1053
709 733
709 932
709 873
709 708
709 706
709 811
709 932
709 704
709 787
709 978
709 953
709 834
709 1004
709 1016
710 816
710 970
710 951
710 709
710 845
710 774
710 979
710 979
710 709
711 794
712 794
712 1008
712 733
712 922
712 1057
712 922
712 826
713 732
713 730
713 765
713 990
713 965
713 945
713 842
714 1010
714 962
714 955
714 937
714 943
714 793
714 754
714 744
714 962
714 970
714 765
714 777
714 982
714 747
714 708
714 865
714 743
714 891
715 996
715 837
715 698
716 874
716 825
716 999
716 709
716 974
716 1061
716 1047
716 699
716 770
716 876
716 800
716 1023
716 810
716 763
716 906
716 973
716 956
717 837
717 867
717 788
717 773
717 970
717 907
717 726
717 732
717 1024
717 955
717 765
717 931
717 876
717 845
717 1032
717 843
717 944
717 792
717 861
717 887
717 954
717 755
717 862
717 794
717 736
717 787
717 1053
718 930
718 791
718 1034
718 725
718 980
718 709
718 892
718 812
718 770
718 830
718 814
718 816
718 962
718 1009
718 876
718 722
718 1005
718 970
718 1027
719 705
719 718
719 740
719 955
719 878
719 979
719 797
719 1027
720 786
721 1034
721 1049
721 1035
721 860
722 743
722 705
722 944
722 812
722 786
722 819
722 821
722 1025
722 856
722 855
722 1025
722 1062
723 966
723 990
723 1058
723 755
723 953
723 972
723 794
723 1013
724 1026
724 1032
724 790
725 947
725 944
725 833
725 867
725 970
725 716
725 985
725 875
725 755
725 700
725 1069
725 913
725 875
725 891
725 732
725 743
725 936
726 783
726 780
726 901
726 1046
726 697
726 892
726 1016
726 1069
726 793
726 1065
726 764
726 749
726 1026
726 876
726 1000
726 870
726 892
727 722
727 934
727 786
727 1057
727 773
728 1004
728 993
728 1054
728 806
729 805
729 847
729 705
729 718
729 813
729 1027
729 865
729 956
729 755
729 709
729 973
729 830
729 754
730 961
730 1004
730 772
730 959
730 941
730 895
730 1035
730 776
730 760
730 1020
730 1070
730 819
730 768
730 955
730 850
730 976
730 717
730 1035
730 1026
730 780
730 765
730 717
730 1022
732 861
732 1062
732 904
732 1053
732 933
732 994
732 826
732 1061
732 698
732 806
732 859
732 782
732 922
732 794
732 906
732 900
732 947
732 760
733 869
733 873
733 858
733 1012
733 961
733 744
733 1021
733 1069
733 932
733 1013
733 1035
733 777
733 914
733 777
733 699
733 1029
733 1015
733 704
733 1439
734 754
734 1021
735 825
735 861
736 1070
736 1013
736 936
736 990
736 893
736 698
737 880
737 963
737 961
739 1004
739 776
739 770
740 1019
740 970
740 861
740 1015
740 949
740 708
740 961
740 1021
740 843
740 976
740 798
740 853
740 762
740 778
741 926
741 810
741 919
741 722
741 856
741 777
741 1044
741 919
741 846
742 1023
742 862
742 773
742 727
743 861
743 961
743 906
743 1054
743 1068
743 1062
743 847
743 699
743 1052
743 970
743 907
743 757
743 718
743 819
743 900
743 902
743 749
743 880
743 1278
744 902
744 796
744 942
744 1019
744 697
744 1032
744 993
744 746
744 699
744 698
744 931
744 946
744 1044
744 897
744 867
744 845
744 773
744 897
744 760
744 794
744 1040
745 709
745 1053
746 1069
747 936
747 772
747 754
747 1028
747 995
747 973
747 970
747 763
747 812
747 1008
747 851
747 907
747 863
747 713
747 891
747 749
747 725
747 926
747 973
747 787
747 722
748 1047
748 845
748 806
748 978
749 780
749 759
749 963
749 845
749 830
749 717
749 763
749 1035
749 797
749 931
749 803
749 1069
749 895
749 978
749 842
749 833
751 717
751 961
751 910
751 976
751 706
751 812
751 759
752 1000
752 1019
753 1058
754 876
754 844
754 717
754 903
754 806
754 726
754 725
754 788
754 845
754 700
755 957
755 993
755 771
755 760
755 902
755 1025
755 786
755 706
755 907
755 816
755 955
755 764
755 1012
755 1027
755 1008
755 870
755 1070
755 892
755 1049
755 773
755 816
755 1583
756 806
756 821
756 980
756 1014
756 970
756 743
756 727
756 770
756 895
756 729
756 1038
756 870
756 942
756 1009
756 1023
756 706
756 1032
757 754
757 770
758 936
758 869
758 774
758 735
759 936
759 931
759 954
759 1006
759 838
759 897
759 726
759 821
759 797
759 717
759 1019
759 1006
759 897
759 955
759 991
759 914
759 915
759 718
760 923
760 893
760 1020
760 877
760 949
760 910
760 973
760 794
760 811
760 876
760 779
760 962
760 782
760 783
760 808
760 826
760 1057
760 808
760 962
760 933
760 845
760 995
761 968
761 813
762 803
762 1035
762 933
762 713
762 981
762 905
762 717
762 946
762 840
762 813
762 774
762 919
762 716
762 863
762 1068
762 1024
762 1024
763 951
763 754
763 726
763 811
763 830
763 766
763 965
763 900
763 1027
763 1047
763 1026
763 698
763 775
763 787
763 791
763 722
763 858
763 973
763 717
763 770
764 1051
764 973
764 765
764 825
764 961
764 791
765 1070
765 781
765 729
765 1011
765 822
765 1071
765 962
765 819
765 828
765 919
765 844
765 780
765 926
766 1047
766 1038
767 963
767 863
768 960
768 812
768 901
769 1012
769 1103
770 769
770 870
770 999
770 740
770 827
770 747
770 718
770 819
770 730
770 787
770 760
770 722
770 860
770 941
770 1047
770 734
770 794
770 876
771 959
771 894
771 1057
771 1024
771 907
771 714
771 1039
771 810
771 1034
771 776
771 741
771 970
771 826
771 815
771 1049
771 1054
771 1019
771 760
771 1006
771 1006
771 1019
771 1004
771 1050
772 844
772 858
772 1023
772 895
772 867
772 947
772 974
772 802
772 699
772 985
772 963
772 1016
772 909
772 1027
772 725
772 979
772 714
772 946
772 937
773 709
773 823
773 1009
773 725
773 1006
773 931
773 727
773 716
773 702
773 912
773 706
773 1039
774 937
774 873
774 937
774 698
774 906
774 894
774 820
774 698
774 754
774 912
774 881
774 1042
774 877
774 1026
774 966
775 776
775 730
775 762
775 860
775 892
775 892
775 794
775 891
775 747
775 706
775 893
776 699
776 1045
776 953
776 830
776 705
776 1021
776 854
776 972
776 1068
776 1034
776 914
776 874
776 856
776 937
776 907
776 1016
776 827
776 895
776 700
776 794
777 1020
777 1071
777 755
777 968
777 821
777 765
777 796
777 716
777 724
777 794
777 704
777 879
777 989
777 870
777 987
777 1012
777 794
778 749
778 894
778 733
778 743
778 847
778 1007
778 796
778 1049
778 978
778 999
778 894
778 1070
778 979
778 716
778 1012
778 871
778 931
778 705
778 825
778 1021
778 813
778 1019
778 751
778 1048
778 900
779 825
779 812
779 858
779 837
779 870
779 812
779 904
779 953
780 1019
780 729
780 842
780 759
780 964
780 1037
780 754
780 1023
780 892
780 759
781 885
781 900
781 844
781 905
781 1032
781 759
781 698
781 1000
782 1060
782 879
782 867
782 902
782 912
782 999
782 725
782 1057
782 951
782 771
782 963
782 756
782 797
782 1042
783 816
783 933
783 914
783 822
783 915
783 797
783 907
783 794
783 972
783 856
783 777
783 1072
783 828
783 763
783 854
783 926
783 777
783 1007
783 825
783 980
783 1052
784 963
786 892
786 730
786 700
786 875
786 861
786 1065
786 841
786 719
786 755
786 1057
786 924
786 1034
786 977
786 784
786 1057
786 791
787 999
787 965
787 779
787 766
787 803
787 1012
787 881
787 979
787 754
787 881
787 873
788 716
788 797
788 861
788 1032
788 819
788 1068
788 749
788 1039
788 1015
789 1069
790 843
791 862
791 1031
791 794
791 732
791 812
791 794
791 714
791 877
791 705
791 810
791 712
791 973
791 744
791 941
791 738
791 819
791 763
792 810
792 979
792 895
793 964
793 1042
793 772
793 751
793 1013
793 876
793 780
793 774
793 999
793 1046
793 803
793 797
793 717
793 974
793 797
793 1069
793 755
793 1032
793 965
794 949
794 942
794 788
794 964
794 949
794 876
794 780
794 877
794 860
794 961
794 830
794 931
794 742
794 734
794 777
794 762
794 839
794 1057
794 858
794 1034
794 1035
794 882
794 751
794 756
794 854
794 859
794 798
794 861
794 905
794 698
794 755
794 878
794 1055
794 706
794 870
794 1011
794 787
794 1041
794 730
794 698
794 946
794 949
794 755
794 769
794 698
794 1027
794 816
794 932
794 834
794 697
794 824
794 1037
794 945
794 709
794 974
794 904
794 1001
794 870
794 973
794 1042
794 1042
794 962
794 718
794 722
794 1034
794 940
794 810
794 858
794 941
794 974
794 874
794 803
794 1453
794 1273
795 906
796 845
796 812
796 991
796 914
796 892
796 904
796 1062
796 870
796 862
796 948
796 851
796 952
796 1014
796 1033
796 1195
797 1068
797 845
797 978
797 908
797 788
797 979
797 906
797 812
797 876
797 1021
797 1052
797 996
797 776
797 1045
797 749
797 1005
797 862
797 904
797 1032
797 999
797 781
797 1068
797 1019
798 936
798 708
798 775
798 873
798 963
798 1061
798 891
798 747
798 1063
798 697
799 756
799 729
799 891
799 843
800 1021
800 744
800 726
800 811
800 1045
800 1046
800 763
800 1004
802 777
802 919
802 924
802 920
803 973
803 926
803 1022
803 1042
803 759
803 1014
803 1059
803 1053
803 1016
803 963
803 794
803 722
803 961
803 1020
803 877
803 887
803 730
803 867
803 959
804 797
804 1014
805 1026
805 965
806 986
806 979
806 969
806 742
806 874
806 803
806 786
806 725
806 1034
806 751
806 841
806 891
806 931
806 845
807 828
808 965
809 1007
809 730
810 717
810 947
810 794
810 934
810 954
810 964
810 944
810 974
810 837
810 713
810 740
810 794
810 907
810 1071
810 925
810 827
811 937
811 960
811 873
811 755
811 778
811 862
811 751
811 955
811 774
811 728
811 929
811 748
811 1058
811 913
811 751
812 774
812 806
812 1032
812 1042
812 735
812 895
812 770
812 919
812 999
812 858
812 974
812 749
812 1046
812 1047
812 1005
812 762
812 926
812 976
812 959
812 835
813 794
813 877
813 879
813 953
813 915
813 840
813 772
813 1002
813 985
813 1062
813 1045
813 827
813 937
813 961
814 953
814 707
814 926
814 861
814 756
814 878
816 1044
816 797
816 1015
816 969
816 808
816 926
816 714
816 893
816 981
816 780
816 1024
816 1002
816 806
816 1042
816 736
816 772
816 902
816 1070
816 837
816 1397
818 851
818 705
819 900
819 970
819 839
819 878
819 861
819 725
819 1042
819 803
819 1026
819 974
819 981
819 731
819 816
819 875
819 999
819 826
820 891
820 877
820 1016
821 734
821 1071
821 918
821 1031
821 947
821 722
821 870
821 810
822 960
822 840
822 1042
822 774
822 783
822 726
822 933
822 995
822 919
822 851
822 955
822 908
822 915
822 987
822 840
822 819
822 991
822 1008
822 891
822 1023
822 797
823 1072
823 941
823 740
823 726
823 774
823 993
823 772
823 1045
823 716
823 840
823 893
823 847
823 732
823 702
823 870
823 718
823 730
823 783
823 730
823 989
823 830
824 873
824 1034
824 1049
824 741
825 744
825 931
825 865
825 892
825 1010
825 978
825 1046
825 730
825 931
825 970
825 967
825 1031
825 874
825 806
825 705
825 996
825 810
825 798
825 858
826 954
826 734
826 963
826 854
826 705
826 954
826 902
826 838
826 880
826 1028
826 961
826 771
826 741
826 734
826 1004
826 808
826 839
826 958
826 1024
826 900
826 794
827 871
827 1047
827 743
827 932
827 1009
827 832
827 816
827 772
827 953
827 801
827 1044
827 719
827 935
827 916
827 794
828 944
828 806
828 1057
828 991
828 724
828 793
829 867
829 1020
829 1024
830 787
830 995
830 827
830 705
830 1034
830 878
830 793
830 822
830 1015
830 709
830 773
830 774
830 1046
830 743
830 1062
830 710
830 919
830 959
830 1042
830 826
830 970
832 952
832 844
832 775
832 837
832 1000
832 786
832 959
832 858
832 1610
833 794
833 725
833 743
834 944
834 861
834 743
834 729
834 892
834 941
834 803
834 794
834 968
834 985
834 979
834 718
834 978
834 1161
834 1327
837 845
837 771
837 946
837 794
837 763
837 1042
837 784
837 743
837 788
837 1053
837 947
837 730
837 900
837 905
838 972
838 754
838 1040
838 777
838 902
838 842
838 1005
838 759
838 733
838 919
838 858
838 776
839 890
839 909
839 905
839 996
839 943
839 860
840 893
840 953
840 847
840 825
840 986
840 981
840 794
841 802
841 987
841 867
841 956
841 974
841 902
842 733
842 1068
842 994
842 840
842 813
842 1027
842 962
842 1061
842 933
842 908
843 757
843 876
843 914
843 980
843 709
843 1038
843 1009
843 953
843 962
843 754
843 940
843 1053
843 1019
843 1071
843 769
844 873
844 736
844 787
844 1004
844 730
844 915
844 812
844 907
844 704
844 717
844 876
844 744
844 806
844 878
844 981
844 726
844 835
845 978
845 944
845 806
845 718
845 926
845 730
845 759
845 772
845 760
845 759
845 874
845 839
845 706
845 904
847 912
847 993
847 1027
847 1042
847 834
847 714
847 1001
847 709
847 1020
847 816
847 947
847 774
847 843
847 953
847 845
847 854
847 999
848 874
848 1021
848 813
848 1015
850 893
850 708
850 903
850 1033
850 1006
850 700
850 700
850 924
850 843
851 1049
851 1016
851 896
851 858
851 926
851 713
851 708
851 961
851 986
851 752
851 976
851 830
851 726
851 867
851 843
851 969
852 900
852 698
852 915
852 759
852 902
852 942
852 878
853 960
853 994
853 759
854 819
854 1069
854 893
854 1006
854 976
854 796
854 855
854 749
854 850
854 855
854 709
854 1013
854 775
855 880
855 772
855 1033
855 797
855 844
855 1055
855 1015
855 995
855 983
855 833
855 904
856 698
856 879
856 923
856 969
856 730
856 837
856 874
856 1067
856 911
856 762
856 844
856 734
856 970
856 987
856 1052
856 828
856 973
856 812
856 697
856 762
856 932
856 1026
857 1012
857 854
858 1004
858 780
858 895
858 1049
858 1014
858 703
858 786
858 759
858 772
858 794
858 1046
858 1047
858 1047
858 978
858 1008
858 920
859 851
859 757
859 794
859 830
859 823
859 878
859 922
859 855
859 893
859 914
859 810
860 774
860 708
860 1070
860 911
860 1072
860 774
860 810
860 715
860 838
860 922
860 900
860 700
861 853
861 740
861 733
861 774
861 972
861 732
861 814
861 901
861 778
861 783
861 791
861 1047
861 826
861 822
861 1034
861 791
861 949
861 845
861 1061
861 962
862 927
862 810
862 788
862 926
862 719
862 892
862 754
862 702
862 833
862 819
862 740
862 1007
862 877
862 861
862 749
862 713
862 874
862 1009
862 734
862 979
862 987
862 777
862 875
862 905
863 1004
863 1030
863 949
863 890
863 745
863 1024
863 1037
863 851
863 996
863 859
863 931
863 976
863 875
863 1069
863 841
863 1052
864 704
865 889
865 848
865 772
865 863
866 747
867 931
867 1065
867 906
867 740
867 1023
867 812
867 813
867 959
867 733
867 787
867 1044
867 777
867 759
867 1027
867 779
867 878
867 862
867 964
867 803
867 1047
867 736
867 762
867 780
868 980
868 712
869 1019
870 813
870 1069
870 900
870 901
870 857
870 740
870 843
870 1024
870 793
870 840
870 812
870 995
870 876
870 961
870 1016
870 743
870 1013
870 999
870 852
870 861
870 709
870 816
870 1062
871 906
873 702
873 892
873 791
873 747
873 1069
873 765
873 1023
874 827
874 766
874 729
874 784
874 931
874 926
874 941
874 706
874 1015
874 892
874 954
874 701
874 796
874 697
874 931
874 729
874 983
874 947
874 1057
874 816
874 1014
874 960
874 830
874 1484
875 802
875 970
875 907
875 912
875 953
875 902
875 963
875 806
875 844
875 761
875 1002
875 1052
875 998
875 1059
875 749
875 1071
875 960
876 782
876 914
876 843
876 986
876 1029
876 1007
876 733
876 780
876 935
876 777
876 754
876 900
876 1068
876 897
876 709
876 1016
877 796
877 771
877 970
877 1020
877 718
877 862
877 724
877 932
877 962
877 802
877 778
877 934
877 857
877 813
877 954
877 841
877 760
877 776
877 813
877 699
877 765
877 970
877 725
877 1234
878 794
878 980
878 954
878 1006
878 1007
878 1071
878 717
878 867
878 987
878 698
878 740
878 787
878 942
878 856
878 847
878 999
878 813
879 744
879 704
879 880
879 906
879 973
879 1019
879 794
879 709
879 999
879 1020
880 794
880 823
880 851
880 999
880 1007
880 756
881 771
881 714
881 834
882 843
882 876
882 936
882 927
882 1057
883 771
883 972
884 763
885 878
885 794
885 1062
885 1071
885 1035
886 983
887 923
887 914
887 786
887 920
887 894
887 721
887 763
887 955
888 1005
890 1031
890 760
890 1009
890 953
890 837
890 907
890 861
891 717
891 1016
891 704
891 922
891 771
891 1045
891 1008
891 733
891 794
891 1069
891 1025
891 1026
891 1039
891 877
891 730
891 826
891 1025
891 823
891 717
891 759
891 862
891 839
891 854
891 931
891 793
892 754
892 860
892 1013
892 704
892 838
892 704
892 823
892 979
892 834
892 780
892 867
892 780
892 851
892 1047
892 856
892 751
892 755
892 856
892 1057
893 770
893 841
893 900
893 1028
893 772
893 837
893 811
893 1014
893 1062
893 743
893 986
893 989
893 749
893 709
893 714
893 812
893 1003
893 1007
893 1009
893 948
893 833
894 970
894 778
894 765
894 730
894 979
894 810
894 813
894 1049
894 840
894 934
894 1000
894 1055
894 929
894 743
895 973
895 706
895 1062
895 922
895 776
895 936
895 906
895 867
895 874
895 843
895 823
895 1019
895 897
895 1019
895 932
895 754
895 978
896 1058
896 756
896 791
896 779
896 735
896 932
897 797
897 734
897 837
897 995
897 1062
897 920
897 959
897 1009
897 947
897 963
897 796
897 932
897 963
897 912
897 843
897 796
897 911
897 803
897 704
897 1061
897 946
897 757
897 984
898 803
898 783
898 991
899 891
900 936
900 877
900 803
900 1021
900 830
900 962
900 937
900 797
900 878
900 962
900 794
900 705
900 730
900 1052
900 782
900 729
900 1052
900 759
900 730
900 893
900 822
901 765
901 771
901 968
901 708
901 947
901 822
901 778
901 812
902 776
902 955
902 960
902 794
902 974
902 906
902 769
902 935
902 875
902 1042
902 713
903 777
903 890
903 944
903 893
904 970
904 887
904 755
904 1004
904 979
904 991
904 1015
904 972
904 726
905 955
905 1019
905 934
905 952
905 964
905 791
905 995
905 876
905 1068
905 777
905 964
905 797
905 978
905 878
905 876
905 854
905 1032
905 1053
905 1068
906 843
906 905
906 861
906 1020
906 812
906 891
906 873
906 793
906 834
906 709
906 776
906 786
906 903
906 922
906 744
906 725
906 1068
906 1058
906 822
906 858
906 995
907 1069
907 992
907 896
907 856
907 985
907 716
907 929
907 979
907 909
908 777
908 727
908 919
908 953
908 962
909 723
909 816
909 851
909 926
910 991
910 913
910 985
910 1015
910 843
911 730
911 1020
911 697
911 726
912 932
912 878
912 725
912 712
912 763
912 946
912 1047
912 896
912 890
912 891
913 702
913 908
913 709
913 698
913 1020
913 1000
914 854
914 980
914 878
914 890
914 717
914 875
914 854
914 1023
914 904
914 993
914 784
914 923
914 757
914 785
914 743
914 732
914 731
915 911
915 762
915 823
915 760
915 980
915 859
915 709
915 937
915 725
915 856
915 1058
915 810
915 897
917 770
917 754
918 747
918 812
918 798
918 851
918 845
919 895
919 1008
919 1021
919 1012
919 1062
919 732
919 1049
919 1013
919 976
919 856
919 1065
919 867
919 1034
919 763
919 819
919 730
919 984
919 954
919 942
919 770
919 960
919 734
919 766
919 756
919 863
920 798
920 698
920 1026
920 730
920 959
920 888
920 1453
921 778
921 1058
921 766
921 885
921 725
922 810
922 876
922 860
922 838
922 949
922 879
922 963
922 949
922 730
923 1057
923 873
923 782
923 783
923 794
923 949
923 839
923 814
923 854
926 816
926 897
926 1042
926 979
926 915
926 1005
926 714
926 979
926 756
926 826
926 821
926 700
926 764
926 996
926 862
926 1007
926 1061
926 714
926 985
926 840
926 1419
927 1032
927 786
928 944
928 755
928 771
929 1057
929 710
929 729
929 898
929 995
929 918
931 779
931 833
931 838
931 803
931 986
931 909
931 888
931 787
931 729
931 779
931 1034
931 1034
931 859
931 865
931 803
931 803
931 891
931 964
931 1060
931 827
931 834
931 764
931 983
931 837
931 940
931 717
932 774
932 1020
932 1045
932 1004
932 697
932 1008
932 922
932 766
932 892
932 861
932 772
932 1046
932 840
932 726
932 1019
932 822
932 1061
932 920
932 996
932 894
932 1521
933 808
933 813
933 759
933 803
933 914
933 1016
933 941
933 898
933 926
933 895
933 1022
934 717
934 741
934 1034
934 697
934 875
934 828
934 897
934 1057
934 891
934 963
934 794
934 704
934 1042
935 845
935 706
935 947
935 832
935 912
935 1026
936 1034
936 705
936 961
936 976
936 774
936 797
936 876
936 837
936 841
936 730
936 1024
936 816
936 877
936 1053
936 783
936 751
936 964
936 763
936 863
937 860
937 842
937 794
937 701
937 856
937 860
937 1061
937 774
937 860
937 819
937 830
937 706
937 832
937 699
937 1055
937 856
937 1071
937 699
937 861
937 947
939 851
940 1005
940 830
940 1008
940 716
940 729
940 867
940 1047
940 904
940 813
940 987
940 748
940 969
940 863
940 933
940 900
940 771
940 1068
941 699
941 1005
941 1034
941 873
941 915
941 717
941 1008
941 794
941 936
941 905
941 736
941 743
941 797
941 741
941 800
941 730
941 998
942 774
942 954
942 712
943 787
943 944
944 1047
944 890
944 772
944 987
944 848
944 997
944 1004
944 873
944 949
944 783
944 732
944 1069
944 726
944 759
944 958
944 870
944 705
945 993
946 803
946 897
946 826
946 842
947 882
947 1015
947 894
947 1049
947 983
947 697
947 893
947 970
947 976
947 1035
947 764
947 886
947 972
947 794
947 816
947 806
947 1033
948 823
948 912
948 775
948 940
948 765
948 698
949 1008
949 1042
949 906
949 729
949 882
949 827
949 763
949 718
949 914
949 708
949 1008
949 743
949 887
949 794
949 1057
949 1069
949 905
949 900
949 856
949 804
949 1034
950 1009
951 895
951 782
951 1000
951 870
951 1034
951 1052
952 697
952 820
952 915
953 830
953 980
953 699
953 870
953 796
953 1071
953 999
953 1035
953 1059
953 946
953 700
953 965
953 880
953 1038
953 1007
953 812
953 1047
953 1000
953 1034
953 772
953 946
954 772
954 704
954 813
954 744
954 726
954 834
954 1014
954 847
954 1070
954 1004
954 946
954 995
954 854
954 942
954 864
954 1024
954 713
954 873
954 756
954 709
954 970
954 1071
954 805
954 726
954 848
955 741
955 963
955 996
955 873
955 870
955 782
955 816
955 718
955 908
955 999
955 797
955 699
955 803
956 1020
956 922
957 763
957 819
958 954
958 1023
958 1049
958 1058
958 704
959 989
959 794
959 904
959 1062
959 1004
959 776
959 813
959 772
959 762
959 813
959 741
959 811
959 732
959 933
959 716
959 972
959 919
959 853
959 969
959 961
959 942
960 760
960 1024
960 942
960 744
960 718
960 1021
960 1040
960 867
960 699
960 876
960 963
960 974
960 964
960 1035
960 1044
960 704
960 794
960 1446
960 1512
961 902
961 787
961 949
961 892
961 990
961 934
961 800
961 700
961 1062
961 717
961 749
961 1065
961 811
961 1006
961 1034
961 937
961 749
961 830
961 823
961 1024
961 762
961 841
961 949
961 1732
962 788
962 770
962 819
962 1021
962 706
962 1035
962 730
962 1024
962 808
962 730
962 1061
962 1053
962 1061
962 708
962 1032
962 936
962 843
962 718
963 851
963 800
963 793
963 891
963 803
963 910
963 828
963 949
963 996
963 835
963 725
963 772
963 754
963 800
963 996
963 765
963 937
963 961
963 774
963 1053
963 1065
963 1016
964 893
964 990
964 754
964 863
964 1046
964 834
964 812
964 936
964 1024
964 747
964 1016
964 991
964 823
964 880
964 1035
964 961
964 855
964 764
964 736
964 830
964 747
965 974
965 1047
965 1026
965 870
965 919
965 1016
965 851
965 866
965 806
965 973
966 754
966 790
966 888
967 847
968 1053
968 882
968 905
968 810
968 732
968 906
968 891
968 794
969 754
969 775
969 873
969 771
969 732
969 1047
969 1472
970 915
970 932
970 1042
970 1034
970 907
970 978
970 1052
970 772
970 794
970 1015
970 802
970 772
970 1025
970 948
970 887
970 897
970 1042
970 1034
970 868
970 985
970 699
970 894
970 812
970 771
970 730
970 825
970 759
970 726
970 770
970 726
970 810
970 1040
970 861
970 937
970 947
970 782
970 743
970 747
970 722
970 725
970 840
970 1069
970 999
970 954
970 798
971 908
972 947
972 755
972 1005
972 756
972 787
972 775
972 860
972 961
972 870
972 911
973 995
973 717
973 892
973 812
973 1008
973 786
973 762
973 920
973 712
973 1046
973 763
973 898
973 781
973 980
973 1015
973 743
973 1070
973 970
973 900
973 1053
973 754
974 961
974 782
974 959
974 944
974 941
974 821
974 772
974 842
974 726
974 783
974 874
975 799
975 906
975 1056
976 749
976 716
976 1007
976 716
976 874
976 698
976 730
976 970
976 812
976 726
976 913
976 842
977 787
978 1045
978 828
978 909
978 949
978 754
978 1006
978 726
978 725
978 882
978 722
978 808
978 870
978 1004
978 750
978 933
978 793
978 740
978 1045
978 891
978 740
978 1016
978 855
978 837
979 794
979 733
979 876
979 822
979 801
979 847
979 873
979 887
980 954
980 1035
980 933
980 819
980 860
980 783
980 847
980 947
980 844
980 772
980 700
980 733
981 713
981 762
981 786
981 1049
981 733
981 1020
981 894
981 946
982 764
982 1007
982 803
982 757
983 747
983 1016
984 771
984 978
984 1032
985 1000
985 1065
985 892
985 878
985 1042
985 816
985 1070
985 900
985 1034
985 749
985 905
985 797
985 1024
985 772
985 736
985 970
985 796
985 1014
985 1004
985 867
985 1042
985 1069
985 892
985 960
986 876
986 1068
986 937
986 874
986 697
986 953
986 834
986 926
987 830
987 1011
987 1032
987 838
987 749
987 837
987 728
987 762
987 726
987 961
987 972
987 1719
987 1222
989 985
989 920
989 894
989 1058
990 1053
990 895
990 732
990 806
990 1014
990 912
990 909
990 788
991 1032
991 700
991 771
991 943
991 802
991 775
991 891
991 1029
991 725
991 1007
992 903
992 816
992 1477
993 954
993 1046
993 776
993 740
993 937
993 854
993 797
993 796
993 936
994 746
994 775
994 876
994 991
994 702
994 1020
995 770
995 1061
995 744
995 763
995 819
995 1042
995 747
995 970
995 933
995 897
995 891
995 837
995 982
995 991
995 755
995 705
995 904
996 786
996 797
996 979
996 725
996 989
996 973
996 934
996 952
996 794
996 741
996 1075
997 717
997 736
997 1018
997 902
998 876
998 764
999 904
999 1006
999 922
999 947
999 732
999 876
999 876
999 783
999 964
999 970
999 722
999 1008
999 953
999 924
999 736
999 878
999 777
999 880
1000 861
1000 978
1000 906
1000 714
1000 1036
1000 1061
1000 919
1000 1048
1000 811
1000 827
1000 1417
1001 770
1001 876
1001 806
1002 896
1002 1053
1002 878
1003 1011
1003 1068
1004 963
1004 1002
1004 839
1004 770
1004 1032
1004 794
1004 794
1004 717
1004 810
1004 1038
1004 867
1004 843
1004 1007
1004 878
1004 922
1004 941
1004 906
1004 794
1004 933
1004 1035
1004 861
1004 1058
1004 949
1004 1204
1005 973
1005 929
1005 806
1005 734
1005 858
1005 867
1005 825
1005 698
1005 972
1005 949
1005 697
1006 941
1006 1015
1006 759
1006 892
1006 901
1006 995
1006 837
1006 699
1006 856
1006 1066
1006 822
1006 812
1007 1036
1007 786
1007 934
1007 1068
1007 698
1007 747
1007 968
1007 1070
1007 747
1007 877
1007 1024
1007 729
1007 941
1008 968
1008 1053
1008 913
1008 895
1008 1010
1008 992
1008 816
1008 932
1008 1029
1008 860
1008 783
1008 786
1008 1009
1008 845
1008 760
1008 867
1008 794
1008 978
1008 763
1008 1020
1008 954
1008 995
1008 941
1008 837
1008 762
1008 874
1008 794
1008 861
1008 706
1009 740
1009 1065
1009 837
1009 744
1009 840
1009 890
1009 936
1009 732
1009 733
1009 822
1009 908
1010 935
1010 705
1010 1019
1010 942
1010 976
1010 1045
1010 743
1011 754
1011 1061
1011 955
1011 1046
1011 734
1011 1026
1011 839
1011 879
1011 1021
1011 735
1011 794
1011 811
1011 962
1011 867
1012 907
1012 732
1012 1034
1012 793
1012 760
1012 919
1012 974
1012 915
1012 903
1013 730
1013 912
1013 824
1013 970
1013 778
1013 732
1013 901
1013 697
1013 874
1013 980
1013 830
1013 743
1014 856
1014 1016
1014 926
1014 772
1015 791
1015 704
1015 725
1015 933
1015 979
1015 776
1015 955
1015 760
1015 939
1015 1057
1015 774
1015 810
1015 762
1015 853
1015 794
1016 875
1016 762
1016 725
1016 963
1016 963
1016 985
1016 1019
1016 714
1016 825
1016 900
1016 706
1016 795
1016 786
1016 889
1016 994
1016 882
1016 834
1016 771
1016 755
1016 964
1017 1045
1019 1070
1019 907
1019 946
1019 964
1019 718
1019 995
1019 922
1019 740
1019 999
1019 876
1019 949
1020 955
1020 755
1020 937
1020 774
1020 819
1020 1032
1020 937
1020 991
1020 1016
1020 861
1020 970
1020 800
1020 870
1020 755
1020 743
1020 893
1020 875
1020 926
1020 740
1020 847
1020 980
1020 995
1020 803
1021 783
1021 775
1021 733
1021 766
1021 1040
1021 1020
1021 832
1021 861
1021 1015
1021 875
1021 706
1021 718
1021 915
1021 730
1021 953
1021 893
1021 814
1021 1065
1022 934
1023 1036
1023 732
1023 709
1023 810
1023 1044
1023 937
1023 1026
1023 819
1023 700
1023 1042
1023 709
1023 873
1023 845
1023 1055
1023 931
1023 973
1023 863
1023 905
1024 840
1024 894
1024 934
1024 710
1024 819
1024 1061
1024 1061
1024 724
1024 792
1024 712
1024 974
1024 840
1024 1029
1024 867
1024 874
1024 879
1024 783
1025 900
1025 781
1025 763
1025 708
1025 709
1025 844
1025 1013
1025 1057
1025 842
1025 706
1025 995
1025 1053
1025 793
1026 1052
1026 1032
1026 922
1026 891
1026 942
1026 985
1026 870
1026 956
1026 893
1026 944
1026 995
1026 828
1026 714
1026 897
1026 743
1026 1501
1027 874
1027 960
1027 907
1027 799
1027 728
1027 1019
1027 865
1027 891
1027 811
1027 814
1027 760
1027 725
1027 708
1027 794
1027 786
1027 972
1027 1071
1027 1005
1027 840
1028 847
1028 919
1029 970
1030 754
1030 860
1030 1034
1030 1168
1031 772
1031 819
1032 1024
1032 779
1032 764
1032 722
1032 999
1032 770
1032 702
1032 877
1032 698
1032 762
1032 818
1032 893
1032 840
1032 993
1032 877
1032 742
1032 762
1032 851
1032 932
1032 891
1032 713
1032 1025
1032 874
1032 1057
1032 978
1032 697
1032 851
1032 856
1032 783
1033 1049
1033 718
1033 1021
1033 954
1033 1491
1034 970
1034 919
1034 896
1034 706
1034 1020
1034 718
1034 843
1034 1015
1034 937
1034 1047
1034 901
1034 845
1034 895
1034 894
1034 697
1034 1012
1034 760
1034 772
1034 904
1034 834
1035 970
1035 854
1035 955
1035 729
1035 774
1035 1060
1035 1069
1035 1000
1035 876
1035 1061
1035 966
1035 805
1035 755
1035 851
1035 932
1035 729
1035 946
1035 970
1035 844
1035 773
1036 800
1036 766
1037 1047
1037 732
1037 837
1037 1013
1037 900
1037 1062
1038 985
1038 813
1038 965
1038 781
1038 774
1038 1016
1039 733
1039 1015
1040 762
1040 700
1041 879
1041 953
1041 700
1041 970
1042 730
1042 845
1042 794
1042 813
1042 1062
1042 987
1042 987
1042 744
1042 949
1042 717
1042 934
1042 786
1042 698
1042 776
1042 1055
1042 954
1042 912
1042 1560
1044 726
1044 744
1044 926
1044 812
1045 760
1045 723
1045 1040
1045 794
1045 944
1045 1042
1045 1049
1045 783
1045 794
1045 770
1045 1039
1045 755
1045 1051
1045 1021
1045 865
1045 865
1045 955
1046 717
1046 806
1046 960
1046 704
1046 1060
1046 730
1046 859
1046 1068
1046 959
1046 922
1046 1045
1046 1068
1046 1070
1046 709
1046 700
1046 714
1046 974
1046 1068
1047 870
1047 880
1047 903
1047 1069
1047 893
1047 782
1047 762
1047 969
1047 760
1047 725
1047 860
1047 995
1047 894
1047 1037
1048 1007
1048 972
1048 954
1048 755
1049 718
1049 1032
1049 697
1049 1005
1049 934
1049 952
1049 823
1049 697
1049 959
1049 953
1049 822
1049 879
1049 762
1049 1030
1050 880
1050 823
1051 995
1052 837
1052 959
1052 949
1052 794
1052 743
1052 840
1052 812
1052 911
1052 794
1052 697
1052 746
1052 936
1053 774
1053 796
1053 987
1053 840
1053 873
1053 995
1053 878
1053 1015
1053 783
1053 704
1053 1061
1053 959
1053 705
1053 823
1055 961
1055 706
1055 700
1055 878
1056 1045
1057 705
1057 1019
1057 843
1057 837
1057 1007
1057 830
1057 862
1057 1061
1057 1049
1057 1046
1057 743
1057 794
1057 769
1057 794
1057 717
1057 1061
1057 1049
1057 714
1057 714
1057 824
1057 1046
1058 706
1058 813
1058 900
1058 731
1058 856
1058 995
1058 1314
1059 762
1059 907
1059 895
1059 1007
1060 850
1060 949
1060 1023
1060 1050
1060 1014
1060 1020
1060 794
1060 697
1060 970
1060 987
1060 861
1060 953
1061 1071
1061 914
1061 947
1061 974
1061 894
1061 717
1061 813
1061 991
1061 806
1062 854
1062 1058
1062 699
1062 960
1062 926
1062 964
1062 1040
1062 1065
1062 941
1062 837
1062 747
1062 1020
1062 978
1062 867
1062 791
1062 847
1062 721
1062 1008
1062 897
1062 999
1062 847
1062 1004
1063 963
1063 973
1063 1045
1063 946
1063 821
1063 878
1063 793
1063 897
1063 949
1064 1069
1064 734
1064 1070
1065 987
1065 709
1065 897
1065 735
1067 700
1068 947
1068 937
1068 870
1068 999
1068 718
1068 876
1068 700
1068 1034
1068 858
1068 755
1068 714
1068 944
1069 1019
1069 907
1069 893
1069 926
1069 755
1069 755
1069 958
1069 867
1069 1006
1069 772
1069 786
1069 1057
1069 726
1069 914
1069 1028
1069 819
1069 1047
1069 847
1069 870
1069 698
1069 851
1069 740
1070 737
1070 1032
1070 1026
1070 793
1070 871
1070 1060
1070 1005
1070 892
1070 764
1070 713
1070 940
1070 1060
1070 700
1070 778
1070 797
1070 949
1070 704
1070 762
1070 1581
1071 959
1071 1005
1071 794
1071 774
1071 876
1071 875
1071 963
1071 998
1071 794
1071 964
1071 875
1071 976
1071 1057
1071 816
1071 980
1072 922
1072 870
1072 854
1073 1398
1073 1716
1073 1172
1073 1637
1073 1541
1073 1603
1074 1232
1074 1453
1074 1458
1074 1450
1074 1632
1075 1428
1075 1203
1075 1073
1075 1521
1075 1416
1075 1573
1075 1362
1075 1541
1075 1458
1075 1654
1075 1474
1075 1654
1075 1433
1075 1199
1075 1211
1075 1281
1076 1358
1076 1215
1076 1103
1076 1252
1076 1699
1076 1657
1076 1154
1076 1513
1076 1330
1077 1370
1077 1330
1077 1685
1077 1417
1078 1622
1078 1716
1078 1293
1078 1453
1078 1539
1078 1190
1078 1204
1078 1670
1079 1708
1079 1363
1080 1366
1080 1603
1080 1297
1081 1689
1081 1400
1081 1361
1081 1397
1081 1614
1081 1323
1082 1168
1083 1370
1083 1655
1084 1504
1084 1092
1084 1450
1084 1453
1084 1479
1084 1210
1085 1281
1085 1393
1086 1192
1086 1099
1087 1655
1087 1457
1088 1441
1088 1237
1088 1219
1088 1633
1088 1175
1088 1149
1088 1603
1088 1405
1089 1146
1089 1453
1089 1725
1091 1119
1091 1587
1091 1459
1091 1584
1091 1569
1091 1518
1091 1637
1091 1471
1092 1156
1092 1465
1092 1330
1092 1300
1093 1695
1093 1743
1093 1584
1093 1443
1093 1441
1093 1527
1093 1634
1093 1509
1093 1531
1093 1650
1094 1538
1094 1734
1094 1332
1094 1710
1094 1441
1094 1474
1094 1453
1094 1282
1094 1227
1094 1380
1094 1472
1094 1192
1094 1129
1094 1245
1094 1093
1095 1723
1095 1475
1095 1599
1095 1501
1096 1471
1096 1088
1096 1672
1096 1168
1096 1423
1096 1479
1096 1255
1096 1453
1096 1725
1096 1529
1096 1308
1096 1480
1096 1737
1096 1342
1096 1681
1097 1408
1097 1516
1097 1094
1097 1690
1097 1366
1098 1492
1098 1231
1098 1702
1098 1453
1098 1165
1098 1665
1098 1629
1098 1361
1098 1463
1098 1129
1098 1125
1099 1741
1099 1442
1099 1428
1099 1486
1099 1112
1099 1374
1099 1698
1099 1453
1099 1305
1099 1603
1099 1270
1099 1316
1100 1676
1101 1106
1101 1315
1101 1347
1102 1630
1102 1157
1102 1170
1102 1529
1102 1718
1102 1408
1102 1512
1102 1354
1102 1190
1103 1394
1103 1241
1103 1352
1103 1603
1103 1581
1103 1441
1103 1390
1103 1573
1103 1705
1103 1275
1103 1679
1103 1581
1103 1458
1103 1656
1103 1457
1103 1723
1103 1456
1103 1252
1103 1281
1103 1428
1103 1095
1103 1706
1103 1453
1103 1199
1103 1293
1104 1327
1104 1105
1104 1607
1104 1197
1104 1632
1104 1558
1104 1148
1104 1441
1104 1113
1104 1952
1106 1441
1106 1743
1106 1741
1106 1272
1107 1189
1107 1207
1107 1172
1107 1152
1108 1629
1108 1634
1108 1630
1108 1729
1108 1707
1108 1453
1108 1843
1109 1327
1109 1102
1109 1603
1109 1361
1109 1350
1110 1611
1110 1665
1110 1241
1110 1124
1110 1328
1110 1121
1110 1541
1110 1195
1110 1656
1110 1603
1111 1204
1111 1370
1111 1716
1111 1265
1111 1603
1111 1149
1111 1189
1111 1453
1111 1371
1112 1514
1112 1604
1112 1702
1112 1382
1112 1453
1113 1246
1114 1610
1114 1603
1116 1408
1116 1584
1117 1297
1117 1603
1118 1346
1119 1587
1119 1168
1119 1379
1119 1386
1119 1563
1119 1141
1119 1532
1119 1648
1119 1253
1119 1688
1119 1716
1120 1679
1120 1489
1120 1380
1120 1161
1120 1709
1120 1164
1120 1588
1121 1603
1121 1604
1121 1471
1122 1347
1122 1382
1122 1471
1122 1107
1122 1706
1122 1690
1122 1444
1122 1635
1123 1363
1123 1423
1123 1606
1124 1643
1124 1453
1125 1449
1125 1120
1125 1076
1125 1145
1125 1632
1125 1549
1125 1664
1125 1396
1125 1676
1125 1149
1125 1097
1125 1637
1125 1453
1125 1273
1125 1733
1125 1232
1125 1694
1125 1189
1125 1457
1125 1303
1125 1362
1126 1382
1126 1561
1126 1603
1127 1075
1127 1166
1127 1099
1127 1603
1127 1591
1127 1219
1127 1708
1127 1274
1127 1576
1127 1417
1127 1103
1127 1672
1129 1334
1129 1373
1129 1130
1129 1528
1129 1643
1129 1619
1129 1603
1129 1252
1129 1629
1129 1494
1129 1406
1129 1731
1129 1403
1129 1453
1130 1265
1130 1076
1130 1578
1130 1553
1131 1137
1131 1167
1131 1557
1131 1690
1131 1417
1131 1374
1131 1211
1133 1366
1133 1237
1133 1565
1133 1652
1135 1240
1135 1734
1136 1077
1136 1093
1136 1416
1136 1464
1136 1418
1137 1147
1137 1334
1137 1219
1137 1518
1137 1358
1138 1551
1138 1283
1138 1567
1138 1256
1138 1186
1139 1643
1139 1657
1139 1334
1139 1608
1140 1501
1140 1483
1140 1268
1140 1358
1140 1329
1140 1603
1141 1245
1141 1719
1141 1196
1141 1702
1141 1624
1142 1386
1142 1458
1142 1210
1142 1503
1142 1327
1144 1448
1144 1706
1145 1510
1145 1168
1146 1603
1146 1578
1146 1582
1146 1665
1146 1138
1146 1174
1146 1686
1146 1626
1146 1120
1146 1089
1146 1314
1146 1729
1146 1637
1146 1602
1146 1453
1146 1338
1148 1300
1148 1119
1148 1273
1148 1735
1148 2016
1149 1358
1149 1603
1149 1327
1149 1297
1149 1562
1149 1327
1149 1708
1149 1651
1149 1505
1149 1564
1149 1458
1149 1268
1150 1576
1150 1488
1150 1479
1150 1571
1150 1727
1151 1596
1151 1465
1151 1419
1152 1705
1152 1097
1152 1513
1152 1654
1152 1196
1152 1471
1152 1458
1152 1302
1152 1361
1152 1654
1153 1652
1153 1736
1154 1441
1154 1155
1154 1654
1154 1305
1155 1330
1155 1158
1155 1096
1156 1614
1156 1411
1156 1146
1156 1216
1156 1603
1156 1075
1156 1662
1156 1531
1156 1148
1157 1453
1157 1603
1157 1678
1157 1643
1158 1441
1158 1743
1158 1416
1158 1560
1158 1283
1158 1274
1158 1361
1158 1603
1158 1719
1158 1706
1159 1504
1159 1218
1160 1167
1160 1547
1160 1704
1160 1453
1160 1567
1160 1283
1160 1453
1161 1474
1161 1395
1161 1729
1161 1386
1161 1338
1161 1416
1161 1122
1161 1470
1161 1518
1161 1568
1161 1113
1161 1626
1161 1458
1161 1327
1161 1659
1161 1389
1161 1475
1161 1309
1161 1405
1163 1613
1163 1518
1163 1299
1164 1389
1165 1439
1165 1297
1165 1347
1165 1707
1165 1358
1165 1101
1165 1559
1165 1243
1165 1411
1165 1700
1165 1110
1165 1107
1165 1464
1165 1312
1165 1175
1166 1445
1167 1342
1167 1504
1167 1172
1167 1188
1167 1412
1167 1113
1167 1442
1168 1704
1168 1469
1168 1161
1168 1619
1168 1273
1168 1320
1168 1718
1168 1665
1168 1319
1168 1654
1168 1491
1168 1686
1168 1195
1169 1357
1169 1165
1169 1469
1169 1459
1169 1389
1169 1150
1170 1453
1170 1666
1170 1299
1170 1610
1170 1327
1171 1574
1172 1389
1172 1186
1172 1320
1172 1383
1172 1323
1172 1101
1172 1571
1172 1161
1172 1566
1172 1695
1172 1464
1172 1654
1172 1485
1172 1326
1172 1453
1172 1428
1172 1507
1172 1281
1172 1099
1172 1566
1172 1094
1172 1655
1173 1453
1174 1690
1174 1737
1174 1697
1174 1629
1174 1320
1175 1140
1175 1602
1175 1305
1175 1373
1175 1134
1175 1444
1175 1559
1175 1453
1175 1211
1175 1572
1175 1094
1175 1447
1175 1504
1175 1650
1175 1497
1175 1303
1175 1469
1176 1160
1177 1397
1177 1129
1177 1334
1177 1603
1177 1540
1177 1705
1177 1536
1177 1567
1177 1219
1177 1163
1177 1548
1178 1254
1178 1576
1178 1534
1178 1278
1179 1075
1179 1417
1180 1175
1180 1457
1180 1630
1180 1453
1180 1300
1181 1323
1181 1314
1181 1441
1181 1952
1183 1328
1183 1553
1184 1475
1185 1739
1185 1208
1185 1299
1185 1733
1185 1444
1185 1324
1185 1417
1185 1573
1185 1702
1186 1453
1186 1310
1186 1327
1186 1272
1186 1240
1186 1606
1186 1289
1186 1610
1186 1161
1186 1536
1186 1191
1186 1177
1186 1702
1186 1590
1186 1420
1186 1687
1187 1158
1187 1297
1187 1196
1187 1095
1187 1541
1188 1471
1188 1629
1188 1186
1188 1075
1188 1603
1189 1532
1189 1292
1189 1558
1189 1306
1189 1479
1189 1504
1189 1603
1189 1146
1189 1209
1189 1519
1189 1442
1189 1103
1189 1507
1190 1501
1190 1602
1190 1270
1190 1703
1190 1127
1191 1328
1191 1587
1191 1222
1191 1276
1192 1448
1192 1560
1192 1603
1192 1578
1192 1099
1192 1410
1192 1207
1193 1485
1193 1405
1193 1635
1193 1104
1193 1560
1193 1587
1194 1603
1195 1603
1195 1689
1195 1364
1195 1075
1195 1168
1195 1603
1195 1518
1195 1448
1195 1205
1196 1616
1196 1251
1196 1704
1196 1603
1196 1569
1196 1616
1196 1300
1196 1708
1196 1214
1196 1334
1196 1091
1196 1507
1196 1704
1197 1417
1197 1654
1198 1237
1198 1603
1198 1453
1198 1373
1198 1719
1198 1449
1198 1453
1198 1665
1198 1167
1198 1657
1199 1219
1199 1709
1199 1629
1199 1694
1199 1407
1199 1632
1199 1197
1199 1590
1199 1109
1199 1453
1199 1628
1200 1716
1200 1727
1200 1429
1200 1453
1202 1088
1203 1189
1203 1261
1203 1486
1203 1191
1203 1692
1204 1453
1204 1170
1204 1287
1204 1470
1204 1532
1204 1544
1204 1587
1204 1469
1204 1091
1204 1603
1204 1497
1205 1486
1205 1166
1205 1492
1205 1174
1205 1535
1205 1453
1205 1382
1205 1463
1206 1512
1206 1453
1206 1486
1206 1080
1206 1089
1206 1190
1207 1571
1207 1553
1207 1739
1207 1572
1207 1319
1207 1520
1207 1603
1207 1438
1208 1237
1208 1503
1208 1734
1208 1273
1208 1679
1208 1238
1208 1733
1208 1742
1208 1338
1208 1587
1208 1536
1208 1539
1208 1686
1208 1448
1208 1542
1208 1472
1208 1111
1208 1599
1208 1871
1209 1163
1209 1410
1209 1504
1209 1486
1209 1503
1209 1284
1210 1255
1210 1412
1211 1369
1211 1087
1211 1215
1211 1250
1211 1099
1211 1588
1211 1455
1211 1453
1211 1603
1211 1119
1211 1076
1211 1617
1211 1486
1211 1463
1211 1485
1211 1444
1211 1422
1211 1382
1211 1382
1211 1354
1212 1562
1212 1297
1212 1679
1212 1347
1212 1272
1212 1081
1212 1509
1212 1733
1212 1762
1213 1632
1213 1088
1213 1502
1213 1679
1214 1149
1215 1119
1215 1736
1215 1710
1215 1625
1215 1376
1215 1388
1216 1664
1216 1367
1216 1097
1217 1140
1217 1165
1218 1327
1218 1093
1218 1509
1219 1245
1219 1665
1219 1270
1219 1232
1219 1603
1219 1608
1219 1630
1219 1691
1219 1075
1219 1679
1219 1421
1219 1189
1220 1080
1220 1172
1220 1541
1220 1488
1221 1120
1221 1075
1221 1699
1221 1181
1222 1501
1222 1442
1222 1313
1222 1537
1222 1664
1222 1544
1222 1605
1224 1161
1224 1140
1224 1501
1224 1125
1224 1146
1226 1453
1226 1453
1226 1073
1228 1281
1228 1682
1228 1325
1228 1433
1228 1400
1228 1453
1230 1658
1230 1488
1230 1392
1231 1708
1231 1635
1231 1544
1231 1110
1231 1346
1231 1374
1232 1442
1232 1457
1232 1439
1232 1737
1232 1486
1232 1453
1232 1441
1232 1104
1232 1352
1232 1453
1232 1520
1232 1258
1232 1334
1232 1382
1232 1589
1232 1536
1232 1084
1232 1088
1232 1567
1232 1603
1232 1434
1232 1471
1234 1608
1235 1637
1236 1416
1236 1389
1236 1207
1236 1282
1236 1475
1236 1342
1236 1489
1236 1453
1236 1688
1238 1471
1238 1426
1238 1092
1239 1149
1239 1621
1239 1103
1239 1391
1239 1453
1239 1509
1241 1610
1241 1074
1241 1590
1241 1453
1241 1603
1241 1630
1241 1219
1243 1417
1243 1266
1243 1694
1244 1445
1244 1210
1245 1261
1245 1322
1245 1104
1245 1720
1245 1127
1245 1077
1245 1152
1245 1196
1245 1129
1245 1453
1246 1541
1246 1457
1246 1688
1246 1686
1246 1632
1246 1296
1246 1181
1246 1356
1246 1576
1246 1394
1247 1415
1250 1704
1250 1514
1250 1361
1250 1512
1250 1246
1250 1630
1250 1293
1250 1453
1250 1465
1250 1687
1250 1569
1250 1737
1250 1486
1250 1417
1251 1467
1251 1562
1251 1684
1251 1096
1251 1567
1252 1416
1252 1551
1252 1408
1254 1501
1254 1517
1254 1469
1254 1657
1254 1690
1254 1172
1254 1096
1254 1285
1254 1397
1254 1350
1254 1541
1254 1737
1254 1503
1254 1469
1254 1149
1254 1361
1254 1355
1255 1723
1255 1453
1255 1103
1255 1292
1256 1245
1258 1406
1258 1681
1259 1281
1259 1156
1259 1319
1259 1698
1259 1265
1259 1326
1259 1389
1260 1125
1260 1471
1261 1361
1261 1737
1261 1630
1261 1405
1262 1293
1262 1358
1262 1704
1262 1311
1262 1084
1263 1161
1263 1492
1263 1690
1264 1637
1265 1532
1265 1188
1265 1262
1265 1386
1265 1079
1265 1335
1265 1076
1265 1683
1265 1875
1266 1694
1266 1470
1266 1074
1267 1197
1267 1496
1267 1081
1268 1719
1268 1198
1268 1681
1268 1656
1268 1342
1268 1610
1268 1694
1268 1085
1269 1207
1269 1471
1270 1629
1270 1539
1270 1416
1270 1608
1270 1140
1270 1584
1270 1094
1270 1474
1270 1725
1270 1324
1270 1649
1270 1183
1270 1607
1270 1453
1270 1078
1271 1314
1272 1314
1272 1722
1272 1373
1272 1562
1272 1115
1272 1665
1272 1095
1273 1564
1273 1720
1273 1690
1273 1511
1273 1453
1273 1608
1273 1573
1273 1544
1273 1451
1273 1096
1273 1453
1273 1209
1273 1708
1273 1616
1273 1246
1273 1567
1273 1325
1273 1110
1273 1421
1273 1691
1274 1218
1274 1518
1274 1518
1274 1252
1275 1124
1275 1739
1275 1523
1276 1286
1276 1743
1276 1186
1276 1572
1276 1613
1276 1327
1278 1322
1278 1651
1278 1136
1278 1104
1278 1258
1278 1199
1278 1232
1278 1541
1278 1663
1278 1488
1279 1428
1279 1183
1279 1512
1279 1095
1279 1498
1279 1439
1280 1281
1280 1338
1280 1190
1280 1603
1280 1134
1280 1453
1280 1096
1280 1453
1280 1328
1280 1099
1281 1569
1281 1734
1281 1227
1281 1569
1281 1690
1281 1342
1281 1350
1281 1286
1281 1542
1281 1407
1281 1686
1281 1449
1281 1686
1281 1741
1281 1146
1281 1284
1281 1342
1281 1444
1281 1175
1281 1199
1281 1594
1281 1224
1281 1126
1282 1227
1282 1119
1282 1621
1283 1630
1283 1314
1283 1365
1283 1093
1283 1695
1284 1246
1284 1665
1284 1576
1284 1550
1284 1156
1284 1603
1284 1486
1284 1516
1284 1734
1285 1335
1285 1428
1285 1633
1285 1504
1285 1169
1285 1152
1285 1118
1285 1498
1285 1172
1286 1252
1286 1351
1287 1158
1287 1265
1290 1503
1290 1441
1290 1515
1290 1517
1290 1679
1290 1453
1290 1665
1291 1270
1292 1541
1292 1552
1292 1457
1292 1592
1293 1110
1293 1603
1293 1389
1293 1629
1293 1489
1293 1584
1293 1704
1293 1441
1293 1097
1293 1450
1293 1743
1293 1610
1293 1567
1293 1335
1295 1203
1296 1521
1297 1742
1297 1634
1297 1103
1297 1161
1297 1551
1297 1603
1297 1571
1297 1458
1297 1185
1297 1709
1297 1578
1297 1281
1298 1497
1298 1467
1298 1529
1298 1441
1298 1737
1298 1158
1299 1727
1299 1410
1299 1541
1299 1734
1299 1150
1299 1688
1299 1279
1299 1541
1300 1268
1300 1161
1300 1161
1300 1503
1300 1075
1300 1504
1300 1655
1300 1441
1300 1635
1300 1734
1300 1629
1300 1393
1300 1354
1300 1362
1302 1262
1302 1547
1303 1483
1303 1196
1303 1382
1304 1743
1305 1656
1305 1690
1305 1449
1305 1122
1305 1603
1305 1739
1305 1380
1305 1495
1305 1716
1305 1446
1305 1109
1305 1668
1305 1412
1305 1453
1306 1453
1306 1593
1306 1174
1306 1432
1306 1503
1306 1654
1307 1146
1308 1299
1308 1483
1308 1129
1308 1714
1309 1175
1309 1160
1310 1098
1310 1621
1310 1453
1310 1140
1310 1694
1311 1116
1311 1486
1311 1259
1311 1207
1312 1505
1313 1346
1313 1236
1314 1175
1314 1457
1314 1603
1314 1471
1314 1449
1314 1705
1314 1610
1314 1603
1314 1458
1314 1278
1314 1268
1314 1172
1314 1080
1314 1224
1314 1517
1314 1405
1314 1433
1314 1152
1314 1428
1314 1406
1314 1227
1314 1379
1316 1436
1317 1626
1317 1514
1317 1488
1317 1569
1317 1291
1317 1603
1317 1494
1319 1215
1319 1274
1319 1416
1319 1212
1319 1652
1319 1924
1320 1522
1320 1367
1320 1533
1320 1587
1320 1276
1320 1473
1320 1388
1320 1648
1320 1554
1320 1221
1320 1702
1320 1129
1320 1469
1321 1093
1321 1541
1322 1074
1322 1603
1322 1644
1323 1148
1323 1688
1323 1688
1323 1727
1323 1453
1323 1610
1323 1347
1323 1742
1323 1176
1324 1711
1324 1497
1324 1521
1324 1397
1326 1609
1327 1499
1327 1389
1327 1328
1327 1630
1327 1173
1327 1408
1327 1271
1327 1376
1327 1189
1327 1104
1327 1074
1327 1076
1327 1544
1327 1612
1327 1688
1327 1603
1327 1193
1327 1504
1328 1153
1328 1189
1328 1535
1328 1643
1328 1193
1329 1665
1329 1702
1329 1284
1329 1471
1329 1364
1329 1844
1330 1622
1330 1676
1330 1207
1330 1447
1332 1702
1333 1578
1333 1272
1333 1603
1333 1504
1334 1429
1334 1221
1334 1503
1334 1702
1334 1324
1334 1324
1334 1241
1334 1465
1334 1218
1334 1599
1334 1723
1334 1679
1335 1453
1335 1521
1335 1150
1335 1142
1335 1716
1335 1412
1336 1735
1338 1729
1338 1459
1338 1247
1338 1560
1338 1158
1338 1683
1338 1376
1338 1361
1338 1694
1338 1412
1338 1503
1338 1446
1338 1915
1339 1643
1339 1338
1339 1453
1340 1096
1340 1416
1342 1386
1342 1334
1342 1587
1342 1262
1342 1204
1342 1603
1342 1690
1342 1347
1342 1333
1342 1457
1342 1108
1342 1238
1342 1487
1342 1119
1342 1603
1343 1152
1343 1095
1343 1410
1343 1095
1343 1603
1343 1214
1343 1095
1343 1530
1343 1518
1343 1219
1343 1725
1343 1170
1343 1614
1345 1251
1345 1603
1346 1210
1346 1254
1346 1413
1346 1513
1346 1630
1346 1683
1346 1718
1346 1734
1346 1119
1346 1608
1346 1453
1346 1603
1346 1537
1347 1246
1347 1167
1347 1657
1347 1199
1347 1614
1347 1615
1347 1358
1347 1444
1347 1095
1347 1155
1347 1531
1350 1342
1350 1439
1350 1274
1350 1739
1351 1633
1351 1459
1351 1441
1351 1542
1351 1265
1352 1271
1352 1410
1352 1303
1352 1383
1352 1694
1353 1599
1353 1094
1353 1603
1353 1278
1354 1273
1354 1215
1354 1679
1354 1389
1354 1510
1354 1493
1354 1611
1354 1297
1355 1651
1355 1420
1355 1276
1355 1354
1355 1727
1355 1241
1355 1096
1355 1167
1356 1590
1356 1339
1356 1678
1357 1728
1357 1205
1357 1154
1357 1349
1358 1595
1358 1497
1358 1704
1358 1541
1358 1523
1358 1567
1358 1281
1358 1125
1358 1654
1358 1688
1358 1374
1358 1232
1358 1149
1358 1327
1358 1676
1358 1408
1359 1479
1359 1695
1360 1629
1361 1281
1361 1195
1361 1556
1361 1439
1361 1650
1361 1380
1361 1345
1361 1089
1361 1595
1361 1161
1361 1666
1361 1542
1361 1718
1361 1429
1361 1382
1361 1245
1361 1576
1361 1541
1361 1395
1361 1107
1361 1632
1361 1391
1361 1405
1362 1129
1362 1652
1363 1591
1363 1281
1363 1149
1363 1615
1363 1251
1363 1513
1364 1281
1365 1632
1365 1273
1365 1355
1365 1445
1365 1386
1366 1694
1366 1343
1366 1383
1367 1103
1367 1310
1367 1287
1367 1443
1368 1093
1370 1281
1370 1346
1371 1573
1371 1576
1371 1705
1371 1490
1371 1736
1371 1160
1371 1279
1371 1296
1371 1739
1371 1095
1371 1453
1372 1413
1372 1620
1372 1471
1372 1686
1372 1619
1373 1224
1373 1150
1373 1479
1373 1222
1373 1282
1373 1719
1373 1081
1373 1273
1373 1355
1373 1323
1373 1436
1373 1199
1373 1323
1373 1509
1374 1560
1374 1136
1374 1488
1374 1603
1374 1299
1374 1621
1374 1584
1375 1534
1376 1212
1376 1146
1376 1324
1376 1737
1376 1299
1376 1681
1376 1391
1379 1453
1379 1708
1379 1733
1380 1281
1380 1457
1380 1293
1380 1177
1380 1138
1381 1723
1381 1327
1381 1335
1381 1459
1381 1469
1381 1075
1381 1285
1381 1453
1381 1334
1381 1562
1381 1679
1382 1526
1382 1353
1382 1453
1382 1396
1382 1188
1382 1453
1382 1371
1383 1364
1383 1103
1383 1486
1383 1145
1384 1604
1384 1469
1385 1376
1385 1272
1386 1541
1386 1418
1386 1459
1386 1143
1386 1628
1387 1514
1387 1603
1387 1480
1387 1501
1387 1706
1387 1095
1388 1439
1388 1687
1388 1199
1388 1274
1388 1270
1388 1456
1388 1434
1388 1140
1388 1560
1389 1480
1389 1483
1389 1572
1389 1343
1389 1112
1389 1180
1389 1453
1389 1246
1389 1199
1389 1704
1389 1525
1389 1637
1390 1603
1390 1470
1390 1557
1391 1096
1391 1690
1391 1389
1391 1405
1391 1603
1391 1560
1392 1608
1393 1590
1393 1593
1394 1421
1394 1635
1394 1695
1394 1285
1395 1292
1395 1723
1395 1704
1396 1541
1396 1254
1397 1512
1397 1424
1397 1518
1397 1733
1397 1405
1397 1735
1397 1413
1397 1371
1397 1232
1397 1736
1398 1174
1398 1453
1398 1232
1398 1629
1398 1603
1398 1292
1398 1091
1398 1354
1399 1093
1399 1199
1399 1278
1400 1171
1400 1486
1400 1259
1403 1283
1403 1704
1403 1280
1403 1688
1403 1493
1405 1608
1405 1603
1405 1544
1405 1393
1405 1356
1405 1465
1405 1473
1405 1727
1405 1501
1405 1469
1405 1220
1405 1614
1406 1371
1406 1651
1406 1629
1406 1689
1406 1491
1406 1698
1406 1518
1406 1430
1406 1629
1406 1216
1407 1281
1407 1694
1407 1611
1407 1097
1408 1146
1408 1539
1408 1107
1408 1660
1408 1611
1408 1459
1408 1453
1408 1335
1408 1161
1408 1470
1408 1508
1408 1651
1410 1552
1410 1119
1411 1397
1411 1506
1411 1571
1412 1521
1412 1471
1412 1273
1412 1733
1412 1153
1412 1091
1412 1435
1412 1490
1412 1122
1412 1125
1412 1293
1413 1362
1413 1559
1413 1188
1413 1386
1413 1215
1413 1585
1413 1603
1413 1335
1413 1999
1414 1416
1414 1321
1416 1074
1416 1361
1416 1593
1416 1706
1416 1193
1416 1217
1416 1716
1416 1178
1416 1626
1416 1576
1416 1453
1416 1690
1416 1250
1416 1614
1416 1272
1416 1603
1416 1180
1416 1727
1416 1654
1416 1537
1416 1222
1416 1236
1416 1199
1416 1605
1417 1386
1417 1294
1417 1622
1417 1681
1417 1197
1417 1727
1417 1688
1417 1727
1417 1615
1417 1119
1417 1156
1417 1200
1417 1327
1417 1723
1417 1303
1418 1512
1418 1387
1418 1359
1418 1657
1418 1273
1418 1616
1418 1075
1418 1192
1418 1603
1418 1420
1419 1698
1419 1729
1419 1214
1419 1441
1419 1342
1419 1165
1419 1668
1419 1211
1420 1076
1420 1603
1420 1137
1420 1541
1421 1737
1421 1489
1421 1142
1421 1199
1421 1152
1421 1099
1421 1538
1423 1076
1423 1105
1424 1186
1424 1357
1426 1338
1427 1665
1427 1525
1427 1396
1427 1146
1428 1391
1428 1185
1428 1585
1428 1719
1428 1741
1429 1644
1429 1605
1429 1648
1429 1589
1429 1338
1429 1398
1429 1603
1429 1509
1429 1111
1429 1146
1429 1400
1429 1389
1429 1251
1429 1603
1429 1657
1429 1778
1430 1129
1430 1578
1430 1459
1431 1273
1431 1145
1432 1156
1432 1541
1433 1459
1433 1659
1433 1723
1433 1517
1433 1739
1433 1346
1434 1513
1434 1593
1435 1509
1435 1630
1435 1885
1436 1614
1436 1660
1437 1389
1437 1459
1438 1407
1438 1626
1439 1514
1439 1486
1439 1179
1439 1103
1439 1603
1439 1284
1439 1413
1439 1634
1439 1366
1439 1450
1439 1572
1439 1328
1439 1274
1439 1610
1440 1299
1440 1170
1441 1449
1441 1583
1441 1371
1441 1413
1441 1076
1441 1088
1441 1358
1441 1329
1441 1152
1441 1328
1441 1412
1441 1081
1441 1211
1441 1603
1441 1338
1441 1161
1441 1373
1441 1618
1441 1533
1441 1449
1441 1494
1441 1314
1442 1541
1442 1417
1442 1240
1442 1521
1442 1136
1442 1078
1442 1073
1442 1104
1443 1149
1444 1174
1444 1459
1444 1273
1444 1167
1444 1149
1444 1153
1444 1408
1445 1284
1445 1499
1445 1605
1445 1111
1446 1413
1446 1546
1446 1204
1446 1610
1447 1603
1447 1375
1448 1224
1448 1665
1448 1361
1449 1629
1449 1417
1449 1306
1449 1479
1449 1705
1450 1319
1450 1581
1450 1552
1450 1273
1451 1199
1451 1551
1451 1603
1451 1531
1452 1716
1452 1125
1452 1374
1452 1702
1452 1385
1452 1525
1453 1733
1453 1147
1453 1681
1453 1125
1453 1210
1453 1358
1453 1237
1453 1573
1453 1413
1453 1588
1453 1591
1453 1102
1453 1704
1453 1485
1453 1737
1453 1407
1453 1544
1453 1603
1453 1716
1453 1189
1453 1603
1453 1159
1453 1217
1453 1211
1453 1221
1453 1358
1453 1734
1453 1439
1453 1480
1453 1333
1453 1673
1453 1416
1453 1690
1453 1074
1453 1215
1453 1088
1453 1093
1453 1615
1453 1181
1453 1252
1453 1417
1453 1325
1453 1196
1453 1139
1453 1702
1453 1719
1453 1211
1453 1347
1453 1146
1453 1358
1453 1224
1453 1383
1453 1544
1453 1569
1453 1382
1453 1232
1453 1112
1453 1705
1453 1276
1453 1284
1453 1488
1453 1457
1453 1739
1453 1119
1453 1124
1453 1156
1453 1690
1453 1663
1453 1475
1453 1652
1453 1626
1453 1502
1453 1186
1453 1088
1453 1504
1453 1167
1453 1723
1453 1417
1453 1524
1453 1608
1453 1364
1453 1268
1453 1603
1453 1475
1453 1635
1453 1136
1453 1211
1453 1610
1453 1138
1453 1412
1453 1273
1453 1272
1453 1442
1453 1655
1453 1272
1453 1172
1453 1299
1453 1497
1453 1444
1453 1109
1453 1603
1453 1095
1453 1338
1453 1158
1453 1416
1453 1534
1453 1372
1453 1538
1453 1517
1453 1591
1453 1463
1453 1608
1453 1270
1453 1329
1453 1503
1453 1320
1453 1254
1453 1716
1453 1338
1453 1412
1453 1654
1453 1739
1453 1578
1453 1457
1453 1447
1453 1076
1453 1630
1453 1094
1453 1446
1453 1690
1453 1421
1453 1431
1454 1335
1454 1603
1455 1398
1455 1669
1455 1152
1457 1441
1457 1383
1457 1103
1457 1496
1457 1093
1457 1293
1457 1189
1457 1154
1457 1737
1457 1702
1457 1373
1457 1439
1457 1418
1457 1603
1457 1305
1457 1214
1457 1156
1457 1603
1457 1366
1457 1334
1457 1480
1457 1357
1458 1300
1458 1607
1458 1078
1458 1504
1458 1610
1458 1445
1458 1681
1458 1528
1458 1665
1458 1719
1458 1883
1459 1582
1459 1198
1459 1504
1459 1373
1459 1572
1459 1526
1459 1097
1459 1168
1459 1488
1459 1103
1459 1581
1459 1417
1459 1573
1459 1161
1459 1331
1459 1491
1459 1085
1460 1518
1460 1161
1461 1541
1461 1603
1461 1195
1461 1599
1463 1677
1463 1562
1463 1607
1463 1719
1463 1093
1463 1104
1464 1583
1465 1408
1465 1209
1465 1702
1465 1453
1465 1083
1465 1691
1466 1517
1467 1598
1467 1119
1467 1541
1467 1505
1467 1338
1467 1158
1469 1159
1469 1405
1469 1573
1469 1608
1469 1610
1469 1100
1469 1453
1469 1412
1469 1708
1469 1611
1469 1098
1469 1441
1469 1537
1469 1573
1469 1475
1470 1146
1470 1457
1470 1101
1470 1479
1470 1212
1470 1608
1470 1620
1470 1733
1470 1577
1471 1531
1471 1388
1471 1716
1471 1512
1471 1614
1471 1725
1471 1300
1471 1512
1471 1104
1471 1475
1471 1702
1471 1729
1471 1603
1471 1590
1471 1483
1471 1113
1472 1149
1472 1167
1472 1669
1472 1273
1472 1228
1472 1608
1472 1436
1472 1283
1472 1940
1473 1676
1473 1708
1473 1424
1473 1314
1473 1418
1473 1616
1473 1305
1473 1103
1473 1703
1473 1270
1473 1589
1473 1477
1474 1284
1474 1453
1474 1558
1474 1451
1474 1600
1475 1518
1475 1314
1475 1080
1475 1180
1475 1603
1475 1222
1475 1359
1475 1088
1475 1327
1475 1386
1475 1603
1475 1174
1475 1441
1475 1560
1475 1356
1475 1440
1475 1567
1475 1362
1475 1102
1477 1186
1477 1110
1477 1605
1477 1511
1477 1281
1477 1475
1477 1544
1477 1570
1477 1305
1477 1449
1479 1616
1479 1578
1479 1309
1479 1207
1479 1077
1479 1467
1479 1383
1479 1364
1479 1125
1479 1453
1479 1354
1479 1204
1480 1569
1480 1110
1480 1219
1482 1382
1482 1103
1482 1569
1483 1080
1483 1292
1483 1603
1483 1665
1483 1702
1483 1343
1483 1374
1484 1151
1484 1485
1484 1137
1484 1471
1484 1412
1484 1329
1484 1692
1485 1207
1485 1672
1485 1588
1485 1598
1485 1603
1485 1161
1485 1374
1485 1686
1485 1448
1485 1382
1485 1354
1485 1416
1485 1534
1486 1310
1486 1204
1486 1178
1486 1741
1486 1430
1486 1251
1486 1358
1486 1453
1486 1175
1486 1354
1486 1453
1486 1186
1486 1630
1486 1373
1486 1094
1486 1380
1486 1591
1486 1525
1486 1103
1486 1665
1486 1489
1488 1453
1488 1112
1488 1273
1488 1111
1488 1243
1489 1729
1489 1334
1489 1103
1490 1501
1490 1416
1490 1590
1491 1743
1491 1187
1491 1338
1491 1305
1493 1741
1493 1626
1493 1572
1493 1339
1493 1583
1494 1403
1494 1371
1494 1695
1494 1428
1494 1355
1494 1419
1494 1190
1494 1324
1495 1513
1495 1572
1495 1739
1496 1172
1496 1254
1496 1665
1496 1342
1496 1611
1496 1630
1496 1547
1497 1305
1498 1361
1498 1486
1499 1518
1499 1144
1499 1091
1499 1453
1499 1104
1499 1629
1500 1423
1500 1125
1500 1262
1500 1259
1500 1103
1501 1588
1501 1343
1501 1320
1501 1563
1501 1633
1501 1681
1501 1316
1501 1241
1501 1308
1501 1152
1501 1424
1501 1695
1501 1111
1501 1421
1501 1549
1501 1273
1501 1729
1502 1463
1502 1453
1502 1236
1503 1493
1503 1099
1503 1078
1503 1230
1503 1573
1503 1734
1503 1172
1503 1541
1503 1452
1503 1453
1503 1603
1503 1603
1504 1211
1504 1193
1504 1245
1504 1334
1504 1716
1504 1271
1504 1079
1504 1293
1504 1129
1504 1722
1504 1149
1504 1216
1504 1610
1504 1719
1504 1152
1504 1626
1504 1096
1504 1534
1504 1297
1505 1608
1505 1474
1505 1573
1505 1116
1505 1150
1505 1110
1505 1278
1505 1423
1505 1453
1505 1523
1505 1453
1506 1166
1507 1433
1507 1084
1507 1569
1507 1564
1507 1513
1507 1719
1507 1590
1509 1737
1509 1650
1509 1316
1509 1622
1509 1217
1509 1563
1509 1626
1509 1407
1509 1075
1509 1654
1509 1350
1509 1528
1510 1165
1510 1705
1510 1473
1510 1103
1510 1266
1511 1518
1511 1724
1511 1342
1512 1471
1512 1703
1512 1076
1512 1320
1512 1346
1513 1531
1513 1146
1513 1211
1513 1434
1513 1576
1513 1397
1513 1095
1513 1079
1513 1448
1513 1374
1513 1588
1513 1657
1513 1109
1513 1549
1513 1276
1513 1590
1513 1198
1513 1213
1514 1342
1514 1191
1514 1161
1514 1430
1514 1281
1515 1457
1516 1333
1517 1603
1517 1706
1517 1355
1517 1737
1517 1324
1517 1688
1517 1165
1517 1175
1517 1574
1517 1480
1517 1629
1518 1211
1518 1657
1518 1224
1518 1111
1518 1160
1518 1664
1518 1664
1518 1397
1518 1327
1518 1218
1518 1507
1518 1573
1518 1619
1518 1475
1518 1609
1518 1536
1518 1681
1518 1603
1518 1296
1518 1393
1518 1536
1518 1186
1518 1708
1518 1327
1519 1126
1520 1614
1520 1730
1520 1739
1520 1232
1520 1453
1520 1327
1521 1361
1521 1682
1521 1704
1521 1453
1521 1583
1521 1103
1521 1705
1521 1330
1521 1414
1521 1412
1521 1511
1521 1103
1521 1110
1521 1537
1522 1502
1523 1585
1523 1603
1523 1095
1523 1541
1523 1505
1523 1312
1524 1092
1524 1382
1524 1169
1524 1074
1525 1699
1525 1608
1525 1413
1525 1118
1525 1590
1526 1453
1526 1393
1527 1737
1527 1743
1528 1327
1528 1603
1528 1595
1528 1615
1529 1406
1529 1259
1529 1137
1530 1111
1530 1513
1530 1231
1530 1430
1530 1702
1530 1719
1530 1098
1531 1327
1531 1145
1531 1210
1531 1172
1531 1742
1532 1664
1532 1583
1532 1088
1532 1284
1532 1607
1532 1648
1532 1513
1532 1268
1532 1291
1532 1978
1533 1371
1534 1600
1534 1397
1535 1279
1535 1265
1535 1679
1535 1155
1535 1541
1535 1453
1535 1470
1536 1169
1536 1551
1536 1099
1536 1155
1536 1638
1537 1330
1537 1342
1537 1405
1537 1096
1537 1389
1537 1187
1538 1094
1538 1193
1538 1256
1538 1334
1539 1276
1539 1362
1539 1560
1539 1702
1539 1276
1539 1590
1540 1608
1541 1616
1541 1350
1541 1254
1541 1373
1541 1470
1541 1178
1541 1716
1541 1453
1541 1690
1541 1157
1541 1723
1541 1603
1541 1297
1541 1690
1541 1714
1541 1682
1541 1093
1541 1501
1541 1632
1541 1679
1541 1433
1541 1562
1541 1457
1541 1718
1541 1161
1541 1243
1542 1103
1542 1704
1542 1272
1542 1219
1542 1687
1544 1560
1544 1629
1544 1541
1545 1603
1545 1638
1545 1616
1545 1473
1547 1584
1547 1509
1548 1570
1549 1417
1549 1342
1549 1453
1549 1681
1549 1426
1550 1098
1550 1092
1551 1196
1551 1441
1551 1562
1551 1477
1551 1643
1551 1206
1551 1363
1551 1659
1551 1338
1551 1744
1551 1317
1552 1486
1552 1126
1552 1656
1552 1278
1553 1343
1554 1443
1555 1541
1555 1207
1557 1441
1557 1169
1558 1591
1558 1450
1558 1727
1558 1573
1558 1088
1559 1544
1559 1496
1559 1165
1560 1449
1560 1352
1560 1232
1560 1441
1560 1615
1560 1319
1560 1225
1560 1334
1560 1629
1561 1371
1561 1518
1562 1075
1562 1271
1562 1393
1562 1688
1562 1292
1562 1303
1562 1391
1562 1245
1562 1129
1562 1679
1562 1629
1562 1156
1562 1087
1562 1334
1562 1329
1562 1161
1562 1241
1562 1484
1562 1733
1562 1603
1562 1654
1562 1470
1562 1084
1563 1397
1563 1713
1563 1103
1563 1228
1564 1477
1564 1531
1564 1397
1564 1584
1565 1596
1565 1694
1566 1535
1567 1155
1567 1278
1567 1630
1567 1458
1567 1230
1567 1651
1567 1550
1567 1151
1567 1657
1567 1158
1567 1104
1567 1686
1567 1430
1568 1246
1568 1209
1569 1195
1569 1469
1569 1077
1569 1113
1569 1219
1569 1666
1569 1125
1569 1375
1569 1603
1569 1083
1569 1298
1569 1206
1569 1380
1569 1612
1570 1327
1570 1358
1570 1530
1571 1278
1571 1205
1571 1125
1571 1621
1571 1250
1571 1158
1571 1313
1571 1241
1572 1497
1572 1346
1572 1308
1572 1347
1572 1470
1572 1316
1572 1397
1572 1541
1572 1657
1572 1473
1572 1113
1573 1129
1573 1504
1573 1624
1573 1457
1573 1716
1573 1691
1573 1141
1573 1458
1573 1172
1573 1453
1573 1542
1576 1590
1576 1502
1576 1393
1576 1463
1576 1087
1576 1736
1576 1348
1576 1208
1576 1417
1578 1714
1578 1208
1578 1090
1578 1371
1578 1518
1581 1442
1581 1196
1581 1441
1581 1175
1581 1099
1582 1399
1583 1500
1583 1730
1583 1458
1583 1299
1584 1272
1584 1122
1584 1453
1584 1125
1584 1355
1584 1232
1584 1738
1584 1268
1584 1704
1585 1453
1585 1615
1585 1441
1585 1345
1585 1388
1586 1528
1587 1206
1587 1186
1587 1168
1587 1515
1587 1158
1587 1614
1587 1232
1587 1734
1587 1092
1587 1602
1588 1142
1588 1541
1589 1268
1589 1099
1589 1140
1589 1708
1589 1453
1589 1300
1589 1222
1589 1521
1590 1145
1590 1512
1590 1691
1590 1629
1590 1283
1590 1534
1590 1465
1590 1178
1590 1254
1590 1480
1590 1513
1590 1091
1590 1278
1590 1459
1590 1281
1591 1679
1591 1605
1591 1569
1591 1172
1591 1075
1593 1327
1594 1323
1594 1650
1594 1704
1595 1374
1595 1245
1595 1574
1596 1725
1596 1590
1596 1608
1597 1382
1597 1321
1598 1452
1598 1672
1598 1330
1598 1268
1598 1569
1598 1621
1598 1590
1599 1528
1599 1698
1599 1186
1600 1076
1600 1742
1600 1403
1602 1309
1602 1469
1602 1458
1602 1603
1603 1434
1603 1189
1603 1541
1603 1203
1603 1118
1603 1587
1603 1614
1603 1093
1603 1457
1603 1716
1603 1617
1603 1251
1603 1361
1603 1284
1603 1096
1603 1252
1603 1099
1603 1643
1603 1567
1603 1426
1603 1099
1603 1690
1603 1420
1603 1140
1603 1104
1603 1702
1603 1576
1603 1608
1603 1127
1603 1457
1603 1471
1603 1151
1603 1629
1603 1127
1603 1711
1603 1170
1603 1355
1603 1118
1603 1389
1603 1325
1603 1299
1603 1500
1603 1394
1603 1178
1603 1738
1603 1708
1603 1528
1603 1725
1603 1686
1603 1476
1603 1312
1603 1733
1603 1607
1603 1297
1603 1453
1603 1569
1603 1149
1603 1501
1603 1600
1603 1305
1603 1110
1603 1638
1603 1744
1603 1616
1603 1322
1603 1453
1603 1338
1603 1175
1603 1651
1603 1686
1603 1189
1603 1741
1603 1106
1603 1077
1603 1334
1603 1256
1603 1380
1603 1218
1603 1694
1603 1120
1603 1716
1603 1626
1603 1308
1603 1119
1603 1491
1603 1152
1603 1569
1603 1125
1603 1682
1603 1355
1603 1620
1603 1619
1603 1101
1603 1734
1603 1421
1603 1297
1603 1665
1603 1109
1603 1268
1603 1537
1603 1165
1603 1688
1603 1695
1603 1488
1603 1107
1603 1525
1603 1076
1603 1723
1603 1075
1603 1228
1603 1354
1603 1216
1603 1354
1603 1737
1603 1246
1603 1226
1603 1398
1603 1327
1603 1265
1603 1716
1603 1320
1603 1622
1603 1716
1603 1096
1603 1558
1603 1683
1603 1259
1603 1694
1603 1240
1603 1890
1604 1562
1604 1099
1604 1200
1604 1603
1604 1342
1605 1338
1605 1241
1605 1500
1605 1475
1605 1441
1605 1725
1605 1418
1605 1204
1606 1651
1606 1354
1607 1327
1607 1610
1607 1693
1607 1408
1607 1342
1607 1175
1607 1418
1607 1681
1607 1146
1607 1197
1607 1562
1608 1563
1608 1320
1608 1103
1608 1458
1608 1412
1608 1361
1608 1707
1608 1520
1608 1115
1608 1189
1608 1494
1608 1073
1608 1453
1608 1254
1608 1195
1608 1359
1608 1168
1608 1560
1608 1603
1608 1374
1608 1520
1609 1174
1609 1544
1609 1306
1610 1737
1610 1358
1610 1391
1610 1493
1610 1103
1610 1175
1610 1431
1610 1085
1610 1707
1610 1599
1611 1190
1611 1453
1611 1216
1611 1186
1611 1096
1611 1258
1611 1421
1611 1459
1612 1538
1613 1342
1614 1704
1614 1505
1614 1603
1614 1273
1614 1387
1614 1299
1614 1417
1614 1425
1614 1513
1614 1392
1615 1327
1615 1603
1615 1603
1616 1679
1616 1441
1616 1174
1616 1371
1616 1473
1616 1739
1616 1709
1616 1574
1616 1609
1616 1449
1616 1278
1616 1518
1616 1268
1616 1316
1616 1603
1616 1299
1616 1206
1616 1727
1616 1671
1616 1477
1616 1495
1617 1610
1617 1211
1617 1419
1618 1239
1618 1406
1618 1641
1619 1089
1619 1638
1619 1342
1619 1720
1619 1705
1619 1175
1619 1403
1620 1603
1620 1413
1620 1219
1620 1453
1621 1144
1621 1603
1621 1219
1621 1157
1621 1507
1621 1681
1621 1603
1621 1398
1622 1408
1622 1532
1624 1664
1625 1172
1625 1405
1626 1096
1626 1232
1626 1526
1626 1152
1626 1703
1626 1678
1626 1500
1626 1494
1626 1603
1626 1439
1626 1648
1626 1391
1628 1395
1629 1157
1629 1416
1629 1470
1629 1497
1629 1327
1629 1300
1629 1270
1629 1307
1629 1076
1629 1654
1629 1690
1629 1743
1629 1688
1629 1449
1629 1216
1629 1334
1629 1649
1629 1486
1629 1737
1629 1607
1629 1654
1629 1343
1629 1403
1629 1191
1629 1197
1630 1593
1630 1453
1630 1338
1630 1538
1630 1572
1630 1219
1630 1600
1630 1389
1630 1428
1630 1193
1630 1180
1630 1475
1630 1550
1630 1281
1630 1405
1630 1679
1630 1297
1630 1573
1630 1672
1632 1441
1632 1702
1632 1609
1632 1227
1632 1739
1632 1626
1632 1743
1632 1545
1632 1362
1632 1453
1632 1656
1632 1569
1632 1686
1632 1735
1632 1475
1633 1397
1633 1186
1633 1520
1633 1408
1633 1364
1633 1652
1633 1186
1634 1453
1634 1125
1634 1681
1634 1185
1634 1123
1634 1442
1634 1099
1634 1690
1635 1284
1635 1137
1635 1252
1635 1116
1635 1737
1635 1329
1635 1480
1635 1617
1636 1681
1636 1655
1637 1629
1637 1723
1637 1325
1637 1175
1637 1250
1637 1146
1637 1094
1637 1142
1637 1224
1637 1146
1638 1279
1639 1573
1639 1453
1639 1169
1639 1492
1639 1181
1641 1569
1642 1603
1643 1327
1643 1583
1643 1104
1643 1713
1643 1576
1643 1297
1643 1327
1643 1503
1643 1417
1643 1727
1643 1075
1643 1458
1643 1590
1644 1650
1644 1453
1644 1198
1645 1144
1645 1309
1645 1705
1648 1445
1648 1302
1648 1616
1648 1725
1648 1615
1648 1567
1648 1626
1649 1695
1650 1140
1650 1329
1650 1358
1650 1474
1650 1133
1651 1413
1651 1607
1651 1412
1651 1309
1651 1156
1651 1342
1651 1738
1651 1474
1651 1441
1651 1152
1652 1325
1652 1610
1652 1279
1652 1501
1652 1327
1652 1453
1652 1643
1652 1232
1654 1739
1654 1679
1654 1441
1654 1494
1654 1629
1654 1358
1654 1149
1654 1418
1655 1189
1655 1453
1655 1105
1655 1204
1656 1218
1656 1596
1656 1453
1656 1172
1656 1420
1656 1638
1656 1338
1656 1742
1657 1459
1657 1442
1657 1085
1657 1094
1657 1704
1657 1501
1657 1523
1657 1085
1657 1178
1657 1587
1657 1250
1659 1469
1659 1742
1659 1373
1659 1181
1659 1587
1660 1734
1660 1203
1662 1722
1663 1453
1663 1320
1663 1175
1664 1395
1664 1190
1664 1087
1664 1681
1664 1453
1664 1225
1664 1327
1664 1161
1664 1242
1664 1172
1664 1208
1664 1094
1664 1353
1664 1704
1664 1576
1665 1439
1665 1207
1665 1092
1665 1100
1665 1541
1665 1456
1665 1118
1665 1632
1665 1549
1665 1095
1665 1219
1665 1119
1665 1338
1665 1254
1665 1238
1665 1361
1666 1665
1666 1518
1666 1407
1669 1603
1671 1722
1671 1145
1671 1578
1672 1708
1672 1603
1672 1702
1672 1614
1675 1098
1675 1666
1675 1158
1676 1714
1676 1725
1676 1576
1677 1125
1678 1635
1678 1615
1678 1457
1678 1352
1678 1513
1678 1578
1678 1453
1679 1186
1679 1342
1679 1335
1679 1541
1679 1621
1679 1630
1679 1332
1679 1419
1679 1428
1679 1149
1679 1153
1679 1453
1679 1643
1679 1370
1679 1491
1679 1198
1679 1616
1679 1363
1679 1690
1679 1389
1680 1241
1680 1418
1680 1541
1681 1614
1681 1648
1681 1103
1681 1691
1681 1241
1681 1302
1681 1174
1681 1621
1681 1691
1681 1405
1681 1603
1682 1603
1682 1397
1682 1308
1682 1384
1682 1473
1682 1486
1683 1616
1683 1587
1683 1743
1683 1509
1683 1268
1683 1149
1683 1273
1683 1343
1684 1328
1684 1479
1684 1637
1685 1603
1686 1518
1686 1232
1686 1376
1687 1332
1687 1168
1687 1665
1688 1419
1688 1572
1688 1714
1688 1459
1688 1406
1688 1338
1688 1406
1688 1463
1688 1174
1688 1157
1688 1206
1688 1486
1688 1445
1688 1080
1688 1436
1688 1637
1688 1560
1689 1103
1689 1626
1689 1469
1690 1118
1690 1358
1690 1413
1690 1129
1690 1449
1690 1694
1690 1691
1690 1152
1690 1087
1690 1453
1690 1168
1690 1219
1690 1569
1690 1656
1690 1716
1690 1497
1690 1359
1690 1342
1690 1096
1690 1365
1690 1217
1690 1485
1690 1108
1690 1103
1690 1084
1690 1518
1690 1486
1690 1175
1690 1347
1690 1327
1690 1458
1691 1470
1691 1110
1691 1250
1691 1614
1691 1222
1692 1122
1692 1143
1692 1129
1692 1667
1692 1293
1693 1690
1693 1582
1693 1567
1693 1250
1693 1682
1693 1303
1694 1702
1694 1485
1694 1354
1694 1656
1694 1075
1694 1457
1694 1584
1694 1470
1694 1497
1694 1632
1694 1525
1695 1139
1695 1453
1695 1074
1695 1734
1695 1692
1695 1743
1695 1603
1695 2000
1696 1260
1697 1603
1698 1619
1698 1413
1698 1374
1698 1655
1698 1125
1699 1453
1699 1165
1699 1585
1700 1163
1700 1744
1702 1342
1702 1163
1702 1332
1702 1274
1702 1154
1702 1346
1702 1099
1702 1157
1702 1497
1702 1087
1702 1687
1702 1347
1702 1517
1702 1125
1702 1211
1702 1146
1702 1121
1702 1453
1702 1725
1702 1094
1703 1453
1703 1704
1703 1681
1703 1245
1704 1450
1704 1077
1704 1464
1704 1560
1704 1413
1704 1215
1704 1561
1704 1614
1704 1076
1704 1603
1704 1361
1704 1735
1704 1418
1704 1341
1704 1501
1704 1737
1704 1678
1704 1281
1704 1395
1705 1385
1705 1510
1705 1347
1705 1596
1705 1137
1705 1729
1706 1629
1706 1149
1706 1681
1706 1576
1706 1199
1707 1374
1708 1149
1708 1228
1708 1587
1708 1703
1708 1469
1708 1146
1708 1542
1708 1651
1708 1298
1708 1347
1708 1632
1708 1536
1708 1354
1709 1240
1709 1281
1709 1603
1709 1664
1710 1704
1713 1161
1713 1643
1713 1328
1714 1470
1714 1113
1714 1688
1714 1278
1714 1479
1716 1316
1716 1587
1716 1290
1716 1584
1716 1603
1716 1616
1716 1186
1716 1189
1716 1457
1716 1571
1716 1172
1716 1547
1716 1343
1716 1389
1716 1243
1717 1120
1718 1690
1718 1441
1718 1603
1718 1343
1719 1174
1719 1705
1719 1389
1719 1180
1719 1274
1719 1631
1719 1622
1719 1457
1719 1211
1719 1509
1719 1226
1719 1529
1719 1193
1720 1308
1720 1224
1720 1285
1720 1725
1721 1621
1722 1664
1722 1413
1722 1621
1723 1603
1723 1455
1723 1690
1723 1607
1723 1478
1723 1694
1723 1509
1723 1309
1723 1185
1723 1173
1723 1273
1723 1603
1723 1355
1723 1098
1723 1300
1723 1244
1724 1501
1724 1576
1725 1115
1725 1731
1725 1211
1725 1501
1725 1305
1725 1453
1725 1708
1725 1278
1725 1686
1725 1300
1725 1343
1726 1453
1726 1190
1726 1590
1726 1380
1727 1707
1727 1146
1727 1210
1728 1505
1728 1519
1728 1629
1728 1501
1728 1230
1728 1719
1728 1099
1728 1505
1728 1625
1728 1603
1729 1509
1729 1119
1729 1355
1729 1293
1729 1739
1729 1558
1729 1520
1729 1517
1730 1441
1730 1479
1730 1607
1730 1190
1730 1539
1730 1603
1731 1323
1731 1281
1731 1254
1731 1603
1732 1129
1733 1099
1733 1629
1733 1471
1733 1546
1733 1522
1733 1479
1733 1717
1733 1477
1733 1952
1734 1573
1734 1184
1734 1293
1734 1436
1734 1241
1734 1705
1734 1308
1734 1205
1734 1389
1735 1408
1735 1189
1735 1213
1735 1308
1735 1536
1736 1453
1737 1434
1737 1230
1737 1221
1737 1477
1737 1178
1737 1383
1737 1281
1737 1708
1737 1693
1737 1417
1737 1445
1737 1441
1737 1104
1737 1729
1737 1501
1737 1412
1737 1417
1737 1573
1738 1241
1738 1616
1739 1356
1739 1494
1739 1254
1739 1501
1739 1146
1739 1324
1739 1229
1739 1196
1739 1702
1739 1570
1739 1471
1739 1152
1741 1453
1741 1600
1741 1308
1741 1305
1741 1186
1741 1494
1742 1129
1742 1463
1742 1708
1742 1428
1742 1680
1742 1630
1742 1206
1743 1528
1743 1258
1743 1603
1743 1453
1743 1607
1743 1644
1743 1121
1743 1178
1743 1729
1744 1603
1745 1940
1746 1877
1746 1952
1746 1952
1746 1864
1746 1848
1749 1811
1749 1851
1749 1952
1749 1779
1749 1869
1749 1929
1749 1952
1750 1757
1750 1952
1750 1986
1750 1983
1751 1950
1752 2010
1753 1885
1753 1974
1755 1928
1755 1943
1756 1794
1756 1819
1756 1753
1757 1772
1758 1804
1758 1824
1759 1952
1759 1952
1759 1835
1760 1874
1761 1988
1761 2015
1761 1778
1761 1993
1761 1893
1762 1973
1763 1863
1763 1952
1763 1818
1763 1891
1764 1952
1764 1875
1765 1784
1765 1848
1767 1870
1767 1753
1767 1816
1767 1813
1769 1983
1769 1749
1769 1952
1770 1745
1771 1950
1771 1864
1772 2005
1773 1870
1773 1914
1774 1973
1774 2018
1774 1957
1774 1787
1775 1993
1775 2016
1775 1952
1775 1881
1775 1957
1775 1962
1775 1857
1775 1931
1775 2007
1777 1838
1777 1789
1779 1760
1779 1937
1781 1749
1781 1906
1781 2018
1781 1911
1781 1808
1782 1806
1782 1887
1782 2010
1783 1746
1784 1851
1784 2016
1784 1912
1786 1964
1786 1883
1786 1903
1788 1767
1788 1891
1789 1952
1789 1865
1791 1882
1791 1993
1791 1827
1791 1989
1791 1775
1791 1898
1791 1906
1791 1870
1794 1873
1794 1789
1797 1914
1797 1998
1797 1990
1797 1912
1798 1981
1798 1875
1800 2018
1800 1835
1800 1991
1801 1889
1801 1975
1801 1952
1801 1965
1801 1907
1802 1790
1802 1811
1802 1812
1802 1952
1802 1877
1802 1777
1802 1775
1804 1775
1806 1756
1807 1916
1807 1788
1807 1877
1807 1829
1808 1848
1808 1848
1808 1895
1809 1968
1809 1873
1809 1745
1809 1914
1809 1831
1810 1884
1810 1762
1810 1918
1811 1758
1812 1915
1812 1840
1814 1877
1814 1801
1814 1782
1814 1899
1816 1820
1817 1834
1817 1851
1817 1910
1818 1749
1818 1817
1818 1775
1820 1960
1820 1990
1820 1772
1820 1762
1820 1817
1820 1918
1820 1787
1821 1851
1821 1952
1822 1929
1823 1796
1824 1817
1824 1977
1827 1895
1827 1907
1827 1906
1828 1961
1828 1918
1828 1967
1829 1753
1831 1899
1831 1886
1832 1771
1832 1952
1832 1853
1832 1952
1833 2018
1833 2017
1833 1938
1833 1775
1834 1775
1834 1988
1834 1993
1834 1973
1834 1938
1835 1756
1835 1952
1835 1773
1835 1833
1835 1966
1837 1829
1837 1876
1837 1816
1838 1755
1838 1814
1838 1952
1839 1835
1840 1832
1841 1849
1842 1808
1842 1839
1842 1833
1844 1932
1845 1829
1846 1820
1846 2014
1847 1977
1847 1977
1848 1938
1848 1912
1848 1984
1848 1782
1849 1952
1849 1745
1850 1845
1851 1750
1851 1911
1851 1952
1851 1762
1851 1847
1851 1909
1852 1999
1852 1808
1857 1950
1857 1816
1858 1952
1858 1931
1859 2010
1860 1787
1861 1892
1863 1759
1863 1924
1863 1952
1866 1794
1866 2004
1866 1786
1867 1891
1868 1952
1869 1882
1869 1784
1870 1797
1870 1978
1871 1886
1871 1836
1872 1819
1872 1827
1872 1782
1872 1920
1873 1952
1874 1808
1874 1832
1874 1900
1875 1940
1875 1828
1875 1952
1876 1936
1877 1801
1877 1807
1877 1931
1877 1983
1877 1952
1877 1952
1877 1820
1877 1874
1877 1973
1878 1935
1878 1891
1879 1845
1879 1827
1880 1831
1881 1760
1881 1782
1882 1949
1882 1832
1882 1818
1882 1747
1882 1818
1883 1952
1883 1952
1883 1952
1883 1789
1883 1979
1883 1952
1885 1895
1885 1877
1886 1932
1886 1939
1887 1860
1887 1918
1887 1882
1887 1806
1888 1802
1888 1886
1890 1805
1890 1952
1891 1804
1891 1938
1891 1802
1891 1996
1891 1997
1891 1761
1891 1824
1892 1812
1892 1868
1893 1992
1893 1808
1893 1843
1893 1895
1895 1793
1895 1983
1896 1758
1896 1903
1898 1801
1898 1872
1898 2008
1900 1960
1900 1770
1900 1846
1901 1807
1903 1987
1904 1749
1904 1798
1905 1789
1905 1952
1905 1809
1905 1988
1906 1820
1906 1851
1906 1919
1906 1838
1906 1952
1907 1869
1907 1952
1907 1929
1907 1952
1908 1872
1908 1952
1908 1849
1909 1791
1909 1925
1909 1839
1909 1912
1911 1982
1911 1786
1912 1961
1912 1996
1912 1952
1912 1796
1913 1912
1913 1895
1913 1912
1914 1761
1914 1763
1914 1798
1914 1778
1915 1819
1915 1761
1915 1843
1915 1753
1916 1775
1916 1891
1917 1908
1918 1800
1918 1971
1918 1775
1918 1828
1918 2010
1919 1778
1919 1906
1919 1907
1919 1988
1919 1809
1919 1846
1920 1777
1920 1990
1920 1791
1921 2009
1921 2009
1921 1877
1921 1905
1922 1936
1923 1832
1923 2012
1924 1745
1924 1854
1924 1952
1925 1840
1925 1900
1925 2004
1925 1814
1925 1807
1926 1786
1928 1885
1929 1835
1929 2000
1929 1894
1929 1956
1929 1942
1929 1793
1930 1904
1930 1938
1930 1932
1931 1911
1932 1835
1932 1860
1932 1998
1933 1788
1933 1952
1933 2016
1934 1850
1934 1983
1936 1999
1936 1938
1936 1838
1937 1931
1938 1745
1938 1912
1938 2016
1938 1952
1938 1814
1938 1960
1938 1952
1938 1864
1939 1990
1939 1786
1939 1829
1939 1760
1939 1876
1940 1938
1941 1889
1942 1746
1945 1786
1945 1848
1945 1775
1947 1952
1947 1927
1948 1762
1948 1846
1948 1782
1949 1952
1949 1849
1950 1989
1950 1851
1950 1850
1950 1811
1950 1916
1951 1924
1952 1996
1952 1921
1952 1999
1952 1852
1952 1879
1952 1965
1952 1789
1952 1892
1952 1759
1952 1801
1952 1775
1952 1990
1952 1879
1952 1801
1952 1758
1952 1970
1952 1894
1952 1913
1952 1809
1952 1849
1952 1797
1952 1960
1952 1756
1952 1829
1952 1885
1952 1767
1952 1886
1952 1763
1952 1846
1952 1939
1952 1894
1952 1996
1952 1800
1952 1867
1952 1990
1952 1775
1952 1940
1952 1826
1952 1875
1952 1996
1952 1841
1952 1851
1952 1975
1952 1896
1952 1871
1952 1826
1952 1790
1952 1937
1952 1921
1952 1801
1952 1781
1952 1929
1954 1947
1954 2018
1956 1848
1956 1897
1956 1825
1956 1896
1957 1782
1957 1996
1958 1772
1959 1946
1959 1787
1959 1891
1960 2016
1960 1778
1960 1909
1960 1918
1960 1937
1961 1965
1961 1791
1961 1789
1961 1915
1963 1933
1964 1925
1965 1938
1965 1959
1967 1765
1967 1977
1967 1746
1969 1885
1970 1972
1970 1756
1971 1909
1971 1968
1973 1907
1974 1969
1975 1926
1975 1931
1975 1886
1975 1882
1975 1759
1976 1759
1976 1990
1977 1782
1979 1758
1979 1950
1980 1802
1981 1814
1981 1806
1981 1923
1982 1841
1982 1953
1982 1936
1983 1810
1983 1820
1983 1912
1984 1874
1984 1903
1984 1877
1984 1811
1986 1897
1986 1961
1986 1929
1986 1872
1987 1922
1988 1935
1988 1876
1989 1990
1989 1956
1989 1961
1989 1884
1990 1819
1990 1764
1990 1952
1990 1806
1990 1779
1990 1982
1991 2002
1991 1925
1992 1952
1992 1871
1992 1960
1992 1832
1993 1798
1993 2018
1993 1761
1993 1802
1993 1777
1993 1818
1993 1789
1993 1952
1993 1959
1993 1946
1996 1784
1996 1940
1996 1756
1996 1952
1996 1864
1997 1938
1997 1791
1997 1998
1998 1818
1998 1952
1998 1832
1998 1851
1999 1817
1999 1928
1999 2011
1999 2011
1999 2008
2000 1778
2000 1815
2001 1784
2001 1852
2001 1824
2002 1789
2002 1952
2002 1889
2002 1925
2002 1791
2005 1820
2005 1990
2006 1879
2008 1940
2008 1882
2008 1938
2008 1952
2008 1839
2008 1947
2009 1808
2010 1920
2010 1952
2010 1887
2010 1872
2010 1769
2010 1948
2011 1956
2011 1885
2011 1953
2011 1905
2011 1891
2012 1877
2015 1952
2016 1818
2016 1948
2016 1932
2017 1786
2018 1746
2018 1869
2018 1896
2018 1895
2018 1802
2018 1977