0 36
0 41
0 113
1 4
1 11
1 12
1 19
1 28
1 56
1 59
1 73
1 112
2 22
2 23
2 29
2 40
2 47
2 84
2 107
3 22
3 33
3 35
3 36
3 64
3 80
3 94
4 17
4 41
4 44
4 51
4 53
4 63
4 65
4 93
4 95
5 24
5 27
5 43
5 54
5 94
5 97
5 104
5 105
6 53
6 55
6 71
6 72
6 85
6 105
7 47
7 71
7 87
7 101
7 103
7 104
8 19
8 23
8 33
8 49
8 51
8 74
8 76
8 100
8 110
8 112
9 53
9 84
9 85
9 93
9 99
9 102
9 105
9 109
10 25
10 45
10 48
10 75
10 77
10 98
10 108
11 21
11 25
11 40
11 51
11 53
11 57
11 60
11 67
11 91
11 95
11 103
12 77
12 92
13 15
13 54
13 65
14 28
14 36
14 38
14 45
14 94
14 96
15 16
15 48
15 79
15 86
15 96
15 104
16 28
16 36
16 49
16 91
16 110
17 46
17 65
17 93
17 109
18 23
18 75
18 83
18 85
18 99
19 20
19 67
19 68
19 84
19 106
19 111
20 63
20 76
20 84
20 94
21 55
21 94
22 31
22 43
22 47
22 50
22 93
23 36
23 45
23 65
23 82
23 107
24 34
24 58
24 97
24 108
24 113
25 58
25 91
26 31
26 36
26 45
26 50
26 61
26 65
26 74
26 103
27 29
27 40
27 49
27 63
27 68
27 69
27 97
28 30
28 62
28 75
28 94
28 113
29 39
29 55
29 72
29 85
29 97
29 262
30 43
31 114
32 34
32 36
32 55
32 110
33 78
33 93
33 105
34 57
34 85
34 109
35 47
35 60
35 69
35 70
35 97
36 51
36 61
36 90
36 92
37 55
37 89
37 105
38 55
38 60
38 63
38 78
38 84
38 109
39 40
39 80
40 65
40 86
40 101
40 106
41 48
41 56
41 64
41 114
42 70
42 78
42 86
43 50
43 98
43 101
43 115
44 64
44 83
44 755
45 63
45 67
45 70
45 80
45 88
45 93
46 110
46 114
47 62
47 71
47 73
47 77
47 108
49 61
49 64
49 75
49 94
49 108
50 113
51 55
51 88
52 55
52 63
53 87
54 64
54 67
54 79
54 80
54 102
55 56
55 62
55 100
55 104
56 73
57 59
58 60
58 86
59 65
59 82
59 98
59 108
60 65
60 77
60 100
61 70
61 73
61 87
61 88
61 94
61 102
62 657
63 70
63 96
63 97
63 109
63 115
64 71
64 77
64 87
64 101
65 86
66 79
66 89
67 108
68 97
69 88
70 81
71 93
71 112
72 104
72 107
73 76
73 103
74 87
74 89
74 102
74 103
75 85
75 87
75 92
75 103
76 93
76 97
77 101
78 113
79 86
79 88
80 100
80 110
81 88
81 89
81 92
82 83
82 97
84 104
84 108
85 111
85 114
88 89
89 95
89 102
90 96
90 100
91 96
91 99
91 100
91 103
92 96
92 115
94 113
94 115
95 101
95 107
95 110
99 112
103 106
109 113
109 115
112 115
128 130
128 134
128 168
128 171
128 172
128 183
128 116
128 127
129 150
130 148
130 164
130 117
130 126
131 136
131 151
131 153
131 157
131 162
131 163
131 116
131 123
132 133
132 140
132 161
132 177
132 180
132 122
133 139
133 148
133 168
133 170
133 179
133 126
134 136
134 141
134 169
134 171
134 174
134 119
135 160
135 167
135 177
135 179
135 180
135 181
135 116
135 117
135 119
135 123
136 141
136 146
136 156
136 171
136 179
136 183
137 174
137 178
137 125
138 155
138 162
138 165
138 178
138 179
138 124
139 146
139 160
139 167
139 171
139 172
139 177
139 118
140 147
140 168
140 172
140 176
140 116
141 144
141 151
141 158
141 159
141 172
141 121
142 121
143 148
143 150
143 154
143 165
143 170
143 117
143 118
144 162
144 169
144 182
144 116
144 125
145 158
145 173
145 123
146 150
146 164
146 166
146 177
147 155
147 156
147 170
147 179
147 121
148 157
148 174
148 180
148 118
148 127
149 150
149 167
149 172
149 119
149 120
149 123
149 127
150 153
150 156
150 163
150 168
150 172
150 178
150 123
151 158
151 174
151 178
151 180
151 119
152 165
152 172
152 125
153 168
153 179
154 161
154 169
154 116
154 121
154 122
155 171
155 172
155 119
155 126
156 164
156 175
156 120
158 167
158 170
158 180
158 116
158 123
158 126
159 176
159 119
160 163
160 173
160 120
161 171
161 178
161 181
161 119
161 123
161 124
162 172
162 120
163 176
163 182
164 172
164 122
165 182
166 171
166 173
166 176
166 121
166 122
167 178
167 123
169 181
170 171
170 175
170 121
172 175
172 178
172 118
174 117
174 120
174 123
175 179
175 119
175 122
175 124
177 180
177 125
177 126
178 179
179 123
179 125
180 182
181 125
182 124
116 117
117 121
118 127
120 123
120 1304
121 126
122 127
125 126
184 238
184 270
184 419
184 427
184 467
184 527
184 534
184 541
184 554
184 594
184 606
184 617
184 619
184 623
184 624
185 193
185 194
185 204
185 221
185 262
185 316
185 360
185 384
185 448
185 462
185 495
185 496
185 509
185 510
185 527
185 540
185 542
185 566
185 582
185 614
185 621
186 194
186 226
186 236
186 251
186 269
186 284
186 319
186 364
186 380
186 382
186 406
186 407
186 416
186 478
186 482
186 498
186 522
186 525
186 533
186 536
186 541
186 545
186 554
186 586
186 613
186 623
187 201
187 234
187 290
187 308
187 318
187 322
187 376
187 383
187 396
187 444
187 476
187 488
187 490
187 503
187 550
187 558
187 565
187 570
187 601
187 604
188 213
188 226
188 256
188 345
188 349
188 375
188 444
188 567
188 599
188 614
189 288
189 312
189 347
189 398
189 436
189 456
189 489
189 492
189 497
189 506
189 532
189 538
189 551
189 580
189 582
189 604
189 609
189 611
189 629
190 221
190 240
190 253
190 260
190 261
190 346
190 357
190 418
190 426
190 432
190 442
190 460
190 469
190 473
190 490
190 547
190 549
190 550
190 556
190 563
190 593
190 600
190 609
191 204
191 222
191 368
191 432
191 434
191 444
191 494
191 522
191 545
191 584
191 595
192 197
192 231
192 251
192 253
192 286
192 366
192 436
192 441
192 444
192 486
192 490
192 504
192 540
192 587
192 599
192 619
193 259
193 359
193 375
193 377
193 379
193 400
193 426
193 468
193 487
193 521
193 567
193 577
193 585
193 617
193 622
194 262
194 264
194 293
194 299
194 342
194 368
194 370
194 385
194 396
194 412
194 434
194 488
194 504
194 511
194 519
194 561
194 567
194 569
194 573
194 630
195 291
195 309
195 340
195 347
195 358
195 402
195 480
195 483
195 486
195 493
195 514
195 538
195 543
195 558
195 560
195 563
195 609
195 619
195 625
195 626
196 205
196 206
196 245
196 297
196 315
196 347
196 356
196 357
196 364
196 373
196 375
196 378
196 409
196 443
196 476
196 489
196 496
196 524
196 549
196 567
196 577
196 583
196 600
196 602
197 212
197 266
197 280
197 298
197 304
197 307
197 308
197 325
197 342
197 444
197 494
197 526
198 273
198 294
198 316
198 367
198 377
198 390
198 420
198 423
198 467
198 471
198 505
198 509
198 538
198 596
198 621
199 265
199 280
199 282
199 381
199 393
199 404
199 414
199 438
199 448
199 467
199 502
199 523
199 549
199 556
199 583
199 584
199 610
199 622
200 240
200 243
200 280
200 310
200 330
200 338
200 389
200 390
200 396
200 454
200 469
200 473
200 487
200 575
200 578
200 588
200 599
200 613
200 616
200 625
201 213
201 219
201 230
201 244
201 267
201 283
201 315
201 322
201 338
201 352
201 384
201 397
201 461
201 498
201 540
201 551
201 553
201 556
201 559
201 624
202 298
202 352
202 367
202 400
202 426
202 428
202 446
202 530
202 532
202 573
202 579
202 583
202 624
203 241
203 295
203 335
203 408
203 421
203 482
203 487
203 506
203 518
203 525
203 544
203 564
203 574
203 575
203 598
204 253
204 304
204 328
204 389
204 420
204 421
204 423
204 497
204 520
204 541
204 542
204 558
204 577
204 596
204 612
205 224
205 243
205 246
205 364
205 426
205 481
205 551
205 577
205 578
206 216
206 225
206 252
206 303
206 353
206 373
206 425
206 426
206 455
206 456
206 465
206 473
206 534
206 545
206 631
207 241
207 249
207 252
207 298
207 355
207 373
207 421
207 427
207 431
207 473
207 498
207 500
207 516
207 521
207 525
207 535
207 583
208 223
208 245
208 251
208 279
208 299
208 308
208 366
208 471
208 490
208 550
208 589
208 600
209 220
209 236
209 294
209 420
209 463
209 489
209 500
209 537
209 554
209 591
210 231
210 300
210 318
210 357
210 375
210 396
210 421
210 517
210 542
210 571
210 577
210 587
210 599
210 614
210 617
211 245
211 263
211 301
211 312
211 333
211 370
211 371
211 393
211 421
211 428
211 432
211 444
211 446
211 459
211 500
211 539
211 581
211 590
212 244
212 273
212 335
212 364
212 448
212 489
212 519
212 550
212 589
213 226
213 251
213 259
213 264
213 343
213 375
213 399
213 409
213 435
213 512
213 513
213 533
213 563
213 626
214 227
214 242
214 263
214 299
214 321
214 347
214 394
214 495
214 524
214 558
214 588
214 591
214 618
214 631
215 245
215 291
215 295
215 308
215 321
215 324
215 347
215 351
215 352
215 367
215 422
215 435
215 466
215 535
215 538
215 543
215 550
215 555
216 220
216 221
216 366
216 373
216 416
216 420
216 421
216 436
216 464
216 474
216 506
216 525
216 540
216 592
216 612
216 616
217 223
217 231
217 235
217 267
217 302
217 357
217 394
217 406
217 420
217 448
217 485
217 543
217 550
217 566
217 571
217 572
217 610
217 623
218 232
218 239
218 328
218 335
218 350
218 365
218 391
218 439
218 460
218 468
218 476
218 508
218 515
218 528
218 549
218 557
218 589
219 228
219 249
219 321
219 324
219 450
220 231
220 312
220 322
220 358
220 369
220 371
220 377
220 424
220 427
220 438
220 471
220 534
220 545
220 583
220 627
221 240
221 332
221 345
221 353
221 361
221 379
221 380
221 416
221 447
221 453
221 516
221 517
221 550
221 572
221 574
221 582
221 597
222 230
222 269
222 270
222 333
222 335
222 352
222 378
222 388
222 438
222 490
222 518
222 567
223 364
223 411
223 440
223 444
223 455
223 491
223 493
223 495
223 567
223 568
223 587
223 612
224 228
224 242
224 331
224 380
224 412
224 505
224 548
224 609
224 617
225 233
225 278
225 376
225 401
225 457
225 459
225 463
225 468
225 482
225 509
225 621
225 630
226 248
226 265
226 292
226 323
226 339
226 340
226 350
226 479
226 494
226 584
227 241
227 295
227 372
227 426
227 440
227 513
227 526
227 541
228 232
228 234
228 249
228 334
228 335
228 338
228 371
228 408
228 455
228 510
228 535
228 539
228 559
228 599
229 279
229 382
229 411
229 468
229 484
229 505
229 538
229 559
229 611
229 619
230 263
230 284
230 290
230 316
230 384
230 388
230 490
230 539
230 552
230 561
230 591
231 300
231 302
231 309
231 322
231 342
231 352
231 370
231 412
231 499
231 502
231 518
231 523
231 525
231 541
231 586
231 622
232 259
232 358
232 382
232 396
232 405
232 435
232 455
232 465
232 478
232 489
232 550
232 569
233 248
233 308
233 312
233 403
233 409
233 437
233 457
233 466
233 475
233 523
233 539
233 557
233 576
233 577
233 606
233 626
234 235
234 253
234 254
234 304
234 353
234 356
234 375
234 376
234 460
234 480
234 494
234 503
234 540
234 599
234 614
234 622
235 301
235 326
235 344
235 403
235 424
235 426
235 429
235 467
235 476
235 520
235 556
235 577
235 580
235 601
236 249
236 264
236 275
236 283
236 316
236 324
236 335
236 372
236 422
236 439
236 527
236 549
236 574
237 247
237 286
237 328
237 348
237 373
237 391
237 414
237 427
237 448
237 449
237 472
237 526
237 533
237 541
237 609
238 254
238 279
238 301
238 306
238 342
238 348
238 381
238 385
238 388
238 499
238 505
238 511
238 521
238 535
238 548
238 561
238 565
238 613
238 618
239 246
239 264
239 283
239 309
239 349
239 350
239 353
239 385
239 423
239 468
239 481
239 488
239 502
239 523
239 578
239 595
240 250
240 269
240 270
240 333
240 355
240 426
240 463
240 502
240 523
240 544
240 545
241 249
241 258
241 267
241 286
241 313
241 350
241 361
241 395
241 407
241 424
241 455
241 460
241 494
241 593
241 609
241 619
241 620
241 628
242 255
242 261
242 343
242 360
242 363
242 388
242 424
242 437
242 451
242 498
242 499
242 516
242 520
242 530
242 553
242 590
242 592
243 257
243 268
243 341
243 446
243 458
243 508
243 532
243 535
243 575
243 576
244 270
244 305
244 306
244 340
244 375
244 400
244 406
244 434
244 444
244 483
244 530
244 536
244 547
244 588
244 590
244 605
244 611
244 623
245 266
245 280
245 332
245 358
245 396
245 406
245 411
245 421
245 455
245 481
245 487
245 505
245 510
245 520
245 532
245 548
246 340
246 368
246 375
246 376
246 393
246 402
246 410
246 415
246 435
246 486
246 618
246 625
246 631
247 278
247 329
247 352
247 389
247 395
247 405
247 411
247 439
247 441
247 444
247 480
247 485
247 532
247 568
247 569
247 583
247 585
247 616
247 629
248 279
248 328
248 364
248 375
248 447
248 458
248 479
248 496
248 605
248 629
249 253
249 312
249 328
249 331
249 342
249 350
249 383
249 410
249 433
249 475
249 483
249 494
249 496
249 535
249 537
249 601
249 626
250 265
250 294
250 316
250 381
250 390
250 402
250 459
250 487
250 504
250 521
250 522
250 528
250 529
250 586
251 264
251 326
251 337
251 364
251 397
251 436
251 461
251 481
251 484
251 530
251 559
251 576
251 580
251 616
251 629
251 631
251 718
252 258
252 302
252 348
252 350
252 357
252 361
252 379
252 387
252 424
252 425
252 488
252 496
252 510
252 555
252 572
252 608
253 278
253 361
253 388
253 412
253 423
253 473
253 475
253 477
253 487
253 525
253 543
253 569
253 626
253 629
253 630
254 260
254 296
254 379
254 420
254 470
254 625
255 274
255 281
255 284
255 309
255 336
255 370
255 397
255 419
255 430
255 444
255 493
255 501
255 502
255 512
255 520
255 555
255 572
255 591
255 606
255 618
256 271
256 297
256 371
256 419
256 432
256 447
256 462
256 465
256 481
256 489
256 505
256 559
256 560
256 563
256 590
256 594
256 630
257 260
257 341
257 417
257 421
257 442
257 445
257 456
257 478
257 485
257 497
257 513
257 540
257 560
257 568
257 602
257 619
257 628
258 309
258 349
258 354
258 356
258 357
258 378
258 484
258 496
258 568
259 336
259 342
259 365
259 382
259 395
259 447
259 448
259 548
259 549
259 554
259 578
259 596
260 265
260 271
260 335
260 354
260 375
260 444
260 483
260 490
260 505
260 525
260 542
260 582
260 630
261 331
261 401
261 416
261 459
261 538
261 557
261 596
261 605
261 618
262 321
262 374
262 492
262 496
262 521
262 536
262 538
262 557
262 613
262 614
263 346
263 387
263 401
263 442
263 465
263 502
263 514
263 540
263 567
263 606
264 320
264 353
264 359
264 381
264 407
264 450
264 475
264 491
264 524
264 600
265 282
265 285
265 345
265 437
265 453
265 463
265 485
265 511
265 512
265 533
265 536
265 560
265 588
266 295
266 305
266 334
266 351
266 358
266 401
266 457
266 461
266 467
266 482
266 520
266 524
266 571
266 588
266 595
266 608
267 296
267 373
267 379
267 408
267 417
267 426
267 450
267 452
267 460
267 527
267 531
267 540
267 546
267 564
267 589
267 631
268 285
268 297
268 382
268 399
268 427
268 429
268 430
268 438
268 536
269 270
269 278
269 291
269 324
269 346
269 380
269 457
269 460
269 476
269 485
269 489
269 533
269 537
269 568
269 579
270 276
270 291
270 293
270 303
270 304
270 333
270 365
270 374
270 553
270 557
270 607
270 611
271 444
271 445
271 481
271 493
271 500
271 528
271 594
271 595
272 273
272 286
272 329
272 343
272 407
272 415
272 438
272 473
272 479
272 480
272 513
272 533
272 556
272 601
272 629
273 366
273 413
273 433
273 482
273 526
273 556
273 591
274 288
274 303
274 317
274 374
274 375
274 382
274 383
274 390
274 428
274 480
274 487
274 540
274 554
274 575
274 578
274 623
275 318
275 323
275 328
275 367
275 368
275 395
275 400
275 412
275 472
275 487
275 552
275 568
276 292
276 308
276 335
276 379
276 388
276 389
276 420
276 444
276 445
276 497
276 504
276 523
276 541
276 546
276 577
276 581
276 583
276 620
277 285
277 295
277 355
277 365
277 367
277 397
277 399
277 431
277 494
277 558
277 584
277 600
277 620
278 300
278 452
278 471
278 475
278 497
278 507
278 526
278 532
279 291
279 305
279 314
279 332
279 447
279 459
279 497
279 504
279 509
279 555
279 585
279 623
280 321
280 327
280 350
280 357
280 360
280 383
280 393
280 414
280 453
280 467
280 472
280 519
280 587
280 594
280 629
281 302
281 319
281 343
281 374
281 408
281 416
281 436
281 438
281 441
281 519
281 538
281 567
281 980
282 286
282 314
282 344
282 399
282 431
282 462
282 478
282 538
282 555
282 628
282 629
283 319
283 373
283 379
283 412
283 434
283 487
283 504
283 526
283 570
283 574
283 615
283 622
284 287
284 322
284 325
284 358
284 374
284 388
284 471
284 484
284 525
284 527
284 568
284 607
285 306
285 307
285 325
285 338
285 369
285 370
285 388
285 391
285 418
285 448
285 465
285 474
285 620
286 331
286 348
286 362
286 443
286 448
286 508
286 552
286 601
287 310
287 325
287 363
287 399
287 452
287 501
287 523
287 528
287 532
287 533
287 547
287 550
287 560
287 596
287 607
288 309
288 329
288 359
288 491
288 492
288 495
288 534
288 556
288 559
289 396
289 412
289 454
289 484
289 500
289 509
289 575
289 595
289 606
289 620
290 326
290 353
290 371
290 427
290 463
290 488
290 520
290 595
290 618
291 326
291 393
291 461
291 488
291 494
291 555
291 590
291 606
291 616
292 312
292 335
292 357
292 361
292 382
292 411
292 438
292 461
292 462
292 502
292 507
293 336
293 363
293 386
293 389
293 504
293 512
293 532
293 543
293 559
293 569
294 303
294 319
294 358
294 388
294 394
294 398
294 437
294 463
294 530
294 540
294 578
294 589
294 590
294 599
294 603
294 608
294 1047
295 301
295 327
295 344
295 346
295 349
295 355
295 366
295 376
295 405
295 418
295 460
295 477
295 478
295 504
295 521
295 526
295 569
295 575
295 618
295 624
296 299
296 300
296 333
296 371
296 385
296 477
296 482
296 534
296 551
296 566
296 567
296 583
296 605
296 622
297 322
297 399
297 408
297 439
297 477
297 505
297 557
297 590
297 593
297 604
297 606
298 332
298 357
298 383
298 490
298 532
298 533
298 537
298 551
298 575
298 589
298 612
298 624
299 393
299 395
299 404
299 407
299 412
299 429
299 447
299 512
299 525
299 579
299 597
300 396
300 411
300 449
300 505
300 540
300 557
300 567
300 573
300 594
300 618
301 323
301 352
301 366
301 375
301 414
301 487
301 563
301 610
302 314
302 381
302 458
302 476
302 478
302 510
302 538
302 574
302 575
302 593
302 594
302 623
303 311
303 325
303 346
303 353
303 362
303 380
303 422
303 479
303 497
303 507
303 516
303 529
303 582
303 621
304 324
304 350
304 450
304 521
304 533
304 541
304 615
304 630
305 321
305 348
305 366
305 398
305 444
305 465
305 479
305 482
305 505
305 527
305 561
305 579
306 337
306 346
306 356
306 449
306 512
306 515
306 524
306 593
306 618
307 316
307 366
307 367
307 400
307 416
307 452
307 528
307 553
307 587
307 620
308 314
308 321
308 328
308 331
308 351
308 415
308 428
308 443
308 482
308 560
308 573
308 618
309 345
309 356
309 400
309 415
309 447
309 482
309 497
309 499
309 506
309 513
309 534
309 553
309 606
310 337
310 487
310 498
310 518
310 594
311 315
311 316
311 329
311 334
311 362
311 416
311 446
311 471
311 491
311 510
311 535
311 567
311 612
311 618
312 323
312 334
312 434
312 436
312 437
312 446
312 466
312 481
312 567
312 622
313 354
313 390
313 428
313 437
313 444
313 480
313 547
313 555
313 570
313 582
313 628
314 363
314 472
314 500
314 537
314 565
314 572
315 353
315 401
315 446
315 481
315 491
315 597
316 371
316 384
316 389
316 407
316 489
316 497
316 520
316 548
316 552
316 592
317 357
317 435
317 474
317 493
317 605
318 347
318 384
318 410
318 411
318 416
318 434
318 440
318 443
318 473
318 494
318 514
318 522
318 623
319 378
319 415
319 448
319 549
319 565
320 335
320 357
320 508
320 517
320 522
320 566
320 572
320 601
320 610
320 617
321 333
321 342
321 366
321 384
321 416
321 419
321 427
321 429
321 443
321 450
321 456
321 474
321 493
321 538
321 600
321 610
322 341
322 374
322 383
322 384
322 385
322 406
322 438
322 465
322 543
322 586
322 591
322 612
323 367
323 399
323 458
323 475
323 485
323 549
323 581
323 626
324 356
324 360
324 362
324 381
324 426
324 454
324 482
324 554
324 569
324 590
324 605
325 345
325 356
325 362
325 369
325 408
325 431
325 486
325 528
325 556
325 577
325 581
326 430
326 488
326 606
327 430
327 436
327 491
327 519
327 560
327 566
327 592
327 611
327 614
328 339
328 345
328 387
328 405
328 457
328 563
329 364
329 365
329 369
329 377
329 404
329 415
329 447
329 491
329 581
329 615
329 629
330 360
330 423
330 434
330 480
330 503
330 506
330 512
330 624
330 631
331 333
331 354
331 492
331 521
331 540
331 542
331 548
331 617
332 335
332 346
332 368
332 419
332 431
332 447
332 464
332 485
332 490
332 531
332 536
332 540
332 553
332 554
333 344
333 351
333 373
333 393
333 400
333 413
333 435
333 446
333 470
333 547
333 563
333 567
333 568
333 630
334 345
334 392
334 404
334 436
334 456
334 469
334 476
334 508
334 552
334 567
334 603
335 337
335 377
335 384
335 405
335 419
335 432
335 482
335 486
335 494
335 509
335 536
335 559
335 577
335 596
335 599
335 616
336 356
336 359
336 368
336 391
336 419
336 444
336 464
336 470
336 474
336 479
336 481
336 484
336 490
336 515
336 603
336 620
336 628
336 629
337 345
337 383
337 391
337 392
337 393
337 416
337 439
337 454
337 463
337 467
337 495
337 510
337 523
337 529
337 538
337 557
337 561
338 406
338 431
338 444
338 544
338 589
338 608
338 617
339 492
339 512
339 582
339 619
340 343
340 351
340 421
340 432
340 454
340 463
340 478
340 503
340 520
340 523
340 526
340 537
340 603
340 610
341 354
341 384
341 395
341 401
341 446
341 449
341 462
341 529
341 550
341 568
341 585
341 597
341 614
342 344
342 360
342 383
342 438
342 489
342 540
342 598
342 612
343 346
343 348
343 359
343 360
343 367
343 406
343 407
343 426
343 458
343 461
343 463
343 464
343 479
343 516
343 519
343 530
343 547
343 587
344 367
344 393
344 404
344 421
344 437
344 439
344 441
344 571
344 598
344 599
344 614
345 382
345 388
345 406
345 458
345 470
345 480
345 487
345 529
345 545
345 575
345 602
345 621
346 371
346 427
346 440
346 444
346 520
346 528
346 587
346 598
347 370
347 390
347 404
347 426
347 446
347 470
347 474
347 493
347 518
347 611
348 366
348 369
348 391
348 439
348 454
348 459
348 497
349 353
349 395
349 491
349 496
349 516
349 541
349 558
349 573
350 386
350 425
350 517
350 598
350 599
350 610
350 623
350 625
351 377
351 382
351 397
351 424
351 435
351 541
351 614
351 621
352 361
352 372
352 375
352 385
352 464
352 487
352 508
352 511
352 558
352 567
352 622
353 355
353 378
353 405
353 419
353 489
353 529
353 532
353 535
353 579
353 596
354 370
354 396
354 418
354 477
354 507
354 549
354 552
354 570
354 597
354 603
354 612
355 365
355 407
355 417
355 424
355 430
355 463
355 465
355 491
355 525
355 582
355 594
355 610
355 624
356 369
356 396
356 425
356 442
356 451
356 463
356 518
356 525
356 593
356 631
357 362
357 364
357 386
357 393
357 406
357 410
357 443
357 450
357 627
358 423
358 443
358 477
358 494
358 499
358 549
358 583
358 622
359 415
359 478
359 488
359 505
359 514
359 561
359 568
359 569
359 574
359 619
359 622
360 434
360 474
360 503
360 556
360 562
360 568
360 570
360 630
361 388
361 437
361 460
361 494
361 511
361 548
361 575
361 620
362 374
362 442
362 445
362 457
362 478
362 495
362 496
362 501
362 599
362 607
363 391
363 392
363 492
363 516
363 537
363 541
363 542
363 611
364 393
364 512
364 517
364 539
364 544
364 551
364 573
364 576
365 377
365 396
365 462
365 471
365 543
365 593
365 613
366 378
366 418
366 438
366 449
366 572
366 593
366 628
367 506
367 511
367 513
367 554
367 563
367 568
367 572
367 580
368 369
368 376
368 516
369 380
369 383
369 400
369 444
369 491
369 494
369 572
369 630
370 374
370 377
370 383
370 384
370 389
370 452
370 453
370 489
370 549
370 558
370 586
370 591
370 593
371 390
371 391
371 395
371 398
371 405
371 416
371 435
371 515
371 562
371 630
372 378
372 380
372 383
372 406
372 409
372 515
372 524
372 528
372 533
372 597
372 630
373 390
373 432
373 433
373 481
373 493
373 506
373 595
373 618
374 397
374 399
374 474
374 477
374 522
374 532
374 540
374 548
374 557
375 379
375 391
375 392
375 394
375 414
375 425
375 466
375 482
375 488
375 495
375 511
375 524
375 561
375 596
375 604
376 391
376 402
376 421
376 424
376 451
376 469
376 523
376 555
376 564
376 570
376 595
376 617
376 620
377 402
377 419
377 463
377 532
377 546
377 606
378 382
378 383
378 432
378 465
378 467
378 505
378 526
378 577
378 620
378 624
379 437
379 457
379 493
379 504
379 526
379 528
379 549
379 554
380 409
380 469
380 502
380 527
380 533
380 540
380 593
381 389
381 410
381 420
381 439
381 442
381 453
381 531
381 542
381 563
381 564
381 609
381 611
382 393
382 394
382 412
382 423
382 517
382 520
382 565
382 627
383 404
383 434
383 468
383 582
383 609
384 467
384 563
384 577
385 389
385 464
385 484
385 486
385 502
385 559
385 596
385 620
386 393
386 403
386 410
386 438
386 491
386 493
386 575
386 579
386 593
387 401
387 489
387 573
388 406
388 476
388 483
388 533
388 577
388 602
389 447
389 451
389 462
389 465
389 471
389 476
389 493
389 534
389 605
390 429
390 433
390 450
390 491
390 511
390 521
390 586
390 591
390 605
391 407
391 414
391 457
391 483
391 499
391 502
391 547
391 567
391 582
391 587
391 591
391 592
391 596
392 447
392 452
392 492
392 496
392 522
392 535
392 557
392 593
392 630
393 425
393 443
393 452
393 455
393 477
393 498
393 600
393 615
393 904
394 419
394 462
394 525
394 550
394 586
394 602
395 465
395 547
395 579
395 595
396 421
396 469
396 508
396 512
396 531
396 550
396 571
396 595
396 620
397 410
397 419
397 436
397 466
397 506
397 587
397 626
398 407
398 430
398 435
398 439
398 440
398 459
398 568
398 574
398 575
398 581
399 424
399 441
399 492
399 532
399 558
399 722
400 409
400 461
400 462
400 478
400 498
400 512
400 553
400 595
400 616
401 414
401 419
401 461
401 469
401 475
401 489
401 511
401 515
401 533
401 540
401 577
401 585
401 593
401 624
401 625
401 1062
402 429
402 435
402 447
402 468
402 482
402 486
402 487
402 526
402 543
402 629
403 417
403 424
403 433
403 481
403 483
403 504
403 505
403 575
403 588
403 613
404 409
404 426
404 433
404 450
404 466
404 525
404 551
404 623
405 435
405 460
406 431
406 529
406 556
406 569
406 575
406 604
407 484
407 489
407 503
407 531
407 558
407 582
407 615
408 414
408 438
408 494
408 509
408 516
408 575
409 432
409 451
409 477
409 489
409 510
409 522
409 533
409 605
410 428
410 463
410 494
410 526
410 581
410 615
411 459
411 499
411 557
411 575
411 624
412 430
412 468
412 505
412 506
412 521
412 544
412 554
412 592
412 605
412 612
413 459
413 520
413 580
413 586
413 599
414 480
414 503
414 550
414 556
414 570
414 610
414 614
415 424
415 427
415 428
415 433
415 464
415 473
415 494
415 548
415 556
415 569
415 607
415 622
416 428
416 436
416 501
416 553
416 558
416 573
416 605
416 616
416 628
417 450
417 515
417 545
417 556
417 558
417 584
417 602
417 611
417 624
418 444
418 474
418 484
418 488
418 547
418 593
419 440
419 451
419 482
419 533
419 562
419 571
419 593
419 607
420 423
420 497
420 566
420 594
420 600
420 626
420 628
421 439
421 446
421 449
421 451
421 462
421 545
421 563
421 572
421 574
421 595
421 619
422 463
422 484
422 490
422 505
422 557
422 560
422 581
422 582
422 619
423 431
423 446
423 527
423 555
423 567
423 586
423 597
423 624
424 521
424 608
424 620
425 436
425 464
425 477
425 512
425 540
425 556
425 564
425 566
425 582
426 570
426 590
426 611
426 613
427 454
427 579
427 616
428 441
428 467
428 479
428 498
428 503
428 507
428 521
428 535
428 537
428 551
428 626
429 481
429 501
429 519
429 522
429 542
429 591
430 449
430 456
430 464
430 489
430 527
430 566
430 584
430 627
431 471
431 480
431 487
431 532
431 539
431 551
431 572
432 519
432 522
433 434
433 465
433 481
433 485
433 498
433 518
433 531
433 567
434 472
434 478
434 502
434 528
434 536
434 549
434 602
434 605
435 462
435 475
435 477
435 555
435 601
435 622
436 442
436 458
436 464
436 475
436 496
436 514
436 528
436 565
436 581
436 601
437 467
437 520
437 527
437 569
437 582
437 587
437 611
438 454
438 472
438 534
438 538
438 556
438 572
438 599
438 604
439 467
439 535
439 539
439 631
440 456
440 463
440 481
440 502
440 515
440 525
440 527
440 577
440 587
441 476
441 497
441 513
441 524
441 550
441 552
441 607
442 461
442 471
442 476
442 481
442 487
442 520
442 580
442 587
442 595
442 617
442 631
443 461
443 520
443 579
443 625
444 464
444 475
444 528
444 595
444 597
444 600
444 611
445 450
445 462
445 485
445 490
445 505
445 563
445 576
445 606
446 449
446 463
446 523
446 588
446 622
446 623
447 465
447 497
447 514
447 584
448 459
448 460
448 469
448 474
448 507
448 524
448 546
448 587
448 593
448 630
449 491
449 518
449 527
449 545
449 551
449 576
449 592
449 610
449 619
450 461
450 478
450 480
450 482
450 507
450 521
450 532
450 543
450 558
450 592
450 610
451 472
451 473
451 488
451 495
451 528
451 534
451 558
451 563
451 586
451 607
451 624
452 500
452 504
452 519
452 562
452 569
452 592
452 607
452 625
453 506
453 614
453 1101
454 501
454 503
454 597
455 477
455 551
455 558
455 589
455 615
456 494
456 518
456 530
456 588
456 616
457 524
457 536
457 546
457 586
457 620
457 631
458 464
458 498
458 500
458 542
458 544
458 552
458 574
458 587
459 488
459 490
459 514
459 548
459 566
460 521
460 524
460 541
460 612
460 1256
461 464
461 489
461 560
461 597
461 622
462 470
462 501
462 562
462 576
463 542
463 547
463 559
463 570
463 579
463 612
464 505
464 532
464 533
464 547
464 568
464 612
464 1137
465 473
465 497
465 549
465 551
465 560
465 566
466 488
466 498
466 499
466 532
466 553
466 990
467 499
467 507
467 523
467 530
467 531
467 537
467 559
467 596
467 620
468 543
469 515
469 518
469 547
470 540
470 548
471 487
471 531
471 542
471 550
471 578
471 601
472 478
472 482
472 522
472 538
472 551
472 557
472 580
472 588
472 592
472 601
472 628
473 474
473 484
473 504
473 522
473 533
473 568
473 575
473 589
474 509
474 519
474 579
474 590
474 631
475 489
475 491
475 494
475 502
475 509
475 511
475 515
475 524
475 525
475 538
475 607
476 496
476 506
476 580
476 728
477 526
477 556
477 571
477 574
477 622
478 490
478 553
478 578
478 610
478 612
478 624
478 926
479 543
479 545
479 559
480 510
480 630
481 529
481 556
481 574
481 581
481 583
481 599
482 526
482 543
482 549
482 616
483 497
483 619
484 502
484 529
484 534
484 567
484 572
484 576
484 584
484 587
484 604
485 512
485 537
485 540
485 569
485 571
485 614
485 627
486 508
487 522
487 523
487 603
487 612
487 615
487 619
488 521
488 530
488 535
488 544
488 599
488 609
488 612
489 498
489 510
489 597
489 620
490 524
490 572
490 584
491 544
491 576
492 497
492 578
492 591
493 536
493 544
493 596
493 630
494 496
494 537
494 551
494 566
494 592
494 607
495 500
495 508
495 528
495 536
495 539
495 579
495 596
495 618
495 625
496 503
496 514
496 557
496 559
496 569
496 619
497 614
498 525
498 580
498 583
498 598
499 540
499 552
499 555
499 564
499 579
499 598
499 610
499 619
500 501
500 504
500 563
500 593
500 598
500 603
501 509
501 581
501 602
501 624
502 624
503 507
503 528
503 531
503 542
503 583
504 545
504 554
504 580
504 624
504 627
505 562
505 564
505 581
505 587
505 630
506 589
506 594
506 595
506 623
506 629
506 630
507 568
507 577
507 613
507 617
507 625
508 521
508 527
508 583
508 609
508 628
509 510
509 569
509 586
509 589
509 603
509 613
509 614
509 625
510 530
510 532
510 552
511 518
511 584
511 623
512 532
512 543
512 556
513 517
513 520
513 551
513 581
513 619
514 522
514 568
514 595
514 625
515 542
516 517
516 553
516 567
516 580
516 605
517 533
517 591
517 617
518 541
518 545
518 587
518 620
519 529
519 532
520 589
520 620
521 557
521 561
521 566
521 613
522 529
522 576
522 586
522 589
522 617
523 553
523 564
523 594
523 601
523 608
524 590
524 596
525 549
525 558
525 561
525 596
525 613
526 587
526 604
526 608
527 563
527 606
527 612
528 549
528 568
528 575
528 588
529 535
529 577
529 590
529 596
529 597
529 600
529 627
530 547
530 576
531 535
531 536
532 555
532 601
533 544
533 608
534 589
534 607
534 625
535 571
535 582
535 583
535 612
536 545
536 566
536 602
536 611
537 568
537 621
537 626
538 569
538 575
538 603
538 614
538 616
539 573
539 616
540 588
541 572
541 591
542 608
543 548
543 574
543 609
544 593
544 620
545 578
545 599
545 601
545 622
546 576
546 585
546 595
546 598
546 617
546 1221
547 558
547 587
547 629
548 557
548 559
548 579
548 590
548 606
548 611
548 619
549 552
549 592
549 613
549 630
549 631
550 606
550 625
551 558
551 609
551 618
552 604
553 575
553 631
554 569
554 607
554 611
554 613
555 556
555 570
555 614
555 1111
556 583
557 599
558 591
558 604
558 627
559 570
559 593
559 621
560 601
561 595
561 613
562 605
562 612
562 615
563 565
563 570
563 621
563 622
564 568
564 621
565 576
565 581
566 570
566 572
566 589
567 579
568 575
568 578
568 589
568 592
569 583
569 605
569 627
570 572
570 602
572 617
573 615
573 1061
574 602
575 600
575 620
575 621
575 626
576 590
576 595
576 596
576 627
577 579
577 587
577 614
578 591
578 597
578 624
579 611
579 628
581 590
581 594
582 612
582 627
583 584
583 590
583 595
583 623
583 628
584 605
584 610
584 615
587 594
587 613
589 592
589 601
589 627
590 617
591 598
591 619
591 628
593 601
593 629
595 603
596 615
596 616
597 602
597 616
597 619
598 616
598 617
598 622
598 623
599 606
599 610
599 621
600 617
601 616
602 618
602 627
602 631
603 631
604 628
606 609
608 629
611 612
611 617
612 1007
613 630
615 623
615 631
617 619
617 630
619 629
620 622
620 628
622 629
623 628
624 626
626 631
632 640
632 665
632 678
632 682
632 708
632 711
632 712
632 731
632 746
632 749
632 768
632 777
632 779
632 780
632 796
632 820
632 821
632 839
632 844
632 857
632 869
633 640
633 647
633 648
633 650
633 654
633 655
633 665
633 668
633 680
633 681
633 684
633 690
633 693
633 714
633 721
633 725
633 741
633 753
633 766
633 792
633 799
633 812
633 814
633 836
633 850
633 853
633 858
633 868
633 872
633 877
633 878
634 640
634 647
634 656
634 659
634 689
634 702
634 704
634 715
634 716
634 720
634 722
634 730
634 744
634 746
634 747
634 748
634 751
634 752
634 767
634 768
634 774
634 781
634 807
634 812
634 832
634 834
634 845
634 849
635 639
635 642
635 662
635 671
635 680
635 688
635 695
635 697
635 702
635 705
635 726
635 728
635 731
635 769
635 773
635 774
635 777
635 794
635 812
635 813
635 821
635 827
635 837
635 838
635 860
635 863
635 869
635 878
636 656
636 667
636 668
636 675
636 680
636 686
636 700
636 701
636 706
636 721
636 756
636 780
636 788
636 834
636 836
636 845
636 848
636 849
636 861
636 872
637 655
637 660
637 666
637 667
637 671
637 674
637 684
637 702
637 706
637 714
637 719
637 744
637 758
637 764
637 766
637 770
637 781
637 791
637 804
637 807
637 815
637 823
637 826
637 829
637 831
637 842
637 848
637 851
637 880
637 881
638 641
638 649
638 654
638 656
638 657
638 659
638 666
638 668
638 672
638 675
638 678
638 683
638 686
638 694
638 698
638 702
638 714
638 738
638 745
638 750
638 763
638 782
638 785
638 808
638 828
638 840
638 841
638 842
638 849
638 853
638 855
638 860
638 865
639 645
639 647
639 655
639 667
639 677
639 684
639 687
639 692
639 697
639 706
639 728
639 736
639 741
639 746
639 761
639 798
639 845
639 847
639 858
639 868
639 876
639 880
640 657
640 667
640 675
640 680
640 683
640 690
640 701
640 708
640 709
640 721
640 742
640 744
640 749
640 761
640 774
640 776
640 777
640 790
640 802
640 811
640 812
640 821
640 836
640 838
640 842
640 859
641 661
641 664
641 671
641 687
641 695
641 707
641 724
641 748
641 756
641 759
641 792
641 796
641 802
641 842
641 854
641 865
641 869
642 650
642 653
642 665
642 668
642 674
642 693
642 697
642 701
642 715
642 722
642 729
642 730
642 735
642 768
642 777
642 784
642 833
642 836
642 850
642 852
642 878
642 881
643 654
643 671
643 675
643 682
643 691
643 695
643 710
643 714
643 719
643 721
643 725
643 728
643 749
643 750
643 757
643 764
643 777
643 782
643 786
643 792
643 794
643 812
643 813
643 814
643 848
643 858
643 865
643 868
643 875
644 669
644 676
644 677
644 694
644 701
644 718
644 724
644 728
644 732
644 740
644 761
644 762
644 789
644 793
644 801
644 829
644 830
644 842
644 848
644 863
644 867
644 868
645 648
645 652
645 675
645 689
645 706
645 740
645 754
645 759
645 763
645 772
645 782
645 798
645 813
645 819
645 845
645 851
645 853
645 860
646 653
646 663
646 664
646 673
646 676
646 688
646 694
646 697
646 700
646 718
646 721
646 735
646 753
646 754
646 768
646 771
646 775
646 835
646 879
646 880
647 649
647 650
647 657
647 680
647 699
647 702
647 708
647 715
647 716
647 744
647 750
647 751
647 753
647 754
647 779
647 780
647 818
647 820
647 836
647 846
647 853
647 854
647 855
647 860
647 869
647 877
648 656
648 671
648 677
648 702
648 727
648 742
648 754
648 767
648 785
648 786
648 790
648 810
648 830
648 833
648 835
648 840
648 852
648 854
648 872
649 655
649 663
649 666
649 667
649 668
649 672
649 682
649 693
649 695
649 698
649 708
649 714
649 720
649 726
649 739
649 747
649 751
649 755
649 771
649 776
649 793
649 798
649 805
649 814
649 821
649 824
649 850
649 854
649 864
649 867
650 653
650 679
650 702
650 713
650 716
650 724
650 726
650 729
650 735
650 758
650 762
650 765
650 784
650 785
650 792
650 797
650 798
650 820
650 821
650 828
650 830
650 832
650 842
650 846
650 853
650 863
650 864
650 873
650 880
651 663
651 666
651 667
651 677
651 686
651 705
651 706
651 717
651 718
651 728
651 746
651 759
651 768
651 770
651 778
651 783
651 786
651 791
651 799
651 808
651 818
651 825
651 828
651 830
651 831
651 837
651 838
651 840
651 842
651 849
651 851
651 852
651 870
651 881
652 653
652 665
652 671
652 677
652 680
652 684
652 692
652 728
652 776
652 777
652 781
652 786
652 788
652 795
652 803
652 807
652 816
652 859
652 860
652 867
652 871
652 874
652 878
653 654
653 655
653 658
653 663
653 664
653 687
653 689
653 691
653 694
653 704
653 711
653 713
653 718
653 728
653 730
653 743
653 747
653 770
653 776
653 793
653 796
653 817
653 821
653 855
653 868
654 655
654 656
654 685
654 688
654 692
654 704
654 723
654 724
654 725
654 739
654 749
654 758
654 766
654 778
654 781
654 785
654 798
654 800
654 803
654 812
654 816
654 828
654 835
654 856
654 859
654 863
654 865
654 866
654 868
654 873
654 877
655 657
655 658
655 685
655 703
655 716
655 731
655 734
655 758
655 764
655 770
655 778
655 787
655 801
655 802
655 808
655 829
655 833
655 836
655 838
655 840
655 861
655 872
655 876
655 879
656 657
656 659
656 667
656 670
656 674
656 698
656 712
656 725
656 736
656 741
656 745
656 759
656 762
656 778
656 779
656 795
656 798
656 828
656 850
656 863
656 865
656 867
656 870
656 871
656 880
657 661
657 674
657 677
657 682
657 689
657 693
657 702
657 706
657 709
657 712
657 723
657 728
657 734
657 739
657 757
657 785
657 829
657 839
657 847
657 855
657 857
657 860
657 862
658 682
658 683
658 697
658 717
658 733
658 734
658 736
658 751
658 752
658 759
658 760
658 765
658 775
658 776
658 778
658 779
658 783
658 790
658 793
658 797
658 801
658 816
658 825
658 831
658 841
658 849
658 856
658 880
659 670
659 672
659 674
659 678
659 695
659 702
659 712
659 713
659 716
659 729
659 748
659 749
659 772
659 777
659 778
659 779
659 785
659 799
659 802
659 803
659 818
659 826
659 835
659 836
659 857
659 860
659 876
660 667
660 673
660 682
660 709
660 721
660 726
660 734
660 735
660 767
660 768
660 786
660 788
660 789
660 793
660 794
660 796
660 799
660 805
660 812
660 828
660 829
660 839
660 862
660 863
660 878
661 662
661 713
661 717
661 722
661 723
661 738
661 744
661 757
661 760
661 765
661 791
661 793
661 794
661 796
661 805
661 808
661 815
661 820
661 822
661 823
661 833
661 844
661 864
662 675
662 686
662 714
662 721
662 728
662 754
662 769
662 781
662 782
662 784
662 791
662 801
662 807
662 811
662 817
662 818
662 827
662 857
662 879
662 881
663 679
663 694
663 698
663 710
663 712
663 723
663 737
663 760
663 800
663 807
663 820
663 826
663 834
663 838
663 841
663 846
663 854
663 855
663 881
664 665
664 668
664 670
664 671
664 687
664 688
664 696
664 718
664 723
664 731
664 736
664 739
664 743
664 789
664 793
664 795
664 806
664 811
664 817
664 820
664 821
664 823
664 829
664 839
664 845
664 850
664 860
664 861
664 863
665 666
665 668
665 673
665 686
665 692
665 697
665 723
665 734
665 752
665 756
665 782
665 789
665 794
665 802
665 826
665 829
665 838
665 844
665 846
665 851
665 855
665 859
665 862
665 878
665 880
666 679
666 688
666 692
666 693
666 696
666 698
666 700
666 717
666 721
666 725
666 726
666 745
666 758
666 768
666 779
666 782
666 791
666 792
666 801
666 802
666 811
666 824
666 831
666 833
666 839
666 846
666 857
666 879
667 675
667 680
667 681
667 688
667 703
667 717
667 727
667 743
667 754
667 761
667 806
667 829
667 855
667 862
667 875
668 669
668 670
668 672
668 694
668 703
668 709
668 711
668 730
668 732
668 735
668 739
668 748
668 768
668 800
668 805
668 816
668 828
668 844
668 849
668 850
668 857
668 858
669 677
669 681
669 710
669 711
669 715
669 724
669 726
669 729
669 732
669 734
669 737
669 746
669 750
669 755
669 760
669 764
669 776
669 779
669 784
669 790
669 791
669 812
669 817
669 824
669 830
669 843
669 845
669 847
669 849
669 850
669 854
669 862
669 871
669 872
669 873
669 874
669 876
669 878
670 685
670 691
670 699
670 717
670 731
670 732
670 759
670 760
670 776
670 787
670 800
670 807
670 810
670 818
670 821
670 828
670 839
670 851
670 856
671 687
671 688
671 697
671 701
671 702
671 709
671 731
671 735
671 737
671 758
671 761
671 765
671 766
671 768
671 775
671 779
671 799
671 823
671 862
671 868
671 869
671 880
672 693
672 703
672 706
672 718
672 737
672 741
672 751
672 753
672 761
672 762
672 763
672 778
672 795
672 800
672 819
672 820
672 846
672 859
672 863
672 868
673 674
673 680
673 690
673 701
673 710
673 722
673 727
673 730
673 733
673 737
673 791
673 795
673 796
673 804
673 816
673 819
673 830
673 835
673 837
673 840
673 848
673 852
673 854
673 866
673 868
673 870
674 680
674 688
674 693
674 704
674 725
674 732
674 735
674 748
674 762
674 766
674 771
674 772
674 785
674 789
674 790
674 796
674 826
674 832
674 837
674 849
674 854
674 857
674 863
674 869
674 871
674 873
674 874
674 881
675 684
675 686
675 688
675 696
675 698
675 701
675 710
675 712
675 713
675 714
675 716
675 738
675 749
675 754
675 767
675 840
675 865
675 866
675 878
676 686
676 694
676 697
676 700
676 720
676 736
676 740
676 748
676 753
676 759
676 764
676 779
676 784
676 789
676 802
676 808
676 823
676 825
676 831
676 836
676 857
676 867
677 678
677 680
677 693
677 696
677 698
677 713
677 738
677 749
677 763
677 764
677 765
677 783
677 788
677 800
677 803
677 827
677 828
677 841
677 847
677 856
677 858
677 867
678 693
678 699
678 715
678 718
678 721
678 727
678 728
678 733
678 745
678 747
678 759
678 769
678 771
678 782
678 800
678 801
678 822
678 837
678 838
678 839
678 845
678 849
678 858
678 873
678 881
679 692
679 700
679 704
679 730
679 736
679 745
679 747
679 753
679 759
679 773
679 777
679 785
679 795
679 801
679 802
679 810
679 819
679 844
679 862
680 685
680 696
680 708
680 712
680 714
680 726
680 727
680 730
680 736
680 741
680 744
680 752
680 764
680 773
680 774
680 780
680 792
680 806
680 811
680 817
680 826
680 850
680 875
680 878
681 685
681 692
681 697
681 704
681 708
681 716
681 729
681 748
681 757
681 760
681 761
681 771
681 783
681 788
681 797
681 826
681 850
681 875
681 879
682 685
682 706
682 719
682 724
682 733
682 784
682 789
682 790
682 791
682 792
682 801
682 823
682 861
682 862
682 866
682 869
683 696
683 700
683 704
683 726
683 732
683 733
683 743
683 748
683 754
683 763
683 772
683 780
683 805
683 809
683 812
683 815
683 817
683 820
683 845
683 850
683 868
683 873
684 686
684 699
684 708
684 717
684 721
684 725
684 728
684 731
684 739
684 742
684 754
684 758
684 759
684 761
684 764
684 768
684 782
684 789
684 795
684 797
684 805
684 806
684 810
684 826
684 835
684 840
684 847
684 851
684 854
685 686
685 687
685 697
685 699
685 701
685 706
685 713
685 717
685 727
685 731
685 751
685 768
685 782
685 799
685 802
685 807
685 839
685 841
685 856
685 865
685 876
686 694
686 713
686 717
686 727
686 728
686 731
686 733
686 740
686 743
686 752
686 753
686 771
686 785
686 804
686 811
686 821
686 823
686 835
686 850
686 860
686 861
686 878
687 688
687 691
687 698
687 699
687 705
687 715
687 724
687 743
687 746
687 750
687 752
687 762
687 768
687 789
687 791
687 802
687 809
687 818
687 831
687 840
687 847
687 853
687 855
687 857
687 858
687 870
687 879
688 703
688 711
688 719
688 730
688 735
688 743
688 757
688 777
688 781
688 784
688 786
688 787
688 829
688 835
688 843
688 850
688 862
688 871
688 881
689 696
689 702
689 712
689 714
689 726
689 741
689 742
689 746
689 747
689 762
689 774
689 803
689 815
689 826
689 845
689 847
689 854
689 858
689 864
689 868
690 696
690 717
690 738
690 760
690 765
690 789
690 811
690 814
690 820
690 830
690 841
690 861
690 866
690 867
690 869
690 870
690 877
691 694
691 697
691 701
691 704
691 709
691 710
691 719
691 720
691 725
691 726
691 729
691 730
691 732
691 735
691 737
691 740
691 741
691 745
691 748
691 750
691 760
691 764
691 772
691 774
691 775
691 779
691 781
691 790
691 802
691 812
691 815
691 818
691 825
691 837
691 839
691 844
691 850
691 857
691 858
691 867
692 700
692 716
692 722
692 724
692 733
692 746
692 749
692 767
692 769
692 776
692 783
692 796
692 804
692 817
692 819
692 835
692 844
692 849
692 853
692 856
692 877
693 709
693 713
693 732
693 743
693 745
693 746
693 762
693 775
693 776
693 781
693 782
693 791
693 800
693 802
693 808
693 815
693 821
693 824
693 858
693 859
693 868
693 873
694 696
694 704
694 705
694 725
694 734
694 740
694 762
694 773
694 799
694 800
694 804
694 808
694 809
694 827
694 837
694 838
694 844
694 873
695 704
695 736
695 737
695 745
695 769
695 771
695 772
695 773
695 797
695 799
695 807
695 851
695 862
695 867
695 876
695 879
696 712
696 725
696 728
696 729
696 731
696 732
696 736
696 742
696 773
696 781
696 783
696 793
696 794
696 807
696 811
696 834
696 854
696 874
696 876
697 700
697 701
697 703
697 704
697 734
697 736
697 740
697 742
697 765
697 767
697 771
697 772
697 798
697 799
697 802
697 806
697 822
697 872
697 881
698 700
698 707
698 717
698 725
698 731
698 745
698 765
698 770
698 771
698 774
698 815
698 822
698 830
698 833
698 837
698 838
698 840
698 845
698 856
698 858
698 873
699 711
699 717
699 731
699 736
699 741
699 742
699 751
699 757
699 760
699 778
699 798
699 819
699 823
699 830
699 836
699 847
699 850
699 861
699 865
699 870
699 880
700 704
700 705
700 724
700 728
700 730
700 732
700 735
700 754
700 760
700 777
700 778
700 783
700 800
700 807
700 828
700 829
700 840
700 847
700 849
700 860
701 719
701 730
701 732
701 741
701 745
701 760
701 768
701 783
701 788
701 802
701 810
701 815
701 820
701 825
701 844
701 858
701 862
702 723
702 731
702 734
702 751
702 752
702 753
702 776
702 777
702 786
702 797
702 813
702 821
702 826
702 838
702 860
702 862
702 873
703 720
703 722
703 723
703 726
703 740
703 745
703 757
703 763
703 772
703 777
703 789
703 790
703 797
703 799
703 800
703 801
703 802
703 804
703 813
703 826
703 829
703 835
703 844
703 853
703 855
703 857
703 858
703 859
703 865
703 868
703 869
703 875
703 876
704 708
704 768
704 792
704 797
704 798
704 810
704 811
704 817
704 834
704 837
704 855
704 860
704 868
704 872
704 874
705 707
705 711
705 713
705 714
705 718
705 722
705 725
705 734
705 749
705 760
705 771
705 781
705 788
705 792
705 797
705 798
705 803
705 807
705 824
705 843
705 845
705 848
705 853
705 881
706 715
706 721
706 722
706 742
706 743
706 749
706 750
706 761
706 766
706 767
706 768
706 780
706 815
706 837
706 865
706 868
707 710
707 732
707 733
707 741
707 748
707 753
707 761
707 772
707 783
707 787
707 797
707 800
707 806
707 814
707 817
707 822
707 830
707 836
707 846
707 849
707 862
707 863
708 727
708 744
708 757
708 760
708 768
708 775
708 781
708 783
708 796
708 817
708 823
708 825
708 841
708 859
709 714
709 716
709 738
709 741
709 767
709 771
709 777
709 785
709 822
709 830
709 837
709 843
709 851
709 861
709 862
709 872
709 875
709 879
709 880
710 711
710 712
710 718
710 741
710 744
710 747
710 748
710 751
710 755
710 756
710 757
710 766
710 772
710 796
710 800
710 807
710 810
710 811
710 821
710 849
710 876
710 880
711 721
711 722
711 731
711 733
711 743
711 781
711 795
711 799
711 823
711 824
711 827
711 828
711 840
711 845
712 735
712 737
712 738
712 761
712 791
712 796
712 801
712 816
712 829
712 834
712 837
712 838
712 854
712 859
712 868
712 879
713 717
713 738
713 742
713 743
713 744
713 748
713 751
713 761
713 782
713 792
713 824
713 828
713 830
713 837
713 859
713 876
713 879
713 881
714 720
714 725
714 734
714 740
714 742
714 753
714 767
714 783
714 784
714 797
714 827
714 830
714 841
714 843
714 845
714 846
715 743
715 746
715 748
715 754
715 765
715 770
715 776
715 777
715 780
715 825
715 843
715 846
715 852
715 865
716 719
716 721
716 733
716 737
716 741
716 745
716 753
716 767
716 770
716 773
716 780
716 784
716 794
716 804
716 814
716 815
716 846
716 848
716 851
716 865
716 869
716 880
717 737
717 752
717 763
717 765
717 766
717 769
717 780
717 786
717 793
717 795
717 803
717 821
717 823
717 825
717 848
717 849
717 862
717 868
718 729
718 731
718 733
718 735
718 736
718 774
718 776
718 795
718 805
718 807
718 814
718 834
718 852
718 854
718 862
718 865
718 877
718 878
719 729
719 738
719 745
719 760
719 766
719 776
719 777
719 780
719 800
719 802
719 820
719 830
719 832
719 842
719 867
720 723
720 727
720 739
720 744
720 746
720 767
720 776
720 778
720 811
720 815
720 827
720 832
720 833
720 841
720 851
720 854
720 867
720 876
721 731
721 736
721 746
721 754
721 770
721 777
721 780
721 803
721 819
721 825
721 832
721 841
721 848
721 853
721 855
721 862
721 866
722 748
722 752
722 754
722 768
722 784
722 793
722 804
722 810
722 817
722 819
722 826
722 828
722 876
723 736
723 740
723 741
723 747
723 755
723 761
723 765
723 768
723 772
723 777
723 794
723 800
723 809
723 812
723 818
723 826
723 828
723 832
723 841
723 857
723 870
723 871
723 880
723 881
724 727
724 731
724 738
724 740
724 744
724 746
724 761
724 775
724 782
724 793
724 794
724 796
724 808
724 851
724 862
725 726
725 763
725 768
725 788
725 790
725 793
725 802
725 809
725 813
725 821
725 824
725 828
725 839
725 844
726 739
726 761
726 780
726 789
726 791
726 812
726 814
726 838
727 728
727 752
727 754
727 768
727 800
727 810
727 813
727 817
727 827
727 876
727 877
727 880
728 729
728 735
728 739
728 742
728 749
728 751
728 752
728 759
728 767
728 773
728 775
728 788
728 792
728 800
728 803
728 809
728 810
728 817
728 830
728 843
728 852
728 860
728 877
729 735
729 747
729 777
729 796
729 799
729 810
729 833
729 845
729 850
729 858
729 861
729 866
730 732
730 738
730 744
730 761
730 769
730 772
730 775
730 795
730 800
730 825
730 826
730 834
730 841
730 844
730 857
730 858
730 861
731 743
731 762
731 763
731 764
731 779
731 789
731 795
731 800
731 808
731 822
731 832
731 837
731 842
731 850
731 871
731 879
732 733
732 739
732 744
732 754
732 758
732 759
732 760
732 791
732 795
732 800
732 810
732 822
732 826
732 863
732 866
733 734
733 763
733 778
733 803
733 822
733 827
733 839
733 855
733 861
733 876
734 738
734 742
734 746
734 749
734 771
734 777
734 786
734 791
734 805
734 809
734 812
734 824
734 828
734 835
734 846
734 856
734 873
735 740
735 741
735 747
735 788
735 799
735 801
735 812
735 835
735 837
735 847
735 848
735 849
735 858
735 862
735 865
735 867
735 872
735 881
736 743
736 753
736 764
736 773
736 775
736 776
736 784
736 787
736 791
736 796
736 799
736 822
736 829
736 843
736 844
736 852
736 854
736 861
736 863
736 868
736 880
737 749
737 764
737 774
737 784
737 786
737 795
737 819
737 835
737 843
737 844
737 854
737 862
737 873
738 765
738 767
738 774
738 781
738 785
738 787
738 789
738 793
738 798
738 803
738 808
738 828
738 847
738 861
738 863
738 865
738 866
738 873
739 744
739 756
739 757
739 759
739 760
739 761
739 765
739 767
739 777
739 781
739 782
739 785
739 791
739 794
739 823
739 828
739 839
739 845
739 866
739 870
739 872
740 741
740 743
740 772
740 782
740 784
740 794
740 802
740 807
740 811
740 831
740 840
740 841
740 843
740 851
740 873
741 756
741 762
741 766
741 775
741 776
741 783
741 786
741 790
741 794
741 802
741 807
741 821
741 858
741 861
741 871
742 743
742 744
742 762
742 774
742 780
742 804
742 818
742 833
742 834
742 843
742 847
742 867
742 868
742 881
743 765
743 769
743 781
743 793
743 810
743 824
743 832
743 836
743 840
743 852
743 862
743 864
743 874
743 879
744 755
744 756
744 782
744 787
744 804
744 852
744 861
744 865
745 751
745 752
745 756
745 757
745 763
745 770
745 791
745 799
745 804
745 842
745 844
745 861
745 869
745 872
746 751
746 765
746 781
746 795
746 796
746 807
746 819
746 830
746 841
746 847
746 872
746 880
747 767
747 772
747 775
747 789
747 798
747 807
747 820
747 828
747 831
747 835
747 846
747 847
747 851
747 856
748 756
748 760
748 763
748 767
748 779
748 781
748 786
748 787
748 788
748 794
748 802
748 809
748 811
748 821
748 835
748 840
748 853
748 858
748 876
749 761
749 766
749 795
749 805
749 812
749 816
749 831
749 838
749 859
750 753
750 757
750 763
750 803
750 806
750 807
750 821
750 826
750 846
750 852
750 875
751 753
751 761
751 762
751 786
751 807
751 814
751 820
751 826
751 838
751 848
751 849
751 852
751 853
751 854
751 855
751 863
751 874
752 775
752 783
752 812
752 824
752 841
752 851
752 852
753 761
753 764
753 769
753 776
753 800
753 815
753 826
753 828
753 833
753 841
753 848
753 850
753 856
753 869
753 871
753 873
754 759
754 762
754 766
754 779
754 798
754 807
754 808
754 826
754 836
754 840
754 844
754 859
754 863
754 867
754 875
754 877
755 786
755 801
755 808
755 817
755 834
755 836
755 840
755 856
755 861
755 863
756 757
756 764
756 774
756 793
756 822
756 832
756 833
756 845
756 855
756 856
756 862
756 863
756 869
757 775
757 780
757 782
757 785
757 802
757 807
757 810
757 854
758 784
758 787
758 788
758 801
758 810
758 816
758 836
758 838
758 857
759 762
759 765
759 768
759 816
759 834
759 841
759 842
759 877
759 881
760 774
760 776
760 785
760 787
760 789
760 805
760 810
760 814
760 817
760 820
760 826
760 830
760 835
760 838
760 844
760 846
760 849
760 850
760 853
760 854
760 870
760 874
760 880
761 767
761 772
761 789
761 795
761 805
761 808
761 809
761 814
761 832
761 844
761 859
762 785
762 787
762 808
762 818
762 825
762 832
762 835
762 849
762 851
762 864
763 774
763 790
763 794
763 800
763 804
763 809
763 813
763 817
763 819
763 833
763 850
763 856
763 859
763 864
763 873
764 771
764 772
764 777
764 788
764 794
764 799
764 806
764 810
764 814
764 849
764 857
764 871
765 790
765 796
765 820
765 831
765 879
766 791
766 797
766 799
766 802
766 809
766 818
766 820
766 824
766 830
766 838
766 840
766 845
766 860
766 864
766 876
766 881
767 783
767 785
767 790
767 792
767 797
767 804
767 814
767 818
767 822
767 824
767 828
767 830
767 832
767 833
767 841
767 850
767 851
767 859
767 875
767 880
768 781
768 793
768 794
768 797
768 803
768 804
768 807
768 813
768 817
768 819
768 822
768 835
768 844
768 865
769 775
769 776
769 785
769 787
769 788
769 807
769 815
769 819
769 825
769 827
769 837
769 853
769 879
770 772
770 782
770 783
770 794
770 797
770 814
770 816
770 817
770 819
770 821
770 827
770 836
770 837
770 864
771 772
771 783
771 792
771 794
771 810
771 813
771 815
771 821
771 825
771 831
771 835
771 843
771 844
771 845
771 857
771 859
771 869
772 775
772 792
772 799
772 801
772 808
772 825
772 827
772 835
772 836
772 837
772 852
772 859
772 871
772 880
773 788
773 792
773 801
773 807
773 815
773 825
773 828
773 835
773 841
773 849
773 854
773 862
773 877
773 880
774 797
774 803
774 811
774 829
774 841
774 847
774 859
774 862
775 784
775 786
775 791
775 794
775 809
775 810
775 814
775 820
775 823
775 825
775 832
775 856
775 857
775 867
775 877
776 782
776 785
776 788
776 793
776 821
776 824
776 827
776 849
776 850
776 877
776 879
777 786
777 802
777 818
777 820
777 825
777 829
777 837
777 838
777 841
777 846
777 856
777 858
777 862
777 879
778 803
778 804
778 811
778 827
778 831
778 843
778 849
778 857
778 865
778 871
778 877
778 879
779 794
779 813
779 819
779 820
779 851
779 858
779 859
779 861
779 868
779 869
779 871
779 881
780 782
780 833
780 844
780 848
780 849
780 881
781 787
781 794
781 795
781 802
781 812
781 821
781 823
781 832
781 849
781 863
781 874
781 878
782 786
782 795
782 800
782 805
782 811
782 832
782 836
782 842
782 855
782 856
782 859
782 880
783 789
783 790
783 798
783 803
783 805
783 811
783 827
783 848
783 860
783 878
783 880
784 791
784 795
784 797
784 801
784 807
784 813
784 878
784 880
785 813
785 815
785 822
785 824
785 826
785 852
785 858
785 862
785 865
785 871
786 795
786 797
786 799
786 804
786 805
786 808
786 809
786 849
786 854
786 855
786 863
786 864
786 865
786 877
787 792
787 794
787 796
787 801
787 824
787 825
787 844
787 874
788 804
788 813
788 828
788 838
788 841
788 844
789 820
789 830
789 857
789 861
789 871
789 880
789 881
790 795
790 797
790 803
790 810
790 815
790 827
790 833
790 837
790 844
790 847
790 862
790 874
790 877
790 879
791 821
791 826
791 858
791 859
791 867
791 869
791 875
792 800
792 817
792 823
792 831
792 845
792 852
792 854
792 856
792 858
792 863
792 864
792 873
792 877
792 878
792 879
793 802
793 808
793 821
793 835
793 837
793 838
793 840
793 847
793 850
793 855
793 872
793 873
794 797
794 798
794 800
794 802
794 819
794 824
794 834
794 837
794 841
794 844
794 854
794 856
794 866
794 872
794 881
795 798
795 808
795 815
795 823
795 825
795 829
795 848
795 857
795 863
795 878
796 799
796 806
796 811
796 819
796 820
796 821
796 829
796 855
796 867
797 802
797 838
797 842
797 847
797 848
797 857
797 865
797 867
797 875
798 800
798 813
798 821
798 825
798 829
798 836
798 841
798 843
798 846
798 864
799 805
799 806
799 808
799 812
799 844
799 857
799 862
799 871
800 802
800 803
800 809
800 810
800 813
800 819
800 843
800 855
800 856
800 858
800 863
801 821
801 829
801 837
801 850
801 852
801 866
801 881
802 803
802 808
802 815
802 816
802 817
802 819
802 828
802 836
802 878
803 806
803 826
803 849
803 874
804 808
804 815
804 817
804 821
804 822
804 833
804 838
804 839
804 840
804 843
804 846
804 857
804 863
805 806
805 812
805 829
805 834
805 835
805 846
805 853
805 877
806 814
806 829
806 832
806 836
806 855
807 814
807 818
807 825
807 830
807 845
807 857
807 865
807 870
807 873
807 876
807 877
808 820
808 835
808 837
808 842
808 847
808 861
808 865
809 812
809 813
809 819
809 820
809 824
809 827
809 840
809 844
809 854
809 856
809 862
809 869
809 870
809 877
810 824
810 825
810 826
810 836
810 846
810 851
810 855
810 862
810 874
810 879
811 817
811 821
811 833
811 834
811 847
811 855
812 813
812 814
812 819
812 821
812 842
812 849
812 859
812 876
812 879
813 814
813 821
813 831
813 840
813 850
813 871
813 874
814 818
814 821
814 824
814 836
814 847
815 831
815 842
815 846
815 872
815 878
815 880
816 833
816 836
816 844
816 848
816 850
816 874
817 833
817 837
817 843
817 844
817 852
817 856
817 858
817 861
817 862
817 877
818 820
818 833
818 856
818 863
819 829
819 836
819 838
819 841
819 861
819 871
819 877
820 835
820 839
820 859
820 874
820 876
821 830
821 834
821 839
821 842
821 844
821 848
821 851
821 854
821 855
821 859
821 863
821 866
821 869
821 871
821 873
821 877
821 879
822 837
822 840
822 846
822 848
822 853
822 854
822 871
822 874
823 831
823 872
824 830
824 834
824 843
824 844
824 850
824 853
824 854
824 859
824 864
824 869
824 870
824 876
825 841
825 846
825 855
826 829
826 868
827 832
827 835
827 841
827 848
827 863
827 880
828 837
828 838
828 851
828 861
828 870
829 833
829 840
829 845
829 846
829 850
829 855
829 861
829 863
829 871
829 873
829 874
829 877
829 878
830 835
830 840
830 841
830 845
830 851
830 867
831 839
831 842
831 847
831 863
832 833
832 839
832 841
832 844
832 856
832 859
832 869
832 880
833 845
833 850
833 851
833 866
833 874
833 878
833 880
834 843
834 849
834 850
834 879
835 841
835 852
835 853
835 854
835 863
835 865
835 866
836 843
836 854
836 855
836 874
837 851
837 853
837 860
837 869
837 876
837 880
838 840
838 845
838 869
838 877
839 850
839 861
839 865
839 868
839 869
839 880
840 842
840 846
840 851
840 861
840 862
840 865
840 871
840 874
840 879
841 847
841 854
841 855
841 856
841 857
841 860
841 871
842 850
842 855
842 861
842 868
842 878
843 850
843 855
843 859
844 849
844 858
844 861
844 862
844 880
845 847
845 851
845 852
845 853
846 855
846 864
846 867
847 849
847 861
847 867
847 869
847 871
847 878
848 849
848 857
848 858
848 859
848 861
848 862
849 861
849 869
849 871
849 880
850 865
850 874
852 855
852 863
852 866
853 855
853 856
853 860
853 862
853 863
853 864
853 865
853 869
853 876
853 877
853 879
854 881
855 866
855 868
855 879
855 881
856 864
856 865
857 860
857 865
857 869
857 870
857 879
858 867
858 874
859 860
859 862
859 868
859 871
859 875
860 867
860 874
860 876
861 880
862 874
863 866
863 867
863 869
864 869
864 871
865 874
867 875
867 880
869 870
869 880
870 877
870 879
873 874
874 878
875 880
876 878
876 881
877 881
878 881
1024 1054
1024 1083
1024 1090
1024 1102
1024 1130
1024 882
1024 926
1024 981
1024 983
1024 1007
1024 1017
1025 901
1025 917
1025 920
1025 973
1025 986
1025 1000
1026 1033
1026 1046
1026 1066
1026 1069
1026 1072
1026 1118
1026 885
1026 904
1026 996
1027 1063
1027 1086
1027 1124
1027 882
1027 904
1027 940
1027 959
1027 965
1027 970
1027 975
1028 1059
1028 1073
1028 1088
1028 1097
1028 1099
1028 1102
1028 1123
1028 1125
1028 1139
1028 905
1028 918
1028 923
1028 926
1028 936
1028 964
1028 994
1028 997
1028 1023
1029 1046
1029 1057
1029 1088
1029 1119
1029 1126
1029 1137
1029 1140
1029 883
1029 890
1029 906
1029 946
1029 968
1029 979
1029 1002
1030 1079
1030 1112
1030 1136
1030 882
1030 910
1030 925
1030 967
1030 976
1030 1000
1030 1003
1030 1005
1030 1018
1030 1019
1031 1047
1031 1073
1031 1082
1031 1104
1031 1126
1031 1135
1031 885
1031 910
1031 914
1031 919
1031 946
1031 955
1031 960
1031 979
1031 980
1031 998
1031 1003
1032 1040
1032 1050
1032 1109
1032 1122
1032 1123
1032 1129
1032 918
1032 946
1032 948
1032 968
1032 1002
1033 1057
1033 1071
1033 1077
1033 1091
1033 1119
1033 1132
1033 883
1033 889
1033 891
1033 903
1033 969
1033 980
1033 981
1033 982
1033 1006
1034 1042
1034 1048
1034 1062
1034 1067
1034 1076
1034 1090
1034 1091
1034 1109
1034 1113
1034 1115
1034 1118
1034 892
1034 938
1034 989
1034 1009
1034 1017
1035 1045
1035 1122
1035 1131
1035 1136
1035 909
1035 947
1035 954
1035 966
1035 967
1035 1008
1036 882
1036 893
1036 932
1036 950
1036 951
1036 969
1036 984
1037 1051
1037 1058
1037 1082
1037 1087
1037 1090
1037 892
1037 920
1037 938
1037 978
1037 1006
1037 1022
1038 1044
1038 1049
1038 1053
1038 1067
1038 1117
1038 1124
1038 1136
1038 906
1038 1004
1038 1006
1039 1048
1039 1069
1039 1088
1039 1095
1039 1117
1039 1135
1039 904
1039 956
1039 967
1039 987
1039 1014
1040 1043
1040 1048
1040 1089
1040 1112
1040 1113
1040 1125
1040 1140
1040 895
1040 900
1040 936
1040 950
1040 954
1040 961
1040 964
1040 968
1040 969
1040 986
1041 1070
1041 1082
1041 1112
1041 900
1041 907
1041 923
1041 924
1041 926
1041 928
1041 935
1041 946
1041 1003
1041 1011
1042 1071
1042 1079
1042 1089
1042 1102
1042 1128
1042 908
1042 927
1042 933
1042 947
1042 951
1042 977
1042 987
1042 990
1042 1000
1042 1020
1043 1074
1043 1087
1043 1099
1043 1102
1043 1125
1043 936
1043 982
1043 1022
1044 1063
1044 1094
1044 1102
1044 1103
1044 891
1044 909
1044 935
1044 950
1044 965
1044 993
1044 997
1044 999
1044 1002
1044 1008
1045 1046
1045 1070
1045 1072
1045 1078
1045 1090
1045 1108
1045 1126
1045 1139
1045 884
1045 889
1045 892
1045 895
1045 931
1045 952
1045 958
1045 981
1045 1020
1046 1059
1046 1063
1046 890
1046 903
1046 916
1046 956
1046 968
1046 978
1046 982
1047 1087
1047 1094
1047 1130
1047 1135
1047 933
1047 945
1047 966
1047 975
1047 981
1048 1056
1048 1140
1048 893
1048 897
1048 966
1048 978
1048 987
1048 1012
1049 1051
1049 1062
1049 1071
1049 1093
1049 1097
1049 1104
1049 1110
1049 1114
1049 1121
1049 937
1049 939
1049 948
1049 953
1049 960
1049 1014
1050 895
1050 897
1050 923
1050 953
1050 990
1051 1058
1051 1091
1051 903
1051 915
1051 1005
1051 1019
1052 1101
1052 1117
1052 1132
1052 905
1052 912
1052 936
1052 957
1052 986
1052 997
1052 1021
1053 1069
1053 1108
1053 1112
1053 883
1053 907
1053 956
1053 985
1053 1005
1053 1007
1053 1015
1054 894
1054 914
1054 919
1054 927
1054 955
1054 958
1054 959
1054 969
1054 995
1055 1066
1055 1079
1055 1101
1055 1119
1055 1122
1055 1136
1055 916
1055 934
1055 975
1055 978
1055 981
1055 988
1055 995
1055 1023
1056 1125
1056 888
1056 896
1056 914
1056 949
1056 980
1056 1023
1057 1084
1057 1090
1057 1138
1057 898
1057 922
1057 956
1057 959
1057 1011
1058 1067
1058 1090
1058 1102
1058 1104
1058 1105
1058 1139
1058 919
1058 936
1058 952
1058 970
1058 971
1058 977
1058 1013
1059 1066
1059 1076
1059 1084
1059 1116
1059 1119
1059 1122
1059 1126
1059 1136
1059 1138
1059 890
1059 926
1059 942
1059 974
1059 976
1059 980
1059 989
1059 992
1060 1095
1060 908
1060 968
1060 1008
1060 1013
1060 1022
1061 1080
1061 1104
1061 1115
1061 1140
1061 882
1061 887
1061 911
1061 923
1061 947
1061 953
1061 956
1061 958
1061 991
1062 1074
1062 1078
1062 1099
1062 1110
1062 1129
1062 1138
1062 883
1062 894
1062 900
1062 909
1062 917
1062 924
1062 947
1062 967
1062 969
1062 981
1062 983
1062 1006
1063 1067
1063 1115
1063 1116
1063 883
1063 890
1063 903
1063 907
1063 917
1063 919
1063 922
1063 938
1063 941
1063 954
1063 966
1063 974
1063 1000
1063 1008
1063 1022
1064 1104
1064 1112
1064 1116
1064 886
1064 907
1064 921
1064 933
1064 965
1064 1011
1065 1069
1065 1083
1065 1088
1065 1108
1065 1123
1065 1136
1065 945
1065 947
1065 982
1065 993
1065 998
1066 1101
1066 1110
1066 890
1066 908
1066 943
1066 966
1066 971
1066 972
1066 978
1066 982
1066 995
1066 1023
1067 1071
1067 1074
1067 1078
1067 1081
1067 1129
1067 1134
1067 925
1067 933
1067 940
1067 944
1067 953
1067 970
1067 978
1067 989
1068 1082
1068 1097
1068 888
1068 904
1068 972
1068 973
1069 1085
1069 1092
1069 1103
1069 883
1069 892
1069 922
1069 1000
1069 1004
1069 1012
1070 1116
1070 885
1070 909
1070 960
1070 969
1070 975
1070 978
1070 980
1070 988
1070 1000
1071 1072
1071 1109
1071 1111
1071 1139
1071 884
1071 905
1071 907
1071 914
1071 930
1071 936
1071 946
1071 956
1071 987
1071 988
1072 1092
1072 1114
1072 911
1072 912
1072 919
1072 966
1072 983
1072 990
1073 1102
1073 1109
1073 1117
1073 1134
1073 899
1073 903
1073 925
1073 951
1073 957
1073 958
1073 963
1073 971
1073 1021
1074 1110
1074 1113
1074 1121
1074 890
1074 918
1074 928
1074 933
1074 942
1074 949
1074 959
1074 962
1074 998
1074 1004
1074 1014
1075 1119
1075 1123
1075 1131
1075 887
1075 903
1075 923
1075 926
1075 954
1075 955
1075 975
1075 992
1075 1008
1075 1010
1075 1020
1076 1097
1076 1113
1076 1124
1076 890
1076 906
1076 950
1076 962
1076 964
1076 979
1076 988
1076 993
1076 1020
1077 1085
1077 1105
1077 1106
1077 1110
1077 1133
1077 887
1077 923
1077 939
1077 967
1077 993
1077 996
1077 1010
1078 1082
1078 1090
1078 1131
1078 883
1078 947
1078 978
1078 983
1078 985
1078 1007
1078 1018
1079 1095
1079 1112
1079 888
1079 965
1079 966
1079 972
1079 994
1079 999
1079 1003
1079 1023
1080 1101
1080 1105
1080 1114
1080 884
1080 914
1081 936
1081 941
1081 946
1081 951
1081 952
1081 987
1082 1083
1082 1086
1082 1088
1082 1134
1082 900
1082 914
1082 960
1082 986
1082 999
1082 1005
1082 1008
1082 1021
1083 1106
1083 1112
1083 1116
1083 886
1083 891
1083 931
1083 1001
1084 1088
1084 1102
1084 1111
1084 1117
1084 1122
1084 886
1084 908
1084 926
1084 941
1084 944
1084 1021
1085 1087
1085 1139
1085 906
1085 909
1085 936
1085 948
1085 952
1085 978
1085 993
1086 1096
1086 1109
1086 1125
1086 931
1086 936
1086 973
1087 1135
1087 885
1087 887
1087 928
1087 937
1087 941
1087 976
1087 977
1087 992
1087 1002
1088 1091
1088 883
1088 907
1088 982
1088 985
1088 1016
1089 1115
1089 885
1089 932
1089 946
1089 976
1090 1094
1090 1108
1090 886
1090 891
1090 904
1090 907
1090 920
1090 935
1090 997
1090 1010
1090 1021
1091 1113
1091 1115
1091 1119
1091 896
1091 904
1091 908
1091 934
1091 941
1091 950
1091 962
1091 969
1091 971
1091 1007
1091 1017
1092 1106
1092 1122
1092 1130
1092 901
1092 910
1092 950
1092 955
1092 981
1092 986
1092 988
1093 900
1093 910
1093 926
1093 965
1093 967
1093 969
1093 997
1093 1006
1093 1008
1094 1100
1094 1127
1094 928
1094 933
1094 948
1094 962
1094 997
1094 1003
1094 1004
1094 1006
1094 1012
1094 1019
1095 1098
1095 1108
1095 1110
1095 1117
1095 1136
1095 889
1095 932
1095 939
1095 967
1095 1008
1095 1009
1095 1017
1096 1102
1096 1109
1096 1115
1096 1123
1096 892
1096 898
1096 905
1096 947
1096 953
1096 955
1096 968
1096 994
1096 1008
1097 904
1097 908
1097 923
1097 965
1097 979
1097 981
1097 1006
1097 1013
1098 1107
1098 886
1098 899
1098 917
1098 970
1098 976
1098 981
1098 1000
1099 1113
1099 1130
1099 1134
1099 901
1099 903
1099 920
1099 922
1099 923
1099 948
1099 953
1099 955
1099 962
1099 975
1099 977
1100 1110
1100 1121
1100 890
1100 927
1100 991
1100 992
1100 999
1100 1009
1101 1135
1101 891
1101 900
1101 959
1101 976
1101 987
1101 996
1102 1119
1102 1129
1102 890
1102 894
1102 897
1102 918
1102 972
1102 1015
1103 1120
1103 1133
1103 899
1103 918
1103 921
1103 947
1103 977
1103 986
1103 987
1104 1120
1104 1128
1104 1139
1104 883
1104 885
1104 886
1104 909
1104 921
1104 937
1104 950
1104 968
1104 973
1104 991
1104 1013
1104 1018
1105 1111
1105 886
1105 936
1105 953
1105 958
1105 959
1105 974
1105 985
1105 1003
1106 1128
1106 893
1106 909
1106 910
1106 931
1106 954
1106 975
1107 1121
1107 1132
1107 899
1107 911
1107 960
1107 975
1107 994
1107 1000
1107 1010
1107 1023
1108 958
1108 973
1108 985
1108 1012
1109 1112
1109 1138
1109 895
1109 902
1109 910
1109 920
1109 922
1109 935
1109 945
1109 952
1109 957
1109 958
1109 980
1109 993
1109 1010
1110 902
1110 940
1110 972
1110 976
1110 1006
1110 1008
1110 1021
1111 1129
1111 1136
1111 1138
1111 910
1111 916
1111 922
1111 942
1111 943
1111 949
1111 954
1111 958
1111 977
1111 1011
1112 938
1112 942
1112 971
1112 972
1112 973
1112 981
1113 1136
1113 892
1113 922
1113 936
1113 960
1113 961
1113 966
1113 989
1113 1009
1114 937
1114 964
1114 1000
1114 1007
1115 1116
1115 1134
1115 892
1115 931
1115 953
1115 983
1115 998
1115 1010
1115 1017
1116 1135
1116 913
1116 917
1116 925
1116 945
1116 965
1116 1000
1116 1013
1116 1020
1117 1132
1117 907
1117 910
1117 954
1117 955
1117 993
1117 1017
1118 1129
1118 887
1118 895
1118 897
1118 935
1118 937
1118 948
1118 951
1118 967
1118 988
1118 991
1118 996
1118 1017
1118 1020
1119 1140
1119 888
1119 892
1119 904
1119 943
1119 949
1119 973
1119 979
1119 987
1119 1013
1119 1018
1120 1131
1120 893
1120 926
1120 929
1120 960
1120 963
1120 964
1120 967
1120 977
1120 979
1120 1020
1121 1122
1121 1126
1121 957
1121 972
1122 1130
1122 1138
1122 1140
1122 946
1122 949
1122 954
1122 1013
1123 1125
1123 931
1123 959
1123 973
1123 984
1123 992
1123 995
1123 1016
1123 1017
1124 882
1124 883
1124 910
1124 922
1124 938
1124 960
1124 988
1124 1003
1124 1006
1125 1129
1125 1131
1125 886
1125 897
1125 918
1125 955
1125 959
1125 972
1125 981
1125 983
1125 989
1126 1127
1126 1140
1126 893
1126 896
1126 905
1126 938
1127 885
1127 888
1127 927
1127 934
1127 944
1127 957
1127 991
1127 1005
1127 1015
1128 911
1128 917
1128 932
1128 948
1128 964
1128 1000
1128 1020
1128 1022
1129 1136
1129 904
1129 926
1129 947
1129 966
1129 970
1129 973
1129 1007
1130 1131
1130 896
1130 899
1130 901
1130 905
1130 907
1130 916
1130 930
1130 932
1130 937
1130 942
1130 956
1130 981
1130 997
1130 1023
1131 1133
1131 891
1131 897
1131 904
1131 934
1131 947
1131 948
1131 951
1131 978
1131 1000
1131 1023
1132 1134
1132 897
1132 918
1132 933
1132 960
1132 995
1132 999
1132 1003
1132 1021
1133 894
1133 945
1133 948
1133 949
1133 957
1133 1007
1134 1137
1134 924
1134 940
1134 963
1134 1011
1134 1018
1135 1138
1135 882
1135 910
1135 916
1135 927
1135 971
1135 980
1135 981
1135 986
1135 997
1135 998
1135 1003
1136 887
1136 912
1136 950
1136 958
1136 988
1136 992
1136 1009
1136 1012
1137 907
1137 937
1137 943
1137 951
1137 964
1137 965
1137 970
1137 995
1138 892
1138 898
1138 906
1138 945
1138 963
1139 905
1139 918
1139 925
1139 927
1139 937
1139 940
1139 977
1139 1000
1139 1009
1140 915
1140 924
1140 944
1140 958
1140 970
1140 976
1140 1022
882 967
882 998
882 1012
883 888
883 890
883 899
883 908
883 911
883 928
883 933
883 938
883 966
883 968
883 972
883 985
883 1017
884 891
884 907
884 928
884 934
884 938
884 962
884 964
884 975
884 982
885 894
885 916
885 925
885 937
885 979
885 983
885 987
886 917
886 923
886 965
887 899
887 934
887 1011
888 962
888 985
888 998
888 1010
889 915
889 919
889 939
889 976
889 981
889 992
889 996
889 1000
889 1017
890 891
890 899
890 964
890 982
890 1005
891 903
891 961
891 969
891 999
891 1022
892 896
892 912
892 929
892 938
892 958
893 895
893 920
893 935
893 937
893 939
893 950
893 953
893 957
893 958
893 971
893 989
893 990
893 992
893 1003
893 1008
893 1020
893 1022
894 897
894 905
894 943
894 946
894 961
894 969
894 1006
894 1012
894 1021
895 905
895 917
895 921
896 926
896 938
896 943
896 966
896 999
896 1017
897 924
897 944
897 955
898 992
898 1023
899 928
899 1014
900 904
900 910
900 978
900 996
900 1007
901 910
901 918
901 926
901 927
901 945
901 951
901 957
901 967
901 1022
902 906
902 917
902 933
902 938
902 943
902 957
902 982
902 1014
902 1023
903 938
903 974
903 985
903 1007
904 920
904 921
904 1019
905 917
905 945
905 954
905 984
905 998
905 1009
905 1019
906 943
906 971
906 983
906 986
907 922
907 938
907 951
907 955
907 962
907 984
908 911
908 1014
909 911
909 923
909 929
909 931
909 935
909 969
909 1017
910 926
910 942
910 1009
911 912
911 916
911 966
911 1021
912 929
912 938
912 953
912 1000
912 1002
913 915
913 922
913 949
913 954
913 988
914 931
914 948
914 969
914 970
914 973
914 986
914 1001
914 1013
914 1020
915 933
915 941
915 982
916 949
916 958
916 961
916 970
916 986
916 991
916 995
916 996
916 1005
917 918
917 940
917 944
917 954
917 955
917 967
918 952
918 965
918 969
918 973
918 1002
918 1004
918 1009
919 921
919 926
919 930
919 939
919 970
919 980
919 1017
920 936
920 958
920 1007
921 924
921 946
921 949
921 968
921 979
922 970
922 981
922 983
922 1004
923 924
923 930
923 992
923 1012
924 928
924 936
924 938
924 986
924 987
924 994
924 1004
925 967
925 970
925 978
925 1001
925 1002
925 1014
926 927
926 991
926 992
926 999
927 935
927 937
927 949
927 962
927 1004
927 1010
927 1017
928 948
928 976
928 993
928 1016
929 936
929 967
929 969
929 977
929 1009
929 1016
930 948
930 950
930 974
930 986
930 990
930 1012
931 932
931 949
931 956
931 958
931 977
931 989
931 1002
932 934
932 941
932 971
932 995
932 1017
933 942
933 988
933 1004
934 935
934 940
934 960
934 980
934 989
935 946
935 965
935 991
935 1008
935 1011
935 1022
936 937
936 967
936 985
937 947
937 974
937 1012
938 951
938 953
938 961
938 980
939 947
939 991
939 993
939 1002
939 1004
940 963
940 991
940 992
940 1017
941 956
941 960
941 961
941 984
941 1012
942 949
942 979
942 997
943 956
944 971
944 987
944 1022
945 977
946 988
946 994
946 995
946 996
946 1018
947 948
947 956
947 965
947 977
947 989
947 1018
948 952
948 967
948 972
948 992
948 1002
949 970
949 971
949 982
949 990
950 952
950 999
951 961
951 1018
952 963
952 1005
953 959
953 999
953 1006
954 961
954 966
954 970
954 980
954 1000
955 963
955 1004
956 977
957 969
957 996
957 1011
958 959
958 964
958 1010
959 960
959 986
959 1012
960 985
960 1008
960 1014
961 978
961 982
962 964
962 975
962 986
962 1013
963 984
963 988
963 989
963 1009
964 968
964 997
964 1007
964 1014
966 985
967 1000
968 976
968 991
968 1005
968 1009
969 970
969 988
969 989
969 994
969 1017
969 1023
970 973
970 974
970 982
970 988
970 994
971 980
971 1023
972 1020
973 1017
974 980
974 1005
975 985
975 1009
976 992
976 999
976 1005
976 1023
977 981
977 1007
977 1009
978 982
980 1014
980 1018
981 992
981 1001
983 988
983 1003
984 1007
984 1008
984 1015
984 1019
986 997
986 1008
987 991
987 1019
988 990
988 1008
990 1016
991 1001
991 1017
991 1020
992 1015
994 1002
994 1003
994 1012
995 1000
995 1003
996 1016
997 1007
998 1001
999 1014
1000 1018
1001 1006
1002 1022
1003 1010
1004 1005
1004 1008
1004 1012
1005 1017
1006 1012
1007 1011
1007 1012
1011 1018
1017 1023
1020 1023
1141 1184
1141 1240
1141 1255
1142 1154
1142 1182
1142 1218
1142 1221
1142 1261
1142 1283
1142 1284
1142 1288
1143 1156
1143 1163
1143 1169
1143 1175
1143 1210
1143 1213
1143 1214
1144 1158
1144 1164
1144 1191
1144 1207
1144 1226
1144 1256
1144 1276
1144 1292
1144 1295
1144 1296
1144 1304
1144 1309
1145 1173
1145 1178
1145 1183
1145 1208
1145 1211
1145 1315
1146 1194
1146 1221
1146 1248
1146 1320
1147 1173
1147 1174
1147 1178
1147 1229
1147 1283
1147 1312
1148 1156
1148 1187
1148 1214
1148 1236
1148 1249
1148 1250
1148 1252
1148 1256
1148 1262
1148 1264
1148 1269
1148 1305
1148 1320
1148 1322
1149 1206
1149 1244
1149 1259
1149 1283
1150 1153
1150 1178
1150 1185
1150 1188
1150 1195
1150 1204
1150 1263
1150 1278
1150 1279
1150 1280
1151 1154
1151 1169
1151 1170
1151 1172
1151 1211
1151 1219
1151 1248
1151 1275
1151 1318
1152 1175
1152 1204
1152 1221
1152 1235
1152 1321
1153 1185
1153 1192
1153 1208
1153 1273
1153 1292
1153 1307
1154 1159
1154 1163
1154 1169
1154 1188
1154 1233
1154 1251
1154 1259
1154 1271
1154 1272
1154 1284
1154 1306
1154 1309
1155 1170
1155 1178
1155 1229
1155 1236
1155 1242
1155 1254
1155 1259
1155 1300
1155 1311
1156 1186
1156 1212
1156 1234
1156 1250
1156 1253
1157 1199
1157 1281
1157 1294
1158 1181
1158 1233
1158 1245
1158 1283
1158 1294
1158 1304
1159 1160
1159 1214
1159 1245
1159 1318
1160 1163
1160 1202
1160 1238
1160 1310
1160 1313
1161 1176
1161 1186
1161 1194
1161 1262
1161 1284
1162 1170
1162 1176
1162 1199
1162 1203
1162 1236
1162 1262
1162 1276
1163 1178
1163 1187
1164 1170
1164 1214
1164 1244
1164 1260
1164 1262
1164 1297
1164 1305
1164 1318
1165 1173
1165 1177
1165 1189
1165 1193
1165 1202
1165 1214
1165 1229
1166 1176
1166 1193
1166 1219
1166 1239
1166 1243
1166 1278
1166 1288
1166 1296
1166 1312
1167 1202
1167 1207
1167 1283
1168 1204
1168 1218
1168 1266
1169 1192
1169 1265
1169 1283
1169 1294
1170 1173
1170 1179
1170 1244
1170 1251
1170 1304
1171 1175
1171 1190
1171 1213
1171 1318
1172 1193
1172 1206
1172 1306
1173 1196
1173 1248
1173 1292
1174 1231
1174 1242
1174 1268
1174 1294
1175 1219
1175 1245
1175 1247
1175 1253
1176 1181
1176 1183
1176 1266
1176 1283
1176 1284
1176 1314
1176 1316
1177 1209
1177 1219
1177 1235
1177 1275
1177 1279
1177 1294
1177 1301
1177 1307
1177 1317
1178 1191
1178 1214
1178 1222
1178 1238
1178 1281
1178 1304
1178 1306
1178 1313
1178 1314
1179 1202
1179 1204
1179 1280
1179 1292
1179 1293
1180 1199
1180 1209
1180 1214
1180 1248
1180 1256
1180 1265
1180 1313
1181 1204
1181 1237
1181 1271
1181 1298
1181 1299
1181 1312
1182 1217
1182 1226
1183 1202
1183 1206
1183 1220
1183 1241
1183 1244
1183 1245
1183 1261
1183 1298
1183 1314
1183 1317
1184 1196
1184 1240
1184 1255
1184 1287
1184 1288
1184 1310
1184 1311
1185 1231
1185 1233
1185 1252
1185 1258
1185 1286
1186 1198
1186 1201
1186 1205
1186 1224
1186 1299
1187 1234
1187 1237
1187 1292
1187 1293
1187 1317
1188 1230
1188 1247
1188 1250
1188 1316
1189 1205
1189 1216
1189 1269
1189 1273
1189 1317
1190 1216
1190 1241
1190 1249
1190 1306
1191 1207
1191 1230
1191 1253
1191 1300
1191 1313
1192 1202
1192 1252
1192 1256
1192 1265
1192 1286
1193 1195
1193 1227
1193 1240
1193 1242
1193 1271
1194 1226
1194 1231
1194 1275
1194 1279
1194 1287
1195 1245
1195 1249
1195 1293
1196 1199
1196 1240
1196 1247
1196 1267
1197 1206
1197 1234
1197 1267
1198 1216
1198 1271
1198 1297
1198 1303
1198 1308
1199 1211
1199 1229
1199 1249
1199 1313
1199 1318
1200 1275
1200 1281
1200 1310
1200 1313
1201 1205
1201 1224
1201 1252
1202 1220
1202 1302
1203 1245
1203 1253
1203 1263
1203 1285
1203 1300
1203 1304
1204 1206
1204 1242
1204 1301
1204 1307
1205 1237
1205 1261
1205 1279
1205 1313
1205 1316
1206 1207
1207 1224
1207 1237
1207 1239
1207 1260
1207 1281
1207 1283
1207 1309
1208 1234
1208 1285
1208 1308
1210 1285
1210 1296
1210 1302
1210 1316
1211 1215
1211 1237
1211 1256
1211 1264
1211 1281
1211 1288
1212 1215
1212 1224
1212 1232
1212 1245
1212 1247
1212 1253
1212 1263
1212 1268
1212 1286
1212 1312
1212 1315
1213 1216
1213 1242
1213 1306
1214 1316
1214 1319
1215 1236
1215 1267
1215 1276
1215 1285
1215 1292
1215 1317
1216 1218
1216 1246
1216 1249
1216 1253
1217 1259
1217 1301
1218 1228
1218 1235
1218 1261
1218 1277
1218 1281
1218 1298
1218 1310
1219 1239
1219 1278
1219 1320
1220 1229
1220 1245
1220 1261
1220 1265
1220 1270
1221 1243
1221 1248
1221 1288
1221 1289
1221 1290
1221 1303
1222 1251
1222 1295
1222 1312
1223 1252
1223 1259
1223 1264
1223 1270
1223 1271
1223 1284
1224 1243
1224 1321
1225 1256
1225 1265
1225 1296
1225 1310
1225 1311
1226 1267
1226 1313
1227 1238
1227 1266
1227 1275
1227 1280
1227 1289
1227 1302
1228 1264
1228 1276
1229 1235
1229 1238
1230 1274
1230 1291
1231 1236
1231 1238
1231 1255
1231 1318
1232 1251
1232 1255
1232 1289
1233 1254
1233 1288
1234 1238
1234 1249
1234 1269
1234 1277
1234 1279
1234 1302
1235 1236
1235 1271
1235 1280
1236 1300
1237 1239
1237 1281
1237 1291
1237 1294
1237 1316
1237 1320
1238 1255
1238 1270
1238 1288
1238 1296
1239 1266
1239 1285
1239 1313
1240 1242
1240 1250
1240 1271
1240 1318
1241 1278
1241 1284
1241 1305
1241 1314
1242 1311
1243 1268
1243 1291
1244 1273
1245 1271
1245 1274
1246 1265
1246 1317
1247 1294
1247 1311
1248 1270
1248 1280
1248 1282
1248 1321
1249 1304
1249 1318
1250 1265
1250 1303
1250 1304
1250 1307
1254 1285
1254 1297
1255 1287
1255 1292
1255 1319
1256 1266
1256 1275
1256 1286
1257 1278
1258 1273
1260 1293
1260 1316
1262 1268
1262 1280
1262 1311
1262 1321
1263 1278
1263 1318
1265 1272
1266 1321
1267 1300
1267 1308
1267 1309
1267 1321
1268 1320
1268 1322
1270 1275
1270 1296
1271 1289
1271 1320
1272 1307
1273 1296
1274 1316
1274 1320
1275 1311
1276 1283
1276 1315
1278 1281
1278 1296
1279 1317
1279 1318
1280 1296
1281 1283
1281 1303
1282 1307
1282 1319
1285 1314
1285 1315
1287 1305
1288 1294
1288 1313
1289 1297
1289 1304
1292 1295
1292 1298
1292 1310
1294 1306
1295 1299
1295 1321
1296 1303
1296 1304
1296 1307
1297 1308
1302 1306
1304 1305
1305 1309
1306 1319
1307 1319
1310 1318
1317 1322
1323 1331
1324 1338
1325 1330
1325 1332
1325 1335
1325 1339
1325 1340
1325 1342
1326 1335
1326 1337
1327 1328
1327 1336
1328 1329
1329 1334
1329 1337
1329 1339
1330 1337
1330 1338
1330 1339
1331 1333
1331 1335
1331 1342
1332 1336
1334 1339
1336 1337
1339 1342