0 36
0 41
1 28
1 33
1 40
1 41
1 48
1 57
1 85
2 4
2 18
2 57
2 80
2 81
3 4
3 15
3 22
3 59
3 82
4 27
4 38
4 40
4 41
4 69
4 85
5 18
5 52
5 76
5 79
5 86
6 8
6 18
6 20
6 48
6 50
7 10
7 13
7 29
7 40
7 80
7 83
8 12
8 13
8 70
8 72
9 11
9 12
9 25
9 45
10 19
10 43
10 59
10 73
10 75
10 76
11 23
11 27
11 37
11 53
11 55
11 78
11 80
12 30
12 40
12 42
13 16
13 47
13 48
13 56
13 62
13 65
13 68
13 72
14 21
14 41
14 44
14 71
14 73
15 23
15 33
15 50
15 54
15 69
15 80
15 82
15 86
16 19
16 26
16 50
16 54
16 62
17 70
17 85
18 42
18 81
19 25
20 23
20 31
20 33
20 40
21 24
21 26
21 46
21 78
22 45
22 52
22 62
22 70
23 30
23 38
23 51
24 31
24 50
24 84
25 42
25 70
25 86
26 37
27 30
27 38
27 40
27 54
27 71
28 60
28 61
28 77
29 42
29 47
30 38
30 51
30 59
30 69
31 69
32 54
32 84
33 43
33 47
33 50
34 41
34 76
34 85
35 54
35 71
36 46
36 64
37 39
37 78
38 41
38 46
38 81
39 67
40 50
40 55
40 64
40 69
40 80
40 84
41 48
41 77
42 47
42 58
42 67
42 81
42 86
43 44
43 72
44 50
44 82
45 54
45 73
46 52
46 64
46 80
47 58
47 71
47 83
48 76
53 56
53 59
53 61
53 80
55 72
57 63
57 78
58 62
59 68
60 70
61 69
62 63
62 76
62 85
62 86
64 68
65 80
66 70
67 80
67 82
70 72
72 77
73 80
75 84
76 79
76 82
78 80
78 86
83 86
97 92
99 100
101 88
87 92
87 95
88 92
90 91
92 93
94 95
102 116
102 136
102 152
102 160
102 168
102 218
102 247
102 255
102 263
102 347
102 350
102 384
102 649
103 119
103 123
103 126
103 144
103 149
103 239
103 255
103 266
103 270
103 301
103 390
103 420
104 171
104 177
104 210
104 240
104 248
104 372
104 375
104 387
104 388
104 430
105 136
105 140
105 168
105 212
105 270
105 331
105 364
105 386
105 421
106 114
106 117
106 131
106 132
106 138
106 146
106 245
106 246
106 258
106 264
106 271
106 277
106 287
106 301
106 336
106 388
107 125
107 161
107 198
107 311
107 346
107 349
107 360
107 387
107 412
107 414
107 427
107 428
108 121
108 123
108 168
108 172
108 214
108 263
108 272
108 274
108 331
108 343
108 344
108 371
109 127
109 131
109 164
109 167
109 226
109 258
109 265
109 284
109 288
109 308
109 312
109 350
109 391
109 393
109 399
109 405
109 408
110 153
110 201
110 259
110 285
110 323
110 326
110 350
111 124
111 154
111 175
111 186
111 208
111 220
111 248
111 264
111 288
111 319
111 328
111 379
111 384
111 397
111 437
112 125
112 126
112 136
112 160
112 183
112 236
112 255
112 284
112 298
112 321
112 346
112 398
112 402
113 118
113 149
113 202
113 230
113 235
113 251
113 298
113 309
113 339
113 357
113 365
113 392
113 419
114 161
114 182
114 221
114 250
114 256
114 269
114 330
114 358
114 375
114 386
114 432
114 437
115 116
115 160
115 169
115 264
115 339
115 356
115 377
115 426
115 432
116 190
116 209
116 225
116 350
116 414
116 422
117 145
117 146
117 176
117 219
117 235
117 249
117 275
117 284
117 298
117 358
117 390
117 439
118 220
118 228
118 268
118 328
118 335
118 342
118 355
118 395
118 407
118 418
118 420
118 424
118 425
119 122
119 123
119 133
119 150
119 191
119 245
119 289
119 313
119 377
119 391
119 424
119 425
120 121
120 122
120 139
120 152
120 154
120 178
120 194
120 226
120 233
120 251
120 283
120 293
120 308
120 326
120 341
120 376
120 421
120 437
121 123
121 147
121 148
121 157
121 219
121 223
121 239
121 263
121 266
121 274
121 277
121 282
121 286
121 295
121 327
121 354
121 364
121 386
121 419
122 160
122 178
122 188
122 192
122 246
122 253
122 266
122 314
122 346
122 358
122 360
122 373
122 420
122 428
122 435
123 126
123 157
123 160
123 212
123 225
123 255
123 344
123 348
123 374
124 130
124 253
124 285
124 300
124 416
125 128
125 163
125 214
125 252
125 272
125 305
125 308
125 313
125 322
125 348
125 354
125 367
125 396
125 398
125 420
125 425
125 427
126 134
126 167
126 186
126 199
126 206
126 207
126 292
126 303
126 364
126 372
126 378
126 388
126 406
126 415
126 419
126 436
127 183
127 185
127 186
127 192
127 199
127 229
127 236
127 245
127 280
127 298
128 135
128 199
128 201
128 211
128 261
128 289
128 312
128 351
128 362
128 403
128 437
129 149
129 151
129 184
129 264
129 334
129 339
129 342
129 384
129 388
129 402
129 570
130 131
130 178
130 190
130 210
130 288
130 388
130 404
130 406
130 408
130 429
131 149
131 191
131 210
131 244
131 290
131 300
131 308
131 340
131 345
131 422
131 424
132 148
132 154
132 197
132 223
132 225
132 240
132 251
132 267
132 289
132 343
132 359
132 366
132 374
132 416
132 422
132 424
132 428
133 181
133 278
133 296
133 327
133 334
133 345
133 389
134 164
134 167
134 170
134 177
134 198
134 222
134 227
134 242
134 244
134 247
134 293
134 303
134 309
134 310
134 324
134 325
134 364
134 416
134 434
135 164
135 173
135 174
135 181
135 190
135 192
135 195
135 226
135 260
135 293
135 306
135 313
135 341
135 366
135 384
135 394
135 400
135 417
135 419
136 162
136 216
136 230
136 248
136 254
136 257
136 258
136 275
136 292
136 394
137 144
137 176
137 356
137 377
137 399
137 942
138 151
138 161
138 174
138 204
138 207
138 251
138 255
138 289
138 293
138 322
138 380
138 405
139 183
139 198
139 200
139 299
139 311
139 322
139 332
139 356
139 366
139 385
139 420
140 144
140 170
140 177
140 204
140 205
140 231
140 243
140 292
140 295
140 332
140 362
140 382
140 390
141 145
141 146
141 152
141 210
141 225
141 229
141 243
141 331
141 334
141 344
141 355
141 369
141 372
141 381
141 399
141 405
141 416
141 430
142 158
142 174
142 206
142 213
142 229
142 243
142 275
142 288
142 352
142 389
142 431
143 148
143 150
143 153
143 156
143 221
143 324
143 378
143 393
143 426
144 159
144 161
144 179
144 263
144 265
144 306
144 312
144 316
144 357
144 402
145 164
145 204
145 277
145 290
145 351
145 356
145 375
145 387
145 394
145 413
145 433
146 152
146 153
146 176
146 258
146 309
146 333
146 394
146 425
146 426
146 428
147 212
147 235
147 256
147 257
147 273
147 292
147 311
147 327
147 365
147 384
147 387
148 216
148 278
148 333
148 403
148 429
148 430
149 205
149 214
149 241
149 292
149 342
149 362
149 414
149 415
150 157
150 158
150 167
150 175
150 236
150 247
150 333
150 367
150 375
150 378
150 424
151 195
151 213
151 261
151 267
151 271
151 313
151 338
151 340
151 356
151 361
151 365
151 375
151 423
152 201
152 223
152 229
152 257
152 277
152 286
152 344
153 165
153 184
153 244
153 283
153 294
153 336
153 352
153 410
154 253
154 296
154 322
154 333
154 370
154 387
154 424
155 203
155 272
155 290
155 329
155 347
155 368
155 393
156 208
156 233
156 262
156 268
156 278
156 290
156 305
156 308
156 356
156 374
156 412
156 423
157 164
157 201
157 202
157 224
157 252
157 259
157 263
157 275
157 277
157 290
157 331
157 370
157 412
157 421
158 215
158 244
158 306
158 335
158 419
159 182
159 212
159 243
159 282
159 337
159 362
159 370
159 375
160 177
160 209
160 233
160 243
160 269
160 346
160 347
160 367
160 397
161 184
161 202
161 217
161 238
161 274
161 296
161 322
161 369
162 195
162 224
162 258
162 288
162 291
162 318
162 331
162 361
162 407
162 411
162 424
162 437
163 166
163 189
163 193
163 194
163 209
163 264
163 277
163 308
163 377
163 380
163 385
163 392
163 397
164 204
164 205
164 350
164 357
164 400
164 404
164 405
164 420
165 176
165 186
165 218
165 237
165 252
165 304
165 324
165 328
165 349
165 357
165 361
165 393
165 428
166 212
166 249
166 261
166 275
166 303
166 340
166 398
166 405
166 421
166 426
166 427
167 195
167 208
167 230
167 237
167 326
167 333
167 348
167 363
167 389
167 437
168 189
168 197
168 205
168 237
168 244
168 257
168 278
168 286
168 318
168 369
168 390
169 194
169 197
169 323
170 248
170 329
170 339
170 375
170 386
170 388
170 394
171 175
171 178
171 189
171 222
171 285
171 296
171 334
171 378
171 401
172 228
172 241
172 249
172 257
172 275
172 276
172 312
172 343
172 349
172 412
172 413
173 182
173 204
173 206
173 214
173 229
173 271
173 310
173 311
173 374
173 376
173 393
173 419
173 429
174 216
174 268
174 296
174 345
175 288
175 335
175 364
175 368
175 379
175 415
175 417
175 419
176 230
176 231
176 250
176 275
176 298
176 312
176 401
177 190
177 222
177 315
177 358
177 419
177 427
178 190
178 235
178 333
178 358
178 414
178 416
178 420
178 425
179 181
179 208
179 320
179 329
179 352
179 369
179 396
179 427
180 186
180 187
180 197
180 326
180 341
180 431
181 236
181 290
181 367
181 421
181 435
182 253
182 266
182 281
182 375
182 377
182 392
183 223
183 224
183 227
183 260
183 297
183 344
183 399
183 424
183 428
184 195
184 235
184 317
184 420
185 197
185 254
185 270
185 291
185 324
185 345
185 397
185 405
186 199
186 220
186 226
186 252
186 320
186 324
186 426
187 225
187 238
187 247
187 277
187 386
187 388
187 395
187 408
187 428
188 189
188 207
188 249
188 336
188 339
188 355
188 360
188 362
188 378
188 423
189 211
189 247
189 346
189 370
189 384
189 393
189 423
190 196
190 206
190 219
190 230
190 291
190 310
190 387
191 201
191 205
191 296
191 302
191 330
191 350
191 359
191 368
191 416
191 432
192 205
192 224
192 225
192 254
192 274
192 280
192 298
192 299
192 349
192 398
192 401
192 420
192 421
193 261
193 281
193 295
193 304
193 341
193 400
193 415
193 423
194 255
194 280
194 298
194 357
194 378
194 380
194 383
194 421
194 430
195 232
195 268
195 289
195 292
195 313
195 356
195 371
195 382
195 390
195 423
195 431
196 201
196 238
196 288
196 305
196 393
196 415
197 200
197 267
197 306
197 348
197 368
197 393
197 411
197 434
198 208
198 229
198 230
198 253
198 307
198 314
198 322
198 390
198 428
199 215
199 237
199 242
199 278
199 284
199 317
199 321
199 324
199 435
200 204
200 210
200 220
200 234
200 247
200 260
200 264
200 312
200 317
200 337
200 355
200 374
200 400
201 204
201 205
201 208
201 240
201 278
201 323
201 336
201 343
201 357
201 378
201 433
202 215
202 261
202 280
202 281
202 344
202 366
202 437
203 240
203 279
203 300
203 321
203 322
203 416
203 425
203 434
204 220
204 247
204 284
204 295
204 329
204 341
204 358
204 389
204 394
204 428
205 295
205 311
205 321
205 322
205 330
205 346
205 352
205 434
206 220
206 223
206 248
206 284
206 297
206 311
206 358
206 359
206 376
206 380
206 390
206 413
207 220
207 222
207 275
207 286
207 359
208 235
208 247
208 297
208 321
208 324
208 364
208 365
209 218
209 253
209 254
209 288
209 323
209 348
209 354
209 382
209 392
209 431
210 251
210 257
210 268
210 309
210 311
210 326
210 332
210 344
210 373
210 387
211 213
211 239
211 277
211 287
211 292
211 302
211 336
211 362
211 368
211 386
211 391
211 401
211 413
211 429
212 381
212 409
212 416
212 417
212 434
213 219
213 227
213 232
213 252
213 303
213 435
214 219
214 225
214 256
214 307
214 330
214 367
214 373
214 383
214 389
214 417
214 419
214 422
215 236
215 241
215 288
215 324
215 325
215 339
215 341
215 372
215 385
215 418
216 246
216 282
216 293
216 365
216 376
216 397
216 414
217 303
217 327
217 333
217 392
217 408
217 411
217 422
217 430
218 244
218 271
218 294
218 336
218 344
218 355
218 357
218 396
218 398
219 244
219 269
219 289
219 318
219 340
219 405
219 414
219 426
220 266
220 294
220 311
220 328
220 329
220 335
220 336
220 393
221 235
221 297
221 308
221 335
221 368
221 407
221 432
222 237
222 240
222 286
222 315
222 332
222 336
222 372
222 385
222 387
222 393
222 437
223 269
223 271
223 278
223 282
223 300
223 308
223 345
223 346
223 409
223 417
223 431
224 263
224 280
224 316
224 364
225 235
225 262
225 286
225 297
225 347
225 349
225 351
225 361
225 399
225 417
226 232
226 289
226 292
226 293
226 300
226 336
226 419
227 250
227 300
228 246
228 271
228 278
228 281
228 306
228 333
228 367
228 394
228 416
228 427
229 233
229 282
229 290
229 291
229 301
229 309
229 344
229 361
229 380
229 395
229 407
229 435
230 254
230 328
230 376
230 389
230 404
230 419
230 422
231 232
231 240
231 256
231 310
231 311
231 314
231 341
231 345
231 381
231 385
232 261
232 337
232 341
232 362
232 365
232 376
232 398
232 405
232 417
232 433
233 256
233 276
233 284
233 318
233 335
233 344
233 398
234 235
234 240
234 242
234 243
234 264
234 370
234 382
235 252
235 392
235 398
235 421
236 237
236 250
236 302
236 303
236 403
236 404
236 409
236 433
237 251
237 291
237 297
237 361
237 380
237 401
238 271
238 310
238 317
238 332
238 352
238 369
238 409
239 259
239 330
239 400
239 415
240 261
240 340
240 359
240 398
240 407
240 420
241 296
241 349
242 272
242 276
242 301
242 316
242 318
242 337
242 393
242 394
243 300
243 341
243 355
243 396
243 419
244 263
244 275
244 301
244 328
244 367
245 256
245 289
245 295
245 317
245 343
245 386
245 411
245 427
246 269
246 345
246 393
246 396
247 266
247 358
247 374
247 384
247 406
247 432
247 433
248 265
248 268
248 292
248 320
248 392
248 402
248 431
249 260
249 267
249 310
249 366
249 370
249 376
249 391
249 429
249 433
250 293
250 310
250 317
250 330
250 382
251 273
251 279
251 308
251 317
251 326
251 350
251 352
251 360
251 427
251 431
252 255
252 261
252 279
252 304
252 346
252 363
252 375
253 276
253 293
253 321
253 323
253 324
253 332
253 430
254 343
254 351
254 364
254 397
254 419
255 271
255 348
255 351
255 367
255 376
255 380
255 424
255 428
256 278
256 289
256 347
256 362
256 364
256 374
256 375
256 404
256 436
257 265
258 265
258 269
258 319
258 323
259 338
259 339
259 375
259 387
259 394
259 422
260 311
260 312
260 349
260 362
260 405
260 419
261 307
261 315
261 338
261 373
261 379
261 380
261 413
261 433
262 281
262 326
262 354
263 275
263 322
263 342
263 391
263 435
263 504
264 292
264 327
264 381
264 396
264 410
265 295
265 296
265 303
265 304
265 311
265 349
265 401
265 408
266 290
266 304
266 325
266 328
266 373
266 424
266 429
266 434
267 303
267 304
267 331
267 336
267 348
267 408
267 423
268 319
268 335
268 414
268 430
269 289
269 333
269 342
269 343
269 374
269 398
269 399
270 284
270 291
270 310
270 328
270 333
270 364
270 368
270 370
270 407
270 426
270 436
271 330
271 340
271 342
271 372
271 374
271 406
272 304
272 368
272 394
272 410
272 430
273 299
274 288
274 307
274 311
274 333
274 343
274 362
274 368
275 317
275 331
275 340
275 358
276 312
276 324
276 362
276 369
276 374
276 420
277 290
277 328
277 377
277 383
277 406
277 413
277 416
278 280
278 290
278 311
278 350
278 364
278 369
278 416
279 326
279 333
279 368
279 391
279 408
279 432
280 306
280 340
280 348
280 368
280 370
280 373
281 295
281 314
281 343
281 411
282 284
282 314
282 369
282 401
282 432
283 294
283 354
283 371
284 291
284 292
284 330
284 384
284 390
284 423
285 293
285 346
285 363
285 385
285 429
285 433
286 323
286 330
286 342
286 377
286 380
286 413
286 429
287 293
287 376
287 389
287 430
287 432
288 324
288 363
288 408
288 409
288 427
289 292
289 323
289 324
289 342
289 345
289 372
289 402
289 419
289 428
290 427
291 337
291 354
291 368
292 304
292 309
292 369
292 413
293 318
293 371
293 386
293 424
294 317
294 370
294 419
295 299
295 304
295 308
295 309
295 323
295 326
295 336
295 372
295 383
295 428
296 307
296 337
297 329
297 330
297 333
297 372
297 394
297 397
298 437
299 315
299 357
299 387
299 403
299 412
300 341
300 361
300 372
300 386
300 433
301 324
301 342
301 398
301 434
302 324
302 356
302 431
303 320
303 368
303 435
304 370
304 397
304 403
305 332
305 367
305 383
305 393
305 428
306 320
306 342
306 346
306 367
306 396
306 423
307 316
307 317
307 357
307 362
308 400
308 427
309 322
309 325
310 313
310 321
310 341
310 352
310 368
310 378
311 323
311 339
311 378
311 408
311 414
311 418
312 332
312 358
312 425
312 435
313 349
313 360
313 361
313 370
313 374
313 379
313 408
313 434
314 328
314 330
314 333
314 339
314 350
314 360
314 389
314 402
315 322
315 339
315 340
315 366
315 383
315 388
315 431
315 437
316 359
316 365
316 375
316 376
316 409
317 327
317 341
317 433
318 319
318 371
318 388
318 403
318 404
318 420
319 324
319 341
319 375
320 335
320 344
320 375
320 413
321 325
321 377
321 410
321 413
321 424
321 426
322 370
322 395
322 421
323 414
324 343
324 344
324 348
324 362
324 386
324 400
324 423
324 435
324 499
325 424
325 426
325 435
326 327
326 332
326 349
326 367
326 432
327 335
327 389
327 407
328 428
329 335
329 373
329 429
330 357
330 374
330 384
330 390
330 411
330 435
331 364
331 393
331 407
331 416
332 350
332 423
333 395
334 339
334 372
335 337
335 414
335 432
335 434
336 365
336 393
336 429
336 430
337 348
337 349
337 378
337 394
337 408
337 429
337 436
338 346
338 364
338 406
339 365
339 383
339 393
339 402
339 415
340 371
340 410
341 344
341 370
342 375
343 352
343 364
343 372
344 353
344 368
344 385
344 412
344 430
345 370
345 416
345 437
346 360
346 363
346 386
346 408
347 352
347 370
348 364
348 373
348 383
349 388
350 364
350 367
350 376
351 359
351 384
351 406
352 371
352 372
352 405
352 421
353 373
354 366
354 391
354 425
355 376
355 393
355 400
355 407
355 410
355 430
356 413
356 426
357 361
357 400
358 399
358 412
359 379
359 428
360 362
360 406
360 421
361 377
361 412
361 427
361 429
361 436
362 368
362 389
362 408
363 387
364 366
366 373
366 384
366 404
367 410
368 382
368 383
368 396
368 401
368 429
369 415
370 378
370 403
370 423
371 376
371 401
371 433
372 413
372 419
373 379
373 390
374 427
374 429
374 430
375 377
375 397
375 412
376 437
377 432
378 423
379 401
380 382
380 391
380 398
380 434
382 390
382 398
382 413
382 425
383 417
384 416
386 422
387 400
387 437
388 416
388 423
390 425
391 427
392 427
393 418
393 428
396 408
398 418
398 431
398 436
399 416
401 425
401 433
402 421
403 415
403 419
404 426
407 412
409 433
411 419
411 571
412 413
416 435
419 433
421 437
423 434
423 435
424 427
425 433
425 482
426 428
426 431
429 434
432 437
512 518
512 542
512 549
512 556
512 569
512 593
512 609
512 619
512 625
512 446
512 451
512 467
512 479
512 485
512 498
512 500
513 518
513 525
513 534
513 537
513 557
513 562
513 563
513 570
513 574
513 578
513 579
513 596
513 612
513 614
513 620
513 625
513 451
513 459
513 470
513 471
513 474
513 483
513 487
513 488
513 499
513 501
514 519
514 525
514 526
514 541
514 542
514 552
514 556
514 566
514 579
514 583
514 605
514 609
514 612
514 614
514 441
514 443
514 462
514 463
514 465
514 510
515 533
515 538
515 564
515 572
515 581
515 586
515 596
515 619
515 442
515 447
515 448
515 449
515 477
515 486
515 493
515 499
516 524
516 533
516 546
516 550
516 557
516 565
516 574
516 575
516 607
516 610
516 618
516 620
516 625
516 446
516 453
516 459
516 474
516 477
516 481
516 482
516 496
516 499
517 518
517 535
517 537
517 547
517 549
517 550
517 562
517 566
517 572
517 579
517 583
517 587
517 602
517 609
517 619
517 439
517 446
517 460
517 471
517 476
517 496
517 504
518 520
518 521
518 522
518 527
518 532
518 543
518 546
518 555
518 570
518 572
518 575
518 576
518 582
518 592
518 602
518 612
518 461
518 469
518 492
519 525
519 543
519 548
519 562
519 569
519 571
519 572
519 598
519 603
519 618
519 444
519 447
519 448
519 460
519 461
519 474
519 476
520 536
520 538
520 544
520 556
520 561
520 571
520 575
520 587
520 600
520 447
520 448
520 456
520 457
520 479
521 529
521 534
521 558
521 565
521 571
521 574
521 575
521 577
521 590
521 596
521 607
521 609
521 451
521 453
521 463
521 469
521 481
521 483
521 491
521 493
521 509
522 524
522 557
522 576
522 592
522 599
522 601
522 607
522 609
522 612
522 622
522 624
522 439
522 440
522 451
522 455
522 485
522 489
522 501
523 524
523 530
523 537
523 559
523 561
523 564
523 576
523 577
523 581
523 596
523 599
523 606
523 610
523 623
523 446
523 460
523 466
523 475
523 492
523 498
523 505
523 508
524 525
524 531
524 532
524 533
524 541
524 544
524 549
524 570
524 574
524 577
524 608
524 611
524 442
524 453
524 454
524 465
524 471
524 475
524 476
524 479
525 544
525 546
525 547
525 554
525 588
525 609
525 612
525 618
525 622
525 441
525 445
525 449
525 470
525 472
525 476
525 486
525 487
525 492
525 509
526 539
526 555
526 557
526 564
526 579
526 610
526 438
526 452
526 459
526 464
526 466
526 477
526 478
526 482
526 484
526 497
526 503
526 508
527 535
527 537
527 539
527 542
527 549
527 571
527 574
527 583
527 602
527 608
527 615
527 624
527 440
527 449
527 455
527 461
527 472
527 487
527 506
527 509
528 535
528 536
528 538
528 546
528 551
528 554
528 560
528 570
528 579
528 584
528 602
528 616
528 620
528 621
528 444
528 446
528 450
528 457
528 484
528 498
528 505
529 539
529 546
529 553
529 556
529 575
529 586
529 593
529 600
529 608
529 610
529 443
529 451
529 460
529 486
529 498
529 500
529 507
530 542
530 543
530 547
530 554
530 555
530 582
530 584
530 593
530 594
530 598
530 611
530 618
530 625
530 440
530 442
530 447
530 465
530 474
530 481
530 483
530 489
530 490
530 507
531 538
531 552
531 566
531 579
531 591
531 599
531 607
531 610
531 618
531 625
531 441
531 443
531 444
531 451
531 483
531 484
531 485
531 496
532 534
532 560
532 561
532 565
532 567
532 568
532 578
532 586
532 618
532 624
532 625
532 445
532 459
532 462
532 468
532 475
533 557
533 562
533 565
533 583
533 586
533 602
533 609
533 611
533 444
533 448
533 460
533 463
533 468
533 483
533 484
533 502
533 508
534 542
534 548
534 572
534 579
534 582
534 587
534 605
534 441
534 442
534 444
534 446
534 451
534 465
534 467
534 473
534 483
534 484
534 491
534 498
534 504
535 566
535 582
535 583
535 594
535 605
535 616
535 459
535 471
535 479
535 491
535 492
535 498
535 504
535 507
536 549
536 556
536 558
536 570
536 571
536 574
536 575
536 595
536 609
536 610
536 616
536 621
536 625
536 446
536 450
536 451
536 458
536 467
536 468
536 495
536 506
537 565
537 572
537 594
537 605
537 612
537 614
537 619
537 621
537 446
537 447
537 448
537 459
537 461
537 468
537 479
537 494
537 503
537 505
538 568
538 598
538 607
538 623
538 439
538 440
538 445
538 455
538 464
538 472
538 484
538 502
538 504
538 505
538 508
539 542
539 559
539 567
539 578
539 582
539 589
539 595
539 597
539 598
539 601
539 617
539 441
539 445
539 456
539 458
539 465
539 478
539 479
539 481
539 485
539 509
540 544
540 545
540 546
540 556
540 569
540 590
540 594
540 605
540 616
540 621
540 453
540 466
540 483
540 503
541 547
541 553
541 559
541 560
541 581
541 595
541 608
541 618
541 624
541 440
541 445
541 447
541 470
541 474
541 477
541 478
541 480
541 482
541 497
542 555
542 578
542 581
542 596
542 599
542 614
542 615
542 618
542 619
542 620
542 447
542 479
542 480
542 482
542 485
542 487
542 491
542 494
542 506
543 549
543 554
543 570
543 576
543 577
543 582
543 584
543 602
543 610
543 622
543 440
543 444
543 449
543 450
543 451
543 454
543 460
543 469
543 472
543 485
543 489
543 493
544 552
544 558
544 564
544 566
544 571
544 606
544 609
544 614
544 615
544 623
544 443
544 444
544 454
544 463
544 464
544 492
544 500
544 501
544 502
545 553
545 559
545 579
545 582
545 596
545 597
545 601
545 606
545 610
545 617
545 622
545 445
545 450
545 465
545 466
545 472
545 476
545 478
545 484
545 490
545 493
545 496
545 510
546 547
546 551
546 565
546 579
546 580
546 582
546 592
546 602
546 604
546 611
546 451
546 458
546 459
546 470
546 472
546 473
546 475
546 492
546 493
546 501
547 562
547 575
547 590
547 612
547 620
547 443
547 484
547 486
547 487
547 491
547 505
547 508
548 553
548 557
548 569
548 574
548 588
548 597
548 599
548 618
548 625
548 460
548 471
548 488
548 505
548 508
549 554
549 561
549 562
549 565
549 573
549 575
549 583
549 584
549 603
549 610
549 614
549 446
549 452
549 454
549 457
549 471
549 474
549 475
549 485
549 493
549 507
549 508
549 510
550 555
550 559
550 560
550 563
550 592
550 602
550 607
550 615
550 616
550 449
550 457
550 473
550 488
550 497
550 501
550 502
550 508
551 558
551 570
551 576
551 579
551 594
551 595
551 608
551 610
551 613
551 619
551 621
551 439
551 448
551 451
551 454
551 462
551 465
551 473
551 476
551 480
551 488
551 505
552 558
552 572
552 579
552 580
552 606
552 613
552 440
552 451
552 454
552 455
552 459
552 461
552 466
552 472
552 497
552 500
552 501
552 509
553 559
553 562
553 566
553 571
553 575
553 577
553 578
553 583
553 594
553 611
553 617
553 625
553 450
553 452
553 454
553 469
553 475
553 489
553 493
553 510
554 560
554 565
554 574
554 576
554 582
554 587
554 601
554 605
554 610
554 617
554 624
554 452
554 472
554 507
555 573
555 597
555 601
555 602
555 605
555 616
555 440
555 446
555 453
555 465
555 476
556 557
556 558
556 568
556 581
556 582
556 590
556 604
556 606
556 611
556 617
556 618
556 625
556 451
556 455
556 467
556 469
556 473
556 476
556 477
556 490
556 492
556 496
557 565
557 566
557 574
557 577
557 579
557 580
557 595
557 598
557 623
557 438
557 439
557 444
557 447
557 458
557 461
557 462
557 466
557 473
557 475
558 562
558 565
558 567
558 573
558 577
558 588
558 589
558 605
558 615
558 625
558 441
558 461
558 467
558 472
558 477
558 478
558 486
558 495
558 499
558 511
559 561
559 563
559 589
559 601
559 606
559 441
559 443
559 447
559 451
559 478
559 479
559 505
559 508
559 509
559 511
560 573
560 581
560 582
560 583
560 597
560 617
560 445
560 463
560 469
560 474
560 479
560 486
560 487
560 492
560 496
561 569
561 570
561 573
561 581
561 584
561 589
561 597
561 601
561 611
561 613
561 618
561 453
561 457
561 472
561 480
561 482
561 488
561 504
562 567
562 569
562 583
562 593
562 595
562 596
562 599
562 609
562 615
562 445
562 448
562 457
562 462
562 481
562 485
562 507
563 565
563 567
563 570
563 571
563 582
563 583
563 587
563 612
563 438
563 475
563 481
563 483
563 510
564 583
564 590
564 592
564 595
564 606
564 445
564 446
564 456
564 470
564 474
564 494
564 503
564 508
565 584
565 590
565 596
565 599
565 604
565 625
565 438
565 440
565 444
565 451
565 463
565 467
565 481
565 488
565 489
565 499
566 582
566 584
566 588
566 597
566 609
566 448
566 458
566 477
566 486
566 489
566 500
566 511
567 582
567 589
567 591
567 594
567 599
567 601
567 615
567 442
567 443
567 447
567 449
567 460
567 480
567 483
567 485
567 495
567 496
568 591
568 599
568 600
568 621
568 440
568 444
568 445
568 449
568 464
568 465
568 473
568 474
568 479
568 491
568 492
569 585
569 592
569 605
569 614
569 467
569 500
569 505
570 571
570 579
570 584
570 589
570 593
570 594
570 605
570 609
570 622
570 438
570 444
570 453
570 457
570 481
571 573
571 574
571 588
571 607
571 624
571 625
571 453
571 458
571 487
571 491
571 507
572 577
572 581
572 598
572 611
572 612
572 614
572 625
572 443
572 447
572 453
572 457
572 487
572 498
572 502
572 504
572 505
573 578
573 579
573 584
573 591
573 593
573 599
573 604
573 611
573 622
573 625
573 441
573 442
573 446
573 450
573 453
573 455
573 457
573 484
573 490
573 495
573 496
573 504
574 582
574 596
574 604
574 610
574 618
574 620
574 438
574 467
574 476
574 485
574 491
574 504
575 583
575 590
575 591
575 595
575 613
575 616
575 620
575 451
575 462
575 465
575 475
575 481
575 487
575 509
576 606
576 619
576 447
576 448
576 454
576 460
576 462
576 471
576 475
576 478
576 480
577 586
577 591
577 600
577 606
577 451
577 466
577 467
577 478
577 483
577 501
578 579
578 590
578 591
578 595
578 609
578 611
578 614
578 462
578 476
578 481
578 491
578 498
578 509
579 591
579 599
579 602
579 605
579 607
579 624
579 456
579 461
579 465
579 478
579 503
580 588
580 598
580 603
580 609
580 611
580 624
580 450
580 456
580 458
580 463
580 464
580 467
580 473
580 493
581 587
581 595
581 603
581 617
581 624
581 440
581 446
581 452
581 471
581 474
581 478
581 490
581 492
581 502
581 505
582 590
582 596
582 599
582 605
582 623
582 446
582 454
582 488
582 492
582 498
582 500
582 505
582 511
583 596
583 616
583 618
583 623
583 440
583 441
583 446
583 450
583 456
583 481
583 490
583 505
584 603
584 608
584 620
584 621
584 441
584 444
584 446
584 450
584 460
584 466
584 474
584 478
584 487
584 494
584 495
585 589
585 593
585 595
585 598
585 613
585 624
585 438
585 440
585 446
585 453
585 454
585 462
585 474
585 483
585 502
586 604
586 606
586 607
586 611
586 459
586 464
586 491
587 604
587 605
587 610
587 612
587 624
587 442
587 446
587 453
587 460
587 466
587 470
587 473
587 503
587 504
587 510
588 624
588 448
588 453
588 459
588 465
588 485
588 489
588 498
588 499
589 592
589 607
589 441
589 449
589 463
589 466
589 468
589 479
589 493
589 495
590 605
590 612
590 614
590 446
590 454
590 464
590 474
590 478
590 480
590 482
590 495
590 497
590 500
590 502
590 505
590 511
591 444
591 472
591 474
591 478
591 481
591 485
591 505
592 598
592 614
592 623
592 453
592 475
592 497
592 500
592 504
593 606
593 620
593 442
593 459
593 464
593 468
593 497
594 598
594 600
594 605
594 606
594 611
594 625
594 438
594 443
594 445
594 468
594 471
594 497
594 500
594 508
595 612
595 614
595 615
595 622
595 450
595 459
595 466
595 476
595 480
595 482
595 483
595 490
595 502
596 602
596 604
596 605
596 606
596 615
596 617
596 466
596 469
596 470
596 475
596 476
596 477
596 481
596 483
597 622
597 624
597 441
597 443
597 460
597 469
597 475
597 487
597 488
597 509
598 605
598 440
598 454
598 464
598 466
598 472
598 474
598 491
598 493
598 498
599 616
599 618
599 622
599 455
599 495
599 500
600 605
600 612
600 613
600 622
600 442
600 475
600 478
600 492
600 495
600 507
601 610
601 615
601 618
601 624
601 444
601 447
601 448
601 453
601 482
602 604
602 445
602 448
602 454
602 462
602 475
602 483
602 497
602 502
603 606
603 607
603 608
603 615
603 624
603 440
603 448
603 460
603 469
603 473
603 481
603 484
603 485
603 488
603 489
603 492
603 507
603 510
604 610
604 612
604 619
604 622
604 448
604 467
604 469
604 470
604 473
604 474
604 476
605 448
605 449
605 486
605 495
605 498
606 621
606 622
606 438
606 444
606 486
606 494
606 502
607 609
607 611
607 620
607 625
607 445
607 459
607 461
607 463
607 464
607 471
607 483
607 493
607 496
608 443
608 453
608 461
608 472
608 479
608 480
608 491
608 494
608 501
609 616
609 625
609 449
609 457
609 461
609 465
609 467
609 475
609 476
609 487
610 620
610 622
610 625
610 440
610 459
610 468
610 478
610 495
610 499
610 501
610 509
611 618
611 623
611 441
611 448
611 461
611 470
611 471
611 478
611 482
611 490
611 500
611 511
612 615
612 619
612 441
612 444
612 449
612 451
612 455
612 457
612 462
612 469
612 471
612 511
613 445
613 450
613 468
613 472
613 492
613 509
614 616
614 452
614 455
614 463
614 470
614 486
614 488
614 496
615 454
615 463
615 465
615 470
615 480
615 504
615 509
616 438
616 443
616 445
616 447
616 479
616 486
616 488
616 491
616 494
616 495
616 500
616 501
616 504
617 618
617 624
617 440
617 446
617 458
617 482
617 487
617 489
617 494
618 444
618 452
618 461
618 482
618 499
619 438
619 444
619 459
619 468
619 476
619 477
619 491
620 622
620 442
620 451
620 466
620 494
621 625
621 440
621 446
621 457
621 465
621 485
621 501
621 504
622 441
622 468
622 471
622 474
622 494
622 495
622 500
622 503
623 454
623 455
623 469
623 476
623 480
623 487
623 495
624 438
624 441
624 457
624 459
624 462
624 464
624 467
624 473
624 474
624 479
624 483
624 489
624 500
625 447
625 468
625 469
625 477
625 501
625 505
438 441
438 442
438 443
438 484
438 486
438 492
438 501
438 508
439 441
439 445
439 448
439 457
439 462
439 464
439 473
439 481
439 495
439 497
439 498
440 441
440 445
440 447
440 450
440 451
440 455
440 458
440 462
440 465
440 476
440 495
440 501
440 507
441 444
441 449
441 470
441 485
441 486
441 497
441 505
441 509
442 450
442 457
442 476
442 483
442 491
443 444
443 446
443 457
443 462
443 483
443 490
443 492
443 495
443 498
444 451
444 454
444 462
444 489
445 455
445 460
445 461
445 487
445 489
445 492
445 494
445 503
445 507
445 509
446 447
446 465
446 489
446 491
446 509
446 511
447 452
447 460
447 462
447 465
447 470
447 477
447 480
447 495
447 498
448 454
448 467
448 469
448 476
448 477
448 478
448 480
448 496
448 504
448 509
448 510
448 511
449 456
449 464
449 471
449 476
449 489
449 503
449 504
450 468
450 471
450 475
450 487
450 500
450 510
451 457
451 461
451 469
451 479
451 480
451 492
451 496
451 497
452 457
452 458
452 459
452 466
452 479
452 485
452 487
452 498
453 458
453 476
453 479
454 467
454 477
454 480
454 485
454 493
454 502
454 510
455 457
455 467
455 468
455 471
455 498
455 508
456 457
456 466
456 469
456 481
456 482
456 484
456 500
456 504
456 511
457 461
457 466
457 468
457 488
457 502
457 508
458 462
458 465
458 468
458 471
458 477
458 478
458 494
458 497
458 506
458 507
459 469
459 487
459 492
460 476
460 484
460 486
460 494
460 511
461 476
461 487
461 490
461 506
461 509
461 510
462 474
462 487
462 505
463 472
463 476
463 498
463 503
463 511
464 476
464 490
464 496
464 499
464 505
464 508
464 511
465 471
465 483
465 490
465 502
465 503
465 505
465 510
466 467
466 470
466 473
466 474
466 493
466 501
466 506
467 476
467 479
467 503
467 505
467 508
468 472
468 480
468 482
468 486
468 506
469 484
469 487
469 492
469 497
469 507
470 480
470 486
470 489
470 685
471 473
471 478
471 482
471 484
471 487
471 492
471 494
471 500
471 504
472 490
472 491
472 500
472 507
473 502
474 493
474 496
474 498
474 500
474 505
475 481
475 484
475 502
476 484
476 488
476 490
476 494
476 505
477 479
477 486
477 491
477 505
479 481
479 483
479 484
479 487
479 491
479 496
479 497
480 511
481 491
481 511
482 485
482 487
482 491
482 500
482 505
483 490
483 501
484 490
484 496
484 498
484 501
484 505
484 506
484 510
485 486
485 489
485 493
485 498
485 503
486 504
486 510
487 505
487 509
488 489
489 510
491 493
491 496
492 498
492 503
492 510
493 502
494 503
494 508
496 502
496 508
496 511
497 501
497 503
498 509
500 508
501 505
501 508
503 510
505 506
506 509
507 509
507 510
508 510
509 510
626 639
626 642
626 652
626 671
626 674
626 685
626 732
626 763
626 774
626 795
626 796
627 649
627 651
627 682
627 683
627 701
627 712
627 806
627 809
628 663
628 725
628 750
628 755
628 760
628 780
628 814
629 738
629 765
630 638
630 653
630 681
630 700
630 765
630 769
630 777
630 785
630 791
630 811
631 635
631 661
631 671
631 715
631 726
631 736
631 756
631 758
631 774
632 644
632 674
632 681
632 705
632 723
632 733
632 740
632 768
632 783
633 635
633 637
633 719
633 723
633 737
633 773
633 775
633 789
634 692
634 693
634 776
635 644
635 668
635 738
635 745
635 795
636 656
636 667
636 681
636 768
636 772
636 783
636 786
636 792
636 797
636 814
637 643
637 670
637 673
637 691
637 692
637 707
637 743
637 744
637 809
637 813
638 649
638 653
638 690
638 710
638 720
638 780
638 785
638 790
638 791
638 804
639 666
639 673
639 716
639 727
639 742
639 758
639 761
639 806
640 647
640 662
640 667
640 671
640 672
640 676
640 688
640 716
640 766
640 771
640 811
640 815
641 663
641 676
641 698
641 734
641 762
641 771
641 804
642 645
642 654
642 657
642 679
642 693
642 700
642 795
642 802
642 817
643 682
643 725
643 773
643 788
643 813
644 674
644 690
644 694
644 738
644 749
644 788
644 789
644 797
645 663
645 697
645 702
645 714
645 729
645 743
645 745
645 806
646 668
646 681
646 720
646 724
646 743
646 762
646 765
646 783
646 807
647 648
647 660
647 676
647 684
647 693
647 710
647 740
647 780
648 690
648 722
648 729
648 743
648 766
648 771
648 775
648 776
648 795
648 807
648 816
649 734
649 740
649 741
649 747
649 786
650 653
650 670
650 721
650 734
650 761
650 787
650 789
651 678
651 701
651 738
651 753
651 754
651 759
651 768
651 770
651 790
651 804
652 678
652 720
652 741
652 769
652 774
652 816
653 657
653 658
653 664
653 673
653 678
653 700
653 704
653 722
653 729
653 735
653 766
653 774
653 782
653 788
653 789
653 813
653 814
654 682
654 688
654 700
654 721
654 735
654 739
654 740
654 779
654 795
654 796
655 718
655 734
655 741
655 750
655 754
655 798
655 800
656 658
656 659
656 729
656 740
656 742
656 767
656 790
656 807
656 814
657 669
657 685
657 744
657 770
658 666
658 681
658 719
658 744
659 678
659 780
659 781
660 684
660 719
660 729
660 746
660 759
660 765
660 783
660 794
661 740
661 745
661 759
661 787
661 814
662 681
662 714
662 736
662 760
662 778
662 816
663 675
663 682
663 741
663 769
664 665
664 684
664 710
664 714
664 722
664 743
664 755
664 766
664 770
665 684
665 728
665 763
665 794
666 673
666 728
666 757
666 762
667 674
667 714
667 745
667 772
667 790
668 672
668 688
668 713
668 751
668 788
668 789
668 804
669 677
669 687
669 722
669 725
669 726
669 738
669 745
669 810
670 701
670 721
670 722
670 770
670 782
670 788
670 801
671 689
671 751
671 760
671 774
671 780
672 674
672 680
672 694
672 733
672 734
672 738
672 764
672 767
672 768
672 773
672 804
672 813
672 816
672 819
673 683
673 688
673 742
673 750
673 763
673 765
673 801
673 816
674 692
674 700
674 748
674 765
674 817
675 678
675 693
675 725
675 736
675 748
675 784
675 808
676 706
676 736
676 747
676 749
676 775
676 793
676 802
676 807
676 815
677 706
677 710
677 736
677 746
677 750
677 809
678 694
678 696
678 714
678 773
678 779
678 784
678 792
678 815
679 687
679 726
679 755
679 761
679 764
679 786
679 800
680 688
680 713
680 751
680 762
680 815
681 693
681 721
681 727
681 753
681 755
681 775
681 776
681 783
681 786
681 788
681 799
681 800
682 693
682 702
682 714
682 745
682 763
682 767
682 771
682 772
682 774
682 795
682 796
682 806
682 819
683 736
683 744
683 757
683 763
683 778
684 695
684 698
684 702
684 719
684 720
684 757
684 777
684 779
684 792
685 739
685 767
685 779
685 798
685 808
685 809
686 703
686 752
686 756
686 786
686 807
687 750
687 762
687 774
687 796
687 818
688 691
688 693
688 706
688 713
688 719
688 741
688 769
688 785
688 793
688 795
688 811
689 746
690 745
690 765
690 786
690 788
691 705
691 718
692 703
692 740
692 768
692 794
692 806
693 699
693 704
693 708
693 722
693 736
693 738
693 740
693 741
693 752
693 783
694 702
694 759
694 769
694 779
694 797
694 800
695 696
695 745
695 804
695 811
695 819
696 721
696 759
696 767
696 776
696 788
696 798
696 816
697 710
697 737
697 781
697 790
697 797
697 800
697 805
698 721
698 728
698 740
698 744
698 761
699 741
699 787
699 790
700 781
700 801
700 812
700 818
701 710
701 714
701 727
701 747
701 760
701 796
701 801
701 813
702 745
702 781
702 787
702 811
703 721
703 729
703 742
703 790
703 795
703 798
703 799
703 807
704 736
704 749
704 751
704 792
704 805
705 715
705 761
705 782
705 797
705 802
705 811
705 813
705 819
706 717
706 725
706 738
706 756
706 770
706 807
707 711
707 731
707 791
708 733
708 740
708 782
708 795
708 800
709 714
709 750
709 768
709 799
710 721
710 725
710 743
710 759
710 786
710 791
710 793
711 738
711 751
711 788
711 806
711 810
712 795
712 811
712 813
712 818
713 730
713 748
713 751
713 752
713 764
713 774
713 776
714 721
714 731
714 810
715 727
715 743
715 754
715 780
715 782
716 734
716 741
716 777
716 778
716 787
716 792
716 797
716 803
717 734
717 758
717 792
717 794
717 801
717 809
718 730
718 744
718 758
718 762
718 778
719 721
719 740
719 745
719 780
719 804
720 727
720 753
720 756
720 764
720 817
721 729
721 786
721 788
721 791
721 802
722 730
722 739
722 742
722 765
722 770
722 785
722 813
722 815
723 747
723 760
723 790
723 813
723 818
724 737
724 744
724 768
724 782
724 797
725 768
725 770
725 779
725 802
725 803
726 736
726 743
726 758
726 768
726 785
726 796
727 763
727 791
728 730
728 731
728 740
728 745
728 778
728 792
728 795
728 817
729 741
729 743
729 768
729 774
729 811
729 819
730 734
730 765
730 792
730 801
730 819
731 737
731 752
731 762
731 778
731 796
731 799
731 805
732 741
732 758
732 760
732 762
732 787
732 801
732 812
733 737
733 752
733 785
733 786
733 804
734 761
734 762
734 777
734 784
734 817
735 739
735 763
735 768
735 791
735 812
736 746
736 754
736 801
736 805
737 738
737 772
737 781
737 788
737 804
737 811
738 745
738 763
738 766
738 780
739 742
739 791
740 771
740 816
741 757
741 759
741 816
742 776
743 756
743 794
743 807
743 815
744 755
744 762
744 793
744 800
744 819
745 746
745 758
745 799
746 750
746 762
747 748
747 768
747 776
748 784
748 787
748 798
748 799
748 809
749 756
749 779
749 813
750 755
750 761
750 795
750 797
751 771
751 773
751 781
751 803
751 816
752 778
752 796
753 756
753 758
753 782
753 816
754 769
754 783
754 804
756 768
756 771
756 781
756 788
757 797
757 819
758 783
759 768
759 794
760 772
760 797
760 814
761 787
762 775
762 791
762 805
763 808
765 774
765 779
765 791
765 802
765 811
766 774
766 791
767 799
768 775
768 776
768 790
768 811
769 805
770 783
770 807
771 776
771 811
771 813
772 775
772 781
772 816
773 792
774 777
774 785
774 787
774 788
774 805
775 777
775 798
777 793
778 782
778 790
778 792
778 806
778 813
778 814
779 780
779 802
780 800
781 786
781 816
781 819
783 799
784 807
787 799
787 802
788 790
788 791
788 800
788 810
793 812
793 814
794 797
796 798
798 806
798 811
799 810
800 811
801 804
801 812
803 807
804 815
807 812
807 816
811 814
811 817
811 818
814 816
818 819
820 824
820 831
820 833
820 847
820 855
820 859
820 868
821 846
821 850
821 860
821 869
822 829
822 830
822 832
822 834
822 842
822 848
822 850
822 856
822 861
823 824
823 849
823 856
823 870
824 830
824 834
824 845
824 857
825 834
825 856
825 859
825 866
826 848
827 839
827 850
827 869
828 849
828 857
828 863
828 865
828 868
829 830
829 835
829 836
829 842
829 843
829 844
829 848
829 857
829 858
829 859
830 831
831 859
831 861
832 844
832 867
833 835
833 840
833 863
833 865
834 850
834 854
835 843
835 849
837 839
837 869
838 844
839 841
839 843
839 858
839 861
839 862
839 863
839 867
840 843
841 843
841 850
841 854
841 863
842 843
843 858
844 853
845 852
845 853
845 859
845 862
846 861
846 863
847 852
847 859
847 867
847 869
848 849
848 850
848 851
848 854
848 866
850 860
850 861
850 862
851 857
851 860
852 855
852 870
853 859
853 865
854 863
856 870
857 866
858 863
859 863
860 870
861 866
862 866
871 907
871 956
871 983
871 1001
872 873
872 875
872 891
872 967
872 984
872 990
873 913
873 923
873 952
874 941
874 971
874 998
874 1003
875 904
875 909
875 913
875 921
875 924
875 941
875 995
876 889
876 892
876 921
876 923
876 966
876 979
876 1005
878 904
878 905
878 985
878 994
878 997
878 1001
879 918
879 927
879 932
879 941
879 996
879 1006
880 882
880 910
880 922
881 883
881 906
881 951
881 999
882 886
882 986
883 894
883 954
884 912
884 925
885 886
885 894
885 946
885 980
885 983
886 903
886 917
886 932
886 958
886 973
886 1002
887 890
887 910
887 918
887 921
887 961
887 978
887 1000
887 1007
888 901
888 912
888 955
888 957
888 967
889 899
890 911
890 955
891 894
891 897
891 912
891 986
891 998
891 1001
892 895
892 910
892 929
892 941
892 950
892 963
892 966
893 911
893 941
893 946
893 951
893 987
894 946
894 967
894 989
895 1006
896 906
896 927
896 930
896 941
896 982
897 961
897 970
897 996
898 931
898 934
898 995
898 997
899 906
899 912
899 955
900 932
900 937
900 938
900 966
900 972
900 973
901 929
901 938
901 974
901 978
901 986
901 1005
902 906
902 962
902 988
902 1007
903 907
903 966
903 983
903 986
903 1000
904 907
904 908
904 919
904 945
904 947
904 967
905 951
906 916
906 955
906 983
906 994
906 1007
907 986
907 989
908 921
908 951
908 989
909 911
909 957
909 984
910 917
910 950
911 944
911 980
911 994
911 1007
912 937
912 979
913 943
913 969
913 1006
914 917
914 959
914 992
915 921
915 924
916 1001
917 942
917 989
917 993
917 998
918 956
918 981
919 940
919 950
919 953
919 981
920 938
920 949
920 979
920 986
920 993
921 996
921 1002
922 976
922 985
922 988
923 939
923 956
924 952
924 969
924 973
925 950
925 993
925 999
926 958
926 977
926 984
926 997
927 966
928 929
928 942
928 948
928 949
928 952
928 979
928 1000
929 951
930 933
930 934
931 976
932 947
932 988
933 978
934 983
934 1001
935 947
935 989
935 1000
935 1001
936 959
936 987
937 938
937 974
937 983
938 965
939 950
939 955
939 991
939 997
940 958
940 969
940 971
941 954
941 997
942 995
943 1005
944 961
945 1005
946 972
946 998
947 973
948 985
949 954
949 998
950 962
950 964
950 985
951 968
951 977
951 987
951 990
952 954
952 979
953 954
953 996
953 1007
954 956
954 976
954 987
954 1003
955 956
955 964
955 979
956 968
956 989
956 1006
956 1007
958 964
958 983
958 996
959 999
960 961
961 980
961 981
962 984
963 996
964 968
964 1006
965 968
965 970
965 989
965 1003
966 1006
968 971
970 986
972 980
972 993
973 982
973 997
974 987
974 996
975 983
976 1003
979 980
979 998
981 1006
982 988
982 991
983 985
983 990
985 996
985 997
986 989
988 1003
989 1006
990 994
993 1003
993 1005
995 997
1000 1006