0 24
0 22
0 22
0 22
0 9
0 27
0 27
0 42
0 22
0 22
1 11
1 22
3 33
4 31
4 22
4 34
5 6
5 22
5 30
5 27
5 31
5 31
5 0
5 2
5 27
6 27
6 33
6 22
6 26
7 9
8 5
8 22
8 22
8 0
8 15
8 15
9 1
9 42
9 5
9 3
9 22
9 20
9 22
9 22
9 28
9 22
9 22
9 22
9 39
9 21
9 22
9 22
9 22
10 22
10 21
10 12
10 22
10 22
10 36
11 26
11 22
11 36
11 22
11 37
11 24
12 33
13 35
13 42
13 27
13 22
14 22
14 33
14 27
14 22
16 22
16 26
17 4
17 22
17 9
17 33
17 27
18 22
18 22
19 19
19 8
19 29
19 22
20 22
20 22
20 9
20 22
20 9
20 22
20 19
20 22
20 27
20 27
20 22
21 5
21 25
21 22
21 22
21 19
21 22
21 20
21 14
22 22
22 22
22 22
22 21
22 20
22 22
22 22
22 22
22 22
22 5
22 13
22 22
22 24
22 36
22 36
22 21
22 27
22 5
22 27
22 15
22 22
22 5
22 5
22 33
22 22
22 22
22 0
22 22
22 22
22 29
22 22
22 13
22 33
22 21
22 22
22 37
22 27
22 22
22 22
22 22
22 22
22 19
22 18
22 22
22 42
22 22
22 27
22 37
22 0
22 22
22 22
22 0
22 26
22 22
22 9
22 22
22 36
22 27
22 24
22 22
22 22
22 40
22 20
22 19
22 33
22 22
22 41
22 20
22 22
22 40
22 22
22 6
22 22
22 22
22 27
22 26
22 22
22 33
22 33
22 22
22 22
22 22
22 22
22 26
22 22
22 22
22 22
22 22
22 0
22 22
22 17
22 37
22 5
22 27
22 18
22 22
22 32
22 9
22 33
22 37
22 22
22 30
22 35
22 19
22 19
22 21
22 39
22 20
22 22
22 20
22 20
22 21
22 36
22 20
22 35
22 22
22 6
22 22
22 22
22 9
22 22
22 22
22 22
22 22
22 41
22 27
22 0
22 13
22 30
22 22
22 22
22 9
22 20
22 9
22 42
22 22
22 3
22 22
22 22
22 22
22 6
22 89
22 146
22 193
22 218
24 22
24 42
24 22
25 22
26 26
26 5
26 28
26 22
27 22
27 19
27 40
27 27
27 27
27 42
27 22
27 22
27 26
27 22
27 22
27 14
27 0
27 17
27 20
27 22
27 22
27 22
27 18
27 22
27 33
27 24
27 23
27 33
27 37
27 22
27 166
28 22
28 38
28 22
28 1
28 27
29 22
29 42
29 33
30 24
30 20
30 36
30 6
31 6
31 22
31 27
31 22
31 22
31 8
33 22
33 22
33 33
33 22
33 18
33 22
33 22
33 22
33 33
33 2
33 18
33 22
33 40
33 22
33 22
33 22
33 22
34 40
34 22
34 11
34 35
34 35
34 22
35 22
35 27
35 27
35 22
35 22
36 22
36 38
36 22
36 27
36 33
36 27
36 40
37 22
37 22
37 35
38 33
38 35
38 30
38 22
39 22
39 40
39 22
39 9
40 33
40 22
41 22
42 27
42 33
42 11
42 22
42 22
42 37
42 2
43 87
43 84
43 63
43 84
43 47
43 56
43 57
43 94
43 70
43 57
43 78
43 54
43 91
43 92
43 148
43 273
44 57
44 63
44 78
45 76
45 67
45 95
45 296
46 71
46 57
46 57
46 71
46 285
47 54
47 94
47 85
47 53
47 57
47 78
47 67
47 73
47 53
47 79
47 85
47 84
47 95
47 59
47 146
47 282
48 94
48 56
48 57
48 62
48 78
48 91
49 94
49 73
49 53
49 57
49 94
49 63
49 48
49 78
49 128
50 70
50 85
50 58
50 70
50 63
50 52
50 67
50 57
50 53
50 57
50 104
50 145
51 83
51 56
51 57
51 59
51 56
51 67
51 81
51 145
51 284
52 57
52 70
52 84
52 43
52 43
52 52
52 57
52 78
52 57
52 88
52 70
52 82
52 78
52 73
52 58
52 91
52 88
52 61
52 88
52 88
52 84
52 92
52 280
52 271
52 307
53 84
53 80
53 52
53 88
53 89
53 53
53 70
53 89
53 84
53 84
53 52
53 90
53 80
53 78
53 59
53 44
53 75
53 89
53 92
53 62
53 80
53 57
53 54
53 63
53 78
53 77
53 94
53 79
53 73
53 71
53 84
53 63
53 145
53 125
53 287
53 300
53 308
53 271
54 47
54 61
54 78
54 59
54 89
54 85
54 71
54 91
54 71
54 89
54 54
54 86
54 77
54 47
54 85
54 87
54 147
54 286
54 282
56 88
56 84
56 89
56 44
56 84
56 47
56 93
56 76
56 70
56 53
57 91
57 85
57 53
57 53
57 57
57 84
57 85
57 54
57 59
57 57
57 59
57 63
57 57
57 57
57 84
57 92
57 90
57 94
57 56
57 89
57 85
57 89
57 84
57 61
57 91
57 90
57 84
57 88
57 59
57 60
57 70
57 47
57 57
57 78
57 91
57 57
57 89
57 80
57 45
57 94
57 77
57 49
57 71
57 94
57 52
57 57
57 57
57 57
57 52
57 84
57 84
57 94
57 64
57 84
57 69
57 70
57 94
57 94
57 83
57 74
57 57
57 60
57 63
57 88
57 91
57 77
57 44
57 47
57 59
57 63
57 94
57 59
57 63
57 52
57 84
57 59
57 90
57 57
57 74
57 76
57 87
57 50
57 70
57 94
57 59
57 91
57 78
57 70
57 57
57 85
57 54
57 76
57 52
57 74
57 84
57 84
57 63
57 91
57 57
57 53
57 145
57 117
57 145
57 131
57 299
57 272
57 296
57 296
57 307
57 299
57 296
57 307
57 276
57 287
58 59
58 53
58 77
58 52
58 63
58 53
58 88
58 61
58 93
58 48
58 80
58 88
58 61
58 53
58 60
58 100
59 80
59 94
59 84
59 78
59 87
59 57
59 52
59 88
59 57
59 48
59 57
59 53
59 57
59 85
59 77
59 57
59 84
59 63
59 57
59 57
59 53
59 91
59 114
59 296
60 91
60 57
60 76
60 57
61 76
61 89
61 57
61 53
61 76
61 57
61 91
61 59
61 53
61 48
61 78
61 78
61 78
61 78
61 140
62 77
62 70
62 52
62 53
62 95
63 81
63 91
63 78
63 67
63 57
63 80
63 84
63 53
63 67
63 58
63 77
63 90
63 59
63 85
63 91
63 87
63 63
63 53
63 59
63 57
63 67
63 51
63 110
63 119
63 145
63 281
63 299
64 57
64 46
64 84
64 63
64 85
65 84
65 94
65 63
65 84
65 67
66 91
66 84
67 94
67 78
67 65
67 78
67 67
67 63
67 91
67 90
67 45
67 91
67 71
67 57
67 53
67 87
67 61
67 54
67 107
67 395
69 57
69 83
70 57
70 76
70 90
70 77
70 59
70 57
70 91
70 70
70 83
70 51
70 57
70 91
70 73
70 61
70 93
70 84
70 53
70 54
70 59
70 75
70 47
70 85
70 114
70 307
70 282
70 293
71 76
71 84
71 95
71 59
71 70
71 67
71 89
71 84
71 88
71 63
71 52
71 85
71 85
71 91
71 110
71 119
71 144
71 271
71 284
73 57
73 57
73 91
73 60
73 54
73 53
73 84
73 86
73 77
73 61
73 50
73 74
73 63
73 307
74 59
74 57
74 57
74 81
74 92
74 84
74 45
74 91
74 50
74 54
74 91
74 85
74 117
74 309
75 61
75 91
75 78
75 82
75 78
76 94
76 87
76 94
76 87
76 96
76 61
76 70
76 74
76 47
76 83
76 89
76 90
76 66
76 85
77 84
77 83
77 89
77 87
77 91
77 43
77 94
77 78
77 92
77 93
77 91
77 83
77 58
77 63
77 50
77 45
77 110
77 279
77 309
77 303
77 286
78 77
78 53
78 85
78 80
78 64
78 91
78 76
78 70
78 85
78 91
78 47
78 84
78 91
78 52
78 49
78 73
78 46
78 65
78 71
78 84
78 57
78 59
78 84
78 49
78 84
78 52
78 91
78 46
78 53
78 88
78 94
78 54
78 57
78 60
78 90
78 62
78 95
78 145
78 97
78 275
78 282
78 305
78 317
79 94
79 145
79 282
80 78
80 52
80 89
80 57
80 59
80 74
80 53
80 78
80 78
80 93
80 78
81 95
81 57
81 45
81 57
81 71
82 83
82 76
82 74
82 78
82 59
82 91
82 73
82 395
83 82
83 85
83 77
83 49
83 73
83 77
83 91
83 46
83 88
83 117
84 48
84 87
84 51
84 52
84 92
84 91
84 57
84 47
84 83
84 77
84 90
84 80
84 59
84 84
84 91
84 58
84 50
84 60
84 57
84 85
84 74
84 93
84 88
84 57
84 77
84 78
84 57
84 66
84 85
84 53
84 76
84 59
84 94
84 79
84 78
84 65
84 52
84 74
84 73
84 127
84 140
84 301
84 288
84 272
84 283
84 278
85 78
85 53
85 57
85 59
85 57
85 88
85 77
85 57
85 92
85 56
85 59
85 84
85 43
85 52
85 84
85 77
85 87
85 84
85 94
85 93
85 53
85 134
85 97
85 282
86 91
86 48
86 81
86 58
86 57
86 57
87 52
87 85
87 84
87 91
87 70
87 49
87 78
87 53
87 74
87 67
87 54
87 57
87 91
87 49
87 48
87 82
88 91
88 90
88 51
88 88
88 57
88 92
88 61
88 52
88 70
88 52
88 56
88 91
88 144
88 131
88 276
88 278
89 57
89 67
89 85
89 59
89 77
89 77
89 57
89 88
89 87
89 67
89 70
89 84
89 57
89 59
89 57
89 76
89 57
89 57
89 58
89 63
89 85
89 85
89 91
89 309
90 84
90 57
90 54
90 50
90 53
90 91
90 52
90 43
90 52
90 84
90 301
91 57
91 82
91 78
91 84
91 57
91 57
91 58
91 83
91 91
91 78
91 56
91 57
91 57
91 78
91 91
91 69
91 91
91 57
91 63
91 53
91 93
91 54
91 91
91 84
91 57
91 52
91 48
91 91
91 95
91 88
91 57
91 57
91 58
91 77
91 89
91 77
91 57
91 57
91 59
91 84
91 61
91 63
91 118
91 145
91 144
91 280
91 307
92 43
92 46
92 74
92 69
92 65
92 78
92 66
92 79
92 54
92 57
92 52
92 84
92 144
92 396
93 91
93 77
93 84
93 46
93 91
93 63
93 94
93 70
93 87
93 43
93 76
93 70
93 63
93 274
94 61
94 59
94 57
94 54
94 92
94 57
94 57
94 67
94 67
94 57
94 78
94 50
94 70
94 59
94 82
94 50
94 69
94 96
94 67
94 71
94 57
94 71
94 77
94 57
94 285
95 71
95 91
95 43
95 57
95 63
95 57
95 59
95 94
95 87
96 53
96 91
96 54
96 58
96 57
96 69
96 281
97 142
97 145
97 106
97 144
97 131
97 122
97 145
97 104
97 134
97 128
97 143
97 97
97 127
97 145
97 123
97 110
97 116
97 117
97 127
97 145
97 113
97 111
97 146
97 131
97 127
97 142
97 137
97 125
97 117
97 145
97 138
97 123
97 117
97 145
97 124
97 133
97 100
97 142
97 101
97 123
97 145
97 127
97 131
97 127
97 97
97 149
97 145
97 148
97 123
97 145
97 127
97 146
97 145
97 115
97 145
97 145
97 146
97 111
97 128
97 150
97 117
97 106
97 145
97 131
97 118
97 145
97 145
97 148
97 148
97 97
97 146
97 118
97 118
97 150
97 141
97 111
97 132
97 272
97 300
97 319
99 124
100 100
100 106
100 113
100 134
100 110
100 150
100 113
100 143
100 145
100 117
100 128
100 133
100 144
100 145
100 127
100 145
100 137
100 147
100 125
100 134
100 97
100 104
100 110
100 131
100 131
100 111
100 119
100 145
100 145
100 145
100 131
100 134
100 145
100 133
100 118
100 146
100 131
100 128
100 128
100 119
100 128
100 127
100 141
100 104
100 118
100 145
100 114
100 145
100 127
100 138
100 127
100 127
100 144
100 145
100 129
100 127
100 148
100 145
100 138
100 140
100 144
100 100
100 131
100 104
100 97
100 145
100 113
100 144
100 104
100 122
100 110
100 145
100 110
100 138
100 150
100 134
100 144
100 145
100 143
100 131
100 139
100 114
100 113
100 145
100 113
100 305
100 309
100 306
100 322
100 320
100 318
101 144
101 145
101 119
101 137
101 101
101 115
101 131
101 113
101 122
101 114
101 122
101 145
101 145
101 125
101 119
101 130
101 105
101 146
101 115
101 119
101 134
101 145
101 128
101 297
101 284
101 312
101 315
102 97
103 145
103 104
104 110
104 104
104 106
104 119
104 145
104 113
104 97
104 123
104 143
104 117
104 143
104 145
104 110
104 104
104 128
104 111
104 117
104 114
104 128
104 133
104 97
104 114
104 145
104 122
104 109
104 145
104 127
104 131
104 137
104 148
104 104
104 146
104 142
104 125
104 119
104 100
104 107
104 106
104 132
104 145
104 145
104 97
104 110
104 109
104 106
104 121
104 103
104 126
104 146
104 143
104 117
104 104
104 140
104 150
104 145
104 113
104 145
104 110
104 119
104 104
104 145
104 147
104 237
104 218
104 303
104 271
104 282
104 313
104 319
105 131
105 144
105 113
105 145
105 151
105 149
105 132
105 127
105 125
105 119
106 122
106 127
106 108
106 134
106 145
106 150
106 114
106 117
106 145
106 123
106 133
106 138
106 145
106 111
106 145
106 148
106 116
106 110
106 145
106 145
106 119
106 145
106 116
106 128
106 134
106 138
106 118
106 145
106 145
106 179
107 145
107 145
107 110
107 127
107 150
107 114
107 131
107 145
107 133
107 127
107 145
107 106
107 113
107 144
108 106
108 145
109 97
109 145
109 132
109 147
109 137
109 122
109 145
109 97
109 143
109 106
109 133
109 123
109 145
109 134
109 318
110 97
110 100
110 128
110 100
110 143
110 119
110 145
110 145
110 113
110 100
110 134
110 104
110 131
110 130
110 97
110 115
110 124
110 127
110 145
110 101
110 113
110 117
110 127
110 144
110 132
110 139
110 119
110 145
110 147
110 114
110 145
110 149
110 150
110 137
110 118
110 104
110 143
110 146
110 148
110 118
110 100
110 139
110 148
110 145
110 127
110 145
110 144
110 133
110 137
110 145
110 132
110 110
110 134
110 150
110 104
110 142
110 145
110 128
110 117
110 113
110 144
110 131
110 137
110 114
110 142
110 145
110 104
110 127
110 104
110 142
110 117
110 116
110 273
111 111
111 133
111 147
111 135
111 119
111 140
111 138
111 145
111 148
111 117
111 145
111 142
111 97
111 128
111 150
111 111
111 115
111 110
111 142
111 145
111 135
111 150
111 111
111 111
111 127
111 125
111 142
112 145
112 132
113 144
113 127
113 142
113 143
113 129
113 125
113 145
113 145
113 124
113 145
113 104
113 97
113 146
113 145
113 133
113 100
113 143
113 110
113 100
113 100
113 145
113 140
113 134
113 100
113 110
113 104
113 150
113 133
113 103
113 127
113 128
113 119
113 128
113 139
113 123
113 118
113 145
113 126
113 146
113 131
113 118
113 100
113 134
113 274
114 104
114 150
114 119
114 140
114 128
114 118
114 145
114 135
114 130
114 119
114 145
114 145
114 134
114 104
114 145
114 104
114 145
114 118
114 110
114 142
114 123
114 146
114 114
114 137
114 128
114 146
114 145
114 142
114 143
114 110
114 142
114 145
114 140
114 145
114 137
114 111
114 104
114 135
114 127
114 97
114 119
114 148
114 127
114 239
114 305
115 145
115 142
115 133
115 107
115 118
115 137
115 143
115 148
115 145
115 139
115 133
115 145
115 131
115 131
115 113
115 127
115 144
115 109
115 131
115 143
115 298
115 284
116 145
116 144
116 100
116 128
116 147
116 122
116 133
116 146
116 116
116 113
116 119
116 135
116 145
116 128
116 145
116 145
116 128
116 97
116 138
116 145
116 109
116 127
116 127
116 117
116 114
116 117
116 106
116 113
116 119
116 128
116 310
116 322
117 146
117 133
117 128
117 113
117 137
117 145
117 145
117 145
117 123
117 111
117 145
117 138
117 97
117 132
117 133
117 121
117 145
117 105
117 147
117 142
117 139
117 117
117 114
117 131
117 145
117 134
117 131
117 145
117 127
117 145
117 145
117 110
117 128
117 147
117 135
117 145
117 100
117 145
117 134
117 145
117 124
117 111
117 110
117 97
117 142
117 139
117 117
117 145
117 106
117 145
117 137
117 295
117 280
118 150
118 142
118 145
118 135
118 145
118 145
118 145
118 145
118 127
118 111
118 138
118 110
118 139
118 110
118 145
118 134
118 140
118 137
118 130
118 104
118 131
118 122
118 142
118 142
118 124
118 104
118 145
118 140
118 119
118 142
118 142
118 107
118 123
118 143
118 145
118 100
118 142
118 145
118 123
118 110
118 109
118 113
118 145
118 307
118 289
118 285
118 320
119 97
119 132
119 109
119 145
119 150
119 145
119 104
119 114
119 123
119 116
119 119
119 144
119 118
119 117
119 137
119 100
119 142
119 119
119 142
119 145
119 143
119 117
119 127
119 134
119 114
119 145
119 110
119 106
119 148
119 97
119 128
119 103
119 114
119 101
119 130
119 147
119 117
119 144
119 143
119 110
119 100
119 131
119 145
119 145
119 145
119 142
119 104
119 110
119 119
119 133
119 148
119 145
119 147
119 132
119 114
119 144
119 145
119 133
119 145
119 148
119 146
119 145
119 100
119 218
121 117
121 110
121 145
121 97
121 122
122 131
122 133
122 109
122 110
122 127
122 145
122 145
122 140
122 150
122 145
122 145
122 145
122 132
122 117
122 100
122 119
122 110
122 145
122 110
122 135
122 100
122 139
122 144
122 123
122 145
122 143
122 122
122 143
122 145
122 124
122 145
122 97
122 97
122 113
122 144
122 145
122 97
122 123
122 145
122 131
122 144
122 128
122 145
123 145
123 125
123 145
123 110
123 145
123 143
123 100
123 101
123 110
123 122
123 142
123 145
123 104
123 125
123 131
123 146
123 123
123 145
123 122
123 145
123 144
123 122
123 145
123 145
123 116
123 117
123 240
123 286
124 131
124 142
124 145
124 128
124 145
124 137
124 145
124 143
124 104
124 97
124 148
124 110
124 127
124 131
124 145
124 140
124 117
124 147
124 147
124 138
124 147
124 100
124 292
125 145
125 148
125 128
125 145
125 111
125 146
125 140
125 110
125 114
125 122
125 145
125 100
125 143
125 145
125 132
125 140
125 121
125 114
125 100
125 101
125 145
126 114
126 150
126 140
126 111
126 127
126 116
126 145
126 106
126 321
127 122
127 133
127 106
127 100
127 143
127 145
127 110
127 115
127 128
127 107
127 142
127 145
127 125
127 131
127 105
127 133
127 138
127 145
127 145
127 145
127 133
127 137
127 119
127 118
127 131
127 116
127 135
127 117
127 125
127 113
127 145
127 145
127 104
127 104
127 133
127 106
127 122
127 119
127 145
127 125
127 145
127 104
127 122
127 145
127 145
127 118
127 134
127 145
127 122
127 143
127 110
127 128
127 104
127 145
127 101
127 145
127 145
127 131
127 150
127 140
127 145
127 100
127 131
127 119
127 111
127 113
127 137
127 145
127 114
127 125
127 145
128 104
128 118
128 145
128 132
128 100
128 148
128 137
128 128
128 144
128 134
128 142
128 114
128 127
128 113
128 119
128 130
128 99
128 145
128 145
128 119
128 145
128 111
128 145
128 145
128 132
128 122
128 145
128 143
128 126
128 128
128 132
128 131
128 144
128 145
128 131
128 134
128 145
128 123
128 131
128 132
128 97
128 113
128 145
128 121
128 106
128 140
128 101
128 145
128 101
128 97
128 97
128 145
128 122
128 145
128 138
128 97
128 142
128 133
128 145
128 128
128 129
128 97
128 110
128 133
128 133
128 122
128 145
128 131
128 97
128 128
128 123
128 143
128 119
128 150
128 124
128 131
128 114
128 148
128 145
128 145
128 128
128 113
128 145
128 187
128 193
128 244
128 286
128 321
129 100
130 104
130 122
130 145
130 133
130 125
130 303
131 97
131 123
131 139
131 131
131 144
131 138
131 127
131 124
131 148
131 142
131 116
131 145
131 123
131 113
131 145
131 145
131 131
131 127
131 140
131 99
131 140
131 139
131 114
131 122
131 121
131 144
131 145
131 110
131 145
131 128
131 123
131 145
131 100
131 119
131 145
131 100
131 111
131 150
131 147
131 135
131 144
131 145
131 145
131 145
131 118
131 145
131 139
131 145
131 97
131 116
131 97
131 145
131 131
131 145
131 142
131 114
131 128
131 145
131 100
131 111
131 145
131 150
131 135
131 132
131 119
131 111
131 145
131 219
131 295
131 308
131 296
131 285
131 321
131 318
132 148
132 131
132 147
132 104
132 145
132 119
132 116
132 146
132 115
132 147
132 147
132 145
132 132
132 97
132 145
132 144
132 111
132 114
132 142
132 100
132 145
132 113
132 117
132 113
132 97
132 143
132 144
132 119
132 134
132 117
132 145
132 128
132 124
133 142
133 145
133 145
133 144
133 145
133 116
133 128
133 119
133 150
133 145
133 139
133 97
133 119
133 144
133 104
133 106
133 110
133 116
133 133
133 148
133 150
133 104
133 145
133 146
133 107
133 145
133 134
133 128
133 134
133 145
133 128
133 119
133 105
133 131
133 145
133 104
133 127
133 122
133 119
133 145
133 119
133 101
133 101
133 212
133 279
134 124
134 97
134 145
134 146
134 119
134 125
134 127
134 142
134 141
134 145
134 104
134 97
134 146
134 119
134 145
134 100
134 128
134 145
134 144
134 123
134 116
134 147
134 100
134 132
134 117
134 145
134 116
134 147
134 117
134 145
134 140
134 119
134 146
134 113
134 145
134 294
134 319
135 114
135 112
135 143
135 137
135 104
135 139
135 113
135 113
135 119
135 146
135 100
135 111
135 131
135 127
135 101
135 104
135 117
135 118
135 146
135 145
135 145
135 131
136 128
137 132
137 143
137 145
137 150
137 145
137 117
137 143
137 145
137 134
137 149
137 145
137 145
137 138
137 97
137 104
137 100
137 142
137 110
137 113
137 114
137 128
137 127
137 218
137 302
137 287
138 128
138 119
138 149
138 142
138 133
138 128
138 134
138 145
138 145
138 145
138 145
138 143
138 114
138 134
138 110
138 111
138 127
138 131
138 145
138 287
138 299
138 303
139 134
139 109
139 148
139 144
139 100
139 145
139 131
139 113
139 140
139 139
139 110
139 145
139 130
139 148
139 145
139 146
139 140
139 116
139 117
139 118
139 129
139 110
139 97
139 122
139 150
139 261
140 97
140 118
140 144
140 147
140 110
140 101
140 150
140 128
140 131
140 123
140 127
140 110
140 127
140 97
140 110
140 134
140 150
140 145
140 114
140 142
140 145
140 145
140 150
140 104
140 145
140 135
140 105
140 100
140 122
140 142
140 138
140 101
140 97
140 145
140 145
140 122
140 132
140 117
140 172
140 277
141 125
141 323
142 133
142 132
142 145
142 145
142 128
142 131
142 127
142 106
142 131
142 145
142 145
142 149
142 101
142 117
142 145
142 149
142 138
142 145
142 97
142 100
142 111
142 135
142 142
142 104
142 145
142 137
142 150
142 138
142 128
142 146
142 101
142 150
142 115
142 147
142 100
142 145
142 101
142 146
142 118
142 127
142 107
142 145
142 145
142 144
142 117
142 145
142 147
142 145
142 97
142 128
142 101
142 133
142 129
142 100
142 122
142 218
142 283
142 278
142 302
142 318
143 146
143 133
143 145
143 143
143 126
143 140
143 138
143 142
143 128
143 116
143 128
143 131
143 145
143 148
143 132
143 121
143 117
143 145
143 139
143 128
143 119
143 122
143 142
143 129
143 140
143 104
143 110
143 143
143 143
143 150
143 104
143 147
143 145
143 124
143 150
143 116
143 140
143 127
143 114
143 143
143 118
143 297
144 128
144 110
144 145
144 145
144 132
144 123
144 127
144 134
144 137
144 131
144 125
144 150
144 117
144 123
144 137
144 132
144 145
144 145
144 106
144 145
144 124
144 119
144 143
144 138
144 113
144 116
144 135
144 105
144 145
144 135
144 145
144 142
144 128
144 115
144 140
144 140
144 145
144 127
144 149
144 147
144 145
144 118
144 122
144 101
144 137
144 147
144 145
144 145
144 140
144 97
144 150
144 140
144 144
144 133
144 140
144 131
144 143
144 140
144 110
144 145
144 125
144 150
144 97
144 146
144 145
144 139
144 145
144 145
144 116
144 149
144 128
144 145
144 104
144 145
144 145
144 308
144 299
144 322
144 311
145 114
145 145
145 118
145 145
145 145
145 140
145 145
145 122
145 146
145 113
145 134
145 125
145 125
145 127
145 104
145 100
145 145
145 104
145 109
145 123
145 146
145 145
145 112
145 140
145 119
145 127
145 145
145 110
145 137
145 145
145 145
145 101
145 145
145 111
145 131
145 133
145 113
145 119
145 124
145 110
145 104
145 101
145 133
145 133
145 97
145 127
145 97
145 145
145 113
145 144
145 119
145 132
145 127
145 110
145 145
145 144
145 106
145 127
145 134
145 115
145 112
145 145
145 143
145 145
145 131
145 128
145 97
145 128
145 122
145 145
145 145
145 117
145 145
145 144
145 123
145 145
145 104
145 146
145 146
145 133
145 127
145 104
145 145
145 115
145 118
145 104
145 123
145 101
145 117
145 127
145 117
145 145
145 144
145 131
145 128
145 100
145 128
145 132
145 147
145 145
145 137
145 144
145 128
145 135
145 132
145 109
145 128
145 150
145 117
145 114
145 145
145 122
145 134
145 104
145 118
145 146
145 109
145 101
145 111
145 122
145 134
145 144
145 128
145 133
145 113
145 145
145 144
145 101
145 122
145 111
145 122
145 133
145 117
145 147
145 123
145 100
145 145
145 116
145 140
145 144
145 133
145 113
145 137
145 133
145 145
145 122
145 145
145 123
145 149
145 97
145 147
145 97
145 131
145 145
145 104
145 110
145 100
145 127
145 145
145 107
145 142
145 146
145 142
145 150
145 100
145 131
145 145
145 115
145 142
145 106
145 97
145 118
145 145
145 128
145 104
145 144
145 100
145 108
145 128
145 137
145 142
145 106
145 145
145 111
145 110
145 125
145 145
145 124
145 100
145 145
145 122
145 127
145 114
145 97
145 145
145 113
145 111
145 104
145 113
145 142
145 150
145 119
145 97
145 127
145 97
145 145
145 113
145 144
145 122
145 142
145 143
145 144
145 142
145 116
145 116
145 147
145 128
145 116
145 142
145 145
145 132
145 145
145 131
145 115
145 119
145 115
145 128
145 118
145 143
145 139
145 148
145 145
145 109
145 101
145 128
145 127
145 134
145 145
145 100
145 114
145 104
145 107
145 100
145 111
145 100
145 128
145 125
145 127
145 122
145 114
145 145
145 100
145 114
145 119
145 145
145 138
145 117
145 144
145 117
145 142
145 97
145 145
145 135
145 118
145 144
145 130
145 145
145 118
145 140
145 100
145 128
145 127
145 137
145 100
145 97
145 135
145 131
145 110
145 131
145 109
145 100
145 150
145 118
145 142
145 142
145 131
145 142
145 100
145 127
145 144
145 97
145 123
145 144
145 140
145 150
145 117
145 134
145 104
145 119
145 127
145 101
145 100
145 145
145 142
145 145
145 145
145 110
145 145
145 142
145 147
145 145
145 122
145 145
145 113
145 145
145 132
145 143
145 127
145 145
145 113
145 115
145 125
145 145
145 131
145 100
145 145
145 145
145 145
145 145
145 125
145 145
145 144
145 145
145 143
145 145
145 100
145 107
145 99
145 131
145 127
145 118
145 148
145 113
145 116
145 114
145 138
145 128
145 109
145 133
145 110
145 104
145 111
145 146
145 108
145 143
145 140
145 124
145 131
145 145
145 146
145 122
145 134
145 150
145 140
145 122
145 105
145 145
145 140
145 101
145 145
145 125
145 133
145 110
145 101
145 140
145 145
145 110
145 127
145 145
145 113
145 145
145 128
145 145
145 150
145 145
145 104
145 119
145 116
145 127
145 150
145 119
145 132
145 138
145 144
145 111
145 146
145 145
145 104
145 104
145 104
145 97
145 119
145 147
145 145
145 125
145 127
145 127
145 122
145 133
145 128
145 100
145 104
145 143
145 101
145 128
145 139
145 141
145 145
145 122
145 122
145 133
145 110
145 144
145 129
145 145
145 134
145 119
145 109
145 137
145 99
145 123
145 145
145 117
145 104
145 128
145 127
145 150
145 97
145 114
145 133
145 127
145 124
145 145
145 110
145 116
145 128
145 127
145 141
145 101
145 140
145 128
145 131
145 132
145 101
145 127
145 100
145 119
145 134
145 134
145 145
145 97
145 127
145 128
145 122
145 116
145 118
145 131
145 128
145 145
145 119
145 118
145 193
145 193
145 235
145 257
145 240
145 301
145 281
145 281
145 296
145 302
145 293
145 272
145 275
145 273
145 285
145 289
145 304
145 282
145 322
145 312
145 310
145 310
145 320
145 317
145 491
146 145
146 144
146 145
146 138
146 115
146 117
146 117
146 142
146 144
146 116
146 145
146 132
146 104
146 145
146 144
146 145
146 114
146 145
146 146
146 109
146 137
146 145
146 145
146 145
146 119
146 127
146 114
146 127
146 114
146 124
146 145
146 113
146 116
146 110
146 145
146 116
146 145
146 300
146 275
146 305
146 302
147 97
147 131
147 145
147 145
147 145
147 138
147 117
147 150
147 145
147 145
147 148
147 128
147 145
147 137
147 97
147 145
147 145
147 110
147 145
147 127
147 137
147 150
147 99
147 114
147 145
147 145
147 145
147 145
147 143
147 145
147 122
147 143
147 97
147 128
147 142
147 145
147 143
147 113
147 116
147 109
147 272
147 312
148 113
148 144
148 122
148 145
148 145
148 122
148 133
148 145
148 145
148 97
148 122
148 127
148 132
148 128
148 100
148 131
148 106
148 150
148 143
148 137
148 97
148 145
148 113
148 135
148 128
148 145
148 117
148 114
148 239
149 137
149 148
149 116
149 119
149 145
149 128
149 131
149 145
149 110
149 145
150 128
150 117
150 145
150 104
150 145
150 131
150 124
150 145
150 145
150 127
150 145
150 124
150 127
150 145
150 104
150 146
150 118
150 125
150 119
150 114
150 104
150 124
150 111
150 127
150 107
150 117
150 127
150 145
150 143
150 192
150 307
150 294
151 100
151 123
151 119
152 159
152 174
152 166
152 193
152 200
152 171
152 172
152 181
152 166
152 196
152 179
152 175
152 157
152 160
152 185
152 175
152 179
152 170
152 193
152 192
152 187
152 362
152 390
152 373
153 190
153 178
153 193
153 193
153 177
153 193
153 162
153 192
153 172
153 189
153 180
153 177
153 171
153 187
153 202
153 160
153 175
153 189
153 171
153 194
153 154
153 155
153 175
153 171
153 168
153 183
153 156
153 157
153 170
153 170
153 193
153 178
153 193
153 363
153 365
153 367
154 193
154 173
154 193
154 193
154 193
154 180
154 172
154 196
154 200
154 192
154 193
154 184
154 160
154 179
154 170
154 192
154 181
154 193
154 160
154 152
154 193
154 202
154 193
154 181
154 170
154 168
154 203
154 200
154 172
154 196
154 193
154 178
154 178
154 192
154 191
154 171
154 193
154 189
154 156
154 383
154 383
154 365
155 196
155 170
155 168
155 168
155 193
155 163
155 184
155 200
156 192
156 171
156 189
156 179
156 179
156 171
156 193
156 202
156 181
156 163
156 168
156 172
156 172
156 182
156 193
156 168
156 189
156 193
156 174
156 171
156 178
156 181
156 166
156 162
156 193
156 170
156 175
156 203
156 192
156 166
156 179
156 193
156 186
156 192
156 181
156 171
156 166
156 171
156 197
156 200
156 176
156 175
156 168
156 196
156 193
156 168
156 171
156 193
156 189
156 178
156 158
156 193
156 187
156 192
156 193
156 181
156 171
156 374
156 365
157 179
157 193
157 189
157 154
158 196
158 175
158 165
158 203
159 168
159 168
160 171
160 172
160 163
160 179
160 196
160 153
160 157
160 164
160 193
160 164
160 154
160 201
160 179
160 171
160 168
160 170
160 171
160 193
160 158
160 171
160 168
160 196
160 194
160 168
160 164
160 203
160 200
160 172
160 193
160 163
160 171
160 187
160 194
160 359
160 387
160 378
160 370
161 193
161 168
161 193
161 174
161 193
162 202
162 160
162 199
162 193
162 175
162 156
162 202
162 179
162 153
162 178
162 193
162 196
162 168
162 193
162 193
162 182
162 156
162 203
162 179
162 170
162 359
162 370
163 189
163 162
163 193
163 171
163 168
163 179
163 154
163 181
163 197
163 171
163 166
163 170
163 160
164 156
164 193
164 166
164 154
164 193
164 172
164 162
164 195
164 200
164 179
164 187
164 193
164 181
164 175
164 181
164 154
164 175
164 164
164 157
164 193
164 175
164 154
164 187
164 367
165 193
165 180
165 152
165 370
166 187
166 187
166 193
166 173
166 168
166 181
166 203
166 154
166 177
166 156
166 156
166 203
166 181
166 193
166 200
166 184
166 200
166 361
166 367
166 379
166 388
166 385
167 193
167 189
167 171
167 193
167 154
167 156
168 192
168 175
168 167
168 156
168 193
168 193
168 203
168 193
168 152
168 175
168 159
168 173
168 162
168 196
168 187
168 164
168 168
168 193
168 153
168 193
168 193
168 177
168 193
168 156
168 168
168 164
168 164
168 179
168 192
168 181
168 187
168 186
168 175
168 162
168 160
168 183
168 194
168 196
168 175
168 153
168 176
168 179
168 189
168 179
168 155
168 171
168 185
168 189
168 162
168 168
168 193
168 181
168 193
168 190
168 152
168 179
168 202
168 193
168 193
168 203
168 154
168 181
168 173
168 184
168 200
168 168
168 179
168 179
168 172
168 203
168 160
168 193
168 203
168 153
168 189
168 171
168 185
168 202
168 170
168 181
168 154
168 191
168 179
168 187
168 202
168 325
168 364
168 357
168 362
168 377
168 365
168 366
168 367
168 388
168 371
168 376
168 368
168 371
168 374
168 367
169 193
169 193
169 181
169 162
169 192
169 171
169 192
169 154
169 192
169 186
169 203
169 175
169 386
170 202
170 168
170 193
170 174
170 154
170 203
170 156
170 168
170 154
170 153
170 182
170 203
170 193
170 168
170 168
170 199
170 156
170 154
170 193
170 153
170 159
170 184
170 172
170 194
170 192
170 193
170 202
170 153
170 167
170 175
170 152
170 183
170 193
170 160
170 168
170 371
170 379
171 175
171 171
171 158
171 200
171 170
171 174
171 193
171 192
171 176
171 193
171 203
171 193
171 183
171 181
171 152
171 183
171 200
171 187
171 197
171 177
171 193
171 171
171 153
171 178
171 166
171 154
171 194
171 202
171 195
171 179
171 187
171 203
171 193
171 183
171 164
171 193
171 193
171 192
171 175
171 203
171 186
171 193
171 193
171 193
171 177
171 193
171 181
171 175
171 168
171 166
171 160
171 154
171 168
171 162
171 168
171 175
171 193
171 174
171 168
171 164
171 197
171 177
171 203
171 156
171 193
171 358
171 377
171 373
171 376
171 376
171 383
172 193
172 183
172 202
172 153
172 202
172 196
172 172
172 193
172 194
172 181
172 163
172 196
172 179
172 202
172 153
172 187
172 193
172 192
172 162
172 196
172 173
172 193
172 179
172 182
172 175
172 200
172 155
172 168
172 162
172 152
172 171
172 198
172 193
172 179
172 203
172 182
172 192
172 166
172 360
172 358
172 385
172 386
172 368
172 365
172 368
172 380
173 168
173 193
173 171
173 200
173 202
173 194
173 193
173 185
173 164
173 193
173 187
173 189
173 196
173 193
173 174
173 181
173 168
173 184
173 193
173 203
173 171
173 170
173 193
173 156
173 168
173 171
173 187
173 156
173 160
173 193
173 364
173 379
173 367
173 378
174 175
174 156
174 162
174 193
174 156
174 156
174 193
174 181
174 193
174 169
174 181
174 193
174 193
174 184
174 193
174 174
174 189
174 193
174 160
174 200
174 153
174 325
174 364
174 388
175 172
175 162
175 158
175 153
175 179
175 193
175 193
175 193
175 164
175 193
175 193
175 164
175 163
175 153
175 163
175 156
175 192
175 170
175 200
175 193
175 181
175 193
175 168
175 193
175 175
175 166
175 178
175 189
175 177
175 193
175 193
175 164
175 193
175 170
175 153
175 193
175 179
175 163
175 166
175 203
175 171
175 168
175 189
175 162
175 189
175 189
175 193
175 193
175 174
175 193
175 164
175 171
175 192
175 193
175 197
175 200
175 152
175 193
175 168
175 191
175 197
175 196
175 168
175 184
175 170
175 175
175 379
175 385
175 386
175 380
175 379
175 383
175 380
176 202
176 197
176 170
176 155
176 172
176 202
176 160
176 171
176 166
176 174
177 192
177 203
177 178
177 193
177 193
177 189
177 193
177 203
177 192
177 172
177 200
177 179
177 194
177 172
177 179
177 193
177 361
177 362
177 375
177 391
177 388
178 156
178 168
178 153
178 193
178 203
178 162
178 171
178 193
178 167
178 160
178 174
179 177
179 193
179 153
179 196
179 200
179 168
179 183
179 177
179 197
179 171
179 193
179 172
179 173
179 193
179 162
179 192
179 179
179 184
179 171
179 156
179 162
179 172
179 167
179 193
179 193
179 193
179 173
179 184
179 170
179 200
179 193
179 190
179 152
179 192
179 167
179 175
179 153
179 184
179 193
179 194
179 173
179 192
179 154
179 193
179 193
179 167
179 193
179 167
179 193
179 162
179 193
179 168
179 168
179 203
179 153
179 362
179 377
179 367
179 370
180 179
180 193
180 179
180 193
180 380
180 381
181 193
181 193
181 173
181 193
181 172
181 162
181 186
181 181
181 193
181 184
181 182
181 193
181 189
181 178
181 202
181 167
181 196
181 173
181 171
181 200
181 183
181 157
181 175
181 193
181 158
181 187
181 193
181 171
181 154
181 171
181 171
181 193
181 193
181 160
181 324
181 358
181 378
182 173
182 173
182 175
182 172
182 154
182 172
182 202
182 193
182 202
183 154
183 193
183 179
183 193
183 175
183 171
183 178
183 191
183 172
183 183
183 175
183 185
183 171
183 193
183 164
183 167
183 193
183 168
184 194
184 179
184 156
184 168
184 162
184 200
184 171
184 193
184 172
184 174
184 365
184 381
184 367
185 173
185 176
185 172
185 183
185 196
185 181
185 193
185 193
185 167
185 193
185 166
185 153
185 361
186 194
186 360
187 178
187 170
187 156
187 154
187 168
187 197
187 194
187 189
187 172
187 193
187 156
187 174
187 168
187 170
187 197
187 193
187 164
187 193
187 200
187 197
187 171
187 193
187 171
187 152
187 175
187 193
187 391
187 378
187 376
189 193
189 160
189 193
189 175
189 193
189 192
189 171
189 171
189 178
189 168
189 193
189 193
189 193
189 183
189 187
189 192
189 172
189 168
189 154
189 175
189 154
189 175
189 200
189 175
189 171
189 364
189 384
190 193
190 183
190 158
190 197
190 162
190 168
190 160
191 162
191 192
191 171
191 187
191 164
191 203
191 192
191 193
191 193
191 164
191 168
191 203
191 368
192 193
192 203
192 153
192 172
192 153
192 162
192 200
192 175
192 158
192 193
192 179
192 185
192 182
192 183
192 200
192 157
192 168
192 156
192 172
192 153
192 193
192 171
192 203
192 179
192 193
192 193
192 203
192 196
192 156
192 170
192 181
192 170
192 362
193 175
193 192
193 172
193 179
193 193
193 175
193 173
193 193
193 197
193 168
193 189
193 161
193 164
193 193
193 164
193 181
193 179
193 156
193 193
193 153
193 156
193 193
193 193
193 203
193 187
193 189
193 153
193 162
193 162
193 193
193 183
193 199
193 187
193 179
193 183
193 165
193 159
193 193
193 153
193 193
193 193
193 175
193 203
193 175
193 203
193 172
193 183
193 183
193 187
193 179
193 171
193 156
193 193
193 184
193 171
193 193
193 154
193 196
193 166
193 193
193 193
193 189
193 180
193 176
193 171
193 193
193 195
193 195
193 168
193 193
193 154
193 160
193 193
193 168
193 193
193 194
193 193
193 203
193 193
193 168
193 162
193 202
193 196
193 202
193 196
193 179
193 193
193 185
193 193
193 193
193 178
193 152
193 155
193 175
193 187
193 200
193 191
193 163
193 193
193 177
193 192
193 172
193 193
193 181
193 173
193 200
193 180
193 175
193 153
193 168
193 156
193 175
193 196
193 164
193 173
193 170
193 187
193 199
193 171
193 203
193 193
193 152
193 172
193 197
193 202
193 160
193 184
193 152
193 175
193 193
193 181
193 160
193 166
193 181
193 173
193 173
193 159
193 173
193 177
193 193
193 152
193 171
193 193
193 171
193 193
193 203
193 189
193 197
193 171
193 168
193 168
193 168
193 193
193 193
193 177
193 162
193 193
193 193
193 172
193 172
193 193
193 193
193 193
193 156
193 197
193 194
193 193
193 193
193 153
193 168
193 193
193 153
193 184
193 164
193 193
193 203
193 152
193 200
193 153
193 177
193 158
193 171
193 193
193 162
193 178
193 181
193 200
193 189
193 171
193 172
193 203
193 175
193 166
193 179
193 166
193 193
193 194
193 155
193 202
193 193
193 172
193 154
193 153
193 175
193 193
193 202
193 171
193 193
193 196
193 193
193 162
193 200
193 193
193 192
193 168
193 193
193 193
193 199
193 195
193 175
193 193
193 193
193 154
193 171
193 193
193 152
193 189
193 156
193 193
193 156
193 192
193 196
193 193
193 175
193 175
193 172
193 172
193 193
193 173
193 173
193 193
193 179
193 193
193 187
193 200
193 175
193 160
193 168
193 193
193 192
193 169
193 179
193 173
193 167
193 202
193 160
193 172
193 156
193 193
193 193
193 170
193 175
193 193
193 193
193 168
193 172
193 192
193 180
193 187
193 194
193 193
193 189
193 165
193 170
193 181
193 171
193 171
193 192
193 168
193 171
193 179
193 155
193 171
193 191
193 173
193 153
193 193
193 160
193 175
193 324
193 356
193 364
193 363
193 364
193 364
193 363
193 391
193 367
193 374
193 376
193 391
193 381
193 390
193 388
193 392
193 381
193 381
193 380
193 373
193 380
193 381
193 392
193 390
193 371
193 383
193 390
193 368
193 366
193 368
193 373
193 367
193 374
193 368
194 156
194 168
194 154
194 197
194 203
194 160
194 193
194 177
194 193
194 179
194 181
194 171
194 180
194 167
194 153
194 196
194 193
194 203
194 193
194 156
195 165
195 203
195 166
196 177
196 193
196 203
196 179
196 186
196 197
196 175
196 152
196 168
196 173
196 154
196 203
196 192
196 202
196 174
196 191
196 154
196 193
196 153
196 168
196 174
196 156
196 357
196 386
197 175
197 202
197 193
197 193
197 199
197 193
197 178
197 173
197 164
197 164
197 173
197 193
197 192
197 170
197 166
197 171
197 156
197 156
197 175
197 172
197 203
197 200
197 164
197 203
197 175
197 192
197 193
197 197
197 166
197 181
197 156
197 385
197 367
199 178
199 193
199 193
199 368
200 200
200 152
200 197
200 179
200 203
200 181
200 193
200 193
200 156
200 193
200 193
200 171
200 170
200 193
200 180
200 156
200 165
200 164
200 194
200 156
200 193
200 190
200 193
200 168
200 168
200 193
200 177
200 190
200 178
200 193
200 192
200 183
200 168
200 170
200 172
200 168
200 171
200 193
200 193
200 171
200 174
200 164
200 175
200 174
200 193
200 203
200 172
200 191
200 194
200 172
200 193
200 193
200 203
200 324
200 364
200 367
200 377
200 367
200 372
200 375
201 193
201 161
201 172
201 200
201 196
201 162
202 163
202 202
202 193
202 203
202 172
202 189
202 175
202 160
202 156
202 202
202 156
202 195
202 200
202 168
202 193
202 160
202 172
202 154
202 193
202 179
202 174
202 196
202 200
202 153
202 199
202 175
202 193
202 383
203 168
203 168
203 156
203 203
203 181
203 168
203 193
203 162
203 172
203 200
203 193
203 174
203 196
203 187
203 203
203 189
203 179
203 187
203 193
203 197
203 193
203 174
203 175
203 181
203 193
203 179
203 179
203 162
203 170
203 160
203 199
203 184
203 168
203 172
203 153
203 170
203 189
203 193
203 193
203 193
203 188
203 179
203 190
203 193
203 173
203 197
203 172
203 170
203 193
203 172
203 193
203 356
203 359
203 390
203 375
204 254
204 252
204 263
204 246
204 213
204 239
204 207
204 211
204 213
204 229
204 229
204 243
204 355
205 248
205 218
205 247
205 210
205 218
205 218
206 241
207 257
207 219
207 237
207 218
208 247
208 218
208 237
208 210
208 251
208 247
208 226
208 247
208 210
209 237
209 240
209 235
209 256
210 257
210 260
210 218
210 227
210 237
210 219
210 237
210 211
210 218
210 208
210 258
210 218
211 207
211 230
211 211
211 239
211 218
211 258
211 211
211 218
211 255
211 229
211 247
211 257
211 218
211 268
211 218
211 215
211 239
211 265
211 223
211 256
211 218
211 257
211 230
211 254
211 218
211 218
211 261
211 221
211 261
211 218
211 236
211 257
211 229
211 255
211 218
211 226
211 240
211 218
211 217
211 344
211 352
212 268
212 241
212 259
212 266
213 218
213 236
213 218
213 227
213 338
214 225
216 218
216 218
216 218
216 248
216 251
216 212
216 261
216 243
216 230
216 256
216 218
216 260
216 251
216 338
217 246
217 211
217 218
217 251
217 218
217 218
217 260
217 235
217 248
217 218
217 238
217 251
217 218
217 256
217 261
217 263
217 257
217 207
217 256
217 256
217 252
217 224
217 205
217 218
217 260
217 209
217 243
217 260
217 260
217 218
217 229
217 312
218 262
218 217
218 218
218 207
218 218
218 247
218 231
218 263
218 218
218 229
218 204
218 253
218 218
218 264
218 218
218 248
218 247
218 239
218 269
218 217
218 218
218 261
218 232
218 211
218 239
218 219
218 256
218 235
218 218
218 207
218 239
218 255
218 228
218 249
218 217
218 218
218 256
218 250
218 218
218 218
218 208
218 218
218 259
218 212
218 218
218 237
218 237
218 223
218 218
218 223
218 218
218 250
218 243
218 237
218 224
218 263
218 214
218 250
218 256
218 247
218 218
218 240
218 218
218 266
218 241
218 223
218 222
218 237
218 249
218 216
218 250
218 218
218 218
218 218
218 266
218 233
218 243
218 218
218 258
218 260
218 218
218 218
218 217
218 267
218 216
218 218
218 218
218 230
218 218
218 230
218 265
218 253
218 262
218 229
218 218
218 238
218 240
218 247
218 231
218 260
218 256
218 256
218 255
218 218
218 217
218 218
218 241
218 224
218 218
218 251
218 258
218 256
218 217
218 247
218 218
218 260
218 249
218 224
218 247
218 238
218 218
218 230
218 219
218 251
218 223
218 218
218 241
218 229
218 261
218 208
218 231
218 218
218 218
218 236
218 251
218 243
218 256
218 263
218 251
218 210
218 232
218 218
218 218
218 239
218 224
218 222
218 258
218 241
218 218
218 223
218 207
218 218
218 251
218 247
218 218
218 218
218 260
218 229
218 258
218 218
218 218
218 218
218 254
218 219
218 260
218 218
218 218
218 257
218 218
218 218
218 218
218 241
218 218
218 218
218 211
218 248
218 211
218 239
218 246
218 218
218 252
218 261
218 217
218 211
218 256
218 218
218 260
218 204
218 213
218 255
218 237
218 218
218 240
218 218
218 217
218 247
218 263
218 230
218 211
218 217
218 230
218 218
218 218
218 218
218 263
218 229
218 253
218 219
218 260
218 241
218 218
218 240
218 228
218 218
218 210
218 243
218 243
218 244
218 218
218 229
218 218
218 218
218 218
218 240
218 251
218 240
218 259
218 218
218 248
218 240
218 218
218 217
218 331
218 326
218 336
218 338
218 326
218 326
218 341
218 326
218 338
218 352
218 342
218 350
218 348
218 349
218 354
218 354
219 218
219 223
219 264
219 218
219 259
219 232
219 234
219 255
219 218
219 218
219 218
219 236
219 228
219 256
219 207
219 318
219 344
220 242
220 257
220 257
220 236
220 218
220 230
220 218
220 251
220 228
221 257
221 258
221 218
221 218
221 218
221 339
222 218
222 216
222 218
222 253
223 218
223 249
223 230
223 237
223 260
223 252
223 244
223 251
223 256
223 219
223 260
223 218
223 251
223 217
223 231
223 241
223 256
223 251
223 246
223 261
223 241
224 241
224 235
224 218
224 208
224 233
224 247
224 237
224 263
224 238
224 218
224 204
224 241
224 217
224 248
224 218
224 260
224 218
225 257
226 241
226 208
226 218
226 239
227 220
227 218
228 247
228 259
228 218
228 218
228 208
228 238
228 218
228 252
228 218
228 217
228 237
229 261
229 260
229 216
229 239
229 241
229 218
229 249
229 218
229 218
229 241
229 217
229 204
229 218
229 240
229 260
229 218
229 218
229 229
229 218
229 257
229 240
229 236
229 219
229 218
229 211
229 218
229 238
230 218
230 245
230 218
230 263
230 218
230 247
230 249
230 231
230 231
230 218
230 231
230 254
230 327
231 252
231 236
231 257
231 218
231 218
231 249
231 260
231 219
231 229
231 241
231 231
231 211
231 218
231 240
232 218
232 228
233 206
233 240
233 218
233 236
233 237
233 218
233 244
234 263
235 218
235 240
235 256
235 218
235 218
235 331
236 247
236 218
236 237
236 260
236 218
236 248
236 243
236 262
236 263
236 247
236 256
236 218
236 249
236 240
236 218
236 218
236 257
236 218
236 246
236 218
236 211
236 218
236 218
236 217
236 255
236 230
236 242
236 329
237 218
237 218
237 228
237 248
237 258
237 242
237 218
237 218
237 261
237 218
237 244
237 256
237 255
237 216
237 237
237 253
237 218
237 248
237 218
237 220
237 256
237 218
237 237
237 218
237 257
237 218
237 218
237 218
237 240
237 239
237 218
237 230
237 218
238 218
238 208
238 250
238 218
238 229
238 243
238 218
238 220
238 246
238 246
238 212
238 218
238 260
238 243
238 218
238 218
238 218
238 218
238 218
238 260
238 218
238 252
238 243
238 249
238 218
238 321
238 335
238 349
239 263
239 218
239 228
239 208
239 218
239 218
239 218
239 224
239 218
239 208
239 218
239 252
239 253
239 251
239 218
239 261
239 218
239 218
239 217
239 242
239 263
239 239
239 236
239 218
239 241
239 352
240 218
240 256
240 219
240 218
240 238
240 257
240 259
240 218
240 244
240 253
240 256
240 218
240 252
240 218
240 218
240 218
240 218
240 257
240 262
241 236
241 238
241 236
241 263
241 261
241 237
241 216
241 218
241 204
241 250
241 263
241 260
241 263
241 230
241 253
241 208
241 240
241 218
241 257
241 218
241 233
241 213
241 248
241 212
241 204
241 214
242 218
242 217
242 256
242 240
242 247
242 256
242 218
242 239
242 252
242 224
242 261
242 217
242 218
242 255
242 258
242 244
242 218
243 246
243 248
243 208
243 260
243 208
243 218
243 238
243 241
243 218
243 252
244 248
244 218
244 229
244 248
244 218
244 215
244 218
244 241
244 207
244 346
245 252
245 218
245 240
246 220
246 217
246 213
246 217
246 233
246 218
246 206
246 204
246 230
246 226
246 237
246 331
246 349
247 218
247 218
247 229
247 218
247 252
247 247
247 218
247 218
247 240
247 250
247 211
247 245
247 240
247 249
247 230
247 229
247 235
247 218
247 256
247 221
247 219
247 260
247 244
247 218
247 211
247 218
247 211
247 239
247 249
247 262
247 242
247 247
247 229
247 224
247 218
247 338
248 246
248 208
248 254
248 238
248 218
248 211
248 230
248 229
248 247
248 241
248 218
248 260
248 218
248 258
248 218
248 238
248 248
248 218
248 208
248 259
248 257
248 241
248 224
248 218
248 258
249 261
249 218
249 218
249 218
249 218
249 236
249 252
249 263
249 218
249 250
249 218
249 266
249 204
249 218
249 250
249 268
249 252
249 236
249 217
249 218
249 229
250 236
250 218
250 219
250 236
250 218
250 210
250 261
250 238
250 218
250 228
250 204
250 257
250 218
250 262
250 263
250 218
250 210
250 250
250 237
250 236
250 218
251 237
251 251
251 220
251 217
251 247
251 218
251 216
251 252
251 219
251 214
251 258
251 235
251 247
251 260
251 238
251 247
251 260
251 218
251 261
251 334
251 349
251 334
252 236
252 218
252 218
252 218
252 242
252 241
252 218
252 258
252 219
252 231
252 218
252 213
252 218
252 218
252 218
253 257
253 269
253 218
253 256
253 229
254 218
254 256
254 242
255 261
255 222
255 218
255 247
255 218
255 218
255 222
255 218
255 235
255 261
255 238
255 226
255 218
255 246
255 218
255 247
255 218
255 208
256 208
256 268
256 218
256 218
256 230
256 218
256 235
256 242
256 241
256 217
256 263
256 263
256 232
256 261
256 217
256 269
256 258
256 218
256 219
256 217
256 218
256 229
256 218
256 219
256 218
256 209
256 237
256 269
256 249
256 237
256 218
257 257
257 247
257 218
257 219
257 218
257 264
257 237
257 218
257 218
257 218
257 204
257 206
257 240
257 257
257 213
257 238
257 232
257 257
257 247
257 252
257 204
257 228
257 218
257 208
257 217
258 228
258 256
258 246
258 240
258 217
258 218
258 246
258 229
258 218
258 235
258 218
258 218
258 232
258 218
258 211
258 204
258 218
258 221
258 218
258 263
258 249
258 218
259 233
259 218
259 257
259 246
259 228
259 223
259 218
259 218
259 218
259 226
259 237
259 238
260 218
260 255
260 211
260 204
260 240
260 238
260 253
260 218
260 248
260 260
260 217
260 218
260 212
260 212
260 251
260 218
260 220
260 218
260 218
260 265
260 237
260 260
260 218
260 263
260 211
260 331
261 236
261 218
261 218
261 218
261 213
261 263
261 237
261 230
261 255
261 256
261 218
261 216
261 236
261 258
261 237
261 219
261 208
261 259
261 250
261 252
261 218
261 228
261 209
262 251
262 213
262 246
262 229
262 218
262 260
262 247
262 238
262 260
263 230
263 208
263 228
263 247
263 254
263 263
263 218
263 238
263 220
263 204
263 218
263 244
263 240
263 237
263 218
263 228
263 218
263 208
263 262
263 229
263 240
263 243
263 330
263 349
264 218
264 223
265 240
265 229
265 218
265 219
265 218
265 250
265 211
265 219
266 257
267 250
267 218
267 230
268 259
269 236
269 218
269 243
269 247
269 238
269 238
270 285
270 285
270 274
270 299
270 307
270 322
271 307
271 308
271 300
271 275
271 278
271 281
271 284
271 307
271 297
271 299
271 294
271 306
271 299
271 285
271 299
271 303
271 280
271 295
271 270
271 291
271 308
271 300
272 274
272 301
272 284
272 275
272 293
272 296
272 297
272 308
272 283
272 307
272 307
272 284
272 276
272 272
272 293
272 298
272 305
273 284
273 299
273 296
273 288
273 304
273 287
273 300
274 281
274 309
274 290
274 308
274 298
275 278
275 293
275 307
275 305
275 278
275 283
275 281
275 289
275 285
275 292
275 307
275 308
275 287
275 304
275 290
275 300
275 307
275 278
275 307
275 286
275 280
275 278
275 272
276 271
276 278
276 305
276 301
276 301
276 299
276 294
276 296
276 299
276 295
276 281
276 292
276 276
276 281
276 285
276 292
276 292
276 295
277 275
277 301
277 275
277 307
277 271
277 293
277 306
277 296
277 285
277 296
277 307
277 284
277 275
278 305
278 284
278 296
278 297
278 307
278 305
278 275
278 272
278 292
278 307
278 295
278 300
278 288
278 271
278 299
278 275
278 287
278 284
278 274
278 303
278 303
278 275
278 290
279 287
279 271
279 296
279 271
279 307
279 273
279 307
279 303
279 284
279 309
279 275
279 316
280 290
280 304
280 305
280 285
280 280
280 296
280 291
280 273
280 293
280 296
280 284
280 306
280 305
280 295
280 278
280 285
280 284
280 289
280 274
280 304
280 304
280 298
280 296
280 304
280 297
280 292
280 281
280 302
280 296
281 303
281 281
281 288
281 271
281 288
281 308
281 303
281 278
281 278
281 290
281 298
281 294
281 275
281 296
281 278
281 299
281 300
281 296
281 307
281 292
281 307
281 280
281 307
281 280
281 276
281 295
281 276
281 286
281 296
281 279
281 278
281 318
282 285
282 286
282 295
282 289
282 290
282 296
282 286
282 287
282 285
282 309
282 300
283 294
283 281
283 278
283 297
283 307
283 308
283 281
283 279
283 275
283 295
283 293
283 275
283 304
283 307
283 286
283 303
283 303
283 271
283 299
283 277
284 307
284 302
284 286
284 295
284 282
284 274
284 296
284 293
284 272
284 285
284 299
284 285
284 284
284 293
284 301
284 309
284 292
284 274
284 274
284 284
284 281
284 291
284 286
284 277
284 286
284 273
284 275
284 307
284 307
285 298
285 278
285 298
285 293
285 294
285 278
285 282
285 289
285 286
285 308
285 274
285 283
285 285
285 285
285 282
285 293
285 275
285 274
285 307
285 290
285 292
285 299
285 292
285 276
285 293
285 308
285 307
285 295
286 272
286 287
286 303
286 307
286 272
286 275
286 272
286 299
286 274
286 299
286 299
286 275
286 292
286 306
286 307
286 288
286 303
286 275
286 299
286 300
286 309
286 282
287 286
287 299
287 284
287 271
287 303
287 296
287 291
287 307
287 290
287 278
287 279
287 285
287 295
287 290
287 287
287 295
287 295
287 303
287 307
287 276
287 273
287 281
287 286
287 301
287 304
287 286
287 295
287 278
288 298
288 284
288 308
288 281
288 281
288 303
288 295
288 294
288 280
288 284
289 300
289 275
289 271
289 295
289 307
289 298
290 284
290 288
290 278
290 295
290 292
290 272
290 296
290 272
290 296
290 303
290 287
290 300
290 295
290 284
290 295
290 296
290 287
290 276
290 302
291 274
291 277
291 304
292 293
292 304
292 271
292 297
292 308
292 308
292 303
292 279
292 271
292 292
293 309
293 276
293 280
293 305
293 282
293 272
293 303
293 285
293 281
293 278
293 282
294 299
294 296
294 284
294 296
294 294
294 307
294 284
294 309
294 276
294 291
294 284
294 296
294 303
294 278
294 304
294 292
294 280
294 297
294 278
294 281
294 280
295 307
295 284
295 295
295 272
295 271
295 275
295 307
295 271
295 307
295 281
295 300
295 270
295 284
295 294
295 296
295 303
295 308
295 297
295 308
295 271
295 305
295 290
295 272
295 272
295 293
295 307
295 271
295 304
295 301
295 277
295 305
295 307
296 270
296 275
296 295
296 273
296 309
296 281
296 307
296 293
296 307
296 270
296 275
296 277
296 309
296 284
296 307
296 291
296 295
296 308
296 295
296 295
296 286
296 287
296 292
296 296
297 275
297 276
297 275
297 281
297 302
297 282
297 278
297 273
297 283
297 272
297 284
297 288
298 273
298 285
298 300
298 305
298 307
298 287
298 277
298 309
298 275
299 306
299 284
299 272
299 282
299 307
299 270
299 302
299 309
299 286
299 272
299 307
299 296
299 307
299 287
299 295
299 295
299 300
299 271
299 304
299 295
299 279
299 284
299 296
299 308
299 308
299 295
299 275
299 278
299 307
299 297
299 278
299 288
299 307
299 282
299 295
299 293
299 296
299 320
300 295
300 290
300 286
300 272
300 308
300 307
300 304
300 307
300 307
300 299
300 299
300 272
300 305
300 274
300 275
300 306
300 290
300 302
300 290
301 282
301 296
301 307
301 281
301 284
301 286
301 303
301 305
301 287
301 294
301 297
301 296
301 282
301 296
301 290
301 280
301 275
301 284
301 303
301 315
302 309
302 271
302 280
302 309
302 278
302 284
302 307
302 286
302 304
302 295
302 300
302 281
302 285
302 307
302 279
302 283
302 296
302 278
302 303
302 297
303 304
303 296
303 307
303 290
303 308
303 280
303 277
303 284
303 304
303 271
303 275
303 277
303 300
303 305
303 296
303 276
303 284
303 296
303 301
303 307
303 272
303 287
303 295
303 283
303 288
303 299
303 278
303 300
303 291
303 303
303 272
303 279
304 309
304 304
304 302
304 295
304 304
304 295
304 300
304 298
304 308
304 278
304 272
304 300
304 277
304 308
304 303
304 273
304 308
304 307
304 290
304 306
304 307
305 271
305 294
305 284
305 273
305 302
305 298
305 283
305 277
305 293
305 271
305 308
305 307
305 296
305 294
305 280
305 283
305 274
305 300
305 299
305 299
305 283
306 280
306 306
306 295
306 303
306 289
306 301
306 275
306 307
306 285
306 278
306 296
306 309
306 307
306 290
306 286
306 295
306 303
306 280
306 283
306 275
307 287
307 296
307 270
307 279
307 271
307 282
307 271
307 272
307 291
307 278
307 296
307 286
307 307
307 272
307 280
307 307
307 293
307 307
307 291
307 295
307 284
307 276
307 294
307 285
307 275
307 290
307 300
307 290
307 308
307 299
307 292
307 278
307 296
307 285
307 284
307 303
307 308
307 308
307 296
307 279
307 285
307 292
307 296
307 290
307 297
307 309
307 308
307 285
307 285
307 284
307 302
307 281
307 307
307 302
307 279
307 306
308 271
308 297
308 302
308 292
308 285
308 293
308 295
308 307
308 288
308 300
308 309
308 279
308 307
308 299
308 295
308 284
308 284
308 281
308 308
308 280
308 299
308 294
308 295
309 283
309 307
309 307
309 300
309 307
309 271
309 285
309 280
309 305
309 280
309 303
309 307
309 299
309 290
309 276
309 301
309 298
309 292
309 294
310 318
310 316
310 318
310 322
310 311
310 312
310 318
310 311
311 319
311 315
311 321
311 322
311 322
311 323
311 320
311 320
311 312
311 319
311 320
311 312
311 314
311 317
312 320
312 321
312 315
312 320
312 316
312 322
312 322
312 310
312 320
312 315
312 318
313 315
313 310
313 310
313 321
314 320
314 310
314 311
314 480
315 316
315 312
315 315
315 320
315 322
315 316
315 320
315 315
315 311
315 319
315 321
315 319
315 318
315 314
315 319
315 320
315 318
315 321
315 320
315 321
316 311
316 310
316 312
316 322
316 318
316 310
316 318
316 316
316 476
317 319
317 322
317 315
318 310
318 321
318 316
318 312
318 310
318 314
318 322
318 315
318 320
318 310
318 316
318 318
318 316
319 310
319 315
319 315
319 311
319 319
319 319
319 315
319 310
319 322
319 320
319 315
319 310
319 312
319 319
320 311
320 312
320 318
320 318
320 319
320 314
320 319
320 311
320 315
320 320
321 318
321 323
321 319
321 311
321 318
322 318
322 315
322 322
322 318
322 321
322 310
322 318
322 322
322 312
322 319
322 316
322 468
323 322
323 318
323 322
323 321
324 325
324 325
324 325
324 325
324 324
324 324
324 324
324 391
325 325
325 324
325 324
325 325
325 325
325 325
325 324
325 324
325 324
326 349
326 345
326 341
326 344
326 352
326 330
326 331
326 346
326 349
326 350
326 331
326 340
326 338
326 352
326 331
326 335
326 334
326 349
326 352
326 334
326 349
326 338
326 337
326 338
326 349
326 339
326 330
326 348
326 330
326 326
326 328
326 329
326 344
327 349
327 349
327 330
327 341
327 352
327 330
327 327
327 338
327 332
327 344
327 335
327 338
327 352
327 350
327 330
327 352
327 330
327 338
327 338
327 352
327 348
327 352
327 329
328 342
328 340
328 348
328 326
328 335
328 331
328 343
328 349
328 331
328 330
329 352
329 333
329 329
329 341
329 332
329 337
329 338
329 343
329 342
329 349
329 349
329 331
329 327
329 342
329 345
329 349
329 331
329 329
329 326
329 338
329 336
329 343
329 348
329 339
329 352
329 326
329 341
330 349
330 345
330 349
330 337
330 335
330 338
330 349
330 352
330 338
330 349
330 344
330 345
330 350
330 339
330 349
330 339
330 330
330 326
330 337
330 326
330 346
330 341
330 335
330 326
330 337
330 329
330 332
330 352
330 337
330 326
330 343
330 330
330 327
330 330
330 338
330 335
330 342
330 338
331 352
331 342
331 328
331 351
331 337
331 344
331 349
331 349
331 330
331 348
331 329
331 326
331 332
331 339
331 338
331 334
331 349
331 332
331 349
331 346
331 350
331 329
331 332
331 344
331 352
331 331
331 334
331 338
331 338
331 349
331 335
331 339
331 341
331 345
331 348
331 342
331 351
331 339
331 331
331 346
331 349
332 338
332 335
332 338
332 330
332 331
332 338
332 336
332 342
332 338
332 352
332 329
332 336
333 352
333 341
333 348
333 344
333 348
333 332
333 338
334 330
334 336
334 338
334 345
334 351
334 348
334 339
334 348
334 335
334 329
334 346
334 350
334 331
335 342
335 333
335 326
335 338
335 335
335 332
335 349
335 335
335 352
335 352
335 349
335 329
335 348
335 331
335 342
335 334
335 341
335 327
335 349
335 335
335 348
335 327
335 345
335 352
335 339
335 335
335 339
335 348
335 338
335 329
335 346
335 326
335 330
335 342
335 327
335 326
336 327
336 331
336 330
336 349
336 339
336 352
336 349
336 338
336 328
336 337
336 338
336 352
336 349
336 350
336 345
336 339
336 346
336 337
336 337
336 331
337 334
337 348
337 338
337 335
337 339
337 342
337 333
337 328
337 333
337 349
337 327
337 342
337 352
337 326
337 328
337 349
337 329
337 331
337 352
337 344
337 331
337 332
337 337
337 352
337 349
337 349
337 338
337 338
337 339
337 349
338 327
338 338
338 338
338 342
338 352
338 337
338 326
338 327
338 352
338 334
338 349
338 348
338 352
338 329
338 344
338 339
338 330
338 339
338 349
338 342
338 332
338 352
338 349
338 330
338 342
338 349
338 349
338 338
338 349
338 352
338 344
338 331
338 338
338 337
338 343
338 341
338 338
338 330
338 337
338 344
338 338
338 339
338 339
338 332
338 338
338 342
338 349
338 344
338 336
338 326
338 329
338 342
338 332
338 342
338 329
338 330
339 335
339 344
339 332
339 335
339 326
339 331
339 349
339 329
339 350
339 342
339 344
339 326
339 328
339 341
339 352
339 334
339 326
339 349
339 326
339 349
339 338
339 336
339 330
339 337
339 339
339 338
339 346
339 329
339 348
339 339
339 331
339 348
339 331
339 338
339 329
339 335
339 334
339 352
339 339
339 337
339 329
339 342
339 348
339 336
340 349
340 331
340 339
340 338
340 344
340 352
341 329
341 349
341 345
341 344
341 342
341 349
341 326
341 335
341 352
341 326
341 348
341 330
341 348
341 338
341 328
341 342
341 335
342 338
342 338
342 338
342 348
342 339
342 338
342 351
342 329
342 326
342 348
342 352
342 330
342 339
342 331
342 344
342 349
342 345
342 342
342 339
342 326
342 338
342 344
342 349
342 339
342 352
342 344
342 342
342 348
342 349
342 342
342 349
342 336
342 330
342 344
342 341
342 338
342 338
343 331
343 338
343 339
344 332
344 349
344 339
344 330
344 348
344 334
344 335
344 330
344 350
344 339
344 327
344 346
344 330
344 346
344 348
344 332
344 344
344 348
344 346
344 337
344 343
344 326
344 331
344 342
344 329
344 345
344 339
344 335
344 333
344 338
344 328
344 352
344 346
345 326
345 332
345 338
345 342
345 338
345 346
345 337
345 336
345 330
345 338
345 327
345 333
345 347
345 338
345 349
345 340
345 326
345 344
345 333
345 339
345 346
345 344
345 338
345 331
345 335
346 342
346 341
346 339
346 348
346 349
346 344
346 335
346 332
346 341
346 352
346 326
346 338
346 349
346 345
346 326
346 348
346 352
346 327
346 352
346 338
346 330
346 343
346 344
346 338
346 334
346 348
347 350
347 337
347 326
348 337
348 331
348 334
348 334
348 338
348 330
348 332
348 338
348 348
348 349
348 338
348 338
348 335
348 344
348 342
348 344
348 350
348 338
348 346
348 327
348 326
348 339
348 326
348 349
348 348
348 350
348 345
348 351
348 352
348 339
348 342
348 331
348 352
348 349
348 335
348 331
348 341
348 329
348 337
348 326
348 331
348 338
348 349
348 338
349 339
349 339
349 337
349 344
349 327
349 327
349 328
349 342
349 339
349 352
349 338
349 344
349 351
349 333
349 326
349 331
349 344
349 344
349 349
349 338
349 344
349 345
349 326
349 345
349 337
349 348
349 338
349 336
349 346
349 348
349 338
349 337
349 352
349 352
349 329
349 352
349 342
349 352
349 339
349 335
349 345
349 350
349 326
349 344
349 333
350 326
350 348
350 337
350 329
350 335
350 335
350 329
350 349
350 344
350 338
350 337
350 342
351 352
351 349
351 337
351 331
351 342
351 330
351 337
351 338
351 331
351 349
351 348
351 342
351 336
351 332
352 344
352 352
352 352
352 333
352 326
352 339
352 352
352 330
352 327
352 339
352 336
352 345
352 330
352 342
352 330
352 349
352 346
352 330
352 352
352 342
352 337
352 333
352 339
352 352
352 349
352 352
352 338
352 342
352 350
352 327
352 342
352 346
352 345
352 344
352 344
352 350
352 336
352 331
352 344
352 344
352 352
352 349
352 338
353 342
353 342
354 355
354 354
354 355
354 354
354 355
354 354
354 354
354 355
354 354
355 355
355 354
355 354
355 355
355 354
355 355
355 354
355 355
356 360
356 360
356 357
356 357
356 361
356 364
356 359
357 358
357 356
357 356
357 364
357 357
357 364
357 359
357 364
357 362
357 358
357 360
357 364
357 359
357 363
357 360
357 362
357 361
357 360
357 361
357 363
357 358
357 361
357 364
357 362
357 361
357 360
357 364
357 358
357 362
357 357
357 359
357 357
358 358
358 361
358 357
358 359
358 360
358 364
358 362
358 357
358 357
358 360
358 364
358 362
358 358
358 364
358 360
358 360
358 363
358 360
358 357
358 357
358 360
358 358
358 357
358 363
359 362
359 362
359 360
359 363
359 358
359 361
359 357
359 362
359 359
359 357
359 360
359 359
359 358
359 364
359 358
359 362
359 364
359 363
359 358
359 360
359 363
360 357
360 357
360 357
360 360
360 360
360 359
360 357
360 357
360 362
360 364
360 359
360 357
360 361
360 360
360 364
360 360
360 356
360 364
361 361
361 361
361 358
361 361
361 360
361 364
361 363
361 358
361 359
361 357
361 361
361 360
361 361
362 360
362 364
362 356
362 362
362 360
362 360
362 359
362 359
362 363
362 362
362 357
362 359
362 362
362 357
362 359
362 362
362 364
362 364
362 364
362 364
363 364
363 358
363 362
363 357
363 359
363 357
363 362
363 359
363 358
363 363
363 364
363 359
363 363
363 360
363 357
364 364
364 359
364 364
364 362
364 364
364 357
364 358
364 360
364 357
364 359
364 362
364 364
364 359
364 364
364 363
364 357
364 357
364 357
364 358
364 358
364 360
364 363
364 364
364 363
364 363
364 364
364 359
364 364
364 357
364 359
364 363
364 364
364 361
364 363
364 359
365 391
365 386
365 367
365 367
365 385
365 384
365 385
365 367
365 368
365 387
365 367
365 373
365 376
365 377
365 368
365 378
365 376
365 367
365 392
365 387
365 368
365 386
365 371
365 391
365 383
365 387
365 365
365 370
365 390
365 386
365 376
365 385
365 377
365 365
365 376
365 391
365 380
365 383
365 393
365 367
365 388
365 367
365 391
365 378
365 372
365 386
365 386
365 373
365 366
365 370
365 365
365 387
365 371
365 388
365 380
365 381
365 368
365 378
365 371
365 375
365 378
365 385
365 370
365 371
365 371
365 368
365 376
365 376
365 389
365 367
365 381
365 387
365 383
365 377
365 367
365 370
365 365
365 377
365 388
365 386
365 384
365 376
365 391
365 387
365 392
365 392
365 390
365 368
365 383
365 367
365 381
365 387
365 391
365 379
365 373
365 367
366 388
366 367
366 390
366 366
366 385
366 378
366 368
366 372
366 367
366 390
366 391
366 391
366 388
366 385
366 373
366 368
366 384
366 370
366 380
366 385
366 388
366 377
366 370
366 377
366 366
366 365
366 371
366 370
366 377
366 366
366 374
366 365
366 367
366 387
366 373
366 368
366 373
366 371
366 373
366 376
366 384
366 387
366 373
366 377
366 377
366 387
366 383
366 370
366 373
366 386
366 383
366 372
366 378
366 374
366 375
366 378
366 385
366 378
366 390
366 365
366 370
366 365
366 370
366 385
366 385
367 381
367 377
367 390
367 373
367 387
367 366
367 381
367 377
367 389
367 378
367 380
367 376
367 381
367 375
367 393
367 378
367 366
367 392
367 383
367 383
367 392
367 386
367 379
367 367
367 385
367 373
367 379
367 366
367 367
367 365
367 366
367 365
367 365
367 381
367 368
367 371
367 371
367 376
367 367
367 385
367 365
367 366
367 367
367 373
367 386
367 388
367 373
367 386
367 380
367 392
367 385
367 378
367 371
367 373
367 379
367 389
367 373
367 393
367 375
367 377
367 389
367 376
367 385
367 388
367 389
367 371
367 370
367 372
367 391
367 372
367 367
367 386
367 376
367 377
367 367
367 380
367 389
367 391
367 373
367 391
367 367
367 382
367 384
367 390
367 365
367 377
367 367
367 368
367 386
367 388
367 370
367 387
367 376
367 380
367 368
367 370
367 365
367 379
367 375
367 379
367 376
367 390
367 371
367 365
367 374
367 367
367 378
367 383
367 378
367 366
367 380
367 379
367 388
367 371
367 385
367 377
367 367
367 371
367 388
367 391
367 392
367 380
367 384
367 374
367 375
367 390
367 392
367 372
367 390
367 377
367 367
367 379
367 391
367 372
367 376
367 380
367 390
367 387
367 385
368 372
368 376
368 368
368 365
368 365
368 367
368 391
368 373
368 367
368 390
368 377
368 386
368 378
368 383
368 375
368 365
368 371
368 376
368 386
368 390
368 373
368 389
368 376
368 375
368 368
368 370
368 370
368 390
368 383
368 366
368 378
368 388
368 368
368 384
368 368
368 377
368 386
368 376
368 368
368 372
368 371
368 390
368 392
368 391
368 376
368 371
368 389
368 388
368 368
368 375
368 373
368 383
368 366
368 381
368 367
368 368
368 376
368 376
368 388
368 392
368 381
368 382
368 372
368 380
368 365
368 390
368 391
368 373
368 380
368 371
368 378
368 377
368 377
368 379
368 392
368 386
368 368
368 383
368 383
368 391
368 388
368 386
368 375
368 392
368 370
368 367
368 392
368 383
368 376
368 391
368 366
368 372
368 388
368 375
368 368
368 365
368 379
368 385
368 383
368 366
368 383
368 370
368 387
370 371
370 373
370 377
370 367
370 377
370 383
370 380
370 376
370 384
370 377
370 384
370 373
370 388
370 383
370 388
370 365
370 365
370 373
370 377
370 387
370 365
370 386
370 376
370 386
370 376
370 366
370 373
370 383
370 387
370 367
370 372
370 377
370 392
370 376
370 367
370 371
370 379
370 392
370 371
370 383
370 375
370 383
370 372
370 381
370 376
370 385
370 368
370 376
370 368
370 390
370 371
370 367
370 373
370 367
370 374
370 366
370 392
370 383
370 388
370 391
370 373
370 381
370 378
370 387
370 380
370 383
370 392
370 367
370 383
370 377
370 366
370 383
370 373
370 378
370 393
370 381
370 368
370 365
370 380
370 374
370 388
371 391
371 368
371 379
371 381
371 368
371 379
371 390
371 387
371 373
371 390
371 376
371 392
371 381
371 383
371 390
371 391
371 368
371 384
371 365
371 373
371 386
371 374
371 388
371 365
371 367
371 390
371 377
371 365
371 379
371 381
371 392
371 391
371 383
371 366
371 380
371 366
371 376
371 377
371 383
371 367
371 377
371 388
371 392
371 379
371 381
371 393
371 376
371 373
371 377
371 376
371 377
371 367
371 380
371 367
371 371
371 391
371 386
371 389
371 379
371 378
371 380
371 377
371 371
371 375
371 371
371 386
371 379
371 365
371 386
371 383
371 373
371 384
371 378
371 391
371 368
371 377
371 388
371 379
371 376
371 386
371 390
371 385
372 378
372 376
372 376
372 367
372 379
372 373
372 368
372 384
372 383
372 391
372 366
372 392
372 391
372 391
372 368
372 383
372 376
372 368
372 368
372 386
372 380
372 376
372 368
372 392
372 386
372 376
372 385
372 376
372 383
372 385
372 371
372 385
372 365
372 370
372 376
372 379
372 380
372 367
372 377
372 388
372 375
372 372
372 367
372 386
372 383
372 376
372 388
372 365
372 388
372 373
372 378
372 381
372 386
372 365
372 385
372 385
372 375
372 367
372 377
372 378
372 377
372 376
372 365
372 370
372 379
373 373
373 392
373 380
373 368
373 375
373 380
373 370
373 390
373 383
373 367
373 367
373 373
373 366
373 374
373 376
373 386
373 365
373 368
373 385
373 371
373 371
373 365
373 367
373 368
373 367
373 367
373 388
373 368
373 380
373 367
373 372
373 379
373 388
373 390
373 375
373 368
373 381
373 367
373 386
373 372
373 373
373 381
373 386
373 383
373 371
373 383
373 366
373 383
373 366
373 379
373 390
373 392
373 370
373 367
373 378
373 367
373 380
373 390
373 373
373 376
373 367
373 387
373 376
373 389
373 372
373 385
373 372
373 383
373 383
373 387
373 387
373 373
373 379
373 374
373 392
373 391
373 373
373 370
373 384
373 368
373 378
373 368
373 365
373 371
373 390
373 367
373 372
373 375
373 386
373 377
373 368
373 372
373 368
373 386
373 377
373 380
374 392
374 376
374 382
374 381
374 367
374 365
374 386
374 379
374 386
374 386
374 367
374 366
374 365
374 383
374 386
374 388
374 383
374 367
374 377
374 388
374 378
374 380
374 388
374 387
374 376
374 370
374 370
374 376
374 377
374 377
374 391
374 376
374 366
374 386
374 380
374 383
374 375
374 371
374 368
374 381
374 391
374 368
374 383
374 377
374 378
374 383
374 391
374 390
374 376
374 378
374 375
374 378
374 392
374 373
374 384
375 370
375 386
375 373
375 368
375 367
375 380
375 377
375 371
375 381
375 373
375 371
375 371
375 380
375 378
375 367
375 368
375 390
375 365
375 380
375 372
375 371
375 374
375 377
375 365
375 371
375 365
375 381
375 373
375 365
375 377
375 368
375 373
375 379
375 383
375 378
375 372
375 371
375 373
375 380
375 371
375 367
375 377
375 389
375 386
375 372
375 372
375 379
375 367
375 392
375 376
375 383
375 371
375 375
375 391
375 384
375 370
375 388
375 367
375 390
375 380
375 371
375 378
375 366
375 376
375 391
375 378
375 390
375 379
375 373
375 385
375 379
375 393
375 382
375 371
375 383
375 386
375 376
375 384
375 372
375 373
375 375
375 378
375 384
375 391
375 385
375 368
376 380
376 386
376 383
376 373
376 367
376 390
376 387
376 370
376 386
376 388
376 371
376 383
376 382
376 375
376 391
376 379
376 368
376 391
376 365
376 392
376 392
376 372
376 381
376 384
376 365
376 383
376 373
376 388
376 365
376 373
376 366
376 380
376 389
376 383
376 381
376 376
376 367
376 375
376 385
376 381
376 380
376 388
376 373
376 368
376 383
376 387
376 368
376 365
376 385
376 373
376 380
376 367
376 381
376 371
376 375
376 376
376 381
376 388
376 378
376 381
376 372
376 391
376 368
376 372
376 370
376 367
376 385
376 392
376 390
376 390
376 386
376 380
376 371
376 392
376 383
376 370
376 384
376 386
376 390
376 391
376 372
376 391
376 390
376 380
376 392
376 366
376 374
376 381
376 391
376 370
376 370
376 390
376 375
377 373
377 378
377 380
377 376
377 368
377 384
377 379
377 377
377 367
377 389
377 380
377 379
377 368
377 378
377 376
377 388
377 373
377 377
377 383
377 365
377 375
377 376
377 367
377 378
377 383
377 383
377 373
377 372
377 376
377 375
377 376
377 391
377 375
377 367
377 366
377 373
377 385
377 385
377 366
377 391
377 383
377 373
377 387
377 373
377 370
377 375
377 367
377 375
377 367
377 377
377 381
377 388
377 367
377 370
377 378
377 383
377 392
377 374
377 365
377 380
377 390
377 379
377 365
377 367
377 393
377 391
377 383
377 384
377 385
377 388
377 380
377 373
377 386
377 376
377 389
377 383
377 388
377 388
377 370
377 368
378 365
378 382
378 380
378 370
378 373
378 384
378 390
378 367
378 385
378 391
378 373
378 371
378 367
378 386
378 374
378 384
378 372
378 391
378 371
378 377
378 388
378 391
378 379
378 376
378 371
378 387
378 374
378 368
378 372
378 383
378 383
378 376
378 379
378 380
378 381
378 371
378 393
378 378
378 377
378 383
378 393
378 376
378 388
378 376
378 366
378 390
378 388
378 367
378 386
378 391
378 380
378 385
378 389
378 373
378 379
378 385
378 370
378 380
378 370
378 376
378 379
378 376
378 378
378 370
378 368
378 375
378 373
378 385
378 379
378 367
378 370
379 390
379 365
379 380
379 383
379 385
379 373
379 393
379 375
379 372
379 366
379 378
379 375
379 365
379 367
379 380
379 367
379 390
379 368
379 381
379 370
379 368
379 380
379 391
379 365
379 367
379 388
379 379
379 367
379 383
379 381
379 391
379 376
379 391
379 378
379 367
379 371
379 365
379 376
379 380
379 373
379 367
379 388
379 389
379 375
379 383
379 392
379 387
379 367
379 372
379 379
379 385
379 392
379 373
379 376
379 384
379 386
379 383
379 373
379 385
379 376
379 376
379 367
379 385
379 390
379 377
379 392
379 372
379 378
379 372
379 368
379 375
379 383
379 386
379 368
379 392
379 376
380 367
380 383
380 390
380 391
380 379
380 383
380 376
380 386
380 381
380 370
380 375
380 380
380 366
380 375
380 385
380 380
380 368
380 380
380 379
380 374
380 385
380 378
380 381
380 365
380 368
380 391
380 365
380 376
380 390
380 384
380 380
380 370
380 370
380 374
380 385
380 386
380 391
380 370
380 390
380 370
380 383
380 368
380 365
380 370
380 391
380 366
380 379
380 379
380 390
380 377
380 372
380 377
380 368
380 390
380 367
380 378
380 370
380 365
380 367
380 376
380 367
380 388
380 378
380 386
380 381
380 388
380 365
380 381
380 388
380 388
380 380
380 366
380 392
380 387
381 392
381 380
381 376
381 368
381 370
381 380
381 392
381 391
381 366
381 385
381 371
381 381
381 366
381 367
381 388
381 376
381 365
381 391
381 378
381 370
381 386
381 385
381 373
381 378
381 375
381 365
381 374
381 376
381 374
381 376
381 367
381 380
381 368
381 386
381 372
381 383
381 390
381 376
381 371
381 376
381 371
381 392
381 378
381 368
381 375
381 386
381 373
381 368
381 365
381 372
381 366
381 387
381 392
381 385
381 369
381 366
381 381
381 370
381 366
381 371
381 374
381 387
381 372
381 381
381 384
381 383
381 366
381 367
381 365
381 377
381 386
381 375
381 383
381 365
381 372
381 392
381 378
381 370
381 375
381 390
381 385
381 374
381 376
381 365
381 373
381 386
381 379
382 375
382 388
382 388
382 381
382 376
382 375
382 388
382 380
382 372
382 386
382 370
383 386
383 367
383 376
383 376
383 366
383 368
383 390
383 372
383 377
383 382
383 388
383 375
383 380
383 365
383 390
383 381
383 379
383 367
383 370
383 377
383 375
383 385
383 368
383 383
383 375
383 376
383 383
383 384
383 380
383 391
383 383
383 379
383 385
383 385
383 393
383 370
383 375
383 375
383 376
383 367
383 371
383 375
383 365
383 371
383 383
383 379
383 381
383 377
383 379
383 392
383 393
383 368
383 369
383 388
383 366
383 366
383 385
383 366
383 378
383 380
383 375
383 385
383 371
383 393
383 378
383 381
383 370
383 383
383 388
383 376
383 370
383 384
383 371
383 371
383 366
383 378
383 380
383 388
383 367
383 385
383 384
383 366
383 365
383 375
383 386
383 375
383 392
383 367
383 378
383 374
384 392
384 365
384 390
384 383
384 379
384 379
384 379
384 371
384 379
384 382
384 371
384 376
384 384
384 366
384 367
384 391
384 379
384 378
384 391
384 374
384 381
384 380
384 379
384 365
384 379
384 379
384 376
384 381
384 377
384 387
384 377
384 373
384 390
384 368
384 387
384 367
384 392
384 368
384 380
384 370
384 383
385 379
385 390
385 374
385 392
385 368
385 365
385 373
385 370
385 371
385 380
385 381
385 376
385 380
385 375
385 384
385 391
385 376
385 391
385 370
385 365
385 370
385 388
385 385
385 367
385 377
385 370
385 365
385 371
385 378
385 379
385 373
385 379
385 383
385 371
385 391
385 388
385 365
385 392
385 376
385 381
385 365
385 386
385 370
385 391
385 367
385 370
385 392
385 380
385 377
385 375
385 366
385 388
385 380
385 371
385 385
385 365
385 388
385 371
385 377
385 380
385 377
385 380
385 367
385 379
385 376
385 377
385 384
385 380
385 367
385 380
386 377
386 376
386 383
386 378
386 371
386 366
386 385
386 384
386 368
386 383
386 391
386 368
386 374
386 373
386 376
386 390
386 383
386 367
386 383
386 391
386 373
386 381
386 383
386 381
386 367
386 381
386 367
386 388
386 386
386 371
386 379
386 383
386 368
386 376
386 388
386 373
386 392
386 380
386 367
386 377
386 383
386 368
386 378
386 391
386 365
386 374
386 365
386 379
386 371
386 373
386 379
386 372
386 375
386 365
386 381
386 383
386 365
386 368
386 373
386 373
386 365
386 391
386 367
386 381
386 386
386 390
386 392
386 383
386 366
386 376
386 393
386 378
386 375
386 387
386 376
386 381
386 381
386 383
386 388
386 372
386 378
386 385
386 370
386 368
386 388
386 383
386 366
386 368
386 383
386 376
387 375
387 367
387 379
387 367
387 373
387 380
387 365
387 388
387 391
387 376
387 368
387 387
387 371
387 370
387 386
387 383
387 384
387 376
387 371
387 372
387 379
387 375
387 392
387 368
387 376
387 392
387 381
387 392
387 380
387 383
387 376
387 383
387 366
387 371
387 375
387 373
387 368
387 370
387 378
387 373
387 379
387 384
387 388
387 370
387 377
388 375
388 391
388 384
388 392
388 376
388 366
388 381
388 371
388 388
388 368
388 383
388 367
388 375
388 377
388 365
388 381
388 370
388 384
388 384
388 367
388 381
388 365
388 381
388 365
388 384
388 378
388 367
388 386
388 387
388 383
388 383
388 370
388 388
388 381
388 367
388 390
388 378
388 392
388 386
388 384
388 375
388 385
388 380
388 388
388 383
388 391
388 365
388 365
388 375
388 376
388 378
388 376
388 373
388 380
388 381
388 368
388 368
388 390
388 365
388 366
388 381
388 386
388 379
388 365
388 385
388 368
388 376
388 367
388 391
388 379
388 371
388 385
388 375
388 386
388 377
388 377
388 368
388 366
388 368
388 376
388 376
388 375
388 372
388 370
388 367
388 375
388 383
388 371
388 391
388 367
388 370
388 390
388 379
388 366
388 379
388 387
388 380
389 367
389 379
389 377
389 383
389 390
389 365
389 377
389 368
389 383
390 375
390 370
390 384
390 388
390 388
390 379
390 368
390 383
390 377
390 388
390 375
390 378
390 370
390 375
390 368
390 379
390 368
390 372
390 379
390 390
390 368
390 392
390 376
390 370
390 367
390 374
390 373
390 390
390 383
390 378
390 365
390 387
390 367
390 391
390 386
390 380
390 378
390 391
390 366
390 373
390 377
390 387
390 374
390 387
390 377
390 365
390 380
390 383
390 367
390 380
390 379
390 391
390 368
390 383
390 376
390 381
390 373
390 391
390 375
390 387
390 373
390 371
390 370
390 391
390 383
390 367
390 386
390 370
390 388
390 393
390 380
390 383
390 377
390 386
390 380
390 383
390 377
390 365
390 384
390 380
390 371
390 385
390 383
390 365
391 373
391 379
391 375
391 392
391 390
391 375
391 369
391 367
391 370
391 370
391 365
391 383
391 377
391 391
391 365
391 368
391 386
391 380
391 387
391 366
391 376
391 365
391 383
391 373
391 388
391 391
391 371
391 376
391 380
391 377
391 367
391 385
391 378
391 371
391 389
391 388
391 371
391 368
391 376
391 379
391 390
391 385
391 384
391 365
391 368
391 365
391 383
391 386
391 381
391 386
391 366
391 367
391 365
391 367
391 370
391 365
391 367
391 375
391 388
391 385
391 367
391 365
391 389
391 367
391 382
391 384
391 372
391 368
391 368
391 367
391 367
391 365
391 365
391 370
391 376
391 375
391 381
391 377
391 370
391 372
391 372
391 377
391 373
391 365
391 376
391 379
391 390
391 367
391 386
391 367
391 381
391 377
391 386
391 379
391 377
391 388
391 390
391 388
391 387
391 370
391 385
391 372
392 365
392 390
392 378
392 377
392 367
392 387
392 373
392 375
392 377
392 387
392 367
392 376
392 377
392 380
392 373
392 367
392 389
392 375
392 381
392 367
392 381
392 392
392 380
392 376
392 370
392 390
392 368
392 386
392 372
392 370
392 381
392 383
392 380
392 375
392 381
392 375
392 382
392 389
392 380
392 373
392 372
392 367
392 386
392 387
392 365
392 383
392 380
392 381
392 392
392 373
392 371
392 365
392 381
392 367
392 373
392 383
392 379
392 387
392 367
392 380
392 365
392 384
392 366
392 371
392 379
392 365
392 376
393 373
393 367
393 385
393 392
393 375
393 378
393 386
393 386
393 373
393 378
393 370
393 380
394 395
394 396
394 394
394 395
394 394
394 396
394 394
394 395
394 396
394 395
395 394
395 396
395 396
395 394
395 395
395 396
395 395
395 394
395 395
395 394
395 396
395 394
396 395
396 394
396 395
396 394
396 394
396 395
396 394
396 396
396 396
396 394
399 399
399 401
399 401
399 401
399 403
399 397
400 397
400 402
401 402
401 401
401 401
401 397
401 401
401 401
401 401
401 401
401 401
401 401
401 397
401 397
402 400
402 399
402 399
402 400
402 401
404 407
404 419
404 411
404 426
405 419
405 416
405 426
405 414
405 422
406 411
406 408
406 406
406 410
406 408
406 415
406 411
406 410
406 428
406 406
406 413
406 411
406 407
406 419
406 419
406 411
406 426
407 416
407 413
407 411
407 411
407 405
407 408
407 422
407 411
407 415
408 408
408 410
408 423
408 422
408 405
408 410
408 411
408 408
408 409
408 414
408 413
408 406
408 413
408 411
408 408
408 411
408 422
408 405
408 408
408 411
408 426
408 407
408 422
408 408
408 408
408 408
408 405
408 417
408 419
408 404
408 408
408 428
408 406
408 409
408 419
408 406
408 414
408 422
408 410
408 408
408 416
408 408
408 410
408 414
408 428
408 421
408 404
408 415
408 411
408 423
409 406
409 422
409 408
409 418
409 422
410 404
410 419
410 411
410 413
410 408
410 405
410 417
410 410
410 407
410 408
410 416
410 408
410 426
410 414
410 408
410 428
410 408
410 404
410 423
410 413
411 419
411 408
411 408
411 423
411 422
411 426
411 410
411 408
411 423
411 423
411 426
411 422
411 408
411 408
412 415
412 416
413 422
413 428
413 408
413 409
413 423
413 424
413 407
414 422
414 427
414 411
414 422
414 404
414 412
414 423
414 422
414 426
415 408
415 410
415 423
415 422
415 406
415 411
415 406
415 409
416 406
416 426
416 409
416 408
417 408
417 409
417 411
417 407
417 428
417 407
418 426
419 427
419 427
419 411
419 408
419 417
419 414
419 426
421 424
421 408
421 413
422 409
422 410
422 419
422 426
422 423
422 409
422 406
422 408
422 426
422 408
422 406
422 405
422 404
422 424
422 413
422 408
422 424
422 410
422 414
422 410
422 408
423 426
423 428
423 411
423 423
423 422
423 416
423 421
423 419
423 427
423 423
423 410
423 408
424 405
424 411
424 422
424 428
424 423
426 406
426 418
426 426
426 408
426 408
426 409
426 413
426 408
426 408
426 408
426 408
426 408
426 422
426 411
426 408
426 410
426 422
427 410
427 423
427 424
427 415
427 417
428 428
428 419
428 419
428 419
428 419
428 426
428 421
428 408
428 408
428 415
428 414
428 426
428 414
428 410
428 411
428 408
429 444
429 458
429 470
429 470
429 480
429 480
429 449
429 444
429 480
429 489
429 480
429 441
429 480
429 450
429 468
429 429
429 480
429 487
429 480
429 480
429 442
429 491
429 480
429 488
429 454
429 489
429 480
429 449
429 480
430 462
430 480
430 476
430 485
430 440
430 480
430 449
430 480
430 480
430 491
430 480
430 489
430 463
430 446
430 467
430 480
431 480
431 476
431 469
431 468
431 496
431 454
431 491
433 480
433 491
433 475
433 460
435 480
435 480
435 450
436 477
436 460
437 482
437 441
438 462
438 447
438 480
438 466
439 454
439 449
439 454
439 480
439 477
439 484
439 486
439 480
439 480
439 442
439 484
439 442
439 482
439 480
439 466
439 439
439 476
439 490
440 445
440 478
440 492
440 491
440 480
440 439
440 462
440 480
440 465
440 451
441 480
441 451
441 465
441 480
441 445
441 480
441 480
441 439
441 480
441 479
442 476
442 480
442 480
442 480
442 482
442 480
442 477
442 450
442 475
442 467
442 476
442 442
442 496
442 430
442 480
442 492
442 440
442 470
442 468
442 433
442 455
444 491
444 482
444 475
444 480
444 469
444 462
445 480
445 493
445 439
445 429
445 462
445 457
446 480
446 478
446 469
446 488
446 455
446 465
447 491
447 439
447 489
448 429
448 439
449 493
449 429
449 480
449 480
449 462
449 464
449 480
449 480
449 480
449 476
450 446
450 480
450 480
450 479
451 480
452 454
454 488
454 480
454 468
454 477
454 463
454 484
454 480
454 480
454 463
454 467
454 480
454 480
454 488
455 445
455 480
455 480
456 447
456 429
456 445
456 465
457 479
457 445
459 460
459 480
459 480
460 462
460 496
460 480
460 463
460 430
460 482
460 491
461 462
461 480
462 462
462 491
462 480
462 480
462 480
462 496
462 480
462 476
462 480
462 480
463 466
463 477
463 473
463 480
463 469
463 481
463 480
463 480
463 480
463 480
463 477
464 496
464 445
464 480
464 492
464 461
464 491
464 480
464 480
464 480
464 429
465 480
465 487
465 463
465 470
465 455
465 480
465 438
465 439
465 491
465 464
465 480
465 480
466 431
466 475
466 480
466 494
466 439
466 480
466 454
466 480
467 491
467 480
468 492
468 468
468 429
468 480
468 480
468 480
469 480
469 496
469 480
469 480
469 429
469 445
469 453
469 480
469 482
469 469
469 480
470 446
470 449
470 489
470 480
470 450
471 477
471 480
472 441
472 440
472 469
472 480
474 495
475 465
475 430
475 480
475 491
475 491
475 470
476 488
476 480
476 480
476 491
476 480
476 438
476 483
476 480
476 480
476 464
476 429
476 480
476 480
476 440
477 480
477 439
477 480
477 480
477 480
477 433
477 455
477 487
477 454
478 480
478 454
478 494
478 480
478 454
478 473
478 439
478 484
478 470
479 439
479 463
479 455
479 469
479 462
479 489
480 480
480 454
480 463
480 463
480 459
480 480
480 466
480 429
480 442
480 480
480 480
480 480
480 480
480 476
480 476
480 480
480 439
480 430
480 466
480 449
480 480
480 448
480 435
480 482
480 480
480 455
480 480
480 480
480 480
480 430
480 488
480 480
480 463
480 480
480 496
480 482
480 479
480 429
480 445
480 433
480 494
480 478
480 429
480 480
480 480
480 459
480 450
480 470
480 494
480 496
480 491
480 470
480 495
480 486
480 494
480 480
480 441
480 430
480 445
480 467
480 431
480 482
480 442
480 454
480 431
480 454
480 482
480 480
480 491
480 478
480 451
480 480
480 429
480 469
480 480
480 429
480 451
480 480
480 469
480 463
480 492
480 454
480 485
480 429
480 454
480 476
480 470
480 480
480 429
480 479
480 480
480 454
480 439
480 480
480 464
480 480
480 480
480 493
480 488
480 480
480 476
480 491
480 466
480 480
480 480
480 480
480 464
480 480
480 480
480 496
480 472
480 480
480 456
480 456
480 480
480 488
480 480
480 458
480 477
480 469
480 459
480 465
480 492
480 480
480 476
480 431
480 463
480 474
480 480
480 490
480 443
480 487
480 480
480 475
480 429
480 454
480 492
480 454
480 496
480 480
480 486
480 466
480 480
480 482
480 429
480 470
480 480
480 454
480 480
480 480
480 482
480 429
480 469
480 488
480 480
480 479
480 476
480 480
480 480
480 448
480 478
480 472
480 433
480 451
480 480
480 480
480 480
480 429
480 489
480 480
480 490
480 454
480 433
480 476
480 475
480 480
480 439
480 429
480 485
480 480
480 480
480 431
480 480
480 496
480 468
480 460
480 439
480 480
480 480
480 444
480 480
480 430
480 493
480 477
480 464
480 482
480 466
480 442
480 445
480 490
480 488
480 463
480 480
480 480
480 452
480 463
480 480
480 430
480 482
482 480
482 484
482 469
482 439
482 469
482 476
482 439
482 431
482 480
482 487
482 439
482 488
482 492
482 462
482 454
482 473
482 480
482 480
482 480
482 479
482 476
482 480
482 456
483 439
483 471
484 430
484 487
484 480
485 480
485 431
485 464
485 429
485 430
487 454
487 480
487 454
487 480
487 456
487 455
487 488
487 480
488 480
488 439
488 447
488 431
488 496
488 480
488 482
488 429
488 494
488 482
488 480
488 437
489 467
489 492
489 480
489 479
489 462
489 441
489 484
489 467
489 480
489 488
489 492
489 490
489 480
489 450
489 438
489 480
489 480
490 439
490 489
490 480
490 489
490 466
491 464
491 480
491 480
491 480
491 480
491 460
491 464
491 476
491 491
491 454
491 480
491 482
491 464
491 483
491 475
491 480
491 476
491 480
491 439
491 480
491 436
491 476
491 480
491 480
491 454
492 480
492 480
492 429
492 429
492 431
492 496
492 480
492 496
492 449
492 464
492 431
492 475
492 480
492 496
493 442
493 435
494 442
494 439
494 475
494 450
494 430
494 468
496 480
496 445
496 467
496 472
496 480
496 439
496 492
496 480
496 480
496 455
496 480
496 463
496 480