0 36
0 41
1 45
1 50
1 57
1 58
1 65
2 7
2 35
2 38
2 52
3 25
3 48
3 49
3 55
3 66
4 8
4 45
4 68
5 31
5 42
5 44
5 45
6 10
6 26
6 40
7 12
7 36
7 39
7 46
7 48
7 58
7 60
8 27
8 29
8 68
9 11
9 27
9 38
10 19
10 22
10 29
10 30
11 29
11 31
11 47
11 48
11 61
12 24
13 18
13 42
13 58
14 17
14 19
14 20
14 42
14 46
14 56
15 18
15 20
15 43
15 45
15 69
16 26
16 28
17 23
17 54
17 55
17 63
17 69
18 21
18 24
18 28
18 49
18 69
19 22
19 49
19 51
20 23
20 33
20 50
20 54
20 69
21 32
21 34
21 38
21 41
21 48
22 25
22 29
22 37
23 68
24 38
24 63
25 58
25 69
27 48
27 56
27 58
27 65
29 33
29 35
29 55
30 48
31 41
31 48
31 58
31 66
32 52
32 60
33 37
34 44
34 63
35 63
36 49
37 45
37 61
38 41
39 63
40 42
40 44
40 58
41 47
42 67
42 68
43 58
44 55
44 60
46 60
47 51
47 59
47 69
50 64
52 68
54 67
55 65
55 69
56 59
59 69
64 69
67 69
70 76
70 85
70 102
71 83
71 88
71 106
72 78
72 88
72 92
73 85
73 94
73 105
73 110
74 102
74 109
75 76
75 107
76 102
76 107
77 83
77 88
77 90
77 98
77 99
77 103
78 79
78 80
78 109
79 81
79 89
79 92
79 103
80 82
80 86
80 96
80 100
80 101
80 102
80 106
81 82
81 83
81 99
81 101
82 93
83 98
83 106
84 85
84 104
85 98
85 110
86 99
86 102
87 96
87 106
87 109
88 99
88 102
89 109
90 92
90 96
91 104
92 101
93 107
94 95
94 100
94 101
95 110
96 101
96 105
98 106
99 109
100 102
100 104
100 107
102 106
103 106
111 130
111 131
111 133
111 135
111 141
111 152
111 165
111 176
111 181
111 196
111 208
111 227
111 241
112 121
112 127
112 145
112 146
112 153
112 163
112 165
112 169
112 176
112 185
112 186
112 187
112 192
112 213
112 221
112 246
112 256
112 653
113 138
113 140
113 146
113 163
113 169
113 174
113 181
113 183
113 185
113 189
113 215
113 223
113 230
113 231
113 258
114 117
114 120
114 123
114 135
114 141
114 146
114 161
114 166
114 173
114 197
114 213
114 235
114 247
114 250
114 254
115 119
115 128
115 133
115 149
115 154
115 158
115 164
115 169
115 185
115 193
115 201
115 213
115 227
115 233
115 238
115 251
116 136
116 144
116 152
116 188
116 194
116 203
116 216
116 219
116 236
116 239
116 248
116 253
117 119
117 130
117 135
117 144
117 146
117 148
117 149
117 157
117 164
117 170
117 199
117 203
117 206
117 207
117 216
117 218
117 224
117 229
117 233
117 243
118 121
118 173
118 177
118 178
118 193
118 202
118 204
118 206
118 208
118 229
118 239
118 253
119 128
119 139
119 146
119 147
119 184
119 187
119 189
119 196
119 198
119 213
119 217
119 231
119 232
119 238
119 250
119 255
120 122
120 136
120 145
120 151
120 161
120 167
120 171
120 178
120 188
120 192
120 194
120 195
120 200
120 204
120 218
120 228
120 230
120 237
120 238
120 245
120 247
121 122
121 133
121 137
121 141
121 174
121 181
121 185
121 209
121 216
121 217
121 223
121 226
121 238
121 239
121 246
122 123
122 133
122 137
122 143
122 172
122 181
122 184
122 185
122 213
122 235
122 239
122 243
122 244
122 257
123 130
123 175
123 178
123 202
123 203
123 204
123 212
123 237
123 239
123 243
123 256
124 136
124 144
124 146
124 158
124 170
124 186
124 189
124 193
124 217
124 218
124 219
124 220
124 223
124 230
124 234
124 235
124 241
124 249
124 256
124 257
124 260
125 156
125 183
125 187
125 194
125 213
125 214
125 217
125 218
125 221
125 222
125 223
125 226
125 232
125 239
125 244
125 245
125 255
126 132
126 135
126 147
126 168
126 170
126 171
126 178
126 182
126 212
126 222
126 235
126 236
127 150
127 156
127 164
127 178
127 190
127 192
127 221
127 229
127 240
127 246
127 253
127 254
128 133
128 134
128 135
128 173
128 183
128 191
128 210
128 220
128 224
128 237
128 245
128 248
128 252
128 259
129 155
129 167
129 171
129 180
129 182
129 195
129 196
129 218
129 220
129 225
129 235
129 236
130 131
130 135
130 139
130 142
130 152
130 173
130 181
130 187
130 191
130 198
130 201
130 217
130 221
130 222
130 230
130 239
130 241
130 248
131 154
131 156
131 159
131 169
131 181
131 182
131 185
131 187
131 209
131 223
131 224
131 226
131 243
132 142
132 156
132 163
132 165
132 167
132 169
132 172
132 182
132 202
132 205
132 213
132 259
133 137
133 141
133 144
133 152
133 156
133 169
133 176
133 177
133 180
133 183
133 192
133 195
133 196
133 199
133 216
133 219
133 222
133 223
133 226
133 242
134 135
134 172
134 176
134 178
134 180
134 184
134 190
134 193
134 206
134 225
134 231
135 138
135 140
135 188
135 203
135 214
135 222
135 245
135 246
135 248
135 260
136 138
136 148
136 152
136 186
136 189
136 190
136 201
136 202
136 213
136 227
136 234
136 244
137 174
137 190
137 211
137 220
137 223
137 226
137 231
137 241
137 243
137 247
137 252
137 253
137 258
138 152
138 159
138 161
138 164
138 171
138 192
138 205
138 208
138 211
138 221
138 232
138 241
139 140
139 142
139 151
139 166
139 169
139 174
139 202
139 204
139 207
139 220
139 232
139 253
139 260
140 150
140 152
140 153
140 154
140 157
140 158
140 160
140 164
140 173
140 178
140 188
140 203
140 211
140 215
140 231
140 245
141 145
141 149
141 164
141 183
141 190
141 193
141 206
141 207
141 210
141 220
141 230
141 244
141 251
141 255
141 256
142 143
142 145
142 152
142 168
142 183
142 189
142 193
142 197
142 205
142 219
142 226
142 231
142 233
142 234
142 240
142 247
143 147
143 171
143 200
143 211
143 213
143 217
143 228
143 233
143 242
143 248
143 249
144 152
144 160
144 167
144 180
144 182
144 186
144 191
144 206
144 214
144 221
144 239
144 247
145 146
145 148
145 159
145 185
145 186
145 200
145 209
145 219
145 234
145 251
145 257
146 147
146 149
146 158
146 159
146 163
146 165
146 176
146 181
146 184
146 196
146 197
146 200
146 204
146 207
146 210
146 217
146 222
146 226
146 232
146 238
146 245
146 247
146 256
147 159
147 161
147 163
147 165
147 172
147 193
147 200
147 221
147 238
147 249
148 151
148 160
148 168
148 183
148 188
148 189
148 210
148 211
148 226
148 233
148 242
148 253
149 155
149 177
149 185
149 209
149 212
149 216
149 222
149 226
149 233
149 236
149 254
150 155
150 166
150 176
150 189
150 191
150 205
150 208
150 215
150 218
150 224
150 228
150 229
150 234
150 242
150 258
151 169
151 175
151 196
151 214
151 220
151 225
151 236
151 254
151 256
151 259
152 164
152 165
152 181
152 194
152 200
152 237
152 247
152 252
152 256
153 163
153 186
153 194
153 196
153 199
153 207
153 222
153 249
153 252
153 255
154 157
154 165
154 168
154 170
154 189
154 195
154 208
154 209
154 211
154 217
154 239
154 241
154 245
154 248
155 165
155 177
155 193
155 200
155 207
155 222
155 233
155 242
155 248
155 256
156 175
156 189
156 199
156 203
156 207
156 212
156 218
156 244
156 251
156 256
156 257
156 260
157 162
157 170
157 172
157 211
157 221
157 230
157 235
157 252
158 160
158 175
158 188
158 195
158 196
158 210
158 215
158 216
158 227
158 230
158 236
158 245
158 251
159 168
159 195
159 196
159 202
159 207
159 209
159 222
159 235
159 240
159 242
159 254
160 162
160 165
160 169
160 171
160 174
160 181
160 185
160 187
160 191
160 192
160 207
160 208
160 218
160 235
161 168
161 177
161 191
161 201
161 203
161 231
161 242
161 250
161 258
162 164
162 173
162 177
162 191
162 200
162 201
162 229
162 234
162 252
163 168
163 182
163 183
163 194
163 215
163 216
163 229
163 230
163 247
163 255
163 260
164 166
164 167
164 170
164 190
164 196
164 206
164 211
164 212
164 213
164 215
164 238
164 244
164 245
164 251
164 257
164 258
165 168
165 179
165 197
165 200
165 210
165 214
165 225
165 243
165 244
165 258
166 170
166 174
166 183
166 185
166 199
166 201
166 205
166 218
166 221
166 226
166 235
166 237
166 244
166 251
166 260
167 169
167 193
167 194
167 203
167 219
167 238
167 239
168 169
168 173
168 177
168 186
168 189
168 193
168 216
168 217
168 220
168 228
168 231
168 236
168 240
168 244
168 247
168 249
168 254
168 255
169 176
169 178
169 180
169 183
169 190
169 211
169 217
169 220
169 227
169 231
169 238
169 244
169 249
170 192
170 201
170 226
170 228
170 237
170 248
170 255
171 177
171 183
171 187
171 191
171 212
171 223
171 234
171 235
171 245
171 249
171 252
172 177
172 216
172 225
172 227
172 257
173 181
173 182
173 184
173 187
173 197
173 208
173 225
173 230
173 244
173 252
173 259
174 175
174 178
174 185
174 188
174 207
174 209
174 211
174 212
174 216
174 221
174 237
174 248
174 256
175 179
175 192
175 209
175 217
175 219
175 222
175 223
175 225
175 227
175 245
176 184
176 193
176 209
176 227
176 231
176 257
176 258
177 179
177 186
177 192
177 205
177 238
177 243
177 254
178 189
178 190
178 219
178 240
178 258
179 186
179 198
179 203
179 210
179 227
179 233
179 235
179 237
179 249
179 250
179 258
180 183
180 189
180 201
181 190
181 207
181 208
181 209
181 219
181 226
181 231
181 233
181 240
181 249
182 188
182 196
182 224
182 239
182 258
183 186
183 200
183 214
183 220
183 227
183 253
183 256
184 185
184 194
184 202
184 207
184 212
184 213
184 220
184 225
184 226
184 230
184 239
184 244
184 255
184 257
185 193
185 195
185 200
185 201
185 217
185 222
185 224
185 231
185 241
185 242
185 243
185 250
186 194
186 199
186 201
186 218
186 219
186 220
186 223
186 225
186 233
186 240
186 241
186 246
187 222
187 223
187 224
187 225
187 229
187 237
187 242
187 247
187 253
187 257
188 192
188 216
188 226
188 241
188 248
188 253
189 190
189 196
189 198
189 206
189 224
189 233
189 237
189 242
189 254
190 241
190 243
190 244
190 249
190 250
190 257
190 259
191 203
191 218
191 223
191 225
191 234
191 236
192 201
192 208
192 219
192 227
192 231
192 236
192 238
192 254
192 260
193 204
193 208
193 216
193 217
193 219
193 234
193 235
193 246
193 253
194 219
194 220
194 232
194 255
194 257
195 202
195 220
195 222
195 231
195 233
195 242
195 243
195 247
196 202
196 209
196 210
196 229
196 251
196 257
196 259
197 217
197 227
197 228
197 237
197 251
197 256
198 205
198 211
198 231
198 239
198 246
198 249
199 219
199 233
199 237
199 239
199 240
199 241
199 247
200 204
200 211
200 214
200 215
200 220
200 221
200 236
200 246
201 203
201 215
201 229
201 234
201 235
201 243
201 251
202 205
202 208
202 228
202 232
202 245
202 247
202 252
202 255
202 256
202 258
203 210
203 225
203 228
203 229
203 240
203 244
203 250
203 258
204 212
204 238
204 241
204 245
205 211
205 217
205 230
205 240
205 242
205 246
205 247
205 249
205 254
206 208
206 245
207 233
207 234
207 251
208 228
209 226
209 230
209 233
209 240
209 246
209 248
209 250
210 221
210 247
211 213
211 237
211 240
211 245
211 258
211 259
212 215
212 226
212 233
212 241
212 245
212 248
212 250
212 253
212 254
213 225
213 230
213 234
213 238
213 243
213 244
213 254
213 258
213 259
214 216
214 248
214 253
215 219
215 223
215 228
215 230
215 243
216 219
216 227
216 241
216 243
217 227
217 229
217 233
217 235
217 236
217 237
217 239
217 243
217 253
218 236
218 252
218 660
219 221
219 223
219 228
219 232
219 234
219 238
219 249
220 225
220 247
220 259
220 260
221 237
221 238
221 242
221 255
222 223
222 224
222 226
222 235
222 236
222 237
222 240
222 247
222 251
222 255
222 256
223 231
223 238
223 256
223 260
224 230
224 232
224 236
224 241
224 245
224 251
224 257
225 237
225 258
226 235
226 239
227 236
228 230
228 238
228 249
228 256
228 259
229 232
229 239
229 243
229 257
230 236
230 244
230 251
231 233
231 236
231 243
231 256
232 240
232 249
232 250
232 252
232 255
233 244
233 246
233 254
235 238
235 246
235 249
235 252
235 255
236 238
236 253
236 259
237 260
238 241
238 243
238 245
238 248
238 258
238 260
239 242
241 249
241 257
241 258
241 259
242 247
242 248
242 259
243 245
243 246
243 254
244 255
245 249
245 254
245 257
245 260
246 254
246 255
246 258
248 257
248 258
249 254
249 256
249 257
251 254
251 255
253 258
255 259
256 257
259 260
261 264
261 273
261 275
261 278
261 309
261 318
261 336
261 343
261 376
261 389
261 396
262 267
262 271
262 287
262 296
262 314
262 324
262 330
262 334
262 347
262 349
262 393
263 282
263 295
263 306
263 309
263 327
263 333
263 336
263 337
263 354
263 371
264 322
264 362
264 372
264 404
266 285
266 306
266 318
266 319
266 328
266 355
266 375
266 379
266 389
266 402
267 284
267 287
267 331
267 335
267 369
267 373
267 390
267 402
268 283
268 313
268 338
268 406
268 414
269 283
269 285
269 302
269 384
269 396
269 407
270 272
270 287
270 296
270 306
270 325
270 360
270 365
270 381
270 407
270 414
271 297
271 298
271 304
271 324
271 336
271 385
271 388
271 404
272 282
272 312
272 332
272 340
272 391
272 392
272 398
273 314
273 329
273 333
273 347
273 356
273 414
274 294
274 297
274 298
274 307
274 318
274 332
274 335
274 344
274 362
274 368
274 379
274 393
275 276
275 292
275 308
275 324
275 331
275 347
275 353
275 361
275 393
275 400
275 406
276 301
276 331
276 341
276 368
276 410
277 283
277 285
277 288
277 291
277 294
277 305
277 356
278 322
278 376
278 391
279 288
279 314
279 316
279 334
280 283
280 285
280 326
280 332
280 336
280 377
281 288
281 312
281 342
281 344
281 382
282 322
282 335
282 344
282 396
282 401
283 288
283 300
283 301
283 307
283 326
283 346
283 356
283 357
283 361
283 372
283 380
284 292
284 331
284 347
284 352
284 382
284 406
285 337
285 368
285 369
285 371
286 310
286 316
286 339
286 350
286 360
286 361
286 377
286 395
286 396
286 402
286 415
287 303
287 329
287 341
287 360
287 363
288 304
288 354
288 399
289 290
289 313
289 345
289 368
289 415
290 316
290 317
290 319
290 362
290 380
290 389
291 292
291 331
291 334
291 343
291 393
291 413
292 296
292 342
292 343
292 372
292 373
292 382
292 390
293 321
293 329
293 340
293 345
294 305
294 339
294 347
294 350
294 364
294 396
295 333
295 337
295 339
295 351
295 399
295 405
295 409
296 332
296 357
296 359
296 375
296 380
296 384
296 394
296 407
296 413
297 324
297 387
297 409
297 415
298 305
298 314
298 326
298 346
298 355
298 362
298 413
299 322
299 399
299 402
299 406
300 306
300 320
300 366
300 400
300 405
301 302
301 325
301 344
301 360
301 412
302 305
302 359
302 396
303 319
303 346
303 362
303 388
303 399
303 400
304 322
304 325
304 342
304 346
304 379
304 393
305 330
305 347
305 399
306 308
306 323
306 347
306 365
306 386
306 411
307 399
308 317
308 333
308 346
308 352
308 362
308 374
308 389
308 392
309 325
309 334
309 347
309 352
309 390
309 401
309 532
310 317
310 348
310 354
310 355
310 377
310 405
310 412
311 312
311 324
311 326
311 339
311 380
312 316
312 323
312 327
312 358
312 367
312 391
312 413
313 325
313 338
313 367
314 328
314 335
314 357
315 334
315 341
315 349
315 382
315 412
316 327
316 337
316 344
316 374
316 383
317 340
317 357
317 365
317 366
317 373
317 378
318 360
318 392
319 320
319 330
319 356
319 392
320 338
320 339
320 359
320 389
321 339
321 358
321 376
321 391
321 412
322 345
322 355
322 377
322 403
323 358
323 366
324 368
324 397
325 341
325 371
325 374
325 401
325 405
325 414
326 340
326 344
326 355
326 401
326 405
327 330
327 340
327 343
327 346
327 369
327 373
327 374
327 389
328 337
328 357
328 370
328 401
329 384
329 387
329 392
329 399
329 404
330 389
330 399
330 400
330 401
332 360
332 378
332 380
332 385
332 415
333 346
333 350
333 351
333 366
333 394
333 404
334 355
334 374
334 389
334 411
335 361
335 380
335 381
335 385
335 390
335 406
335 414
336 339
336 371
336 406
337 383
338 343
338 355
338 369
338 397
338 398
339 358
339 410
340 341
340 348
340 364
340 369
340 370
340 408
341 347
341 369
341 376
342 344
342 360
342 362
342 383
342 392
342 399
342 414
342 415
343 357
343 383
343 398
343 403
344 360
344 381
344 389
344 397
345 355
345 359
345 366
345 379
345 390
345 400
345 408
346 371
347 354
347 375
347 386
347 412
348 368
348 380
348 383
348 385
349 389
350 360
350 378
351 379
353 381
354 401
354 411
355 387
355 398
355 400
355 406
356 394
356 397
356 408
357 376
357 383
358 362
358 386
358 389
358 400
359 382
359 384
360 371
360 391
360 394
360 413
361 400
362 379
362 392
362 400
362 407
362 408
363 374
363 375
363 380
363 411
364 391
364 397
365 377
365 410
365 411
366 395
367 369
367 371
367 379
367 394
368 389
369 382
369 383
369 394
370 401
370 403
371 376
371 402
371 412
371 415
373 377
373 382
373 383
373 414
373 415
374 388
375 376
375 393
376 377
376 386
379 386
379 392
381 411
383 393
384 391
384 395
384 406
385 412
385 414
386 387
387 408
388 404
388 405
389 398
389 404
389 415
390 398
391 397
391 411
393 403
395 414
396 413
396 431
398 409
400 410
401 403
407 415
409 413
512 534
512 595
512 603
512 625
512 670
512 499
513 526
513 582
513 584
513 588
513 593
513 607
513 634
513 477
513 486
513 509
514 529
514 556
514 587
514 603
514 604
514 614
514 474
514 489
515 583
515 644
515 429
515 506
516 565
516 579
516 652
516 665
516 680
516 505
516 507
517 528
517 613
517 614
517 617
517 650
517 418
517 465
518 527
518 552
518 556
518 576
518 616
518 429
519 540
519 569
519 626
519 642
519 663
519 427
519 448
519 500
519 508
520 562
520 583
520 589
520 615
520 683
520 418
521 530
521 579
521 592
521 601
521 631
521 471
521 473
521 480
521 493
522 524
522 534
522 552
522 594
522 681
522 684
522 431
522 436
522 438
522 454
522 499
523 547
523 583
523 682
523 437
523 451
523 460
523 490
523 510
524 533
524 546
524 557
524 618
524 637
524 445
524 505
524 509
525 614
525 620
525 648
525 668
525 677
525 417
525 465
525 481
525 499
526 533
526 534
526 563
526 583
526 589
526 607
526 608
526 658
526 438
526 441
526 460
526 461
527 561
527 581
527 595
527 604
527 641
527 431
527 446
527 454
528 546
528 571
528 589
528 648
528 669
528 671
528 674
528 443
528 452
528 496
529 550
529 571
529 574
529 595
529 638
529 653
529 664
529 672
529 436
529 444
529 455
529 492
530 561
530 578
530 666
530 419
530 444
530 511
531 570
531 612
531 632
531 657
531 675
531 429
531 442
531 463
531 464
531 487
532 562
532 569
532 577
532 645
532 683
532 439
532 461
532 466
532 502
532 508
533 563
533 567
533 570
533 681
533 418
533 424
533 434
533 448
533 461
533 474
533 478
534 549
534 554
534 574
534 592
534 611
534 637
534 677
534 678
534 681
534 444
534 482
535 551
535 564
535 571
535 585
535 606
535 661
535 678
535 455
535 474
535 475
536 563
536 585
536 656
536 424
536 463
536 484
536 505
536 506
537 626
537 635
537 644
537 663
537 421
537 458
537 469
537 503
538 542
538 559
538 590
538 595
538 629
538 459
538 475
538 485
538 486
538 494
538 510
539 544
539 626
539 643
539 646
539 671
539 438
539 451
539 465
540 541
540 542
540 559
540 563
540 573
540 596
540 633
540 635
540 419
540 430
540 503
541 638
541 650
541 431
541 455
541 458
541 498
541 499
542 611
542 646
542 647
542 681
542 447
542 472
542 478
542 506
543 548
543 587
543 634
543 640
543 651
543 423
543 425
543 440
543 446
543 458
543 487
543 501
544 586
544 612
544 650
544 660
544 665
544 675
544 440
544 466
544 472
544 490
544 495
544 505
545 551
545 567
545 475
545 503
545 510
545 511
546 563
546 572
546 580
546 585
546 605
546 656
547 555
547 562
547 568
547 599
547 650
547 673
547 441
547 447
547 457
547 463
547 491
547 493
547 496
548 569
548 574
548 621
548 657
548 658
548 672
548 674
548 436
548 449
548 482
549 569
549 605
549 616
549 419
549 430
549 451
549 468
550 616
550 640
550 646
550 436
550 452
550 455
550 466
550 474
550 507
551 574
551 597
551 639
551 647
551 658
551 660
551 430
551 432
551 496
552 562
552 582
552 611
552 633
552 429
552 438
552 450
552 507
553 577
553 594
553 611
553 612
553 618
553 619
553 676
553 465
554 570
554 581
554 608
554 641
554 680
554 436
554 456
554 459
554 505
555 578
555 595
555 599
555 635
555 648
555 650
555 656
555 431
555 477
555 479
555 486
555 490
555 508
556 561
556 598
556 599
556 662
556 670
556 684
556 460
556 477
557 559
557 607
557 421
557 448
557 472
557 483
558 580
558 582
558 584
558 594
558 632
558 650
558 676
558 464
558 467
558 468
558 475
558 511
559 642
559 683
559 464
560 668
560 424
560 431
560 434
560 459
560 486
561 570
561 597
561 619
561 630
561 644
561 424
561 432
561 433
561 443
561 451
561 486
561 503
562 573
562 588
562 600
562 628
562 654
562 459
562 507
563 572
563 587
563 602
563 605
563 621
563 629
563 645
563 430
563 431
563 434
563 461
563 465
563 501
563 505
564 639
564 446
564 450
564 471
564 474
564 485
564 507
565 568
565 580
565 596
565 623
565 643
565 651
565 416
565 433
565 442
565 496
566 591
566 596
566 598
566 599
566 620
566 457
566 469
567 597
567 468
567 474
567 497
568 571
568 584
568 636
568 637
568 468
568 469
568 474
568 498
569 574
569 614
569 620
569 684
569 434
569 455
570 583
570 622
570 629
570 644
570 664
570 681
570 452
570 500
571 631
571 432
571 447
571 490
572 630
572 649
572 419
572 428
572 441
573 575
573 628
573 477
573 481
573 506
574 584
574 586
574 605
574 661
574 662
574 493
575 598
575 612
575 653
575 676
575 444
575 456
575 482
575 509
576 613
576 425
576 458
576 464
576 486
577 578
577 621
577 646
577 662
577 426
577 502
578 617
578 620
578 680
578 503
579 587
579 597
579 619
579 645
579 646
579 670
579 425
579 453
580 594
580 604
580 633
580 650
580 657
580 431
580 487
580 491
580 497
581 582
581 620
581 624
581 671
581 419
581 426
581 439
581 491
582 639
582 645
582 674
582 683
582 423
582 447
582 449
582 457
583 596
583 600
583 609
583 615
583 633
583 658
583 431
583 448
583 460
584 618
584 635
584 663
584 665
584 666
584 674
584 503
585 673
585 681
585 425
585 458
585 480
586 589
586 666
586 669
586 416
586 425
586 429
586 473
586 477
586 508
587 595
587 653
587 668
587 670
587 680
587 681
587 441
587 473
587 482
588 469
588 473
589 601
589 605
590 608
590 609
590 645
590 657
590 664
590 423
590 489
590 490
591 607
591 620
591 663
591 677
591 472
591 480
591 503
592 619
592 625
592 626
592 659
592 679
592 433
592 478
592 506
593 683
593 461
593 481
594 613
594 657
594 418
594 453
594 507
595 606
595 620
595 677
595 678
595 416
595 417
595 424
595 462
596 599
596 606
596 659
596 673
596 425
596 428
596 473
597 610
597 615
597 620
597 659
597 660
597 418
597 423
597 435
597 495
597 510
598 662
598 678
598 488
598 504
599 619
599 663
599 672
599 673
599 435
599 459
599 460
600 601
600 608
600 627
600 645
600 650
600 681
600 416
600 418
600 455
600 474
600 484
601 634
601 644
601 646
601 676
601 678
601 441
601 504
602 659
602 416
602 432
602 452
602 485
603 460
603 479
603 483
603 505
604 608
604 627
604 633
604 475
604 489
604 498
605 610
605 456
605 468
605 506
606 608
606 613
606 659
606 420
606 458
606 507
607 609
607 632
607 639
607 642
607 665
607 675
607 427
607 466
607 480
607 485
608 629
608 428
608 435
608 470
608 493
608 510
609 632
609 663
609 428
609 436
609 456
609 458
609 461
610 638
610 657
610 417
610 485
611 613
611 643
611 429
611 461
611 492
611 508
612 669
612 417
612 490
612 491
613 631
613 416
613 422
613 455
613 477
614 633
614 650
614 672
614 447
614 451
614 492
614 499
614 511
615 650
615 653
615 417
615 433
615 447
616 635
616 648
616 420
616 422
616 463
616 502
617 653
617 654
617 672
617 416
617 447
617 448
617 466
617 469
617 496
618 633
618 650
618 659
619 644
619 431
619 448
619 462
620 652
620 657
620 448
620 492
621 651
621 435
621 450
621 488
622 635
622 419
622 468
622 490
622 495
622 499
622 500
623 626
623 629
623 639
623 675
623 417
623 462
623 482
624 625
624 488
624 489
624 492
625 645
625 667
625 670
626 426
626 442
626 484
627 630
627 646
627 655
627 452
627 483
627 497
628 661
628 419
628 437
628 493
629 647
629 672
629 435
629 510
630 652
630 431
630 498
631 417
631 444
631 450
631 511
632 667
632 683
632 424
632 459
632 482
632 504
632 508
633 651
633 680
633 438
633 461
633 462
633 502
633 507
635 652
635 679
635 433
635 436
636 676
636 684
636 435
636 446
636 462
636 472
637 669
637 416
637 455
637 485
637 491
637 495
638 661
638 418
638 485
638 495
639 661
639 672
639 673
639 682
639 417
639 422
639 451
639 477
639 494
639 496
639 499
639 505
640 645
640 655
640 684
640 428
640 470
640 487
640 488
641 644
641 661
641 666
641 440
641 446
641 489
641 495
641 505
641 506
642 670
642 439
642 453
643 677
643 682
643 465
643 482
643 497
643 498
644 647
644 669
644 417
644 451
645 662
645 671
645 433
645 471
645 499
646 417
646 450
646 453
646 464
646 466
647 661
647 417
647 443
648 418
648 460
648 461
648 465
648 479
648 503
649 678
649 421
650 661
650 663
650 672
650 675
650 680
650 428
650 446
650 511
651 664
651 449
651 467
652 469
652 484
653 664
653 451
653 486
653 503
654 656
654 662
654 683
654 438
654 473
654 502
655 660
655 669
655 439
656 657
656 464
656 511
657 421
657 488
658 443
658 461
658 463
658 495
659 671
659 438
659 439
659 457
659 458
659 487
659 503
660 666
660 418
660 425
660 434
660 452
660 494
661 432
661 450
661 460
661 469
661 482
662 417
662 456
662 486
663 664
663 495
664 450
664 462
664 470
665 429
665 444
665 461
665 488
665 506
666 424
666 470
666 491
666 505
666 508
667 418
667 440
667 474
667 492
668 463
668 472
668 482
669 464
670 417
670 420
670 429
670 498
671 683
671 436
671 486
671 487
672 681
672 428
672 464
673 433
673 458
673 492
674 419
674 436
674 443
674 450
674 453
674 473
675 432
675 445
675 460
675 499
676 473
676 486
677 428
677 477
677 488
678 430
678 445
678 477
679 680
679 426
679 428
679 435
679 442
679 463
679 482
680 435
680 487
682 440
682 451
682 471
683 450
683 491
683 492
683 505
683 510
684 442
684 496
416 431
416 456
416 476
416 495
417 426
417 458
417 503
417 509
418 440
418 451
419 459
419 461
419 462
419 471
419 491
419 506
420 501
421 466
422 427
422 463
422 501
422 510
423 429
423 465
424 445
424 453
424 468
424 480
425 440
425 492
427 432
427 460
427 497
428 442
428 449
429 464
430 431
430 476
430 511
431 441
432 468
433 479
433 492
433 497
434 438
435 444
435 452
435 475
435 503
435 507
436 472
437 477
438 482
439 449
439 468
440 509
441 494
442 462
442 488
442 489
442 494
443 444
443 450
443 453
443 483
443 504
444 457
444 465
445 500
446 502
447 475
447 508
449 484
449 500
451 460
451 482
454 459
454 468
454 473
455 461
455 467
455 496
455 505
456 457
456 483
456 492
457 462
457 480
458 459
458 462
458 470
458 472
458 486
458 493
458 499
459 465
459 484
460 478
461 490
461 500
462 491
463 476
463 485
463 486
463 487
463 508
464 493
465 474
466 507
467 506
467 511
468 489
469 510
470 501
472 481
472 498
472 508
474 497
475 493
476 503
477 506
477 510
478 479
478 498
479 511
480 508
481 506
484 494
484 509
485 504
486 494
488 493
488 504
488 510
489 495
491 493
492 497
495 501
498 501
500 506
502 508
503 504
686 694
686 752
687 764
688 787
688 793
689 744
689 772
690 710
690 716
690 742
690 761
690 764
690 792
691 696
691 738
691 756
692 707
693 713
694 717
694 718
694 722
694 730
694 757
694 768
695 702
695 746
696 739
696 773
696 787
697 723
697 786
698 702
698 748
698 771
698 774
698 780
700 705
700 712
700 714
700 735
701 781
702 719
702 738
702 740
702 746
703 725
703 742
703 753
703 775
704 737
704 749
704 765
704 782
705 715
705 720
705 761
705 766
705 770
705 783
705 784
706 785
706 792
707 728
707 748
707 755
707 768
707 790
708 716
708 740
709 733
709 749
709 753
709 754
710 733
710 745
710 792
711 722
711 754
711 774
711 787
712 713
712 745
712 789
713 724
713 760
713 790
714 751
714 758
714 779
714 793
715 728
715 778
715 782
715 790
716 728
716 755
716 778
717 720
717 739
717 742
717 759
718 719
718 722
718 731
718 754
718 782
719 733
719 753
719 759
719 763
719 768
719 770
719 773
719 779
720 731
721 747
721 764
721 772
721 773
721 783
722 750
722 758
722 759
722 760
722 783
723 736
723 751
723 760
723 764
723 792
724 738
724 751
724 757
724 766
724 785
724 789
726 792
727 751
727 764
728 744
729 735
729 780
730 736
730 745
732 789
733 749
734 760
735 739
735 754
735 762
736 775
736 786
737 752
737 761
737 776
738 746
738 763
738 766
738 769
738 780
739 792
740 746
740 780
741 758
741 769
741 775
742 769
742 772
742 785
744 753
744 774
744 792
745 761
745 773
745 790
746 762
746 778
747 755
748 765
749 772
750 780
752 755
752 769
752 791
752 793
753 764
753 765
753 772
754 772
754 773
754 792
755 786
755 789
755 791
755 792
756 770
757 771
757 774
757 785
758 767
759 773
761 775
762 770
762 781
763 768
763 784
763 786
763 788
768 783
769 786
769 787
770 779
772 790
773 776
774 775
776 792
777 788
778 783
778 790
781 793
783 788
787 788
800 803
800 794
800 795
800 798
801 799
802 797
794 797
795 796
798 799