0 19
0 42
0 10
0 39
0 1
0 57
0 57
0 54
0 50
0 7
0 52
0 9
0 33
0 37
0 14
0 50
0 38
0 42
0 2
0 36
0 56
0 7
0 23
0 54
0 139
0 133
0 132
1 13
1 2
1 53
1 13
1 13
1 31
1 16
1 21
1 7
1 50
1 51
1 57
1 55
1 21
1 49
1 53
1 58
1 18
1 50
1 36
1 52
1 45
1 25
1 46
1 40
1 23
1 19
1 46
1 13
1 15
1 36
1 31
1 13
1 1
1 43
1 56
1 3
1 23
1 37
1 28
1 41
1 30
1 38
1 13
1 32
1 11
1 16
1 34
1 33
1 13
1 41
1 7
1 34
1 54
1 7
1 21
1 46
1 57
1 19
1 13
1 27
1 2
1 55
1 29
1 42
1 1
1 37
1 16
1 11
1 23
1 25
1 19
1 37
1 14
1 39
1 41
1 9
1 11
1 18
1 17
1 57
1 19
1 36
1 55
1 15
1 58
1 37
1 23
1 13
1 36
1 5
1 23
1 9
1 37
1 56
1 25
1 6
1 39
1 24
1 14
1 15
1 31
1 47
1 57
1 36
1 53
1 6
1 19
1 54
1 47
1 31
1 50
1 37
1 40
1 53
1 55
1 57
1 36
1 52
1 13
1 43
1 10
1 16
1 137
1 149
1 177
1 131
1 133
1 154
1 159
1 133
1 169
2 16
2 55
2 42
2 37
2 14
2 32
2 5
2 42
2 36
2 9
2 42
2 37
2 58
2 15
2 50
2 18
2 36
2 37
2 2
2 10
2 41
2 1
2 50
2 56
2 2
2 54
2 7
2 54
2 44
2 7
2 14
2 36
2 16
2 9
2 40
2 9
2 34
2 58
2 42
2 57
2 35
2 35
2 10
2 0
2 55
2 48
2 2
2 32
2 16
2 52
2 49
2 14
2 14
2 51
2 46
2 34
2 50
2 3
2 1
2 55
2 18
2 56
2 4
2 36
2 4
2 19
2 16
2 51
2 17
2 39
2 3
2 32
2 3
2 39
2 0
2 57
2 50
2 33
2 30
2 43
2 7
2 45
2 36
2 6
2 32
2 32
2 15
2 57
2 32
2 37
2 6
2 15
2 15
2 25
2 39
2 17
2 50
2 53
2 0
2 34
2 147
2 138
2 151
2 122
3 24
3 36
3 39
3 31
3 42
3 2
3 7
3 51
3 57
3 56
3 6
3 16
3 43
3 4
3 4
3 53
3 43
3 7
3 9
3 53
3 34
3 49
3 34
3 54
3 38
3 50
3 3
3 17
3 50
3 6
3 56
3 41
3 52
3 39
3 34
3 5
3 31
3 39
3 11
3 58
3 6
3 13
3 53
3 3
3 36
3 15
3 50
3 14
3 39
3 51
3 49
3 19
3 13
3 18
3 17
3 58
3 56
3 33
3 43
3 38
3 58
3 19
3 25
3 37
3 47
3 4
3 35
3 33
3 14
3 6
3 53
3 40
3 14
3 32
3 34
3 43
3 29
3 14
3 55
3 11
3 5
3 14
3 52
3 17
3 30
3 50
3 51
3 57
3 1
3 34
3 46
3 31
3 40
3 36
3 37
3 9
3 39
3 17
3 37
3 54
3 19
3 17
3 53
3 3
3 22
3 3
3 21
3 3
3 49
3 45
3 34
3 37
3 165
3 134
3 130
4 16
4 12
4 12
4 54
4 56
4 1
4 38
4 47
4 50
4 50
4 56
4 3
4 35
4 13
4 42
4 51
4 10
4 34
4 52
4 54
4 21
4 42
4 55
4 21
4 5
4 50
4 53
4 34
4 3
4 50
4 9
4 36
4 17
4 56
4 18
4 54
4 57
4 53
4 34
4 36
4 32
4 52
4 153
4 115
4 143
4 133
4 116
5 24
5 14
5 1
5 49
5 35
5 57
5 36
5 34
5 55
5 3
5 5
5 16
5 42
5 7
5 33
5 54
5 21
5 41
5 36
5 44
5 32
5 0
5 4
5 35
5 49
5 1
5 18
5 3
5 34
5 0
5 51
5 16
5 41
5 23
5 19
5 5
5 2
5 2
5 19
5 11
5 43
5 43
5 16
5 2
5 15
5 40
5 1
5 34
5 6
5 4
5 42
5 19
5 11
5 56
5 34
5 14
5 36
5 17
5 54
5 41
5 3
5 1
5 40
5 40
5 21
5 32
5 3
5 33
5 49
5 19
5 32
5 55
5 44
5 159
6 40
6 21
6 54
6 32
6 10
6 17
6 36
6 58
6 14
6 39
6 39
6 40
6 54
6 46
6 21
6 40
6 13
6 2
6 39
6 51
6 36
6 13
6 41
6 16
6 50
6 7
6 52
6 37
6 39
6 53
6 9
6 30
6 58
6 16
6 39
6 1
6 53
6 16
6 56
6 51
6 16
6 36
6 55
6 1
6 19
6 49
6 42
6 55
6 6
6 8
6 40
6 13
6 43
6 58
6 50
6 32
6 34
6 56
6 39
6 43
6 24
6 47
6 7
6 58
6 37
6 7
6 46
6 17
6 9
6 14
6 39
6 51
6 6
6 43
6 25
6 2
6 47
6 56
6 52
6 9
6 37
6 29
6 40
6 58
6 23
6 43
6 17
6 53
6 3
6 55
6 17
6 14
6 6
6 37
6 42
6 1
6 31
6 51
6 53
6 34
6 49
6 36
6 177
6 157
6 139
6 121
6 133
7 6
7 13
7 51
7 57
7 17
7 56
7 34
7 41
7 47
7 49
7 47
7 50
7 36
7 31
7 31
7 20
7 23
7 12
7 30
7 10
7 19
7 45
7 1
7 46
7 57
7 18
7 53
7 31
7 53
7 23
7 7
7 51
7 58
7 9
7 5
7 34
7 49
7 25
7 56
7 38
7 39
7 56
7 5
7 7
7 34
7 29
7 45
7 49
7 58
7 41
7 14
7 37
7 49
7 54
7 15
7 19
7 19
7 19
7 58
7 56
7 22
7 34
7 10
7 51
7 16
7 14
7 53
7 6
7 48
7 55
7 54
7 53
7 39
7 18
7 15
7 1
7 34
7 16
7 39
7 33
7 181
7 154
7 128
8 53
8 53
8 31
8 25
8 14
8 13
8 54
8 50
8 1
8 40
8 9
8 57
8 30
8 17
8 54
8 19
8 30
8 50
8 1
8 10
8 37
8 18
8 6
8 5
8 2
8 49
8 52
8 51
9 6
9 55
9 30
9 39
9 37
9 42
9 2
9 45
9 52
9 30
9 54
9 35
9 13
9 30
9 42
9 50
9 9
9 50
9 17
9 53
9 57
9 55
9 42
9 47
9 13
9 54
9 15
9 58
9 38
9 21
9 3
9 43
9 29
9 38
9 55
9 50
9 31
9 33
9 53
9 3
9 38
9 17
9 19
9 58
9 55
9 9
9 57
9 57
9 31
9 40
9 38
9 24
9 32
9 13
9 37
9 51
9 6
9 50
9 15
9 53
9 36
9 34
9 41
9 42
9 51
9 57
9 57
9 5
9 4
9 23
9 54
9 15
9 3
9 34
9 54
9 15
9 42
9 52
9 47
9 54
9 35
9 9
9 58
9 55
9 25
9 13
9 6
9 52
9 13
9 7
9 47
9 143
9 155
9 134
10 5
10 18
10 14
10 19
10 41
10 5
10 35
10 54
10 23
10 13
10 36
10 51
10 6
10 38
10 40
10 19
10 17
10 40
10 18
10 25
10 6
10 49
10 17
10 56
10 35
10 3
10 21
10 18
10 39
10 49
10 30
10 25
10 16
10 30
10 6
10 8
10 21
10 36
10 37
10 18
10 41
10 45
10 56
10 53
10 37
10 39
10 5
10 27
10 14
10 2
10 31
10 9
10 52
10 54
10 50
10 41
10 36
10 51
10 53
10 5
10 19
10 7
10 4
10 6
10 58
10 3
10 1
10 31
10 9
10 57
10 51
10 134
10 132
10 183
10 147
11 6
11 19
11 16
11 49
11 25
11 3
11 19
11 16
11 46
11 34
11 2
11 43
11 5
11 38
11 19
11 32
11 139
12 18
12 36
12 45
12 23
12 6
12 10
12 43
12 55
12 45
12 42
12 14
12 32
12 54
12 6
12 5
12 13
12 12
12 51
12 53
12 33
12 30
12 50
12 38
12 50
12 40
12 5
12 50
12 50
12 42
12 131
13 50
13 13
13 0
13 30
13 33
13 5
13 55
13 10
13 25
13 1
13 58
13 38
13 6
13 43
13 58
13 17
13 57
13 11
13 39
13 46
13 13
13 54
13 4
13 7
13 50
13 2
13 31
13 54
13 40
13 42
13 55
13 52
13 53
13 52
13 58
13 42
13 9
13 13
13 25
13 37
13 27
13 49
13 16
13 3
13 32
13 25
13 36
13 3
13 26
13 14
13 34
13 8
13 40
13 54
13 17
13 7
13 6
13 47
13 13
13 50
13 30
13 17
13 57
13 1
13 22
13 39
13 37
13 2
13 56
13 57
13 58
13 18
13 25
13 8
13 31
13 21
13 30
13 57
13 7
13 42
13 54
13 2
13 41
13 47
13 6
13 14
13 22
13 3
13 36
13 36
13 39
13 35
13 18
13 36
13 44
13 7
13 43
13 3
13 53
13 29
13 13
13 10
13 36
13 2
13 3
13 44
13 6
13 56
13 1
13 15
13 40
13 5
13 18
13 4
13 18
13 35
13 53
13 47
13 32
13 33
13 4
13 36
13 50
13 27
13 18
13 177
14 18
14 38
14 3
14 40
14 32
14 36
14 23
14 9
14 31
14 9
14 15
14 37
14 34
14 19
14 2
14 25
14 39
14 47
14 34
14 10
14 17
14 57
14 3
14 54
14 19
14 1
14 55
14 4
14 57
14 18
14 50
14 40
14 49
14 34
14 13
14 30
14 12
14 45
14 33
14 40
14 56
14 6
14 15
14 34
14 46
14 6
14 34
14 53
14 6
14 41
14 2
14 1
14 58
14 30
14 31
14 54
14 45
14 10
14 10
14 10
14 15
14 9
14 25
14 37
14 55
14 6
14 56
14 31
14 5
14 50
14 19
14 53
14 3
14 7
14 19
14 39
14 54
14 56
14 29
14 17
14 9
14 4
14 55
14 46
14 15
14 47
14 7
14 23
14 44
14 57
14 34
14 49
14 21
14 57
14 3
14 13
14 1
14 9
14 37
14 50
14 54
14 7
14 57
14 155
14 150
14 149
14 144
15 8
15 19
15 58
15 30
15 7
15 35
15 42
15 30
15 40
15 36
15 10
15 15
15 49
15 6
15 31
15 10
15 4
15 43
15 56
15 8
15 13
15 19
15 37
15 1
15 49
15 34
15 14
15 14
15 52
15 2
15 34
15 35
15 49
15 33
15 6
15 36
15 14
15 23
15 19
15 30
15 42
15 19
15 19
15 19
15 37
15 15
15 55
15 29
15 17
15 14
15 18
15 37
15 25
15 56
15 58
15 52
15 55
15 36
15 27
15 50
15 46
15 5
15 40
15 24
15 40
15 47
15 53
15 39
15 29
15 16
15 56
15 4
15 16
15 47
15 6
15 37
16 26
16 50
16 37
16 14
16 46
16 53
16 14
16 1
16 54
16 16
16 40
16 19
16 35
16 14
16 13
16 3
16 3
16 16
16 33
16 4
16 33
16 51
16 43
16 53
16 34
16 15
16 4
16 1
16 55
16 3
16 40
16 2
16 45
16 6
16 42
16 33
16 21
16 2
16 17
16 7
16 3
16 35
16 57
16 35
16 42
16 29
16 33
16 21
16 13
16 0
16 16
16 30
16 5
16 47
16 18
16 10
16 36
16 16
16 39
16 55
16 42
16 5
16 9
16 46
16 8
16 37
16 19
16 56
16 49
16 56
16 14
16 2
16 56
16 36
16 33
16 17
16 37
16 57
16 37
16 31
16 49
16 17
16 56
16 55
16 2
16 35
16 2
16 34
16 49
16 3
16 6
16 15
16 52
16 136
16 124
16 157
17 58
17 54
17 51
17 43
17 36
17 17
17 2
17 51
17 21
17 30
17 37
17 23
17 54
17 16
17 34
17 13
17 8
17 47
17 13
17 29
17 50
17 16
17 35
17 22
17 5
17 30
17 51
17 21
17 36
17 50
17 5
17 1
17 53
17 54
17 4
17 50
17 13
17 52
17 55
17 41
17 6
17 56
17 56
17 52
17 55
17 33
17 57
17 58
17 14
17 58
17 51
17 43
17 39
17 47
17 26
17 55
17 42
17 49
17 7
17 9
17 14
17 30
17 4
17 12
17 23
17 32
17 25
17 142
17 139
17 136
17 125
18 15
18 5
18 45
18 51
18 6
18 33
18 58
18 37
18 14
18 18
18 3
18 4
18 50
18 41
18 56
18 4
18 38
18 30
18 45
18 38
18 57
18 54
18 42
18 54
18 12
18 56
18 50
18 19
18 51
18 30
18 2
18 55
18 16
18 5
18 34
18 3
18 56
18 45
19 25
19 36
19 16
19 0
19 52
19 56
19 16
19 31
19 39
19 36
19 1
19 31
19 12
19 34
19 15
19 17
19 19
19 5
19 25
19 7
19 53
19 9
19 16
19 34
19 58
19 29
19 9
19 52
19 18
19 19
19 52
19 39
19 17
19 42
19 2
19 49
19 54
19 10
19 38
19 42
19 6
19 51
19 42
19 43
19 53
19 17
19 55
19 42
19 15
19 21
19 31
19 46
19 16
19 2
19 46
19 35
19 34
19 6
19 55
19 56
19 10
19 51
19 45
19 32
19 9
19 19
19 54
19 55
19 47
19 56
19 37
19 53
19 50
19 58
19 13
19 42
19 56
19 9
19 10
19 51
19 34
19 34
19 56
19 42
19 36
19 49
19 4
19 2
19 39
19 36
19 21
19 42
19 15
19 19
19 45
19 52
19 50
19 49
19 50
19 57
19 7
19 3
19 7
19 39
19 39
19 44
19 50
19 2
19 37
19 1
19 54
19 26
19 39
19 54
19 37
19 12
19 139
19 123
19 171
19 177
20 37
20 1
21 57
21 37
21 14
21 46
21 17
21 23
21 50
21 6
21 42
21 24
21 34
21 54
21 39
21 21
21 52
21 27
21 3
21 15
21 47
21 55
21 19
21 51
21 22
21 57
21 56
21 53
21 21
21 34
21 23
21 39
21 40
21 9
21 1
21 3
21 27
21 13
21 53
21 53
21 8
21 41
21 49
21 55
21 41
21 14
21 7
21 16
21 34
21 12
21 6
21 19
21 43
21 13
21 35
21 3
21 39
21 34
21 132
21 142
22 6
22 12
22 34
22 50
22 2
22 37
22 55
22 51
22 9
22 6
22 39
22 34
22 49
22 51
22 11
22 23
22 13
22 29
22 35
22 13
22 8
22 27
22 43
22 40
22 125
22 176
23 6
23 3
23 51
23 38
23 5
23 54
23 50
23 21
23 18
23 26
23 19
23 9
23 21
23 39
23 50
23 0
23 14
23 55
23 50
23 10
23 21
23 53
23 1
23 41
23 56
23 9
23 9
23 42
23 5
23 9
23 10
23 25
23 56
23 55
23 7
23 53
23 23
23 50
23 34
23 19
23 55
23 2
23 51
23 36
23 41
23 2
23 31
23 42
23 6
23 31
23 2
23 46
23 17
23 2
23 13
23 35
23 13
23 4
23 52
23 13
23 15
23 36
23 6
23 56
23 41
23 14
23 58
23 55
23 4
23 34
23 19
23 19
23 2
23 159
23 181
24 25
24 18
24 30
24 57
24 16
24 2
24 18
24 3
24 6
24 18
24 56
24 12
24 54
24 45
24 14
25 58
25 18
25 16
25 3
25 3
25 13
25 53
25 5
25 58
25 25
25 49
25 52
25 12
25 2
25 40
25 29
25 26
25 56
25 40
25 18
25 5
25 25
25 9
25 2
25 7
25 9
25 4
25 55
25 15
25 2
25 30
25 56
25 53
25 56
25 51
25 45
25 40
25 34
25 1
25 37
25 9
25 34
25 31
25 50
25 1
25 51
25 36
25 47
25 37
25 12
25 36
25 19
25 19
25 42
25 31
25 2
25 9
25 9
25 16
25 49
25 45
25 8
25 39
25 54
25 29
25 2
25 54
25 22
25 33
25 49
25 33
25 52
25 34
25 12
25 34
25 55
25 34
25 39
25 45
25 25
25 43
25 177
25 132
25 157
25 129
26 5
26 17
26 45
26 19
26 1
27 15
27 55
27 36
27 36
27 36
27 6
27 49
27 53
27 134
28 25
28 16
28 33
28 25
28 22
29 36
29 17
29 40
29 37
29 12
29 17
29 14
29 51
29 12
29 56
29 25
29 41
29 1
29 52
29 40
29 42
29 6
29 36
29 55
29 19
29 41
29 50
29 34
29 46
29 42
29 11
29 2
29 49
30 21
30 46
30 17
30 14
30 1
30 57
30 54
30 35
30 1
30 39
30 34
30 16
30 53
30 17
30 33
30 10
30 39
30 50
30 12
30 36
30 55
30 57
30 37
30 6
30 30
30 14
30 40
30 37
30 45
30 57
30 56
30 55
30 53
30 10
30 14
30 5
30 3
30 31
30 2
30 7
30 37
30 57
30 13
30 3
30 53
30 17
30 53
30 36
30 55
30 12
30 40
30 40
30 16
30 13
30 47
30 39
30 34
30 58
30 54
30 3
30 22
30 14
30 42
30 34
30 1
30 47
30 53
30 23
30 17
30 10
30 31
30 16
30 37
30 147
31 42
31 17
31 33
31 5
31 5
31 6
31 39
31 39
31 51
31 34
31 30
31 3
31 40
31 28
31 5
31 42
31 1
31 19
31 2
31 47
31 2
31 52
31 13
31 49
31 53
31 47
31 6
31 9
31 3
31 5
31 13
31 52
31 54
31 2
31 5
31 17
31 55
31 8
31 25
31 15
31 39
31 40
31 30
31 15
31 21
31 13
31 22
31 55
31 11
31 55
31 39
31 52
31 56
31 42
31 46
31 17
31 51
31 5
31 6
31 10
31 6
31 0
31 53
31 16
31 8
31 38
31 33
31 23
31 39
31 17
31 6
31 13
31 37
31 53
31 56
31 37
31 57
31 43
31 22
31 39
31 9
31 19
31 37
31 31
31 35
31 34
31 132
31 143
31 152
31 169
32 39
32 2
32 3
32 43
32 47
32 23
32 31
32 55
32 47
32 16
32 55
32 19
32 36
32 57
32 47
32 2
32 2
32 37
32 16
32 16
32 25
32 31
32 38
32 39
32 31
32 36
32 10
32 55
32 57
32 56
32 51
32 50
32 21
32 6
32 10
32 54
32 13
32 35
32 51
32 54
32 0
32 45
32 40
32 154
32 124
32 155
32 152
33 40
33 31
33 37
33 45
33 4
33 51
33 6
33 9
33 39
33 37
33 34
33 33
33 56
33 55
33 12
33 55
33 15
33 14
33 6
33 16
33 36
33 19
33 13
33 10
33 16
33 53
33 51
33 45
33 58
33 58
33 4
33 54
33 46
33 56
33 35
33 13
33 21
33 42
33 2
33 14
33 58
33 42
33 17
33 57
33 36
33 6
33 43
33 10
33 11
33 8
33 8
33 58
33 16
33 21
33 3
33 15
33 181
33 173
34 9
34 40
34 37
34 16
34 6
34 54
34 41
34 19
34 15
34 2
34 39
34 3
34 34
34 31
34 21
34 45
34 39
34 3
34 2
34 47
34 30
34 39
34 40
34 1
34 15
34 9
34 1
34 55
34 19
34 26
34 36
34 23
34 37
34 25
34 18
34 57
34 50
34 30
34 46
34 39
34 10
34 25
34 30
34 30
34 47
34 46
34 32
34 15
34 34
34 31
34 19
34 37
34 12
34 32
34 3
34 42
34 39
34 10
34 40
34 31
34 22
34 19
34 54
34 38
34 30
34 15
34 34
34 14
34 17
34 15
34 29
34 6
34 30
34 40
34 57
34 55
34 50
34 14
34 16
34 14
34 35
34 36
34 36
34 37
34 13
34 51
34 19
34 7
34 57
34 46
34 4
34 21
34 0
34 6
34 41
34 1
34 19
34 29
34 54
34 13
34 5
34 35
34 39
34 51
34 21
34 11
34 53
34 6
34 21
34 4
34 34
34 33
34 55
34 2
34 21
34 30
34 1
34 50
34 53
34 3
34 10
34 58
34 41
34 16
34 7
34 43
34 18
34 9
34 57
34 52
34 0
34 50
34 16
34 34
34 14
34 50
34 21
34 0
34 40
34 40
34 51
34 37
34 13
34 15
34 2
34 53
34 2
34 124
34 175
34 160
34 173
34 137
34 148
35 3
35 47
35 31
35 52
35 52
35 25
35 54
35 47
35 4
35 57
35 50
35 25
35 1
35 25
35 39
35 43
35 52
35 30
35 41
35 56
35 58
35 43
35 19
35 15
35 6
35 32
35 4
35 58
35 2
35 56
35 56
35 54
35 143
36 9
36 38
36 18
36 38
36 14
36 57
36 56
36 39
36 54
36 49
36 39
36 50
36 38
36 2
36 7
36 41
36 3
36 3
36 17
36 7
36 10
36 25
36 1
36 42
36 25
36 25
36 1
36 25
36 30
36 42
36 37
36 54
36 36
36 37
36 2
36 32
36 19
36 32
36 55
36 58
36 3
36 8
36 57
36 52
36 9
36 3
36 58
36 35
36 52
36 3
36 39
36 35
36 14
36 36
36 57
36 13
36 18
36 39
36 32
36 39
36 5
36 18
36 0
36 15
36 50
36 36
36 1
36 21
36 10
36 15
36 1
36 6
36 42
36 8
36 13
36 58
36 9
36 2
36 56
36 43
36 50
36 5
36 6
36 38
36 31
36 5
36 54
36 52
36 25
36 5
36 54
36 29
36 79
36 160
36 124
36 160
36 162
37 13
37 57
37 14
37 3
37 18
37 29
37 33
37 14
37 55
37 10
37 36
37 2
37 12
37 43
37 5
37 7
37 50
37 13
37 14
37 53
37 56
37 37
37 58
37 56
37 29
37 40
37 50
37 56
37 42
37 16
37 42
37 50
37 7
37 19
37 5
37 34
37 37
37 25
37 54
37 38
37 41
37 4
37 23
37 25
37 33
37 7
37 37
37 1
37 45
37 56
37 2
37 1
37 15
37 5
37 17
37 30
37 25
37 16
37 33
37 32
37 15
37 2
37 49
37 25
37 54
37 7
37 16
37 2
37 58
37 1
37 33
37 35
37 10
37 56
37 30
37 47
37 43
37 31
37 38
37 3
37 34
37 2
37 14
37 34
37 57
37 34
37 57
37 13
37 15
37 33
37 13
37 41
37 35
37 172
38 51
38 54
38 34
38 13
38 49
38 1
38 9
38 34
38 0
38 31
38 1
38 35
38 1
38 19
38 54
38 51
38 49
38 49
38 33
38 1
38 22
38 33
38 10
38 5
38 42
38 39
38 47
38 38
38 50
38 53
38 2
38 5
38 56
38 33
38 11
38 1
38 51
38 14
38 25
38 5
38 3
38 56
38 25
38 3
38 25
38 50
38 30
38 56
38 34
38 10
38 55
38 53
38 51
38 123
38 142
39 8
39 26
39 14
39 51
39 9
39 10
39 40
39 41
39 3
39 54
39 45
39 23
39 56
39 30
39 40
39 53
39 34
39 57
39 2
39 4
39 52
39 26
39 19
39 4
39 9
39 38
39 14
39 55
39 17
39 55
39 40
39 51
39 31
39 50
39 7
39 5
39 54
39 56
39 14
39 4
39 54
39 25
39 51
39 2
39 9
39 5
39 2
39 35
39 10
39 15
39 53
39 47
39 58
39 17
39 13
39 5
39 17
39 3
39 56
39 31
39 17
39 10
39 34
39 26
39 36
39 54
39 30
39 51
39 17
39 54
39 14
39 14
39 36
39 39
39 34
40 18
40 55
40 10
40 43
40 39
40 2
40 21
40 50
40 54
40 7
40 33
40 0
40 16
40 50
40 39
40 7
40 58
40 34
40 22
40 53
40 49
40 37
40 34
40 47
40 50
40 21
40 29
40 14
40 37
40 23
40 37
40 32
40 35
40 9
40 1
40 7
40 39
40 8
40 2
40 3
40 15
40 40
40 50
40 54
40 14
40 9
40 10
40 49
40 11
40 50
40 13
40 2
40 6
40 25
40 16
40 1
40 10
40 34
40 2
40 53
40 6
40 31
40 3
40 57
40 1
40 55
40 51
40 53
40 39
40 47
40 171
40 148
40 161
40 154
41 1
41 56
41 4
41 43
41 46
41 0
41 58
41 30
41 29
41 53
41 36
41 14
41 3
41 17
41 21
41 43
41 51
41 36
41 49
41 58
41 34
41 39
41 52
41 53
41 58
41 39
41 40
41 58
41 55
41 50
41 0
41 24
41 3
41 5
41 46
41 3
41 34
41 55
41 1
41 6
41 10
41 13
41 34
41 42
41 51
41 1
41 49
41 39
41 47
41 25
41 25
41 163
41 181
42 16
42 0
42 38
42 0
42 23
42 31
42 39
42 45
42 40
42 30
42 35
42 15
42 33
42 43
42 55
42 51
42 43
42 40
42 21
42 58
42 19
42 39
42 1
42 1
42 51
42 49
42 17
42 50
42 56
42 57
42 13
42 39
42 43
42 42
42 56
42 52
42 39
42 34
42 47
42 55
42 6
42 34
42 33
42 23
42 51
42 58
42 11
42 50
42 0
42 47
42 39
42 43
42 1
42 15
42 23
42 52
42 50
42 25
42 6
42 42
42 34
42 49
42 15
42 10
42 45
42 30
42 5
42 6
42 2
42 5
42 9
42 30
42 51
42 2
42 6
42 12
42 25
42 17
42 42
42 9
42 4
42 36
42 51
42 53
42 40
42 157
42 149
42 153
42 165
42 139
42 160
43 53
43 43
43 42
43 13
43 51
43 50
43 39
43 9
43 28
43 31
43 49
43 25
43 55
43 18
43 43
43 42
43 56
43 37
43 33
43 14
43 34
43 34
43 24
43 3
43 1
43 32
43 18
43 34
43 53
43 3
43 35
43 55
43 1
43 6
43 31
43 6
43 46
43 4
43 4
43 47
43 55
43 16
43 54
43 6
43 33
43 2
43 57
43 54
43 51
43 35
43 5
43 37
43 3
43 16
43 53
43 53
43 50
43 56
43 1
43 54
43 12
43 1
43 47
43 36
43 7
43 32
43 13
43 51
43 13
43 50
43 49
43 15
43 12
43 18
43 25
43 54
43 34
43 17
43 33
43 43
43 53
43 47
43 10
43 58
43 51
43 7
43 25
43 41
43 8
43 23
43 25
43 3
43 132
43 152
43 132
43 177
43 152
43 125
44 25
44 53
44 55
44 54
44 31
44 37
44 37
44 10
44 53
44 52
44 13
44 33
44 151
45 34
45 52
45 36
45 9
45 3
45 56
45 16
45 13
45 3
45 9
45 21
45 18
45 22
45 18
45 6
45 54
45 32
45 15
45 52
45 35
45 51
45 19
45 34
45 34
45 36
45 19
45 53
45 42
45 32
45 41
45 11
45 19
45 34
45 47
45 51
45 51
45 17
45 37
45 19
45 55
45 36
45 55
45 36
45 3
45 3
45 47
45 31
45 52
45 13
45 19
45 55
45 11
45 123
46 7
46 3
46 33
46 43
46 34
46 13
46 23
46 52
46 4
46 9
46 9
46 6
46 17
46 47
46 58
46 21
46 56
46 40
46 7
46 46
46 10
46 37
46 14
46 36
46 9
46 9
46 40
46 34
46 52
46 19
46 50
46 39
46 57
46 53
46 17
46 18
46 40
46 2
46 55
46 13
46 3
46 36
46 23
46 39
46 55
46 25
46 54
46 6
46 58
46 8
46 0
46 56
46 5
46 5
46 25
46 31
46 42
46 53
46 25
46 50
46 54
46 38
46 4
46 23
46 56
46 2
46 25
46 169
46 175
47 34
47 52
47 9
47 1
47 39
47 34
47 53
47 9
47 53
47 51
47 41
47 21
47 52
47 49
47 30
47 57
47 21
47 2
47 16
47 51
47 49
47 34
47 17
47 30
47 40
47 41
47 52
47 15
47 9
47 30
47 18
47 58
47 19
47 57
47 53
47 10
47 57
47 13
47 19
47 58
47 9
47 5
47 50
47 14
47 50
47 1
47 40
47 13
47 9
47 17
47 54
47 36
47 40
47 25
47 6
47 8
47 17
47 23
47 34
47 58
47 149
47 139
47 129
47 146
48 37
48 53
48 16
48 116
49 43
49 17
49 13
49 1
49 2
49 33
49 37
49 14
49 57
49 50
49 50
49 50
49 46
49 7
49 54
49 14
49 5
49 17
49 10
49 54
49 47
49 13
49 6
49 1
49 16
49 14
49 13
49 55
49 6
49 36
49 24
49 14
49 39
49 42
49 13
49 7
49 17
49 16
49 27
49 6
49 13
49 49
49 0
49 58
49 4
49 15
49 33
49 23
49 13
49 35
49 5
49 52
49 17
49 4
49 52
49 39
49 49
49 0
49 52
49 5
49 34
49 49
49 49
49 57
49 18
49 1
49 11
49 4
49 25
49 50
49 37
49 13
49 10
49 16
49 23
49 46
49 51
49 19
49 37
49 47
49 23
49 20
49 9
49 47
49 24
49 42
49 41
49 57
49 54
49 22
49 50
49 36
49 39
49 2
49 180
49 152
49 160
49 125
49 139
50 46
50 30
50 18
50 25
50 34
50 21
50 7
50 21
50 36
50 39
50 8
50 29
50 2
50 56
50 55
50 3
50 42
50 25
50 19
50 42
50 46
50 57
50 45
50 51
50 55
50 49
50 19
50 34
50 27
50 39
50 23
50 49
50 46
50 32
50 9
50 34
50 14
50 13
50 14
50 33
50 20
50 57
50 42
50 9
50 56
50 37
50 36
50 17
50 19
50 9
50 2
50 9
50 1
50 43
50 19
50 22
50 11
50 37
50 21
50 56
50 21
50 31
50 52
50 14
50 6
50 2
50 16
50 37
50 53
50 9
50 56
50 50
50 24
50 9
50 14
50 43
50 31
50 43
50 53
50 34
50 5
50 16
50 50
50 50
50 19
50 49
50 13
50 19
50 17
50 52
50 16
50 37
50 40
50 10
50 37
50 56
50 5
50 25
50 3
50 10
50 33
50 42
50 56
50 7
50 30
50 31
50 32
50 32
50 10
50 56
50 58
50 52
50 14
50 38
50 55
50 5
50 13
50 40
50 9
50 33
50 19
50 15
50 3
50 42
50 34
50 19
50 8
50 57
50 34
50 13
50 47
50 10
50 18
50 43
50 22
50 36
50 46
50 7
50 34
50 32
50 2
50 38
50 31
50 5
50 36
50 50
50 15
50 54
50 2
50 21
50 58
50 39
50 5
50 16
50 25
50 16
50 2
50 9
50 9
50 52
50 9
50 55
50 16
50 56
50 25
50 12
50 22
50 19
50 54
50 51
50 39
50 25
50 80
50 77
50 136
50 144
50 132
50 151
50 123
50 155
50 137
50 154
51 3
51 19
51 13
51 49
51 3
51 37
51 36
51 54
51 47
51 38
51 19
51 33
51 53
51 33
51 34
51 13
51 43
51 6
51 50
51 34
51 6
51 34
51 57
51 31
51 10
51 4
51 4
51 21
51 14
51 21
51 9
51 57
51 8
51 15
51 51
51 42
51 49
51 21
51 15
51 22
51 58
51 19
51 7
51 33
51 15
51 32
51 8
51 16
51 9
51 13
51 50
51 49
51 36
51 57
51 13
51 34
51 50
51 6
51 18
51 2
51 40
51 45
51 43
51 55
51 40
51 55
51 43
51 10
51 45
51 6
51 2
51 40
51 58
51 5
51 1
51 0
51 56
51 46
51 45
51 58
51 56
51 56
51 54
51 17
51 47
51 13
51 6
51 31
51 15
51 32
51 43
51 34
51 53
51 11
51 51
51 2
51 43
51 54
51 11
51 13
51 3
51 3
51 19
51 58
51 3
51 148
51 174
51 121
51 133
51 159
52 51
52 6
52 1
52 45
52 58
52 24
52 18
52 57
52 31
52 37
52 41
52 58
52 51
52 17
52 14
52 47
52 5
52 37
52 37
52 51
52 42
52 6
52 57
52 35
52 1
52 43
52 12
52 58
52 15
52 51
52 54
52 55
52 18
52 42
52 14
52 7
52 16
52 15
52 34
52 36
52 23
52 49
52 31
52 56
52 17
52 31
52 40
52 2
52 5
52 7
52 34
52 43
52 14
52 39
52 50
52 49
52 53
52 56
52 37
52 34
52 19
52 32
52 5
52 24
52 34
52 31
52 55
52 45
52 37
52 55
52 21
52 10
52 18
52 133
52 182
52 129
52 130
52 124
53 42
53 54
53 56
53 38
53 6
53 58
53 10
53 46
53 34
53 34
53 52
53 7
53 34
53 42
53 57
53 6
53 45
53 50
53 19
53 53
53 54
53 13
53 1
53 18
53 39
53 1
53 5
53 37
53 18
53 45
53 57
53 4
53 36
53 30
53 19
53 3
53 39
53 10
53 41
53 6
53 55
53 39
53 13
53 24
53 30
53 56
53 39
53 57
53 47
53 6
53 47
53 25
53 57
53 56
53 29
53 18
53 17
53 0
53 1
53 19
53 34
53 5
53 25
53 13
53 4
53 42
53 1
53 43
53 51
53 47
53 7
53 15
53 23
53 25
53 2
53 0
53 36
53 58
53 37
53 2
53 36
53 37
53 31
53 25
53 52
53 40
53 1
53 12
53 58
53 32
53 6
53 49
53 50
53 29
53 50
53 14
53 3
53 3
53 54
53 52
53 23
53 36
53 166
53 175
53 140
54 2
54 56
54 19
54 39
54 4
54 58
54 49
54 18
54 7
54 11
54 34
54 51
54 45
54 56
54 58
54 54
54 31
54 5
54 45
54 15
54 35
54 30
54 52
54 25
54 1
54 56
54 4
54 54
54 0
54 53
54 53
54 46
54 25
54 42
54 53
54 9
54 58
54 34
54 19
54 42
54 5
54 13
54 49
54 34
54 31
54 13
54 35
54 21
54 9
54 10
54 32
54 10
54 50
54 6
54 51
54 3
54 9
54 43
54 58
54 31
54 31
54 5
54 50
54 6
54 13
54 49
54 37
54 52
54 50
54 36
54 55
54 56
54 18
54 25
54 1
54 47
54 5
54 51
54 31
54 6
54 36
54 41
54 13
54 42
54 12
54 18
54 45
54 51
54 23
54 50
54 38
54 54
54 39
54 2
54 39
54 47
54 16
54 3
54 32
54 37
54 58
54 37
54 5
54 19
54 13
54 0
54 43
54 175
55 34
55 6
55 53
55 37
55 21
55 17
55 54
55 42
55 22
55 23
55 16
55 50
55 55
55 1
55 53
55 34
55 9
55 51
55 18
55 33
55 14
55 45
55 36
55 34
55 7
55 1
55 39
55 55
55 21
55 29
55 50
55 1
55 6
55 36
55 9
55 43
55 18
55 14
55 40
55 2
55 13
55 13
55 16
55 27
55 37
55 8
55 50
55 34
55 13
55 42
55 34
55 23
55 39
55 5
55 56
55 32
55 9
55 54
55 31
55 15
55 56
55 54
55 1
55 39
55 34
55 16
55 37
55 38
55 56
55 58
55 45
55 19
55 34
55 30
55 21
55 40
55 1
55 14
55 4
55 51
55 43
55 39
55 22
55 57
55 9
55 25
55 3
55 13
55 36
55 34
55 34
55 1
55 31
55 43
55 55
55 14
55 21
55 42
55 16
55 34
55 6
55 53
55 34
55 9
55 13
55 23
55 54
55 34
55 13
55 43
55 131
55 177
55 140
55 124
55 175
55 115
55 139
56 43
56 37
56 17
56 43
56 1
56 12
56 31
56 44
56 16
56 51
56 37
56 13
56 2
56 29
56 19
56 40
56 21
56 57
56 38
56 17
56 50
56 33
56 3
56 33
56 34
56 6
56 13
56 50
56 15
56 6
56 31
56 5
56 43
56 33
56 50
56 42
56 57
56 5
56 6
56 56
56 31
56 18
56 5
56 5
56 51
56 5
56 33
56 13
56 14
56 16
56 55
56 39
56 2
56 5
56 17
56 6
56 7
56 32
56 51
56 57
56 50
56 50
56 14
56 36
56 31
56 14
56 45
56 5
56 13
56 51
56 16
56 51
56 58
56 36
56 24
56 53
56 15
56 19
56 54
56 39
56 53
56 34
56 54
56 49
56 14
56 6
56 1
56 42
56 13
56 23
56 40
56 57
56 16
56 32
56 14
56 55
56 51
56 39
56 24
56 13
56 21
56 3
56 14
56 0
56 36
56 43
56 23
56 52
56 10
56 21
56 178
56 144
56 155
56 128
56 140
57 13
57 42
57 37
57 4
57 19
57 57
57 29
57 5
57 46
57 41
57 0
57 7
57 13
57 17
57 6
57 46
57 15
57 38
57 8
57 25
57 31
57 49
57 35
57 30
57 3
57 14
57 57
57 45
57 6
57 10
57 16
57 10
57 31
57 10
57 14
57 55
57 23
57 15
57 41
57 6
57 21
57 31
57 1
57 47
57 55
57 23
57 49
57 23
57 40
57 54
57 0
57 58
57 56
57 7
57 7
57 10
57 34
57 52
57 3
57 6
57 7
57 55
57 34
57 53
57 49
57 25
57 50
57 22
57 33
57 47
57 43
57 43
57 37
57 54
57 50
57 6
57 36
57 34
57 4
57 37
57 19
57 5
57 16
57 57
57 14
57 47
57 33
57 19
57 50
57 37
57 41
57 128
57 132
58 5
58 56
58 13
58 4
58 37
58 15
58 34
58 7
58 1
58 36
58 10
58 43
58 49
58 49
58 3
58 55
58 53
58 24
58 7
58 14
58 50
58 32
58 4
58 30
58 51
58 52
58 21
58 2
58 3
58 10
58 10
58 31
58 1
58 5
58 43
58 13
58 7
58 10
58 9
58 37
58 50
58 33
58 31
58 50
58 33
58 50
58 43
58 54
58 2
58 40
58 6
58 3
58 19
58 41
58 27
58 53
58 34
58 33
58 26
58 43
58 1
58 13
58 41
58 51
58 15
58 50
58 30
58 15
58 14
58 31
58 52
58 5
58 36
58 15
58 49
58 3
58 18
58 50
58 6
58 21
58 1
58 52
58 39
58 15
58 139
58 139
58 131
58 136
58 160
58 157
59 69
59 62
59 62
59 62
59 63
59 63
59 70
59 70
59 66
59 63
59 72
59 63
59 66
59 69
59 59
59 70
59 68
59 62
59 61
59 151
59 157
59 139
60 68
60 71
60 68
60 66
60 63
60 59
60 68
60 68
60 71
60 63
60 69
60 73
60 64
60 60
60 117
60 179
61 66
61 74
61 67
62 72
62 73
62 73
62 74
62 65
62 74
62 76
62 68
62 71
62 69
62 60
62 72
62 65
62 66
62 67
62 62
62 66
62 65
62 72
62 67
62 155
62 117
63 72
63 66
63 63
63 68
63 64
63 67
63 75
63 70
63 67
63 65
63 70
63 66
63 62
63 64
63 66
63 60
63 63
63 64
63 61
63 62
63 66
63 60
63 72
63 76
63 63
63 66
63 71
63 72
63 71
63 117
63 137
63 169
63 180
64 74
64 76
64 71
64 68
64 73
64 70
64 62
64 64
64 71
64 64
64 67
64 66
64 69
64 74
64 73
64 60
64 67
64 68
64 157
64 123
64 130
64 162
65 67
65 76
65 73
65 59
65 76
65 68
65 76
65 62
65 67
65 60
65 70
65 62
65 69
65 73
65 59
65 61
65 69
65 70
65 68
65 68
65 70
65 59
65 70
65 66
65 63
65 59
65 64
65 62
65 70
65 63
65 62
65 70
65 65
65 62
65 61
65 124
66 72
66 63
66 68
66 72
66 66
66 64
66 60
66 76
66 69
66 70
66 63
66 71
66 60
66 64
66 74
66 76
66 60
66 62
66 65
66 73
66 67
66 65
66 69
66 73
66 76
66 73
66 60
66 66
66 66
66 62
66 63
66 68
66 66
66 71
66 64
66 74
66 121
66 151
67 62
67 62
67 64
67 70
67 66
67 67
67 63
67 62
67 73
67 64
67 72
67 74
67 63
67 68
67 69
67 74
67 71
67 62
67 59
67 66
67 67
67 71
67 62
67 76
67 72
67 66
67 59
67 76
67 136
67 159
67 131
67 172
68 68
68 66
68 60
68 72
68 66
68 64
68 62
68 67
68 68
68 64
68 63
68 63
68 69
68 64
68 66
68 60
68 74
68 75
68 68
68 64
68 74
68 63
68 74
68 65
68 67
68 90
69 72
69 67
69 65
69 60
69 71
69 65
69 73
69 67
69 74
69 65
69 71
69 70
69 124
69 132
69 139
69 133
70 71
70 70
70 68
70 68
70 59
70 65
70 65
70 62
70 64
70 74
70 65
70 64
70 66
70 59
70 116
70 159
70 116
71 71
71 65
71 59
71 68
71 68
71 74
71 71
71 66
71 63
71 69
71 72
71 67
71 67
71 63
71 69
71 67
71 76
71 71
71 136
72 66
72 75
72 75
72 63
72 68
72 72
72 68
72 73
72 59
72 75
72 62
72 66
72 68
72 68
72 75
72 72
72 72
72 63
72 76
72 60
72 73
72 69
72 74
72 76
72 75
72 68
72 68
72 71
72 75
72 63
72 76
72 63
72 65
72 74
72 97
72 89
72 173
72 153
72 177
72 180
73 68
73 62
73 62
73 66
73 63
73 68
73 64
73 70
73 63
73 68
73 66
73 70
73 64
73 74
73 73
73 59
73 60
73 74
73 76
73 71
73 69
73 171
74 68
74 59
74 72
74 71
74 66
74 68
74 65
74 74
74 69
74 70
74 75
74 72
74 62
74 66
74 73
74 70
74 73
74 157
74 152
74 163
75 60
75 63
75 66
75 68
75 59
75 73
75 68
75 60
75 75
75 66
75 74
75 63
75 60
75 60
75 63
75 72
76 65
76 68
76 73
76 66
76 68
76 67
76 60
76 73
76 64
76 75
76 65
76 76
76 116
76 141
77 79
77 78
77 77
77 80
77 79
77 79
77 77
77 77
77 154
77 181
78 79
78 77
78 77
78 80
78 78
78 80
78 77
78 78
78 77
78 77
78 77
78 80
78 163
79 77
79 78
79 77
79 79
79 77
79 173
80 77
80 77
80 80
80 80
80 78
80 77
80 80
80 131
81 86
81 106
81 85
82 106
82 83
82 110
82 98
82 83
82 128
83 106
83 107
83 106
83 106
83 106
83 98
83 83
83 106
83 90
83 100
83 83
83 88
83 90
83 102
83 87
83 133
83 144
84 102
84 107
84 83
84 89
84 106
84 106
84 149
85 106
85 106
85 106
85 106
85 114
85 90
85 106
85 141
86 107
86 89
87 107
87 114
87 106
87 106
87 89
87 143
88 104
88 83
88 107
88 102
89 88
89 104
89 82
89 102
89 165
90 82
90 96
90 106
90 105
90 94
90 84
90 91
90 106
90 100
90 85
90 100
90 102
90 114
90 106
90 114
90 90
90 106
90 103
92 102
92 137
93 104
93 108
93 95
93 124
94 83
95 90
96 99
96 103
96 109
96 116
97 92
97 89
97 97
97 103
97 110
97 105
97 83
97 102
97 90
97 106
97 148
97 136
98 84
98 106
98 85
98 107
98 107
98 105
98 105
98 106
98 102
98 106
98 103
98 103
98 83
98 103
98 98
98 100
98 174
99 106
99 83
99 108
100 106
100 83
100 87
100 104
100 85
100 106
100 112
100 98
101 106
101 113
101 123
102 106
102 107
102 104
102 82
102 102
102 109
102 102
102 84
102 97
102 106
102 104
102 94
102 102
102 106
102 106
102 106
102 83
102 106
102 111
102 181
102 171
102 139
102 140
102 162
102 175
102 126
102 131
103 106
103 90
103 100
103 87
103 98
103 110
103 83
103 86
103 98
103 106
103 90
103 84
103 113
103 114
103 106
103 104
103 103
103 91
103 103
103 155
103 157
103 132
104 98
104 106
104 98
104 84
104 106
104 103
104 85
104 100
104 83
104 102
104 100
104 108
104 158
105 103
105 84
105 107
105 100
105 139
105 136
106 100
106 105
106 105
106 106
106 96
106 89
106 94
106 106
106 90
106 96
106 83
106 81
106 96
106 85
106 106
106 102
106 84
106 103
106 103
106 98
106 90
106 106
106 101
106 99
106 102
106 106
106 100
106 103
106 104
106 104
106 106
106 109
106 100
106 96
106 107
106 104
106 105
106 106
106 103
106 114
106 106
106 83
106 87
106 104
106 113
106 143
106 140
106 128
106 144
106 124
106 130
106 159
107 114
107 102
107 104
107 83
107 97
107 87
107 100
107 109
107 98
107 90
107 136
107 177
107 133
108 106
108 106
108 85
108 100
108 101
109 106
109 98
110 103
110 106
110 82
110 106
110 103
110 106
110 107
110 102
111 106
111 106
111 122
111 159
112 97
112 103
112 83
112 178
113 81
114 106
114 87
114 88
114 104
114 84
114 90
114 90
114 96
114 143
114 176
115 172
115 165
115 156
115 129
115 171
115 183
115 142
115 156
115 175
115 154
115 155
115 183
115 169
115 129
115 165
115 143
115 148
115 159
115 128
115 136
115 139
115 156
115 140
115 153
115 143
115 142
115 155
115 130
115 145
115 157
115 155
116 181
116 166
116 154
116 115
116 157
116 123
116 158
116 169
116 155
116 145
116 149
116 154
116 136
116 143
116 145
116 157
116 166
116 152
116 160
116 166
116 149
116 136
116 150
116 139
116 147
116 145
116 166
116 181
116 180
116 173
116 115
116 174
116 152
116 158
116 151
116 130
116 163
116 149
116 166
116 157
116 175
116 163
116 155
116 149
116 159
116 173
116 177
116 124
116 129
116 139
116 133
116 161
116 155
117 142
117 121
117 132
117 139
117 165
117 162
117 154
117 175
117 155
117 182
118 156
118 151
118 145
119 142
119 152
119 154
119 157
119 155
119 139
119 152
120 139
120 129
121 123
121 139
121 155
121 152
121 139
121 175
121 146
121 171
121 157
121 139
121 153
121 136
121 177
121 141
121 129
122 125
122 157
122 132
122 173
122 163
122 142
122 164
122 180
122 122
122 149
122 144
122 155
122 137
122 165
122 129
122 165
122 181
122 157
122 148
122 133
122 148
123 123
123 169
123 139
123 136
123 175
123 169
123 157
123 136
123 169
123 155
123 183
123 171
123 134
123 152
123 156
123 143
123 116
123 159
123 180
123 174
123 136
123 139
123 152
123 161
123 136
123 175
123 160
123 165
123 129
123 124
123 141
123 172
123 180
123 179
123 139
123 173
123 140
123 141
123 154
124 145
124 144
124 143
124 127
124 149
124 116
124 159
124 157
124 139
124 139
124 166
124 178
124 172
124 166
124 142
124 139
124 150
124 149
124 175
124 129
124 151
124 172
124 166
124 157
124 177
124 121
124 159
124 143
124 129
124 148
124 129
124 177
124 182
124 122
124 134
124 117
124 173
124 136
124 139
124 115
124 162
124 147
124 147
124 158
124 179
124 176
124 183
124 150
124 157
124 139
124 155
124 159
124 152
124 183
124 180
125 158
125 149
125 139
125 132
125 181
125 181
125 134
125 139
125 160
125 169
125 174
125 122
125 136
125 160
125 164
125 166
125 139
125 154
125 151
125 129
125 119
125 132
125 173
125 155
125 160
125 183
125 131
125 137
125 159
125 123
125 149
125 149
126 181
126 176
126 165
126 180
126 159
126 141
126 130
126 149
126 148
126 136
126 128
126 123
127 169
127 142
127 128
127 174
127 123
127 161
127 139
127 153
127 124
128 116
128 149
128 123
128 171
128 136
128 124
128 142
128 122
128 136
128 139
128 130
128 143
128 122
128 152
128 150
128 166
128 149
128 183
128 181
128 131
128 169
128 179
128 128
128 116
128 128
128 159
128 181
128 139
128 147
128 142
128 166
128 139
128 158
128 160
128 165
129 116
129 151
129 136
129 162
129 139
129 127
129 160
129 174
129 132
129 132
129 171
129 139
129 123
129 175
129 129
129 171
129 156
129 139
129 155
129 158
129 148
129 134
129 153
129 160
129 132
129 177
129 139
129 159
129 180
129 121
129 132
129 149
129 177
129 181
129 154
129 156
129 152
129 171
129 156
129 116
129 141
129 154
129 125
129 132
129 131
129 152
129 149
129 175
129 152
129 117
129 180
129 177
129 140
129 183
129 132
129 148
129 124
129 123
129 137
129 152
129 154
129 139
130 181
130 118
130 181
130 183
130 134
130 152
130 166
130 122
130 132
130 139
130 143
130 118
130 180
130 152
130 148
130 157
130 132
130 179
130 124
130 159
130 153
130 139
130 155
130 154
130 155
130 140
130 157
130 175
130 149
130 137
130 181
130 160
130 132
130 143
131 152
131 167
131 183
131 136
131 145
131 169
131 171
131 183
131 133
131 151
131 132
131 183
131 149
131 181
131 134
131 154
131 144
131 172
131 136
131 166
131 157
131 152
131 137
131 145
131 181
131 129
131 148
131 132
131 145
131 123
131 156
131 159
131 137
131 181
131 157
131 153
131 171
131 165
131 172
131 149
131 125
131 162
131 134
131 154
131 131
131 157
131 155
131 173
131 139
131 142
131 157
131 115
131 157
131 177
131 160
131 134
131 139
131 167
131 179
132 137
132 130
132 139
132 123
132 180
132 129
132 169
132 165
132 178
132 131
132 136
132 116
132 173
132 175
132 149
132 174
132 156
132 121
132 165
132 125
132 180
132 177
132 152
132 154
132 174
132 140
132 131
132 157
132 165
132 181
132 165
132 137
132 137
132 175
132 142
132 172
132 144
132 137
132 136
132 149
132 155
132 163
132 155
132 177
132 145
132 136
132 147
132 135
132 166
132 155
132 153
132 169
132 163
132 155
132 149
132 139
132 183
132 132
132 149
132 125
132 131
132 143
132 150
132 183
132 169
132 146
132 137
132 149
132 151
133 151
133 149
133 123
133 144
133 157
133 130
133 171
133 144
133 156
133 174
133 145
133 123
133 175
133 117
133 173
133 151
133 132
133 142
133 157
133 181
133 175
133 155
133 137
133 139
133 153
133 163
133 169
133 155
133 157
133 137
133 116
133 145
133 134
133 163
133 124
133 174
133 131
133 125
133 155
133 130
133 136
133 142
133 171
133 156
134 176
134 155
134 129
134 117
134 140
134 153
134 174
134 125
134 154
134 163
134 157
134 162
134 117
134 150
134 129
134 132
134 183
134 180
134 123
134 152
134 153
134 132
134 149
134 154
134 148
135 129
136 160
136 133
136 137
136 139
136 143
136 160
136 164
136 171
136 159
136 165
136 149
136 158
136 137
136 134
136 142
136 152
136 145
136 149
136 132
136 172
136 169
136 123
136 139
136 175
136 162
136 176
136 174
136 152
136 139
136 131
136 149
136 169
136 132
136 164
136 116
136 169
136 171
136 153
136 173
136 159
136 144
136 124
136 142
136 151
136 157
136 177
136 124
136 148
136 136
136 131
136 181
136 136
136 128
136 166
136 171
136 127
136 147
136 141
136 180
136 159
136 163
136 181
136 126
136 155
136 143
136 126
136 165
136 139
136 169
136 174
136 123
136 134
136 176
136 132
136 177
136 124
136 136
136 139
136 171
136 131
136 133
136 181
137 159
137 177
137 163
137 136
137 124
137 139
137 138
137 125
137 131
137 176
137 154
137 140
137 133
137 153
137 124
137 180
137 169
137 163
137 115
137 144
137 172
137 136
137 124
137 127
137 176
137 116
137 147
137 125
137 171
137 133
137 160
137 169
137 154
137 131
137 132
137 171
137 154
137 176
137 137
137 143
137 151
137 132
137 178
137 166
137 158
137 124
137 148
137 167
137 123
137 167
137 140
137 169
137 139
138 147
138 136
138 175
138 156
138 158
139 152
139 131
139 153
139 162
139 177
139 155
139 126
139 142
139 171
139 177
139 151
139 118
139 137
139 160
139 177
139 157
139 145
139 157
139 142
139 131
139 133
139 128
139 175
139 177
139 181
139 181
139 149
139 182
139 183
139 162
139 157
139 143
139 149
139 145
139 122
139 155
139 175
139 129
139 153
139 156
139 147
139 136
139 130
139 139
139 117
139 172
139 177
139 123
139 139
139 166
139 158
139 139
139 139
139 154
139 132
139 173
139 180
139 123
139 128
139 123
139 142
139 133
139 181
139 152
139 163
139 163
139 153
139 165
139 152
139 152
139 163
139 152
139 129
139 115
139 169
139 116
139 176
139 148
139 163
139 157
139 115
139 142
139 155
139 144
139 149
139 126
139 153
139 123
139 139
139 134
139 145
139 132
139 132
139 165
139 131
139 115
139 181
139 177
139 139
139 131
139 142
139 155
139 149
139 157
139 152
139 155
139 179
139 143
139 137
139 133
139 162
139 115
139 152
139 171
139 116
139 166
139 171
139 128
139 158
139 140
139 120
139 165
139 133
139 183
139 152
139 160
139 144
139 158
139 157
139 124
139 128
139 131
139 150
139 156
140 148
140 176
140 173
140 144
140 154
140 144
140 121
140 136
140 121
140 171
140 137
140 129
140 155
140 128
140 139
140 117
140 171
140 119
140 173
140 158
140 159
140 152
140 162
140 148
140 156
140 157
140 166
140 139
140 138
140 169
140 119
140 142
140 174
140 152
140 123
140 122
140 143
140 166
141 116
141 155
141 155
141 181
141 157
141 131
141 139
141 134
141 130
141 129
141 123
141 125
141 123
141 140
141 169
141 142
141 129
141 147
142 131
142 143
142 128
142 150
142 142
142 139
142 147
142 140
142 155
142 139
142 148
142 162
142 122
142 124
142 132
142 115
142 175
142 160
142 155
142 176
142 136
142 161
142 159
142 155
142 153
142 162
142 132
142 131
142 116
142 180
142 171
142 132
142 142
142 137
142 144
142 116
142 174
142 132
142 165
142 165
142 129
142 133
142 149
142 132
143 150
143 123
143 136
143 133
143 157
143 137
143 143
143 141
143 182
143 137
143 131
143 171
143 177
143 181
143 134
143 148
143 116
143 165
143 183
143 172
143 126
143 151
143 129
143 158
143 152
143 139
143 141
143 139
143 159
143 115
143 153
143 139
143 122
143 139
143 156
143 133
143 133
143 171
143 165
143 176
143 140
143 142
143 129
143 132
143 174
143 133
143 123
143 129
143 145
143 144
143 173
143 140
143 156
143 151
143 139
143 153
143 165
143 180
144 124
144 132
144 166
144 148
144 169
144 143
144 117
144 155
144 136
144 125
144 132
144 139
144 142
144 136
144 154
144 144
144 142
144 119
144 123
144 123
144 149
144 131
144 153
144 163
144 124
144 118
144 154
144 173
144 181
144 143
145 130
145 171
145 163
145 128
145 126
145 169
145 136
145 124
145 132
145 155
145 129
145 136
145 137
145 177
145 172
145 133
145 123
145 143
145 136
145 171
145 129
145 178
145 152
145 116
145 123
145 151
145 139
145 178
145 171
145 116
145 131
145 116
145 155
145 144
145 131
145 122
145 116
145 156
145 149
145 140
145 151
145 157
145 158
145 136
145 152
145 124
145 136
145 160
145 149
145 116
145 160
145 149
145 172
145 169
145 123
145 149
145 116
145 127
145 181
146 136
146 179
146 157
146 155
146 150
146 136
146 183
146 149
146 181
146 115
147 140
147 124
147 171
147 183
147 150
147 139
147 137
147 116
147 180
147 165
147 140
147 149
147 129
147 157
147 122
147 156
147 133
147 181
147 137
147 152
147 182
147 142
147 137
147 137
148 143
148 175
148 155
148 123
148 140
148 155
148 149
148 171
148 172
148 139
148 183
148 181
148 124
148 131
148 171
148 153
148 147
148 141
148 147
148 151
148 166
148 152
148 141
148 143
148 179
148 152
148 133
148 174
148 130
148 160
148 134
148 162
148 154
149 124
149 159
149 136
149 136
149 158
149 139
149 166
149 173
149 136
149 149
149 142
149 157
149 175
149 166
149 129
149 136
149 169
149 137
149 166
149 151
149 181
149 158
149 165
149 147
149 181
149 177
149 165
149 175
149 158
149 165
149 139
149 155
149 152
149 127
149 165
149 160
149 154
149 152
149 129
149 159
149 125
149 142
149 130
149 120
149 129
149 154
149 128
149 154
149 154
149 136
149 129
149 165
149 178
149 176
149 155
149 165
149 141
149 162
149 130
149 165
149 182
149 181
149 115
149 175
149 139
149 166
149 169
150 174
150 171
150 149
150 132
150 177
150 116
150 115
150 132
150 127
150 183
150 176
150 137
150 171
150 166
150 117
150 142
150 126
150 123
150 128
150 154
150 123
150 125
150 177
150 155
150 137
150 160
150 142
150 129
150 115
150 177
150 182
150 137
150 139
150 141
150 154
150 180
150 156
151 142
151 156
151 162
151 149
151 129
151 177
151 136
151 136
151 163
151 131
151 180
151 142
151 160
151 147
151 158
151 173
151 136
151 175
151 171
151 180
151 116
151 151
151 130
151 149
151 129
151 145
151 171
152 139
152 177
152 173
152 140
152 144
152 136
152 149
152 132
152 152
152 173
152 157
152 142
152 172
152 139
152 166
152 147
152 166
152 160
152 148
152 172
152 175
152 136
152 153
152 141
152 164
152 158
152 180
152 119
152 137
152 153
152 148
152 157
152 172
152 130
152 142
152 143
152 165
152 145
152 166
152 181
152 125
152 151
152 169
152 181
152 169
152 155
152 134
152 166
152 175
153 123
153 165
153 140
153 140
153 166
153 131
153 123
153 156
153 143
153 148
153 177
153 130
153 164
153 152
153 132
153 139
153 149
153 149
153 124
153 182
153 177
153 144
153 159
153 183
153 119
153 153
153 128
153 176
153 169
153 183
153 177
153 157
153 137
153 153
153 132
153 142
153 126
153 173
153 136
153 134
153 145
153 122
153 131
153 128
153 143
153 169
153 123
153 154
153 154
153 162
153 124
153 177
153 177
153 154
153 172
153 173
154 180
154 145
154 153
154 124
154 116
154 180
154 177
154 148
154 136
154 144
154 136
154 171
154 123
154 155
154 165
154 139
154 121
154 175
154 166
154 128
154 147
154 165
154 123
154 153
154 165
154 116
154 137
154 179
154 144
154 116
154 174
154 134
154 156
154 131
154 176
154 153
154 116
154 160
154 145
154 181
154 164
154 177
154 177
154 145
154 130
155 130
155 124
155 150
155 148
155 137
155 177
155 160
155 137
155 124
155 174
155 161
155 140
155 160
155 153
155 156
155 144
155 163
155 158
155 129
155 166
155 129
155 130
155 175
155 128
155 139
155 121
155 139
155 145
155 142
155 132
155 139
155 154
155 132
155 129
155 171
155 144
155 124
155 131
155 123
155 133
155 163
155 151
155 149
155 139
155 173
155 124
155 123
155 124
155 174
155 171
155 140
155 156
155 177
155 140
155 164
155 116
155 137
155 154
155 160
155 134
155 159
155 155
155 126
155 149
156 136
156 165
156 169
156 154
156 159
156 139
156 124
156 139
156 177
156 179
156 131
156 143
156 178
156 147
156 132
156 117
156 140
156 137
156 125
156 157
156 157
156 132
156 154
156 125
156 163
156 123
156 143
156 159
156 159
156 139
156 183
156 123
156 141
156 160
156 154
156 169
156 173
156 128
157 155
157 180
157 167
157 143
157 157
157 132
157 124
157 155
157 128
157 149
157 158
157 141
157 171
157 171
157 145
157 139
157 160
157 170
157 140
157 145
157 128
157 143
157 139
157 116
157 129
157 183
157 124
157 121
157 150
157 137
157 144
157 144
157 174
157 131
157 149
157 134
157 164
157 122
157 155
157 171
157 115
157 171
157 160
157 144
157 145
157 143
157 152
157 139
157 177
157 126
158 139
158 134
158 152
158 121
158 157
158 181
158 131
158 148
158 156
158 140
158 159
158 158
158 149
158 153
158 172
158 122
158 125
158 176
158 145
158 170
158 115
158 134
158 149
158 157
158 116
158 142
158 160
158 134
158 171
158 139
158 151
158 154
158 136
158 125
158 128
158 149
158 132
158 159
158 116
158 166
158 169
158 124
158 158
158 183
158 165
158 152
158 157
158 140
158 143
159 124
159 148
159 148
159 152
159 131
159 155
159 150
159 157
159 183
159 156
159 116
159 177
159 156
159 140
159 182
159 137
159 177
159 139
159 143
159 116
159 150
159 137
159 129
159 171
159 152
159 174
159 144
159 129
159 116
159 145
159 123
159 117
159 154
159 144
159 152
159 181
159 182
159 115
159 155
159 177
159 171
159 129
159 156
159 143
159 153
159 153
159 165
159 143
159 145
159 169
159 124
159 178
159 163
159 181
160 139
160 154
160 154
160 121
160 136
160 124
160 183
160 157
160 149
160 164
160 131
160 128
160 119
160 171
160 166
160 132
160 127
160 122
160 152
160 180
160 132
160 139
160 155
160 143
160 165
160 183
160 132
160 128
160 145
160 124
160 124
160 145
160 181
160 181
160 139
160 129
160 183
160 154
160 181
160 142
160 175
160 131
160 182
160 153
160 115
160 134
160 162
160 156
160 133
160 142
160 136
160 174
160 157
160 165
160 149
160 145
160 139
160 173
160 177
160 153
161 156
161 160
161 136
161 172
162 143
162 142
162 137
162 136
162 136
162 159
162 154
162 149
162 134
162 153
162 173
162 132
162 175
162 182
162 128
162 153
163 159
163 132
163 150
163 180
163 175
163 160
163 157
163 127
163 139
163 157
163 140
163 156
163 140
163 123
163 171
163 163
163 152
163 127
163 128
163 150
163 171
163 173
163 139
163 158
163 123
163 173
163 122
163 154
164 140
164 131
164 148
164 181
164 164
164 149
164 171
164 153
164 160
164 172
164 159
164 158
164 160
164 183
164 180
164 122
164 175
164 124
164 143
164 177
164 152
165 131
165 158
165 140
165 132
165 152
165 166
165 145
165 123
165 126
165 145
165 125
165 162
165 136
165 147
165 123
165 136
165 124
165 168
165 160
165 123
165 145
165 175
165 137
165 148
165 149
165 139
165 150
165 183
165 130
165 171
165 169
165 129
165 165
165 166
165 152
165 165
165 151
165 179
165 115
165 155
165 148
165 136
165 149
165 157
165 139
165 166
165 162
165 125
165 128
165 173
165 137
165 151
165 134
165 152
165 131
165 129
165 155
165 152
165 116
166 153
166 134
166 177
166 172
166 136
166 134
166 154
166 173
166 144
166 139
166 156
166 160
166 181
166 159
166 148
166 132
166 171
166 128
166 132
166 153
166 145
166 182
166 180
166 153
166 153
166 145
166 128
166 136
166 155
166 125
166 163
166 136
166 143
166 157
166 165
166 116
166 128
166 143
166 176
166 166
166 155
166 149
166 164
166 129
166 175
166 142
166 151
166 171
166 175
166 157
166 156
166 141
167 165
167 144
167 134
167 171
167 130
167 160
168 125
169 156
169 123
169 139
169 145
169 177
169 177
169 151
169 143
169 142
169 155
169 149
169 156
169 146
169 173
169 148
169 176
169 159
169 137
169 158
169 171
169 161
169 160
169 116
169 136
169 157
169 139
169 172
169 154
169 129
169 136
169 148
169 140
169 116
169 141
169 181
169 172
169 129
169 129
169 139
169 139
169 166
169 125
169 139
169 122
169 137
169 174
169 133
169 177
170 157
170 164
170 140
170 157
170 181
170 175
171 169
171 158
171 116
171 160
171 134
171 182
171 169
171 155
171 136
171 153
171 140
171 149
171 145
171 181
171 152
171 123
171 136
171 141
171 175
171 172
171 137
171 162
171 153
171 142
171 165
171 155
171 122
171 160
171 180
171 129
171 175
171 132
171 163
171 177
171 129
171 143
171 175
171 134
171 116
171 125
171 143
171 116
171 154
171 147
171 143
171 177
171 152
171 139
171 137
172 116
172 131
172 149
172 130
172 153
172 159
172 116
172 167
172 124
172 159
172 154
172 133
172 128
172 144
172 145
172 152
172 139
172 147
172 164
172 169
172 143
172 130
172 177
172 166
172 175
172 129
172 181
173 180
173 161
173 139
173 130
173 156
173 140
173 154
173 128
173 133
173 177
173 183
173 160
173 170
173 165
173 140
173 153
173 160
173 123
173 172
173 116
173 145
173 139
173 158
173 143
173 163
173 116
173 130
174 123
174 116
174 129
174 152
174 115
174 169
174 131
174 172
174 124
174 133
174 154
174 164
174 116
174 159
174 183
174 152
174 145
174 115
174 137
174 160
174 164
174 125
174 116
174 181
174 169
174 181
174 128
174 123
174 137
175 169
175 124
175 167
175 142
175 153
175 130
175 131
175 180
175 136
175 139
175 177
175 154
175 157
175 116
175 140
175 139
175 156
175 117
175 128
175 123
175 162
175 180
175 125
175 149
175 178
175 156
175 144
175 149
175 124
175 133
175 118
175 124
175 124
175 161
175 130
176 125
176 124
176 145
176 131
176 128
176 143
176 139
176 150
176 154
176 171
176 181
176 169
176 180
176 152
176 145
176 137
176 122
176 117
176 134
176 131
177 157
177 183
177 160
177 181
177 174
177 129
177 132
177 137
177 155
177 183
177 177
177 175
177 181
177 130
177 160
177 181
177 137
177 137
177 179
177 125
177 157
177 169
177 145
177 116
177 116
177 163
177 150
177 181
177 145
177 157
177 148
177 149
177 181
177 129
177 130
177 181
177 142
177 142
177 123
177 155
177 158
177 177
177 140
177 124
177 181
177 124
177 143
177 116
177 150
177 132
177 177
177 137
177 154
177 137
177 171
177 139
177 154
177 139
177 157
177 153
177 139
177 125
177 155
177 183
177 181
177 124
177 175
177 157
177 165
177 139
178 130
178 144
178 155
178 171
178 142
178 124
178 159
178 183
178 176
178 173
178 140
178 115
178 162
178 183
178 137
178 177
179 129
179 174
179 173
179 157
179 155
180 180
180 123
180 163
180 139
180 156
180 143
180 115
180 137
180 176
180 136
180 141
180 165
180 158
180 159
180 148
180 158
180 180
180 132
180 148
180 155
180 180
180 139
180 140
180 153
180 139
180 155
180 128
180 163
180 157
180 123
180 152
180 125
180 137
180 133
180 124
180 155
180 165
180 152
180 159
180 173
180 158
180 163
181 154
181 159
181 140
181 142
181 162
181 140
181 149
181 155
181 123
181 145
181 169
181 131
181 145
181 181
181 139
181 148
181 132
181 173
181 178
181 177
181 156
181 139
181 181
181 140
181 143
181 137
181 130
181 153
181 143
181 139
181 177
181 132
181 174
181 145
181 132
181 118
181 160
181 157
181 129
181 183
181 139
181 177
181 158
181 160
181 139
181 166
181 133
181 158
181 129
181 173
181 146
181 136
181 139
181 144
181 147
181 183
181 156
181 124
181 148
181 159
181 132
182 125
182 125
182 115
182 124
182 160
182 157
182 160
182 152
182 128
182 155
182 124
182 155
182 123
182 138
182 141
182 181
182 181
183 133
183 156
183 143
183 128
183 118
183 131
183 180
183 154
183 130
183 175
183 157
183 144
183 123
183 137
183 131
183 177
183 139
183 182
183 157
183 151
183 132
183 169
183 165
183 148
183 145
183 148
183 177
183 122
183 143
183 163
183 159
183 133
183 177
183 133
183 165
183 154
183 142
183 152
183 145
183 157
183 139
183 129
183 159