0 7
0 66
0 39
0 15
0 14
1 7
2 7
3 7
4 7
5 7
6 7
6 45
6 66
6 53
6 35
6 46
6 47
6 26
6 48
6 21
6 43
6 36
6 13
6 37
6 40
6 60
6 42
6 56
6 41
6 50
6 15
7 28
7 52
7 9
7 34
7 53
7 46
7 35
7 45
7 66
7 26
7 47
7 62
7 48
7 15
7 20
7 39
7 21
7 37
7 13
7 58
7 43
7 51
7 40
7 16
7 36
7 61
7 23
7 64
7 65
7 12
7 27
7 31
7 10
7 32
7 17
7 25
7 38
7 63
7 67
7 60
7 57
7 30
7 24
7 19
7 33
7 49
7 29
7 55
7 8
7 11
7 18
7 59
7 54
7 14
7 44
7 56
7 41
7 42
7 22
7 50
7 102
7 304
7 589
9 45
9 48
9 22
9 50
11 66
12 42
13 40
14 45
14 66
14 15
14 52
14 47
14 48
14 39
14 16
14 41
14 50
15 28
15 53
15 46
15 45
15 66
15 26
15 48
15 39
15 21
15 20
15 16
15 43
15 36
15 57
15 44
15 56
15 22
15 41
15 42
15 50
16 44
16 42
17 66
17 26
18 21
20 45
20 48
20 44
20 41
21 66
21 45
21 52
21 44
21 56
21 50
22 66
22 51
22 42
22 56
22 41
22 50
24 46
26 66
26 44
26 50
28 44
28 56
30 53
32 45
33 56
34 61
34 46
34 45
34 50
35 46
35 47
35 39
35 44
35 56
35 42
35 50
35 304
37 47
37 42
38 45
39 46
39 45
39 48
40 42
40 56
41 47
41 61
41 60
41 44
42 66
42 52
42 46
42 51
42 44
42 56
42 50
43 66
44 66
44 46
44 48
44 56
44 50
45 52
45 46
45 66
45 51
45 67
45 54
45 50
45 304
46 66
46 56
46 50
47 66
47 53
47 50
48 66
48 50
50 66
50 52
50 63
53 66
56 66
56 62
56 304
68 71
69 71
70 71
71 77
71 76
71 78
71 74
71 79
71 75
71 72
71 73
72 77
72 78
73 77
75 77
75 78
76 77
76 78
80 102
81 102
82 102
82 110
82 212
83 102
83 98
83 91
83 208
84 102
84 214
84 101
84 211
84 181
84 180
85 102
85 172
85 219
85 136
85 217
85 212
86 102
86 214
87 102
88 102
88 214
88 211
89 102
89 215
89 142
90 102
90 156
90 137
90 101
91 102
91 148
91 189
91 160
91 180
92 102
92 118
92 114
92 98
92 211
92 212
93 102
93 133
93 190
93 145
93 137
94 102
94 223
94 210
95 102
96 102
96 207
96 145
96 171
97 102
98 102
98 105
98 137
98 169
98 168
98 171
99 102
99 105
99 215
99 123
99 162
99 145
99 101
99 151
99 168
100 102
101 102
101 195
101 137
101 145
101 214
101 118
101 131
101 186
101 196
101 156
101 168
102 235
102 122
102 133
102 166
102 228
102 197
102 214
102 207
102 118
102 105
102 148
102 190
102 125
102 131
102 110
102 201
102 128
102 130
102 164
102 127
102 175
102 189
102 154
102 139
102 159
102 221
102 157
102 163
102 103
102 215
102 200
102 203
102 193
102 223
102 106
102 112
102 204
102 192
102 206
102 115
102 218
102 188
102 117
102 124
102 176
102 195
102 114
102 186
102 232
102 182
102 198
102 173
102 143
102 140
102 108
102 153
102 224
102 134
102 150
102 179
102 191
102 234
102 172
102 137
102 145
102 219
102 231
102 116
102 123
102 178
102 196
102 144
102 167
102 151
102 211
102 111
102 119
102 213
102 126
102 152
102 142
102 230
102 138
102 170
102 165
102 194
102 236
102 120
102 226
102 129
102 199
102 136
102 169
102 162
102 187
102 220
102 183
102 107
102 121
102 104
102 202
102 132
102 217
102 156
102 147
102 168
102 181
102 158
102 146
102 229
102 184
102 141
102 208
102 160
102 210
102 212
102 171
102 180
102 227
102 222
102 161
102 113
102 205
102 174
102 209
102 149
102 185
102 109
102 177
102 216
102 233
102 135
102 155
102 225
102 304
102 678
102 614
102 589
102 599
102 658
102 433
102 473
102 464
102 500
103 168
103 227
104 118
104 231
104 208
105 130
105 234
105 231
105 236
105 110
105 186
105 168
106 130
106 195
106 210
110 201
110 131
110 149
110 172
110 181
110 168
110 180
110 212
111 172
111 137
111 228
111 118
111 148
111 211
111 138
111 120
111 180
111 227
112 219
113 210
114 235
114 125
114 131
114 163
114 129
114 220
114 172
114 168
114 180
115 214
115 180
116 196
116 217
116 211
117 204
118 122
118 125
118 145
118 172
118 151
119 190
119 200
120 196
120 144
120 167
120 220
121 190
121 180
122 197
122 176
122 172
123 201
123 145
123 164
123 223
123 183
123 158
123 167
123 171
124 210
125 196
125 231
125 236
125 194
125 162
125 171
126 197
126 163
128 171
129 162
129 217
129 181
129 227
131 142
131 211
132 152
132 227
133 189
133 171
136 196
136 220
137 197
137 207
137 201
137 195
137 140
137 165
137 147
137 180
137 212
138 186
138 167
139 181
140 214
141 219
144 228
144 166
144 203
144 192
144 226
144 147
144 180
144 227
145 228
145 235
145 214
145 148
145 151
145 162
145 156
145 168
147 219
147 211
147 212
148 207
148 214
148 203
148 181
151 195
151 166
151 201
151 196
151 211
151 236
156 186
162 195
162 219
162 181
163 200
163 195
164 211
165 223
165 236
166 210
166 212
166 227
167 195
167 214
167 207
167 223
167 217
167 184
167 210
167 227
168 235
168 186
168 178
168 217
168 181
168 180
170 195
170 227
171 235
171 228
171 214
171 207
171 229
171 180
172 190
172 218
172 178
172 199
172 184
172 180
172 181
172 227
178 207
178 193
178 226
178 217
178 227
179 227
180 197
180 228
180 215
180 230
180 183
180 217
180 184
181 228
181 207
181 211
181 212
186 214
186 227
187 214
188 230
190 206
190 194
190 212
193 207
195 201
195 211
196 223
196 236
196 227
199 235
200 227
201 230
202 227
203 211
203 227
210 219
210 226
210 227
211 228
211 212
214 227
219 226
219 229
237 267
237 240
238 250
238 275
238 246
238 266
238 244
238 255
238 252
238 267
238 256
238 263
238 239
238 260
238 272
238 264
238 241
238 257
238 240
239 252
239 255
239 240
239 254
239 251
239 263
239 257
240 268
240 275
240 245
240 274
240 242
240 269
240 259
240 247
240 250
240 273
240 271
240 276
240 253
240 243
240 254
240 266
240 258
240 246
240 249
240 265
240 262
240 244
240 261
240 277
240 255
240 252
240 267
240 248
240 251
240 256
240 270
240 260
240 263
240 264
240 272
240 241
240 257
241 255
241 267
241 263
241 270
241 254
241 258
241 277
242 255
243 267
243 260
244 252
244 260
245 258
245 263
246 252
246 267
247 255
248 252
248 270
248 263
248 260
248 264
248 272
249 255
251 255
251 267
252 258
252 262
252 277
252 255
252 270
252 260
252 263
252 272
252 264
252 257
252 267
255 262
255 265
255 260
255 270
255 267
256 267
256 259
257 267
257 270
257 277
257 262
257 272
257 264
258 263
260 267
260 262
260 263
260 264
262 263
263 267
263 266
263 265
263 272
264 270
264 272
266 267
266 272
267 276
267 271
267 270
278 308
278 376
278 344
278 387
278 422
278 400
278 425
278 304
278 369
278 324
278 365
278 315
278 367
278 340
278 326
278 289
278 302
278 420
278 401
278 296
278 414
278 327
278 354
278 419
278 282
278 385
278 331
278 410
278 411
278 391
278 356
278 279
278 394
278 377
279 304
279 389
279 330
279 327
279 354
279 411
279 371
279 378
279 399
279 376
279 285
279 412
279 337
279 423
279 283
279 308
279 406
279 366
279 314
279 387
279 416
279 344
279 318
279 310
279 335
279 328
279 425
279 422
279 415
279 405
279 426
279 396
279 358
279 301
279 315
279 297
279 418
279 374
279 305
279 363
279 414
279 303
279 317
279 348
279 419
279 342
279 331
279 410
279 385
279 288
279 281
279 343
279 290
279 375
279 421
279 420
279 391
279 395
279 313
279 427
279 351
279 386
279 296
280 328
280 304
280 315
280 374
280 382
280 414
280 282
280 411
280 409
280 394
280 383
281 424
281 417
281 304
281 324
281 386
282 422
282 400
282 304
282 369
282 324
282 315
282 358
282 389
282 363
282 305
282 414
282 330
282 327
282 354
282 399
282 357
282 376
282 285
282 283
282 337
282 366
282 286
282 360
282 314
282 355
282 416
282 299
282 387
282 344
282 424
282 373
282 335
282 328
282 390
282 323
282 418
282 284
282 368
282 343
282 421
282 290
282 345
282 351
282 313
282 383
282 401
282 296
282 410
282 385
282 288
282 409
282 391
282 377
283 378
283 376
283 337
283 360
283 366
283 335
283 334
283 284
283 317
283 368
283 340
283 343
283 345
283 375
283 386
283 311
283 299
283 344
283 325
283 417
283 328
283 422
283 425
283 400
283 304
283 324
283 369
283 358
283 301
283 389
283 363
283 305
283 303
283 327
283 288
283 385
283 411
283 395
283 391
283 409
283 356
283 351
283 377
284 371
284 376
284 424
284 304
284 324
284 365
284 363
284 410
284 411
284 379
284 377
285 298
285 376
285 357
285 423
285 306
285 349
285 314
285 366
285 415
285 334
285 426
285 390
285 365
285 408
285 374
285 348
285 401
285 311
285 299
285 344
285 424
285 325
285 400
285 304
285 369
285 389
285 363
285 382
285 303
285 327
285 354
285 330
285 288
285 331
285 385
285 395
285 391
285 356
285 427
285 351
285 313
285 377
286 399
286 412
286 308
286 373
286 381
286 418
286 387
286 416
286 304
286 369
286 396
286 365
286 358
286 301
286 315
286 374
286 305
286 354
286 330
286 419
286 331
286 411
286 391
286 351
286 311
286 296
287 399
287 424
287 328
287 400
287 422
287 304
287 369
287 363
287 303
287 354
287 327
287 331
287 426
287 421
287 375
287 377
287 386
287 311
288 400
288 422
288 304
288 324
288 389
288 305
288 363
288 327
288 330
288 298
288 378
288 423
288 337
288 308
288 412
288 306
288 416
288 344
288 338
288 335
288 328
288 415
288 405
288 396
288 390
288 315
288 301
288 300
288 303
288 368
288 326
288 289
288 340
288 331
288 410
288 385
288 364
288 420
288 290
288 345
288 375
288 427
288 351
288 401
288 386
288 311
288 296
288 411
288 409
288 391
288 395
288 356
288 377
289 308
289 417
289 304
289 324
289 369
289 365
289 363
289 382
289 414
289 354
289 327
289 388
289 375
289 331
289 385
289 410
289 411
289 395
289 409
289 313
289 427
289 351
289 377
289 311
289 296
290 357
290 376
290 387
290 417
290 304
290 324
290 358
290 363
290 382
290 354
290 327
290 348
290 419
290 410
290 385
290 411
290 338
290 318
290 421
290 395
291 416
291 425
291 304
291 389
291 363
291 411
291 427
291 394
291 377
292 304
293 304
294 304
295 304
295 382
296 387
296 417
296 325
296 422
296 304
296 396
296 389
296 363
296 305
296 327
296 330
296 354
296 411
296 395
296 356
296 377
296 366
296 345
296 401
296 311
297 314
297 387
297 325
297 304
297 369
297 330
297 327
297 419
297 377
298 399
298 376
298 412
298 344
298 304
298 315
298 358
298 389
298 382
298 363
298 330
298 385
298 351
298 427
298 383
299 399
299 308
299 412
299 337
299 373
299 328
299 415
299 381
299 334
299 365
299 390
299 329
299 326
299 348
299 364
299 375
299 351
299 427
299 386
299 401
299 425
299 422
299 304
299 324
299 358
299 389
299 305
299 414
299 330
299 419
299 342
299 331
299 385
299 410
299 411
299 391
299 409
299 395
299 356
299 377
300 423
300 337
300 387
300 417
300 304
300 369
300 390
300 358
300 305
300 327
300 411
300 356
300 313
300 377
301 325
301 425
301 400
301 422
301 304
301 324
301 369
301 399
301 308
301 337
301 360
301 387
301 328
301 381
301 390
301 396
301 315
301 358
301 413
301 329
301 374
301 414
301 368
301 340
301 421
301 379
301 427
301 351
301 401
301 389
301 305
301 363
301 327
301 354
301 330
301 331
301 410
301 385
301 411
301 391
301 395
301 409
301 356
301 377
302 304
302 367
302 382
302 411
303 325
303 417
303 400
303 425
303 422
303 304
303 369
303 358
303 315
303 389
303 305
303 363
303 412
303 357
303 360
303 387
303 416
303 322
303 347
303 381
303 390
303 397
303 374
303 414
303 419
303 364
303 420
303 427
303 351
303 401
303 311
303 330
303 331
303 385
303 410
303 411
303 395
303 356
303 377
304 371
304 378
304 399
304 423
304 308
304 376
304 412
304 337
304 357
304 406
304 306
304 349
304 362
304 372
304 388
304 314
304 366
304 360
304 341
304 355
304 332
304 319
304 370
304 350
304 402
304 392
304 407
304 344
304 416
304 387
304 424
304 310
304 335
304 373
304 338
304 318
304 325
304 417
304 328
304 400
304 422
304 425
304 322
304 415
304 316
304 347
304 307
304 324
304 369
304 405
304 334
304 426
304 380
304 381
304 390
304 365
304 396
304 315
304 358
304 393
304 408
304 320
304 413
304 323
304 352
304 312
304 359
304 353
304 321
304 346
304 389
304 384
304 333
304 361
304 404
304 397
304 418
304 403
304 329
304 339
304 367
304 374
304 305
304 363
304 382
304 414
304 354
304 330
304 327
304 368
304 348
304 340
304 317
304 326
304 419
304 342
304 410
304 385
304 331
304 309
304 398
304 343
304 411
304 364
304 421
304 345
304 420
304 375
304 379
304 336
304 395
304 409
304 391
304 356
304 394
304 351
304 427
304 313
304 377
304 386
304 401
304 383
304 311
304 591
305 400
305 422
305 324
305 389
305 378
305 399
305 376
305 357
305 372
305 388
305 360
305 344
305 387
305 416
305 310
305 417
305 325
305 328
305 347
305 405
305 426
305 396
305 358
305 315
305 359
305 384
305 382
305 414
305 348
305 340
305 317
305 419
305 342
305 331
305 385
305 410
305 364
305 379
305 336
305 409
305 351
305 313
305 427
305 394
305 383
305 386
305 311
305 327
305 330
305 411
305 356
306 400
306 410
306 427
307 400
307 330
308 378
308 412
308 372
308 360
308 366
308 365
308 374
308 386
308 311
308 344
308 416
308 387
308 417
308 425
308 315
308 358
308 389
308 382
308 414
308 354
308 327
308 342
308 410
308 411
308 356
308 313
308 427
308 394
308 377
309 400
309 365
310 424
310 361
310 329
310 328
310 422
310 425
310 400
310 369
310 396
310 389
310 382
310 414
310 354
310 342
310 411
311 424
311 344
311 417
311 328
311 400
311 422
311 369
311 396
311 389
311 374
311 363
311 414
311 330
311 327
311 354
311 342
311 385
311 411
311 409
311 356
311 427
311 394
311 377
311 360
311 361
311 345
311 401
312 357
312 358
312 385
313 387
313 424
313 416
313 417
313 325
313 328
313 425
313 400
313 422
313 315
313 358
313 389
313 382
313 363
313 354
313 342
313 419
313 331
313 385
313 411
313 395
313 391
313 371
313 357
313 337
313 423
313 376
313 366
313 335
313 318
313 415
313 367
313 364
313 375
313 421
313 336
313 394
313 386
313 377
314 399
314 384
314 397
314 368
314 345
314 344
314 387
314 425
314 369
314 390
314 365
314 382
314 414
314 330
314 327
314 419
314 342
314 410
314 411
314 395
314 356
314 386
314 401
315 417
315 422
315 425
315 369
315 324
315 371
315 399
315 357
315 362
315 344
315 416
315 387
315 338
315 328
315 426
315 396
315 390
315 358
315 408
315 397
315 333
315 403
315 414
315 326
315 419
315 342
315 343
315 379
315 336
315 351
315 427
315 386
315 363
315 382
315 330
315 331
315 385
315 410
315 411
315 395
315 409
315 356
316 324
317 337
317 366
317 325
317 425
317 390
317 374
317 363
317 330
317 327
317 426
317 348
317 342
317 410
317 411
317 391
317 356
317 401
318 387
318 424
318 328
318 425
318 365
318 358
318 382
318 419
318 331
318 385
318 411
318 356
318 377
320 419
320 411
320 377
321 369
321 389
321 363
322 417
322 330
322 427
323 327
324 422
324 425
324 400
324 378
324 371
324 399
324 337
324 376
324 360
324 424
324 387
324 416
324 325
324 417
324 369
324 381
324 396
324 358
324 393
324 361
324 418
324 367
324 374
324 382
324 414
324 326
324 419
324 342
324 385
324 410
324 364
324 420
324 375
324 345
324 409
324 394
324 427
324 386
324 401
324 389
324 327
324 411
324 356
325 378
325 399
325 337
325 412
325 357
325 349
325 388
325 344
325 417
325 405
325 381
325 365
325 390
325 358
325 413
325 333
325 403
325 418
325 414
325 348
325 326
325 419
325 342
325 364
325 421
325 383
325 386
325 422
325 400
325 425
325 369
325 382
325 363
325 327
325 354
325 385
325 411
325 409
325 391
325 356
325 377
326 399
326 387
326 424
326 328
326 400
326 369
326 365
326 358
326 382
326 354
326 362
326 415
326 361
326 385
326 411
326 364
326 356
326 386
327 389
327 399
327 376
327 423
327 360
327 416
327 387
327 424
327 417
327 422
327 400
327 425
327 347
327 369
327 365
327 396
327 390
327 358
327 329
327 367
327 374
327 382
327 363
327 354
327 340
327 419
327 342
327 331
327 385
327 364
327 420
327 336
327 409
327 391
327 395
327 356
327 427
327 351
327 383
327 401
327 386
327 411
327 377
328 416
328 344
328 424
328 417
328 399
328 376
328 349
328 366
328 396
328 333
328 403
328 421
328 379
328 427
328 394
328 383
328 425
328 400
328 358
328 389
328 382
328 414
328 354
328 419
328 331
328 411
328 409
328 391
328 377
329 412
329 389
329 382
329 348
329 331
329 411
330 389
330 378
330 371
330 399
330 423
330 412
330 376
330 406
330 387
330 424
330 416
330 417
330 422
330 425
330 415
330 369
330 381
330 380
330 426
330 396
330 365
330 390
330 358
330 404
330 384
330 374
330 382
330 363
330 414
330 354
330 368
330 348
330 340
330 342
330 410
330 331
330 385
330 343
330 364
330 345
330 379
330 336
330 356
330 394
330 351
330 383
330 386
330 411
331 422
331 425
331 369
331 389
331 382
331 363
331 354
331 412
331 423
331 357
331 376
331 388
331 366
331 416
331 424
331 373
331 335
331 405
331 381
331 334
331 390
331 404
331 397
331 339
331 368
331 419
331 410
331 345
331 375
331 420
331 394
331 427
331 351
331 386
331 383
331 411
331 391
331 395
331 356
331 377
333 371
333 360
333 400
333 425
333 385
333 391
333 356
333 377
334 424
334 417
334 358
334 414
334 411
334 427
335 357
335 423
335 422
335 414
335 411
335 391
335 395
336 337
336 360
336 416
336 344
336 417
336 389
336 354
336 419
336 421
336 420
336 371
336 406
336 380
336 395
336 356
337 399
337 365
337 390
337 396
337 420
337 386
337 344
337 400
337 369
337 382
337 414
337 385
337 411
337 409
337 391
337 356
337 377
338 362
338 393
338 422
338 369
338 358
338 354
338 419
338 391
338 377
339 378
339 416
339 422
339 358
339 363
339 354
339 411
339 395
340 357
340 387
340 417
340 369
340 390
340 365
340 389
340 374
340 414
340 373
340 426
340 411
340 395
340 409
340 391
342 417
342 422
342 425
342 400
342 389
342 363
342 414
342 378
342 357
342 423
342 360
342 344
342 424
342 365
342 374
342 348
342 419
342 394
342 427
342 386
342 385
342 411
342 391
342 356
342 377
343 425
343 411
343 420
343 391
344 399
344 423
344 376
344 349
344 388
344 424
344 387
344 426
344 390
344 396
344 413
344 403
344 364
344 375
344 351
344 383
344 400
344 425
344 358
344 382
344 363
344 414
344 419
344 411
344 356
344 377
345 424
345 416
345 417
345 425
345 400
345 363
345 371
345 415
346 424
346 422
347 400
347 356
348 423
348 422
348 365
348 390
348 389
348 382
348 354
348 372
348 352
348 404
348 411
348 364
348 395
348 383
349 424
349 387
349 389
349 420
349 351
349 377
351 424
351 416
351 417
351 425
351 422
351 400
351 369
351 363
351 414
351 354
351 419
351 385
351 410
351 411
351 409
351 391
351 395
351 399
351 412
351 360
351 366
351 426
351 405
351 396
351 367
351 368
351 364
351 421
351 394
351 377
352 366
352 416
352 409
353 369
353 363
353 411
354 389
354 378
354 376
354 366
354 360
354 416
354 387
354 417
354 422
354 425
354 415
354 405
354 365
354 396
354 358
354 393
354 374
354 382
354 363
354 414
354 419
354 410
354 385
354 364
354 421
354 379
354 391
354 395
354 409
354 356
354 427
354 394
354 401
354 411
354 377
355 418
356 389
356 411
356 378
356 399
356 412
356 423
356 416
356 387
356 422
356 425
356 400
356 369
356 380
356 396
356 390
356 365
356 358
356 413
356 418
356 367
356 374
356 363
356 382
356 385
356 420
356 379
356 395
356 409
356 391
356 394
356 427
356 383
356 401
356 377
357 376
357 360
357 405
357 396
357 374
357 420
357 386
357 424
357 416
357 417
357 422
357 400
357 369
357 389
357 363
357 382
357 414
357 411
357 395
357 409
357 427
357 377
358 417
358 400
358 425
358 387
358 365
358 397
358 404
358 414
358 419
358 364
358 420
358 421
358 394
358 427
358 401
358 386
358 383
358 389
358 363
358 410
358 411
358 409
358 377
359 371
359 405
359 409
360 376
360 423
360 412
360 418
360 379
360 424
360 417
360 400
360 422
360 369
360 365
360 389
360 374
360 363
360 382
360 414
360 419
360 411
360 395
360 394
360 386
360 383
361 369
361 389
361 410
361 411
361 386
362 369
362 409
363 422
363 425
363 369
363 378
363 376
363 423
363 412
363 366
363 424
363 417
363 390
363 365
363 396
363 367
363 382
363 414
363 419
363 410
363 385
363 375
363 420
363 395
363 391
363 394
363 386
363 383
363 411
363 377
364 423
364 412
364 387
364 400
364 422
364 425
364 374
364 414
364 385
364 410
364 411
364 366
364 379
364 391
364 377
364 401
364 386
365 376
365 423
365 412
365 416
365 422
365 400
365 369
365 371
365 390
365 367
365 374
365 401
365 383
365 385
365 410
365 411
365 391
365 427
365 377
366 376
366 423
366 418
366 387
366 422
366 369
366 374
366 382
366 411
366 409
366 394
366 427
366 377
367 416
367 425
367 422
367 389
367 372
367 411
367 391
367 377
368 424
368 387
368 422
368 425
368 400
368 369
368 390
368 389
368 410
368 385
368 411
368 409
368 395
368 377
368 386
369 425
369 422
369 399
369 423
369 416
369 424
369 387
369 373
369 417
369 381
369 390
369 397
369 382
369 419
369 385
369 410
369 379
369 391
369 409
369 427
369 389
369 411
371 381
371 416
371 387
371 417
371 400
371 422
371 389
371 411
372 422
372 411
372 377
373 424
373 405
373 422
373 390
373 414
373 421
373 395
373 394
373 377
374 376
374 382
374 419
374 391
374 394
374 377
375 399
375 412
375 422
375 425
375 389
375 382
375 414
375 385
375 393
375 420
376 399
376 423
376 412
376 396
376 393
376 386
376 425
376 382
376 414
376 419
376 385
376 411
376 409
376 377
377 411
377 399
377 423
377 416
377 400
377 425
377 422
377 380
377 426
377 390
377 396
377 413
377 408
377 389
377 382
377 414
377 419
377 385
377 379
377 420
377 391
377 409
377 395
377 394
377 383
378 424
378 422
378 400
378 425
378 411
379 423
379 424
379 417
379 400
379 390
379 396
379 414
379 419
379 411
379 395
379 391
379 409
379 427
379 386
380 423
380 424
380 400
380 385
380 395
380 394
381 400
381 382
382 425
382 400
382 389
382 399
382 423
382 412
382 426
382 390
382 397
382 414
382 421
382 395
382 391
382 394
382 383
382 386
383 423
383 424
383 416
383 422
383 389
383 419
383 411
383 395
383 391
383 398
383 386
384 399
384 400
384 405
384 389
384 411
384 409
384 427
385 422
385 425
385 389
385 399
385 412
385 423
385 424
385 416
385 390
385 404
385 410
385 427
385 386
385 411
385 409
385 395
385 391
386 399
386 423
386 387
386 389
386 419
386 410
386 411
386 395
386 409
386 394
386 418
387 399
387 412
387 416
387 396
387 403
387 427
387 401
387 422
387 425
387 400
387 389
387 414
387 419
387 410
387 411
387 391
387 409
388 416
388 422
388 414
388 411
388 391
389 399
389 423
389 416
389 417
389 422
389 425
389 426
389 396
389 390
389 418
389 414
389 410
389 409
389 391
389 395
389 427
389 401
389 411
390 416
390 422
390 419
390 410
390 411
390 391
391 422
391 400
391 425
391 411
391 399
391 423
391 412
391 424
391 416
391 417
391 426
391 419
391 410
391 398
391 409
391 395
391 394
391 401
393 410
394 416
394 424
394 400
394 414
394 419
394 411
394 395
394 409
394 399
394 406
394 427
394 401
395 422
395 425
395 411
395 399
395 412
395 423
395 424
395 417
395 426
395 404
395 410
395 421
395 420
395 427
396 412
396 416
396 417
396 425
396 422
396 400
396 411
396 427
398 411
399 403
399 424
399 422
399 425
399 414
399 419
399 410
399 409
400 407
400 424
400 416
400 417
400 425
400 422
400 426
400 414
400 410
400 421
400 409
400 427
400 401
400 411
401 416
401 417
401 422
401 425
401 414
401 419
401 410
401 411
403 423
403 417
403 422
403 414
404 412
404 414
404 411
405 423
405 411
405 420
406 418
409 425
409 411
409 412
409 423
409 424
409 417
409 414
409 410
410 422
410 425
410 423
410 424
410 416
410 417
410 414
410 420
410 427
410 411
411 412
411 423
411 416
411 424
411 417
411 425
411 422
411 426
411 414
411 419
411 420
411 427
412 421
412 414
412 419
412 427
413 419
414 425
414 424
414 416
414 426
414 419
414 421
414 427
416 424
416 427
416 422
416 425
416 419
417 423
417 424
417 420
417 425
417 422
418 425
418 427
419 422
419 423
419 420
420 423
420 422
420 425
421 423
421 425
422 423
422 427
423 427
424 427
424 425
428 614
428 589
428 585
428 595
428 464
429 518
429 657
429 506
429 678
429 614
429 609
429 459
429 592
429 481
429 589
429 679
429 549
429 543
429 656
429 681
429 683
429 674
429 432
429 647
429 634
429 564
429 558
429 434
429 665
429 695
429 671
429 599
429 487
429 471
429 582
429 639
429 552
429 601
429 512
429 572
429 433
429 473
429 464
429 500
430 657
430 658
430 582
431 492
431 683
431 591
431 609
431 592
431 589
431 569
431 582
431 512
431 464
431 500
432 589
432 679
432 671
432 642
433 657
433 535
433 678
433 614
433 609
433 687
433 589
433 599
433 671
433 582
433 569
433 639
433 585
433 512
433 601
433 691
433 672
433 621
433 683
433 533
433 485
433 530
433 546
433 489
433 506
433 510
433 592
433 537
433 556
433 459
433 442
433 457
433 679
433 549
433 658
433 458
433 471
433 596
433 493
433 558
433 555
433 664
433 444
433 441
433 499
433 576
433 473
433 642
433 434
433 667
433 566
433 464
433 500
434 518
434 635
434 535
434 678
434 609
434 481
434 592
434 556
434 589
434 549
434 679
434 508
434 582
434 569
434 639
434 601
434 691
434 512
434 585
434 473
434 500
434 451
434 530
434 674
434 586
434 664
434 642
437 556
437 589
437 464
439 589
440 589
440 487
440 569
441 535
441 506
441 609
441 589
441 464
442 578
442 678
442 614
442 589
442 476
442 599
442 458
442 658
442 569
442 582
442 585
442 595
442 464
442 500
443 592
443 582
443 569
443 512
443 464
443 500
444 569
444 601
445 591
445 678
445 589
445 471
445 582
445 691
445 464
445 500
447 678
447 500
450 589
451 657
451 468
451 535
451 678
451 609
451 481
451 592
451 589
451 679
451 599
451 471
451 658
451 487
451 569
451 639
451 691
451 512
451 601
451 595
451 473
451 464
451 500
451 642
454 589
455 518
455 589
455 582
455 500
456 678
457 518
457 657
457 506
457 678
457 592
457 687
457 589
457 510
457 599
457 671
457 487
457 458
457 569
457 552
457 585
457 595
457 572
457 473
457 464
457 500
458 657
458 518
458 535
458 678
458 614
458 609
458 589
458 679
458 671
458 599
458 672
458 593
458 683
458 540
458 481
458 508
458 471
458 658
458 539
458 564
458 662
458 595
458 572
458 641
458 666
458 695
458 668
458 569
458 582
458 552
458 639
458 585
458 691
458 601
458 512
458 473
458 464
458 500
459 657
459 535
459 506
459 678
459 614
459 609
459 540
459 530
459 481
459 556
459 537
459 592
459 508
459 494
459 628
459 547
459 572
459 686
459 642
459 667
459 589
459 679
459 549
459 599
459 671
459 471
459 582
459 639
459 552
459 601
459 512
459 585
459 473
459 464
459 500
460 657
460 535
460 678
460 556
460 537
460 589
460 473
461 589
461 569
461 473
461 464
462 569
464 589
464 681
464 656
464 621
464 491
464 551
464 518
464 657
464 635
464 683
464 685
464 534
464 533
464 540
464 535
464 546
464 530
464 578
464 502
464 591
464 506
464 678
464 510
464 614
464 609
464 556
464 481
464 592
464 537
464 687
464 575
464 577
464 549
464 679
464 508
464 671
464 599
464 471
464 658
464 487
464 569
464 582
464 654
464 613
464 631
464 639
464 552
464 550
464 583
464 497
464 634
464 647
464 629
464 638
464 597
464 558
464 469
464 555
464 608
464 691
464 601
464 585
464 512
464 517
464 547
464 664
464 472
464 492
464 563
464 568
464 505
464 584
464 572
464 595
464 513
464 602
464 666
464 607
464 637
464 603
464 503
464 473
464 500
464 665
464 642
464 655
464 566
464 667
464 640
464 694
464 610
464 668
465 518
465 589
465 617
466 589
466 582
467 589
468 657
468 678
468 609
468 589
468 487
468 471
468 639
468 500
469 518
469 683
469 591
469 678
469 614
469 481
469 589
469 679
469 508
469 671
469 487
469 564
469 524
469 512
469 691
469 601
469 585
469 595
469 500
470 589
470 552
471 535
471 591
471 506
471 678
471 614
471 609
471 687
471 589
471 679
471 671
471 599
471 659
471 683
471 685
471 540
471 489
471 502
471 530
471 556
471 537
471 481
471 658
471 487
471 634
471 664
471 547
471 636
471 595
471 602
471 665
471 569
471 582
471 639
471 552
471 585
471 601
471 691
471 500
472 535
472 591
472 609
472 589
472 662
472 601
473 518
473 657
473 535
473 678
473 614
473 609
473 687
473 589
473 599
473 671
473 569
473 582
473 639
473 552
473 601
473 691
473 585
473 512
473 672
473 593
473 605
473 625
473 489
473 530
473 591
473 506
473 481
473 537
473 556
473 577
473 674
473 679
473 549
473 658
473 487
473 596
473 654
473 634
473 497
473 628
473 664
473 572
473 665
473 667
473 655
473 500
474 609
475 512
476 506
477 589
477 671
478 589
480 609
480 589
480 599
481 518
481 657
481 535
481 591
481 614
481 609
481 530
481 578
481 546
481 537
481 556
481 508
481 586
481 690
481 628
481 547
481 568
481 595
481 607
481 655
481 640
481 687
481 589
481 671
481 599
481 487
481 582
481 569
481 552
481 639
481 585
481 601
481 691
481 500
482 678
482 589
482 658
482 585
482 500
483 518
483 589
485 518
485 502
485 535
485 506
485 614
485 609
485 687
485 589
485 599
485 671
485 569
485 582
485 552
485 585
485 664
485 500
486 589
487 518
487 657
487 591
487 506
487 678
487 614
487 609
487 687
487 589
487 679
487 599
487 671
487 683
487 635
487 540
487 510
487 556
487 613
487 664
487 665
487 642
487 667
487 569
487 582
487 639
487 691
487 512
487 585
487 601
487 500
488 589
489 518
489 613
489 678
489 614
489 537
489 589
489 599
489 569
489 639
489 552
489 691
489 512
489 585
489 500
489 665
491 589
492 535
492 589
492 582
492 500
493 582
493 568
493 500
494 512
494 691
494 694
496 589
497 506
497 678
497 589
497 599
497 582
498 589
499 589
500 589
500 543
500 663
500 672
500 593
500 681
500 529
500 514
500 657
500 518
500 635
500 683
500 524
500 533
500 528
500 685
500 540
500 535
500 546
500 578
500 530
500 502
500 591
500 506
500 678
500 510
500 614
500 609
500 592
500 556
500 537
500 687
500 575
500 577
500 679
500 549
500 508
500 599
500 671
500 658
500 569
500 582
500 586
500 654
500 619
500 552
500 639
500 539
500 583
500 617
500 580
500 564
500 628
500 608
500 558
500 662
500 555
500 601
500 691
500 512
500 585
500 517
500 547
500 664
500 505
500 651
500 595
500 572
500 644
500 615
500 603
500 665
500 642
500 667
500 610
500 655
500 668
500 695
500 694
501 678
501 589
502 577
502 678
502 609
502 537
502 687
502 589
502 679
502 599
502 552
502 564
502 601
502 585
502 691
502 665
503 609
503 592
503 589
504 614
504 589
504 658
505 589
505 679
505 569
505 512
506 657
506 540
506 530
506 537
506 592
506 658
506 690
506 581
506 525
506 547
506 664
506 572
506 526
506 678
506 614
506 609
506 687
506 589
506 549
506 679
506 599
506 569
506 639
506 552
506 512
506 691
507 591
507 589
508 518
508 657
508 535
508 591
508 678
508 609
508 537
508 556
508 687
508 589
508 549
508 679
508 683
508 622
508 530
508 680
508 608
508 664
508 671
508 599
508 658
508 582
508 569
508 639
508 552
508 512
508 601
508 691
509 589
509 569
510 591
510 678
510 651
510 614
510 589
510 579
510 671
510 658
510 569
510 639
512 535
512 614
512 609
512 589
512 671
512 599
512 569
512 582
512 681
512 657
512 518
512 635
512 530
512 546
512 578
512 591
512 556
512 537
512 687
512 674
512 575
512 679
512 549
512 658
512 596
512 552
512 597
512 564
512 555
512 558
512 662
512 691
512 585
512 601
512 547
512 664
512 519
512 572
512 595
512 615
512 665
513 609
513 589
513 582
514 636
514 535
514 589
514 679
514 599
514 582
518 681
518 541
518 621
518 530
518 578
518 591
518 592
518 679
518 689
518 680
518 608
518 555
518 563
518 667
518 566
518 535
518 678
518 614
518 609
518 687
518 589
518 599
518 569
518 582
518 639
518 552
518 601
518 691
519 535
519 589
519 601
522 678
522 614
524 589
526 589
527 601
528 599
528 664
529 677
529 673
529 678
529 614
529 589
529 569
529 608
530 657
530 635
530 535
530 681
530 690
530 581
530 678
530 614
530 609
530 687
530 589
530 599
530 671
530 582
530 639
530 585
530 547
531 589
533 589
533 582
534 589
534 679
534 691
535 633
535 672
535 663
535 593
535 656
535 621
535 657
535 683
535 635
535 540
535 578
535 591
535 614
535 556
535 592
535 537
535 687
535 577
535 579
535 674
535 679
535 549
535 671
535 599
535 658
535 689
535 596
535 598
535 639
535 552
535 565
535 608
535 555
535 601
535 585
535 691
535 568
535 572
535 595
535 567
535 652
535 665
535 642
535 695
535 566
535 694
535 640
535 678
535 609
535 589
535 582
535 569
536 671
537 657
537 678
537 614
537 543
537 683
537 540
537 556
537 592
537 634
537 564
537 628
537 664
537 651
537 673
537 595
537 642
537 694
537 687
537 589
537 679
537 549
537 599
537 569
537 582
537 639
537 601
537 691
537 585
539 678
539 589
539 671
539 599
539 569
539 601
540 657
540 678
540 609
540 589
540 599
540 671
540 582
540 585
540 665
541 589
541 599
541 582
541 569
541 558
543 584
543 614
543 609
543 589
543 582
543 552
543 601
543 691
543 595
544 589
544 658
546 678
546 609
546 592
546 589
546 549
546 599
546 658
546 582
546 585
547 591
547 678
547 609
547 556
547 687
547 589
547 679
547 671
547 599
547 569
547 639
547 601
547 572
547 642
549 657
549 609
549 687
549 589
549 683
549 591
549 556
549 592
549 674
549 575
549 679
549 564
549 555
549 608
549 599
549 671
549 582
549 569
549 639
549 601
549 585
549 691
550 589
550 671
550 585
552 678
552 614
552 609
552 589
552 671
552 599
552 582
552 569
552 657
552 683
552 635
552 622
552 685
552 578
552 591
552 592
552 687
552 579
552 577
552 679
552 658
552 598
552 639
552 597
552 564
552 558
552 664
552 572
552 595
552 665
552 642
552 695
552 667
552 694
552 601
552 691
552 585
553 569
555 683
555 687
555 589
555 671
555 599
555 569
555 674
555 610
555 572
556 657
556 678
556 614
556 609
556 672
556 683
556 592
556 564
556 608
556 664
556 572
556 595
556 576
556 642
556 665
556 655
556 687
556 589
556 679
556 671
556 599
556 582
556 569
556 691
556 585
558 678
558 614
558 589
558 679
558 599
558 569
558 608
558 585
558 572
559 589
562 589
563 589
564 591
564 678
564 614
564 609
564 592
564 687
564 589
564 679
564 599
564 671
564 569
564 597
564 601
564 585
564 691
564 595
564 642
565 569
566 683
566 591
566 609
566 589
566 671
566 599
566 569
566 585
566 691
567 678
568 614
568 589
568 582
568 680
568 639
569 678
569 609
569 589
569 656
569 681
569 633
569 663
569 657
569 635
569 683
569 591
569 614
569 592
569 687
569 579
569 674
569 577
569 679
569 671
569 599
569 658
569 689
569 639
569 597
569 608
569 628
569 691
569 585
569 601
569 664
569 673
569 572
569 595
569 652
569 666
569 648
569 665
569 642
569 610
569 694
569 640
570 589
571 589
572 657
572 678
572 614
572 609
572 687
572 589
572 671
572 599
572 639
572 601
572 691
572 585
572 575
572 654
572 645
572 597
572 662
572 651
572 595
574 589
575 591
575 614
575 609
575 589
575 663
575 585
575 595
577 678
577 609
577 687
577 589
577 674
577 620
577 679
577 599
577 691
577 601
577 585
577 665
578 683
578 695
578 591
578 678
578 609
578 592
578 687
578 589
578 671
578 658
578 582
578 601
578 595
579 678
579 614
579 609
579 589
579 585
579 601
580 601
582 678
582 609
582 589
582 621
582 657
582 683
582 635
582 591
582 614
582 592
582 687
582 674
582 679
582 671
582 599
582 658
582 631
582 596
582 639
582 608
582 662
582 691
582 601
582 585
582 664
582 584
582 595
582 603
582 666
582 665
582 642
582 610
582 655
582 695
582 640
582 668
583 589
583 658
583 691
584 678
584 589
585 678
585 614
585 609
585 589
585 671
585 599
585 591
585 592
585 687
585 679
585 658
585 586
585 639
585 617
585 597
585 628
585 662
585 691
585 664
585 595
585 666
585 641
585 665
585 642
585 655
586 687
586 589
586 639
587 657
587 609
587 589
588 609
588 691
589 672
589 663
589 633
589 681
589 593
589 659
589 621
589 682
589 693
589 669
589 657
589 635
589 683
589 624
589 622
589 591
589 678
589 614
589 609
589 592
589 687
589 679
589 599
589 671
589 658
589 689
589 613
589 631
589 619
589 680
589 596
589 654
589 639
589 647
589 634
589 690
589 646
589 617
589 645
589 597
589 608
589 662
589 628
589 691
589 601
589 627
589 630
589 606
589 594
589 664
589 684
589 636
589 651
589 673
589 676
589 595
589 615
589 603
589 660
589 652
589 607
589 637
589 644
589 665
589 640
589 668
589 667
589 694
589 610
589 655
591 657
591 663
591 635
591 592
591 658
591 642
591 678
591 614
591 609
591 687
591 599
591 639
591 601
591 691
592 657
592 678
592 614
592 609
592 593
592 681
592 635
592 597
592 628
592 595
592 695
592 610
592 679
592 599
592 671
592 691
592 601
593 678
593 609
593 639
593 665
595 678
595 614
595 609
595 599
595 671
595 639
595 691
595 601
595 681
595 635
595 598
595 662
595 608
595 664
595 640
595 667
595 655
597 678
597 614
597 609
597 599
597 671
597 631
597 647
597 662
597 691
597 601
597 642
598 678
598 614
598 599
599 678
599 614
599 609
599 681
599 672
599 657
599 683
599 635
599 687
599 674
599 671
599 619
599 639
599 647
599 662
599 691
599 664
599 676
599 665
599 642
599 655
599 667
601 678
601 614
601 609
601 671
601 683
601 687
601 679
601 658
601 631
601 639
601 608
601 691
601 641
601 610
601 668
601 667
601 655
601 640
608 609
608 687
608 659
608 619
608 628
608 691
609 678
609 659
609 657
609 635
609 683
609 614
609 687
609 679
609 671
609 658
609 680
609 639
609 690
609 617
609 662
609 691
609 611
609 664
609 666
609 686
609 644
609 642
609 665
609 655
609 640
609 667
609 695
609 610
610 678
610 614
610 687
610 691
612 635
613 635
613 678
614 678
614 656
614 657
614 683
614 685
614 687
614 674
614 679
614 671
614 658
614 639
614 691
614 676
614 644
614 642
614 694
614 640
617 678
621 678
621 671
621 639
622 679
624 639
625 639
628 678
628 687
628 671
628 639
628 691
628 642
631 635
631 668
633 678
635 664
635 636
635 665
635 678
635 679
635 671
635 658
635 691
636 681
637 691
639 678
639 671
639 657
639 687
639 679
639 680
639 691
640 678
640 687
640 691
641 671
642 657
642 679
642 671
642 691
642 666
647 656
647 678
651 687
651 679
652 684
653 679
655 679
655 671
655 695
656 679
656 671
656 662
657 679
657 689
657 662
657 664
657 665
657 678
657 687
657 671
657 691
658 678
658 679
658 671
658 665
659 678
662 683
662 678
663 679
663 668
664 678
664 671
664 691
665 678
665 687
665 679
665 671
667 678
668 678
668 687
668 679
668 671
671 678
671 683
671 687
671 679
671 690
671 691
671 673
672 678
672 679
674 678
674 687
678 683
678 685
678 687
678 679
678 689
678 691
678 695
679 683
679 691
681 687
683 687
683 691
687 689
687 694
687 691