0 21
0 59
1 39
1 21
1 29
2 21
3 84
3 15
3 16
3 64
3 74
3 76
3 50
3 39
3 25
3 36
3 21
3 42
3 19
3 18
4 25
4 36
4 21
5 21
6 44
6 27
6 31
6 36
6 21
6 62
6 54
6 19
7 44
7 66
7 57
7 21
7 9
7 18
8 39
8 25
8 66
8 57
8 21
8 54
8 9
8 18
9 39
9 66
9 36
9 21
9 15
9 68
9 19
10 66
10 21
10 50
11 21
12 56
12 36
12 21
13 35
13 21
13 51
14 69
14 21
15 57
15 21
15 19
16 79
16 21
16 18
17 80
17 21
17 51
18 39
18 66
18 36
18 57
18 21
18 51
18 80
18 56
18 27
18 75
18 22
18 85
18 42
18 19
19 39
19 66
19 57
19 36
19 21
19 35
19 68
19 75
19 71
19 54
19 42
20 21
21 79
21 80
21 35
21 44
21 56
21 43
21 55
21 47
21 28
21 83
21 49
21 32
21 84
21 23
21 72
21 86
21 26
21 39
21 27
21 34
21 48
21 25
21 66
21 82
21 52
21 45
21 68
21 31
21 75
21 81
21 58
21 67
21 63
21 64
21 22
21 61
21 30
21 53
21 65
21 37
21 60
21 24
21 77
21 41
21 33
21 46
21 78
21 69
21 70
21 73
21 36
21 57
21 51
21 59
21 54
21 40
21 38
21 29
21 76
21 85
21 50
21 62
21 74
21 71
21 42
21 280
21 866
23 66
25 39
25 56
25 79
25 32
25 29
25 76
25 71
25 42
25 66
25 57
25 36
25 51
26 57
27 79
27 80
27 39
27 83
27 47
27 66
27 36
28 66
28 57
29 44
29 39
29 36
29 57
29 51
29 71
31 39
31 66
31 43
31 51
31 54
32 42
34 80
34 45
34 66
35 84
35 51
36 39
36 66
36 86
36 47
36 48
36 68
36 70
36 57
36 54
36 40
36 76
36 50
36 42
38 80
38 79
38 39
38 66
38 57
38 51
38 59
39 79
39 56
39 80
39 66
39 45
39 67
39 78
39 77
39 57
39 74
39 54
39 50
39 42
40 44
40 51
40 86
40 76
40 42
42 44
42 80
42 48
44 79
44 56
44 70
44 85
44 66
44 57
44 51
46 57
48 56
48 83
48 71
48 66
48 57
48 51
50 80
50 57
50 71
51 57
51 56
51 79
51 52
51 85
52 80
52 57
54 57
54 76
56 66
56 57
57 66
57 79
57 75
57 85
57 74
57 76
57 71
66 83
66 82
66 75
66 85
71 80
74 84
76 80
79 86
87 280
87 211
87 378
87 146
87 165
87 253
87 370
87 100
88 280
88 162
89 280
89 230
89 204
90 280
91 280
91 241
92 280
92 304
93 280
93 158
94 142
94 341
94 280
94 117
94 201
94 106
94 305
94 259
94 230
94 162
94 332
94 166
94 179
94 150
94 361
94 154
94 399
94 202
94 324
94 355
94 309
95 341
95 280
95 293
95 327
96 280
97 280
98 280
98 247
98 245
98 165
98 142
98 177
98 205
98 346
98 260
98 132
98 323
98 300
98 396
98 154
98 409
98 167
98 327
98 210
98 288
98 160
98 153
98 240
98 242
98 309
99 280
99 341
99 107
99 192
99 184
99 397
99 228
99 382
99 115
99 135
99 230
99 290
99 103
99 323
99 222
99 378
99 162
99 332
99 166
99 300
99 396
99 197
99 352
99 173
99 253
99 304
99 100
99 153
99 342
99 309
99 242
99 284
100 280
100 290
100 207
100 242
100 395
100 223
100 164
101 280
101 355
102 280
102 195
102 211
103 280
103 247
103 201
103 273
103 226
103 245
103 415
103 235
103 205
103 113
103 115
103 290
103 323
103 222
103 149
103 211
103 224
103 150
103 314
103 342
103 396
103 242
103 309
104 280
104 245
104 208
105 280
105 354
105 313
106 280
106 107
106 117
106 236
106 341
106 397
106 132
106 303
106 258
106 291
106 124
106 395
106 410
106 351
106 202
106 338
106 245
106 242
106 284
106 152
107 280
107 236
107 341
107 415
107 358
107 223
107 366
107 247
107 205
107 346
107 260
107 273
107 354
107 216
107 203
107 150
107 396
107 300
107 173
107 406
107 258
107 129
107 206
107 152
107 183
107 410
107 114
107 153
107 237
107 309
107 242
107 284
108 280
108 231
108 300
108 377
108 242
108 309
109 280
110 280
110 396
110 284
110 152
110 342
111 280
111 201
111 324
111 222
111 300
112 280
113 280
113 324
113 165
114 280
114 323
114 396
114 377
114 242
114 277
114 373
114 338
115 280
115 154
116 280
116 290
117 280
117 142
117 341
117 278
117 297
117 205
117 260
117 233
117 201
117 226
117 132
117 164
117 364
117 149
117 354
117 222
117 313
117 196
117 146
117 224
117 303
117 267
117 122
117 300
117 377
117 197
117 388
117 173
117 411
117 288
117 220
117 153
117 261
117 338
117 355
117 270
117 240
117 245
117 242
118 280
118 205
118 364
118 153
119 280
120 280
121 280
121 270
121 245
122 280
122 201
122 420
122 320
122 197
122 152
122 153
122 355
123 280
123 202
124 280
125 280
126 280
127 280
127 153
128 280
128 260
128 165
128 409
129 280
130 280
131 280
132 280
132 341
132 142
132 137
132 161
132 235
132 177
132 397
132 366
132 419
132 158
132 378
132 275
132 303
132 179
132 197
132 335
132 412
132 314
132 202
132 199
132 165
132 300
132 152
133 280
133 291
133 313
134 280
134 324
134 396
134 291
135 280
136 280
137 280
137 309
138 280
139 280
139 207
139 311
140 280
140 207
141 280
142 189
142 182
142 290
142 324
142 356
142 383
142 395
142 339
142 160
142 355
142 195
142 280
142 226
142 284
143 280
143 364
143 284
144 280
145 280
145 177
146 280
146 182
146 311
146 342
146 409
146 152
146 309
147 280
147 196
147 166
147 351
147 153
148 280
149 280
149 245
149 274
149 172
149 231
149 404
149 204
149 258
149 284
149 338
150 280
150 205
150 324
150 378
150 349
150 202
151 280
151 233
151 158
152 280
152 247
152 245
152 242
152 390
152 182
152 226
152 228
152 273
152 322
152 290
152 323
152 222
152 413
152 207
152 361
152 300
152 396
152 173
152 335
152 258
152 277
152 246
152 202
153 280
153 247
153 364
153 341
153 278
153 415
153 413
153 332
153 303
153 179
153 327
153 209
153 217
153 288
154 280
154 230
154 313
154 186
154 413
154 327
154 367
154 284
154 338
155 280
155 158
155 162
156 280
156 273
157 280
158 280
158 247
158 323
158 222
158 197
158 388
158 253
158 347
158 367
158 165
158 207
158 242
158 284
158 309
159 280
160 280
160 247
160 228
160 267
160 345
160 284
160 218
160 304
161 280
161 333
162 280
162 182
162 273
162 245
162 378
162 420
162 207
162 173
162 866
163 280
163 354
163 210
164 280
164 260
165 280
165 247
165 364
165 341
165 278
165 282
165 263
165 235
165 228
165 323
165 354
165 313
165 293
165 179
165 300
165 388
165 173
165 285
165 206
165 373
165 355
165 242
165 284
165 486
166 280
166 201
166 245
166 378
166 216
167 280
168 280
168 396
169 280
170 280
170 417
170 230
170 345
171 280
171 317
172 280
173 280
173 230
173 207
173 346
173 351
173 242
173 355
173 309
174 280
175 280
175 343
176 280
177 280
177 413
177 291
177 314
177 339
177 303
177 242
178 280
178 196
179 280
179 201
179 230
179 324
179 354
179 181
179 318
179 284
180 280
181 280
182 280
182 293
182 201
182 228
182 354
182 338
183 280
183 228
183 355
184 280
184 370
185 280
185 342
186 280
186 246
186 201
186 404
186 377
186 242
186 284
187 280
187 205
187 396
188 341
188 280
188 364
188 284
188 331
188 335
188 272
189 280
189 342
190 280
190 253
190 339
191 280
191 201
191 242
192 280
192 226
192 196
193 280
193 245
193 396
194 280
194 290
194 364
195 280
195 346
195 203
195 207
196 280
196 366
196 247
196 364
196 404
196 361
197 280
197 205
197 230
197 290
197 245
197 354
197 358
197 393
198 280
199 280
199 296
199 324
200 280
201 280
201 341
201 296
201 273
201 268
201 230
201 290
201 323
201 211
201 378
201 420
201 356
201 332
201 204
201 300
201 411
201 370
201 261
201 309
201 242
201 284
202 280
202 226
202 303
202 866
203 280
203 273
203 290
203 245
203 249
203 209
203 396
204 280
204 228
204 354
204 222
204 324
204 216
204 284
204 338
205 280
205 356
205 411
205 364
205 242
206 341
206 280
206 274
206 343
206 411
206 347
207 280
207 245
207 364
207 236
207 341
207 235
207 330
207 331
207 226
207 224
207 241
207 267
207 300
207 396
207 345
207 411
207 351
207 374
207 242
208 280
208 380
209 280
209 277
210 280
211 280
211 346
211 260
211 391
211 240
211 270
211 242
211 284
212 280
212 296
213 280
213 343
214 280
214 260
214 222
215 280
215 245
216 280
216 245
216 323
217 280
217 303
218 280
218 245
219 280
219 397
219 320
219 284
219 347
220 280
220 364
220 335
220 395
220 314
220 339
221 280
222 280
222 245
222 323
222 397
222 404
222 241
222 303
222 352
222 388
222 311
222 304
222 396
222 355
222 309
223 280
224 280
224 397
224 392
224 420
224 320
224 300
224 242
224 284
224 338
225 280
226 280
226 341
226 415
226 371
226 274
226 333
226 228
226 323
226 303
226 343
226 277
226 342
226 355
226 245
226 242
227 280
228 280
228 336
228 368
228 365
228 230
228 404
228 406
228 277
228 327
228 343
228 284
229 280
230 236
230 341
230 280
230 317
230 373
230 367
230 300
231 280
231 361
231 396
232 280
232 388
232 284
233 236
233 280
233 260
233 284
234 280
234 308
235 280
235 317
235 323
236 331
236 323
236 324
236 420
236 293
236 352
236 339
236 280
236 273
236 300
236 309
237 280
237 404
237 303
237 320
237 242
237 332
237 342
238 280
239 280
240 341
240 280
241 280
241 366
241 364
242 280
242 245
242 341
242 278
242 392
242 307
242 349
242 354
242 324
242 356
242 275
242 396
242 284
242 253
242 403
242 339
242 287
242 355
243 280
244 280
245 280
245 415
245 249
245 305
245 260
245 273
245 364
245 354
245 324
245 404
245 356
245 393
245 300
245 396
245 345
245 352
245 284
245 418
245 339
245 351
245 304
245 261
245 338
245 292
245 309
245 486
246 280
246 364
246 324
246 284
247 280
247 341
247 415
247 312
247 397
247 323
247 324
247 378
247 308
247 388
247 380
247 411
247 351
247 367
247 304
247 309
247 866
248 280
248 300
249 280
249 396
249 418
250 280
251 280
252 280
253 280
254 280
255 280
255 378
255 293
255 396
256 280
256 338
257 280
258 280
258 396
259 280
260 280
260 396
261 280
261 346
261 355
261 309
262 280
262 364
263 280
263 290
263 267
264 280
265 280
266 280
266 298
267 280
267 364
267 278
267 320
267 284
267 309
268 280
269 280
270 280
271 280
272 280
273 280
273 366
273 323
273 354
273 378
273 332
273 303
273 395
274 280
274 323
274 396
275 280
275 284
276 280
276 396
277 280
277 392
278 280
278 343
279 280
279 366
279 323
280 341
280 415
280 402
280 296
280 283
280 328
280 336
280 282
280 297
280 392
280 307
280 317
280 348
280 371
280 305
280 358
280 390
280 312
280 397
280 366
280 346
280 384
280 319
280 281
280 316
280 353
280 329
280 350
280 295
280 302
280 325
280 359
280 400
280 362
280 289
280 344
280 398
280 386
280 376
280 401
280 421
280 330
280 379
280 331
280 333
280 368
280 417
280 419
280 372
280 322
280 382
280 349
280 306
280 365
280 326
280 290
280 364
280 323
280 324
280 354
280 313
280 378
280 404
280 420
280 413
280 356
280 360
280 332
280 303
280 308
280 320
280 293
280 361
280 340
280 393
280 299
280 391
280 387
280 310
280 394
280 357
280 315
280 300
280 396
280 377
280 409
280 345
280 388
280 352
280 406
280 318
280 380
280 298
280 422
280 285
280 383
280 405
280 284
280 335
280 343
280 411
280 327
280 301
280 389
280 416
280 291
280 334
280 408
280 381
280 385
280 403
280 369
280 363
280 337
280 375
280 399
280 412
280 414
280 418
280 395
280 370
280 373
280 347
280 314
280 288
280 311
280 407
280 339
280 287
280 410
280 351
280 286
280 367
280 304
280 342
280 338
280 355
280 321
280 374
280 294
280 292
280 309
280 486
280 810
280 866
284 415
284 317
284 305
284 364
284 313
284 378
284 308
284 320
284 396
284 377
284 345
284 383
284 311
286 404
286 411
288 343
288 415
288 355
288 309
290 364
290 355
290 338
290 309
292 392
292 346
292 309
293 364
293 323
293 324
294 411
296 384
297 378
300 415
300 328
300 348
300 346
300 368
300 356
300 420
300 377
300 383
300 335
300 347
303 341
303 364
303 397
303 313
303 332
303 345
303 377
303 335
304 308
306 415
308 390
308 371
308 392
308 343
308 363
308 396
309 336
309 358
309 346
309 396
311 341
311 346
312 364
312 420
313 364
313 345
313 411
314 324
314 404
314 360
318 409
320 378
323 345
323 335
323 373
323 338
324 364
324 380
324 418
327 341
327 346
331 355
338 402
338 366
338 346
338 405
338 370
338 355
341 404
341 413
341 360
341 383
342 404
345 346
345 355
346 406
346 354
354 370
356 364
356 420
356 410
361 372
364 411
364 367
366 404
368 409
370 404
373 383
377 378
378 415
378 396
378 866
396 418
401 404
404 413
404 407
406 415
423 486
424 549
424 458
424 517
424 497
424 552
424 486
424 447
424 449
424 441
424 536
424 518
424 433
424 523
424 524
424 463
424 509
424 501
424 459
424 456
424 435
424 470
424 525
424 559
424 426
424 507
425 429
425 531
425 517
425 497
425 486
425 509
425 473
425 511
425 547
425 447
425 519
425 435
425 465
425 449
425 523
425 526
425 530
425 439
425 525
426 429
426 531
426 552
426 486
426 555
426 473
426 511
426 547
426 485
426 519
426 464
426 462
426 452
426 480
426 459
426 522
426 543
426 530
426 483
427 458
427 497
427 502
427 486
427 473
427 435
427 491
427 439
428 508
428 437
428 494
428 480
428 429
428 549
428 497
428 486
428 501
428 511
428 507
428 483
429 535
429 430
429 536
429 488
429 539
429 531
429 497
429 517
429 455
429 458
429 529
429 468
429 501
429 467
429 499
429 511
429 547
429 491
429 479
429 457
429 470
429 474
429 464
429 525
429 552
429 486
429 507
430 454
430 506
430 531
430 486
430 447
430 469
431 549
431 486
431 547
431 447
432 517
432 497
432 486
432 555
432 447
433 516
433 486
433 547
433 456
433 522
434 455
434 486
435 531
435 455
435 517
435 552
435 486
435 473
435 555
435 547
435 447
435 462
435 438
435 498
435 506
435 503
435 524
435 553
435 529
435 509
435 467
435 468
435 521
435 469
435 530
435 483
435 507
436 517
436 486
436 555
436 447
436 491
436 457
436 483
437 486
437 447
438 441
438 449
438 529
438 523
438 556
438 455
438 552
438 486
438 501
438 446
438 519
438 439
438 522
438 470
438 525
439 455
439 552
439 486
439 496
439 501
439 485
439 447
439 519
439 456
439 460
439 482
439 506
439 477
439 513
439 457
439 469
439 490
439 507
439 559
440 452
440 455
440 486
440 490
440 525
441 535
441 502
441 537
441 517
441 458
441 552
441 486
441 473
441 485
441 447
441 451
441 464
442 497
442 552
442 486
442 501
442 496
442 464
443 486
444 486
445 552
445 486
446 531
446 458
446 497
446 552
446 486
446 465
446 449
446 452
446 488
446 535
446 453
446 493
446 501
446 509
446 457
446 469
446 505
446 479
446 522
446 547
446 447
446 451
446 507
447 486
447 536
447 550
447 482
447 452
447 498
447 454
447 532
447 558
447 531
447 497
447 517
447 549
447 455
447 480
447 529
447 524
447 513
447 552
447 501
447 463
447 467
447 468
447 555
447 511
447 519
447 456
447 457
447 448
447 505
447 490
447 479
447 543
447 522
447 469
447 507
447 483
448 531
448 552
448 486
448 467
448 496
448 555
448 547
448 451
448 535
448 550
448 523
448 494
448 453
448 492
449 508
449 465
449 538
449 520
449 531
449 497
449 552
449 486
449 483
449 525
450 486
450 519
451 531
451 497
451 549
451 517
451 552
451 486
451 555
451 473
451 547
451 465
451 539
451 462
451 513
451 467
451 468
451 501
451 463
451 519
451 491
451 545
451 479
451 543
451 474
451 469
451 559
451 525
451 464
452 455
452 549
452 517
452 552
452 486
452 496
452 547
452 491
452 456
452 522
452 507
452 525
453 531
453 549
453 517
453 552
453 486
453 473
453 456
453 530
454 480
454 486
454 468
454 507
455 531
455 482
455 535
455 498
455 462
455 510
455 478
455 517
455 497
455 549
455 458
455 524
455 484
455 496
455 467
455 463
455 501
455 468
455 485
455 519
455 456
455 530
455 492
455 469
455 464
455 559
455 552
455 486
455 473
455 555
455 507
456 531
456 517
456 552
456 486
456 473
456 555
456 460
456 462
456 537
456 523
456 468
456 501
456 509
456 496
456 490
456 492
456 530
456 464
457 517
457 458
457 497
457 552
457 486
457 463
457 529
457 464
457 507
458 531
458 498
458 462
458 550
458 537
458 517
458 497
458 534
458 526
458 523
458 554
458 468
458 509
458 547
458 485
458 491
458 474
458 492
458 530
458 505
458 464
458 552
458 486
458 555
458 507
459 531
459 486
460 539
460 531
460 497
460 549
460 552
460 486
460 555
460 473
460 485
460 545
460 464
460 507
460 525
461 486
462 523
462 531
462 486
462 468
462 501
462 467
462 485
462 511
462 547
462 491
462 545
462 469
463 531
463 497
463 517
463 549
463 486
463 506
463 480
463 509
463 467
463 538
463 505
463 525
463 555
463 519
463 507
464 549
464 517
464 497
464 552
464 486
464 473
464 485
464 482
464 465
464 537
464 541
464 502
464 518
464 480
464 556
464 530
464 505
464 492
464 559
464 507
465 498
465 480
465 497
465 486
465 547
465 522
465 483
466 486
467 486
467 498
467 535
467 524
467 529
467 496
467 501
467 509
467 479
467 469
467 470
467 525
467 559
467 473
467 491
468 531
468 552
468 486
468 541
468 484
468 534
468 529
468 496
468 490
468 545
468 473
469 517
469 552
469 486
469 555
469 511
469 543
469 507
470 552
470 486
470 496
470 509
470 555
470 485
470 482
470 484
470 526
470 507
470 525
471 486
471 559
472 552
472 486
472 473
473 486
473 498
473 488
473 532
473 531
473 497
473 549
473 517
473 523
473 524
473 553
473 509
473 501
473 476
473 511
473 474
473 490
473 505
473 522
473 543
473 530
473 479
473 525
474 517
474 486
474 511
474 547
474 491
474 488
474 494
474 507
474 559
475 552
475 486
476 486
477 502
477 484
477 486
477 547
478 486
479 497
479 486
479 501
479 509
479 491
479 535
479 543
480 539
480 497
480 517
480 526
480 552
480 486
480 522
480 559
481 486
482 484
482 531
482 552
482 486
482 555
482 485
482 522
482 507
483 497
483 517
483 486
483 496
483 555
483 511
483 507
483 529
483 534
483 545
483 522
483 559
484 550
484 486
484 491
485 517
485 549
485 552
485 486
485 555
485 488
485 498
485 535
485 503
485 554
485 500
485 547
485 511
485 530
485 559
485 525
486 488
486 498
486 508
486 535
486 539
486 536
486 550
486 518
486 540
486 541
486 558
486 503
486 532
486 510
486 551
486 502
486 537
486 506
486 531
486 517
486 549
486 497
486 554
486 493
486 513
486 546
486 494
486 534
486 553
486 529
486 526
486 523
486 524
486 552
486 509
486 501
486 496
486 555
486 521
486 544
486 514
486 512
486 548
486 487
486 520
486 515
486 542
486 538
486 500
486 528
486 533
486 557
486 556
486 504
486 499
486 489
486 516
486 527
486 495
486 511
486 547
486 519
486 491
486 522
486 492
486 490
486 543
486 530
486 505
486 545
486 507
486 525
486 559
486 777
487 534
488 551
488 516
488 531
488 552
488 547
488 491
488 507
490 531
490 549
490 552
490 491
490 536
490 535
490 494
490 522
490 559
491 517
491 552
491 555
491 535
491 503
491 546
491 501
491 519
491 545
491 492
491 505
491 559
491 507
492 549
492 509
492 555
492 547
492 524
492 529
492 507
493 517
493 523
493 509
493 522
494 552
494 555
494 511
494 530
494 507
495 497
496 517
496 549
496 552
496 508
496 501
496 525
496 555
496 547
496 511
496 519
497 506
497 540
497 517
497 523
497 524
497 509
497 501
497 545
497 552
497 555
497 507
498 540
498 531
498 549
498 501
498 543
501 517
501 552
501 508
501 539
501 503
501 502
501 534
501 546
501 509
501 555
501 511
501 507
502 513
502 511
502 547
502 519
503 517
503 552
504 555
505 549
505 552
505 547
505 511
506 519
507 536
507 551
507 518
507 549
507 526
507 553
507 546
507 552
507 509
507 547
507 511
507 522
507 525
507 559
508 509
508 555
508 511
509 531
509 552
509 536
509 513
509 522
509 559
509 555
509 547
509 511
510 549
510 511
511 531
511 517
511 552
511 539
511 553
511 529
511 534
511 520
511 547
511 530
512 531
513 552
514 549
516 552
517 531
517 550
517 549
517 523
517 548
517 542
517 519
517 545
517 525
517 552
517 555
518 525
519 552
519 555
519 550
519 551
519 537
519 522
519 559
519 525
522 549
522 552
522 534
523 551
523 530
524 531
524 552
525 531
525 555
525 547
525 545
526 536
526 549
526 547
526 545
527 549
529 550
530 552
530 540
530 548
530 559
531 549
531 534
531 547
531 543
531 545
531 559
533 547
534 539
536 552
536 547
537 549
537 552
539 549
543 549
543 559
545 549
546 552
546 555
547 555
547 550
547 553
549 554
549 552
549 555
550 555
552 558
552 554
552 555
552 556
552 559
553 554
748 783
748 751
748 757
748 770
748 777
748 789
748 780
749 777
749 788
750 751
750 777
750 781
751 766
751 784
751 758
751 753
751 775
751 763
751 791
751 752
751 779
751 786
751 771
751 757
751 769
751 755
751 765
751 783
751 768
751 760
751 781
751 773
751 789
751 788
751 780
751 770
751 777
752 763
752 753
752 765
752 770
752 777
752 789
753 763
753 764
753 779
753 755
753 757
753 783
753 781
753 792
753 780
753 767
753 788
753 765
753 770
753 777
753 789
754 777
754 789
754 788
754 780
755 781
755 777
755 789
755 767
755 788
756 763
756 769
756 765
756 770
756 777
756 789
757 793
757 791
757 770
757 777
757 767
757 780
757 788
758 765
758 777
758 789
759 765
759 777
759 789
760 770
760 777
761 777
762 777
763 775
763 791
763 779
763 771
763 769
763 783
763 792
763 773
763 767
763 780
763 788
763 765
763 770
763 777
763 789
764 766
764 790
764 771
764 769
764 770
764 777
764 789
764 780
764 767
765 793
765 766
765 775
765 791
765 771
765 769
765 790
765 792
765 789
765 767
765 788
765 780
765 770
765 777
766 777
767 775
767 777
767 789
767 779
767 768
767 788
767 780
768 770
768 777
769 775
769 792
769 777
769 789
770 795
770 793
770 775
770 791
770 779
770 794
770 796
770 781
770 789
770 780
770 788
770 777
771 791
771 781
771 792
771 777
771 789
771 780
772 777
773 777
773 780
774 777
775 795
775 782
775 792
775 790
775 781
775 780
775 788
775 777
775 789
776 777
776 789
777 795
777 784
777 793
777 782
777 791
777 779
777 794
777 785
777 786
777 787
777 778
777 797
777 798
777 796
777 783
777 790
777 781
777 792
777 789
777 788
777 780
779 791
779 780
780 789
780 792
780 788
781 782
788 789
789 791
789 792
799 810
800 810
800 801
801 810
801 804
801 805
801 809
801 808
801 802
802 810
802 811
803 810
804 810
805 810
806 810
807 810
808 810
808 809
809 810
810 813
810 811
810 812
814 964
814 986
814 944
814 817
814 896
814 976
814 941
814 918
814 984
814 895
814 955
814 866
815 937
815 850
815 986
815 869
815 944
815 925
815 844
815 961
815 877
815 943
815 935
815 990
815 857
815 946
815 938
815 846
815 902
815 866
815 845
816 937
816 915
816 850
816 903
816 979
816 869
816 958
816 861
816 971
816 867
816 952
816 907
816 878
816 940
816 822
816 1001
816 836
816 881
816 968
816 873
816 841
816 845
816 829
816 855
816 821
816 843
816 944
816 876
816 820
816 925
816 939
816 961
816 973
816 817
816 936
816 877
816 860
816 844
816 898
816 943
816 990
816 852
816 967
816 941
816 949
816 920
816 959
816 833
816 984
816 963
816 900
816 902
816 835
816 875
816 838
816 948
816 910
816 950
816 872
816 922
816 866
817 820
817 944
817 876
817 979
817 903
817 915
817 986
817 964
817 917
817 961
817 860
817 939
817 925
817 973
817 877
817 844
817 936
817 887
817 867
817 861
817 879
817 896
817 995
817 878
817 992
817 905
817 822
817 849
817 1007
817 928
817 899
817 946
817 949
817 976
817 865
817 941
817 918
817 969
817 985
817 875
817 883
817 948
817 910
817 835
817 955
817 872
817 842
817 886
817 853
817 1002
817 968
817 870
817 988
817 904
817 888
817 841
817 845
817 908
817 843
817 821
817 898
817 999
817 994
817 951
817 990
817 967
817 921
817 857
817 975
817 846
817 920
817 984
817 1004
817 963
817 866
818 944
818 973
818 1002
818 866
819 820
819 948
819 866
819 991
820 979
820 915
820 850
820 937
820 917
820 869
820 964
820 856
820 925
820 936
820 877
820 844
820 961
820 874
820 887
820 867
820 974
820 827
820 951
820 852
820 990
820 995
820 896
820 957
820 840
820 878
820 907
820 825
820 1007
820 862
820 905
820 960
820 914
820 913
820 946
820 899
820 976
820 941
820 918
820 949
820 865
820 920
820 846
820 983
820 993
820 882
820 830
820 892
820 895
820 900
820 1004
820 910
820 838
820 930
820 835
820 863
820 922
820 950
820 1002
820 924
820 891
820 870
820 859
820 853
820 977
820 841
820 904
820 845
820 888
820 832
820 890
820 843
820 999
820 943
820 994
820 898
820 868
820 935
820 967
820 857
820 833
820 984
820 866
821 856
821 964
821 844
821 877
821 939
821 868
821 943
821 966
821 898
821 974
821 852
821 896
821 865
821 976
821 975
821 833
821 1004
821 900
821 875
821 950
821 863
821 866
821 845
821 849
821 862
821 1002
821 890
821 897
822 978
822 936
822 925
822 877
822 966
822 1003
822 887
822 935
822 852
822 857
822 967
822 864
822 992
822 949
822 975
822 959
822 902
822 955
822 835
822 866
822 829
822 890
823 978
823 961
823 844
823 868
823 879
823 995
823 967
823 941
823 984
823 835
823 968
823 866
824 944
824 936
824 925
824 868
824 935
824 951
824 976
824 941
824 959
824 930
824 863
824 866
824 890
825 915
825 856
825 931
825 844
825 966
825 994
825 848
825 981
825 976
825 975
825 833
825 963
825 866
825 977
825 904
825 855
826 850
826 869
826 986
826 860
826 998
826 865
826 846
826 838
826 866
826 855
827 964
827 986
827 944
827 939
827 961
827 943
827 867
827 878
827 859
827 1001
827 954
827 870
827 852
827 951
827 967
827 946
827 913
827 899
827 959
827 1004
827 955
827 948
827 835
827 866
827 977
827 991
827 832
828 936
828 961
828 883
828 866
829 869
829 917
829 944
829 973
829 877
829 844
829 860
829 961
829 999
829 994
829 966
829 867
829 879
829 990
829 921
829 967
829 913
829 865
829 918
829 846
829 833
829 984
829 900
829 1004
829 963
829 883
829 930
829 950
829 866
829 873
829 991
829 1001
829 954
829 859
830 961
830 844
830 966
830 921
830 857
830 914
830 955
830 883
830 950
830 881
830 866
830 888
831 1001
831 866
832 850
832 937
832 915
832 917
832 964
832 869
832 856
832 876
832 989
832 939
832 936
832 925
832 961
832 931
832 966
832 898
832 868
832 999
832 935
832 852
832 967
832 949
832 865
832 984
832 1004
832 900
832 963
832 838
832 948
832 910
832 883
832 875
832 930
832 872
832 950
832 866
832 974
832 887
832 862
832 894
832 913
832 938
832 870
832 1002
832 977
832 841
832 890
833 935
833 921
833 857
833 967
833 850
833 978
833 917
833 964
833 986
833 876
833 989
833 844
833 877
833 936
833 973
833 925
833 965
833 943
833 868
833 994
833 898
833 966
833 971
833 861
833 990
833 852
833 896
833 995
833 905
833 981
833 960
833 889
833 913
833 946
833 899
833 914
833 976
833 949
833 865
833 941
833 920
833 959
833 846
833 983
833 906
833 1004
833 902
833 900
833 895
833 955
833 948
833 883
833 835
833 910
833 930
833 838
833 872
833 924
833 988
833 968
833 854
833 836
833 842
833 870
833 904
833 845
833 888
833 855
833 890
833 897
833 843
833 866
834 866
835 915
835 850
835 944
835 876
835 931
835 877
835 973
835 936
835 999
835 994
835 868
835 966
835 943
835 898
835 935
835 857
835 967
835 921
835 975
835 846
835 920
835 984
835 902
835 963
835 1004
835 979
835 856
835 986
835 978
835 869
835 971
835 887
835 867
835 1003
835 896
835 995
835 932
835 992
835 962
835 840
835 1006
835 1007
835 957
835 942
835 960
835 899
835 976
835 883
835 838
835 955
835 948
835 875
835 922
835 870
835 845
835 841
835 873
835 904
835 897
835 866
836 986
836 876
836 925
836 931
836 994
836 999
836 887
836 971
836 1003
836 935
836 852
836 857
836 967
836 921
836 914
836 918
836 976
836 846
836 959
836 1004
836 948
836 950
836 840
836 1005
836 866
836 841
836 904
837 902
837 900
837 866
838 937
838 915
838 944
838 931
838 877
838 973
838 961
838 943
838 999
838 966
838 898
838 994
838 951
838 990
838 921
838 857
838 967
838 959
838 846
838 984
838 963
838 902
838 1004
838 979
838 1000
838 978
838 856
838 917
838 861
838 971
838 887
838 896
838 995
838 1005
838 956
838 946
838 949
838 976
838 941
838 983
838 882
838 948
838 910
838 875
838 930
838 955
838 883
838 950
838 888
838 977
838 904
838 845
838 866
839 903
839 944
839 852
839 941
839 866
840 979
840 937
840 978
840 917
840 860
840 877
840 879
840 935
840 990
840 896
840 857
840 893
840 949
840 918
840 959
840 984
840 895
840 910
840 881
840 870
840 866
840 977
841 915
841 869
841 986
841 978
841 944
841 925
841 860
841 936
841 931
841 966
841 994
841 868
841 852
841 990
841 995
841 857
841 967
841 921
841 959
841 984
841 895
841 910
841 948
841 863
841 922
841 866
841 879
841 957
841 889
841 928
841 952
841 913
841 912
841 985
841 873
841 890
842 964
842 986
842 989
842 876
842 939
842 860
842 966
842 994
842 898
842 935
842 990
842 946
842 975
842 920
842 902
842 963
842 930
842 910
842 950
842 864
842 889
842 906
842 866
842 977
843 903
843 915
843 850
843 876
843 860
843 936
843 844
843 877
843 898
843 935
843 951
843 852
843 995
843 896
843 921
843 918
843 920
843 984
843 900
843 963
843 1004
843 875
843 955
843 910
843 863
843 866
843 904
843 927
843 912
844 989
844 944
844 979
844 903
844 850
844 856
844 869
844 917
844 978
844 964
844 925
844 939
844 931
844 936
844 860
844 934
844 933
844 879
844 971
844 995
844 896
844 862
844 960
844 992
844 1007
844 952
844 889
844 946
844 914
844 938
844 969
844 892
844 970
844 948
844 955
844 910
844 883
844 950
844 863
844 872
844 1001
844 968
844 854
844 859
844 991
844 977
844 904
844 855
844 943
844 898
844 994
844 966
844 999
844 868
844 935
844 951
844 852
844 857
844 967
844 921
844 920
844 959
844 975
844 846
844 984
844 902
844 1004
844 895
844 866
845 937
845 978
845 989
845 876
845 931
845 936
845 994
845 999
845 951
845 852
845 921
845 857
845 918
845 976
845 975
845 959
845 920
845 846
845 984
845 963
845 895
845 875
845 955
845 948
845 883
845 863
845 872
845 866
845 903
845 861
845 907
845 981
845 938
845 859
845 988
845 1001
845 991
845 977
846 989
846 876
846 944
846 994
846 868
846 966
846 999
846 943
846 935
846 967
846 921
846 857
846 903
846 937
846 850
846 915
846 978
846 986
846 869
846 917
846 860
846 931
846 936
846 973
846 925
846 947
846 971
846 867
846 887
846 852
846 951
846 990
846 896
846 995
846 940
846 1005
846 889
846 957
846 913
846 899
846 976
846 865
846 959
846 975
846 985
846 930
846 883
846 955
846 948
846 863
846 950
846 872
846 1002
846 891
846 1001
846 888
846 991
846 855
846 897
846 963
846 900
846 866
847 866
848 850
848 876
848 939
848 994
848 951
848 896
848 857
848 865
848 920
848 895
848 902
848 910
848 930
848 863
848 872
848 866
848 855
849 944
849 989
849 994
849 943
849 898
849 857
849 949
849 883
849 950
849 866
849 897
850 903
850 911
850 915
850 937
850 869
850 964
850 978
850 916
850 1003
850 974
850 879
850 861
850 971
850 995
850 1006
850 942
850 928
850 960
850 899
850 913
850 865
850 941
850 983
850 875
850 883
850 948
850 930
850 872
850 863
850 922
850 991
850 977
850 888
850 855
850 876
850 989
850 944
850 877
850 973
850 939
850 860
850 925
850 961
850 898
850 868
850 966
850 999
850 935
850 951
850 857
850 921
850 920
850 975
850 984
850 963
850 895
850 1004
850 902
850 900
850 866
851 866
852 989
852 876
852 944
852 868
852 994
852 935
852 937
852 915
852 856
852 978
852 964
852 973
852 939
852 961
852 936
852 931
852 860
852 925
852 877
852 880
852 861
852 867
852 974
852 990
852 896
852 957
852 1006
852 946
852 899
852 914
852 941
852 865
852 918
852 976
852 949
852 906
852 970
852 982
852 983
852 871
852 955
852 883
852 875
852 948
852 930
852 950
852 872
852 863
852 870
852 1002
852 886
852 873
852 991
852 888
852 857
852 967
852 959
852 920
852 975
852 984
852 1004
852 895
852 902
852 900
852 866
853 915
853 876
853 860
853 931
853 898
853 935
853 951
853 921
853 865
853 902
853 894
853 866
853 873
853 888
854 937
854 869
854 944
854 989
854 860
854 939
854 898
854 867
854 896
854 921
854 857
854 913
854 902
854 875
854 910
854 930
854 872
854 1006
854 928
854 960
854 881
854 866
854 991
854 873
855 915
855 856
855 978
855 876
855 973
855 860
855 931
855 877
855 925
855 943
855 898
855 935
855 921
855 895
855 948
855 910
855 863
855 866
855 891
856 915
856 937
856 903
856 911
856 917
856 869
856 964
856 972
856 974
856 887
856 1003
856 952
856 957
856 954
856 924
856 904
856 944
856 876
856 936
856 939
856 961
856 931
856 925
856 994
856 935
856 896
856 921
856 857
856 967
856 976
856 865
856 920
856 959
856 1004
856 963
856 895
856 948
856 922
856 950
856 863
856 866
857 935
857 937
857 915
857 964
857 869
857 986
857 917
857 876
857 944
857 939
857 961
857 973
857 936
857 931
857 877
857 934
857 874
857 933
857 868
857 999
857 966
857 994
857 887
857 1003
857 951
857 990
857 896
857 967
857 921
857 894
857 962
857 1005
857 889
857 981
857 938
857 899
857 914
857 949
857 865
857 941
857 959
857 920
857 970
857 900
857 902
857 1004
857 895
857 963
857 955
857 910
857 883
857 875
857 922
857 950
857 872
857 924
857 891
857 954
857 886
857 881
857 904
857 908
857 890
857 866
858 974
858 962
858 952
858 948
858 859
858 866
859 944
859 860
859 939
859 999
859 861
859 921
859 938
859 899
859 914
859 984
859 900
859 948
859 875
859 930
859 866
860 989
860 944
860 979
860 901
860 937
860 915
860 986
860 964
860 978
860 925
860 931
860 961
860 877
860 939
860 909
860 867
860 887
860 1003
860 995
860 896
860 928
860 962
860 864
860 905
860 914
860 946
860 938
860 949
860 976
860 970
860 893
860 955
860 883
860 930
860 948
860 875
860 922
860 863
860 872
860 988
860 1001
860 954
860 991
860 904
860 888
860 873
860 943
860 966
860 868
860 999
860 935
860 951
860 967
860 920
860 984
860 902
860 963
860 900
860 895
860 1004
860 866
861 903
861 937
861 978
861 869
861 964
861 944
861 936
861 939
861 973
861 994
861 943
861 898
861 879
861 1001
861 1002
861 995
861 896
861 918
861 975
861 920
861 984
861 963
861 902
861 883
861 955
861 872
861 866
861 977
861 873
862 937
862 964
862 986
862 989
862 898
862 943
862 868
862 974
862 899
862 920
862 984
862 900
862 910
862 930
862 883
862 866
862 890
863 915
863 944
863 876
863 989
863 936
863 973
863 925
863 994
863 898
863 868
863 999
863 966
863 990
863 951
863 995
863 896
863 921
863 967
863 865
863 918
863 976
863 949
863 975
863 984
863 902
863 963
863 900
863 895
863 1004
863 875
863 910
863 955
863 903
863 978
863 867
863 1003
863 957
863 899
863 946
863 969
863 950
863 1001
863 873
863 866
864 903
864 979
864 978
864 925
864 931
864 966
864 868
864 898
864 1003
864 974
864 967
864 928
864 946
864 949
864 984
864 963
864 883
864 948
864 866
864 991
865 876
865 989
865 961
865 939
865 973
865 931
865 925
865 999
865 935
865 990
865 951
865 921
865 979
865 986
865 934
865 1003
865 867
865 952
865 928
865 899
865 918
865 949
865 941
865 882
865 886
865 870
865 908
865 959
865 920
865 975
865 984
865 1004
865 902
865 900
865 963
865 895
865 910
865 883
865 866
866 903
866 979
866 945
866 919
866 911
866 953
866 997
866 996
866 901
866 987
866 885
866 929
866 1000
866 884
866 998
866 915
866 937
866 978
866 917
866 964
866 869
866 986
866 876
866 944
866 989
866 939
866 925
866 961
866 877
866 936
866 973
866 931
866 972
866 916
866 947
866 934
866 958
866 965
866 909
866 980
866 927
866 874
866 880
866 933
866 926
866 898
866 868
866 999
866 943
866 994
866 966
866 971
866 887
866 867
866 879
866 974
866 1003
866 935
866 990
866 951
866 896
866 995
866 921
866 967
866 889
866 960
866 981
866 956
866 957
866 992
866 942
866 952
866 962
866 905
866 940
866 894
866 1005
866 878
866 907
866 932
866 928
866 1006
866 1007
866 913
866 914
866 946
866 938
866 899
866 976
866 918
866 949
866 941
866 920
866 975
866 959
866 892
866 882
866 912
866 893
866 983
866 993
866 969
866 906
866 871
866 923
866 985
866 982
866 970
866 984
866 895
866 1004
866 963
866 900
866 902
866 930
866 910
866 875
866 883
866 955
866 948
866 950
866 922
866 872
866 924
866 954
866 1001
866 968
866 891
866 886
866 1002
866 988
866 881
866 870
866 977
866 991
866 904
866 873
866 888
866 890
866 897
866 908
867 979
867 915
867 978
867 944
867 876
867 973
867 931
867 898
867 999
867 994
867 966
867 868
867 1003
867 974
867 1005
867 893
867 881
867 988
867 870
867 935
867 995
867 914
867 959
867 920
867 895
867 910
867 875
867 948
867 888
867 873
868 915
868 869
868 964
868 978
868 917
868 986
868 989
868 876
868 931
868 973
868 961
868 936
868 877
868 925
868 927
868 966
868 943
868 898
868 879
868 887
868 971
868 1003
868 951
868 990
868 896
868 995
868 956
868 878
868 962
868 992
868 894
868 1007
868 913
868 946
868 938
868 914
868 899
868 949
868 941
868 959
868 920
868 975
868 882
868 871
868 895
868 1004
868 902
868 963
868 948
868 883
868 930
868 910
868 950
868 872
868 922
868 891
868 1001
868 904
868 991
868 873
868 888
868 890
868 935
868 967
868 921
868 984
869 937
869 979
869 978
869 1003
869 956
869 878
869 913
869 938
869 946
869 923
869 993
869 968
869 977
869 944
869 877
869 936
869 931
869 973
869 966
869 898
869 943
869 994
869 990
869 951
869 896
869 995
869 967
869 949
869 976
869 920
869 975
869 1004
869 900
869 883
869 948
869 875
869 872
869 922
870 979
870 978
870 944
870 973
870 943
870 898
870 935
870 896
870 995
870 967
870 899
870 918
870 984
870 1004
870 902
870 910
870 875
870 962
870 873
871 931
871 973
871 935
871 995
871 949
871 963
871 895
871 1004
871 910
871 888
872 915
872 937
872 944
872 876
872 939
872 961
872 931
872 936
872 999
872 898
872 994
872 966
872 935
872 990
872 951
872 896
872 995
872 967
872 921
872 959
872 984
872 963
872 895
872 1004
872 883
872 875
872 910
872 979
872 964
872 986
872 978
872 909
872 879
872 992
872 894
872 913
872 899
872 993
872 922
872 950
872 924
872 886
872 904
872 977
872 890
873 915
873 978
873 964
873 986
873 989
873 876
873 944
873 939
873 961
873 925
873 994
873 999
873 898
873 943
873 995
873 896
873 921
873 918
873 959
873 975
873 984
873 1004
873 902
873 875
873 883
873 922
873 950
873 934
873 933
873 980
873 927
873 1005
873 938
873 912
873 954
873 1001
873 991
873 888
874 973
874 961
874 921
874 967
874 907
875 915
875 944
875 876
875 973
875 877
875 936
875 961
875 898
875 999
875 966
875 994
875 935
875 951
875 990
875 921
875 920
875 984
875 963
875 900
875 895
875 903
875 909
875 887
875 995
875 896
875 932
875 957
875 942
875 1005
875 938
875 914
875 899
875 913
875 949
875 976
875 918
875 893
875 985
875 948
875 955
875 910
875 883
875 922
875 1001
875 968
875 1002
875 977
876 903
876 915
876 937
876 986
876 917
876 944
876 961
876 973
876 877
876 939
876 931
876 925
876 958
876 927
876 934
876 926
876 887
876 974
876 990
876 995
876 896
876 1005
876 878
876 960
876 957
876 894
876 913
876 938
876 914
876 946
876 899
876 976
876 975
876 920
876 983
876 1004
876 902
876 900
876 895
876 910
876 955
876 922
876 1002
876 954
876 988
876 888
876 897
876 898
876 999
876 994
876 935
876 967
876 921
876 984
877 944
877 989
877 903
877 915
877 937
877 973
877 936
877 880
877 909
877 974
877 1003
877 995
877 896
877 942
877 1005
877 878
877 913
877 946
877 918
877 976
877 949
877 982
877 930
877 948
877 910
877 881
877 924
877 888
877 904
877 908
877 999
877 994
877 943
877 966
877 935
877 951
877 990
877 967
877 920
877 959
877 975
877 984
877 902
877 900
877 895
878 915
878 961
878 936
878 898
878 999
878 879
878 990
878 951
878 920
878 975
878 902
878 948
878 888
878 897
879 915
879 925
879 939
879 943
879 966
879 994
879 898
879 974
879 908
879 935
879 951
879 921
879 967
879 918
879 976
879 1004
879 902
879 955
879 910
879 922
879 904
880 961
880 883
880 955
881 903
881 925
881 939
881 973
881 943
881 898
881 921
881 967
881 920
881 900
881 930
881 992
881 954
882 915
882 989
882 961
882 943
882 990
882 951
882 967
882 899
883 937
883 989
883 944
883 973
883 936
883 966
883 999
883 994
883 943
883 898
883 935
883 951
883 990
883 967
883 921
883 920
883 959
883 984
883 902
883 900
883 895
883 963
883 903
883 917
883 964
883 971
883 896
883 918
883 970
883 955
883 910
883 930
883 922
883 888
884 935
885 1003
886 915
886 939
886 966
886 898
886 935
886 949
886 918
886 941
886 920
886 963
886 910
886 893
886 970
886 1002
887 917
887 989
887 944
887 925
887 936
887 973
887 994
887 999
887 898
887 974
887 891
887 967
887 959
887 975
887 1004
887 895
887 963
887 930
887 950
887 991
888 915
888 978
888 964
888 989
888 944
888 961
888 999
888 951
888 995
888 967
888 976
888 959
888 984
888 902
888 895
888 1004
888 948
888 950
888 903
888 952
888 938
888 983
888 893
888 954
888 1001
888 904
889 964
889 999
889 943
889 898
889 935
889 990
889 967
889 957
889 1007
889 899
889 918
889 984
889 1004
889 895
889 963
890 979
890 937
890 917
890 936
890 925
890 961
890 994
890 898
890 943
890 951
890 959
890 984
890 1004
890 900
890 963
890 955
890 977
891 978
891 961
891 943
891 974
891 951
891 976
891 959
891 984
891 902
891 948
891 916
891 977
892 917
892 896
892 920
892 1004
892 910
892 991
893 961
893 946
893 975
894 925
894 936
894 921
894 947
894 934
894 949
894 902
894 948
894 930
894 991
895 944
895 999
895 943
895 898
895 994
895 966
895 921
895 984
895 903
895 915
895 917
895 964
895 986
895 978
895 925
895 936
895 961
895 973
895 931
895 939
895 974
895 1003
895 990
895 951
895 1007
895 1006
895 938
895 899
895 918
895 949
895 959
895 975
895 902
895 1004
895 900
895 910
895 930
895 948
895 922
895 1002
895 908
896 937
896 944
896 989
896 973
896 939
896 943
896 898
896 966
896 994
896 935
896 951
896 903
896 917
896 986
896 974
896 995
896 932
896 914
896 976
896 918
896 941
896 949
896 950
896 1001
896 921
896 959
896 984
896 1004
896 902
896 948
896 930
896 955
897 903
897 964
897 944
897 936
897 973
897 943
897 990
897 995
897 946
897 949
897 984
897 950
897 991
897 942
897 992
897 924
898 903
898 986
898 964
898 989
898 944
898 939
898 973
898 934
898 943
898 999
898 966
898 971
898 951
898 990
898 995
898 942
898 981
898 960
898 992
898 952
898 928
898 907
898 940
898 913
898 899
898 941
898 949
898 920
898 975
898 959
898 969
898 963
898 1004
898 900
898 930
898 955
898 948
898 922
898 950
898 1002
898 988
898 904
898 921
898 967
898 984
899 937
899 915
899 986
899 978
899 944
899 989
899 961
899 936
899 939
899 973
899 994
899 935
899 924
899 988
899 975
899 984
899 1004
899 955
899 930
899 910
899 950
899 977
900 989
900 999
900 943
900 994
900 966
900 935
900 921
900 984
900 903
900 979
900 915
900 978
900 964
900 939
900 931
900 936
900 925
900 951
900 990
900 995
900 905
900 942
900 992
900 928
900 946
900 914
900 949
900 941
900 920
900 975
900 969
900 982
900 902
900 963
900 1004
900 955
900 930
900 950
900 1002
900 1001
900 954
900 904
900 908
902 989
902 999
902 966
902 935
902 921
902 967
902 979
902 937
902 915
902 978
902 917
902 961
902 973
902 925
902 931
902 909
902 1003
902 951
902 990
902 957
902 992
902 907
902 1006
902 960
902 946
902 938
902 913
902 949
902 976
902 918
902 941
902 975
902 920
902 923
902 1004
902 930
902 910
902 955
902 922
902 950
902 924
902 1002
902 988
902 954
902 977
902 904
902 991
903 971
903 962
903 956
903 981
903 1001
903 917
903 989
903 944
903 973
903 931
903 936
903 966
903 943
903 935
903 990
903 951
903 921
903 967
903 976
903 959
903 948
903 922
903 977
903 904
904 915
904 989
904 944
904 925
904 939
904 936
904 999
904 966
904 943
904 994
904 935
904 951
904 995
904 967
904 921
904 918
904 920
904 1004
904 963
904 955
904 927
904 952
904 969
904 988
905 937
905 917
905 944
905 939
905 961
905 943
905 966
905 994
905 984
905 922
905 991
906 999
906 951
906 963
906 910
906 930
906 977
907 913
907 920
907 1004
907 955
908 978
908 944
908 989
908 936
908 961
908 999
908 966
908 994
908 943
908 1003
908 974
908 990
908 941
908 920
908 959
908 975
908 955
908 956
908 982
908 985
909 973
909 923
910 937
910 915
910 989
910 973
910 936
910 994
910 943
910 966
910 999
910 935
910 951
910 921
910 959
910 975
910 984
910 963
910 1004
910 986
910 942
910 957
910 976
910 941
910 955
910 922
910 954
910 1001
910 988
910 991
911 937
912 978
912 939
912 913
912 976
913 979
913 915
913 917
913 986
913 944
913 989
913 936
913 961
913 931
913 966
913 943
913 951
913 990
913 921
913 916
913 971
913 956
913 946
913 918
913 976
913 959
913 984
913 922
913 991
913 977
914 979
914 937
914 915
914 986
914 944
914 989
914 931
914 999
914 994
914 935
914 951
914 921
914 967
914 974
914 960
914 976
914 975
914 959
914 920
914 1004
914 963
914 950
915 937
915 964
915 1003
915 995
915 952
915 956
915 938
915 941
915 976
915 949
915 969
915 955
915 948
915 930
915 1002
915 977
915 991
915 989
915 939
915 973
915 961
915 936
915 931
915 966
915 994
915 935
915 967
915 975
915 920
915 959
915 984
915 963
916 989
916 973
916 943
916 974
916 932
916 984
916 968
917 979
917 986
917 964
917 1003
917 942
917 977
917 989
917 939
917 936
917 973
917 994
917 999
917 966
917 943
917 935
917 967
917 921
917 949
917 1004
917 948
918 937
918 944
918 989
918 939
918 931
918 925
918 943
918 966
918 994
918 935
918 990
918 951
918 967
918 921
918 986
918 964
918 978
918 958
918 971
918 932
918 949
918 923
918 968
918 991
918 975
918 959
918 984
918 963
918 1004
918 955
919 921
920 944
920 966
920 994
920 943
920 935
920 921
920 967
920 979
920 937
920 925
920 931
920 939
920 973
920 961
920 936
920 1003
920 971
920 990
920 951
920 995
920 1007
920 957
920 946
920 976
920 941
920 949
920 975
920 923
920 969
920 955
920 950
920 977
920 991
920 984
920 963
921 935
921 937
921 986
921 964
921 944
921 989
921 939
921 931
921 925
921 961
921 973
921 994
921 999
921 943
921 966
921 974
921 990
921 995
921 956
921 932
921 928
921 1006
921 949
921 976
921 941
921 975
921 983
921 984
921 963
921 1004
921 930
921 948
921 922
921 1001
921 924
921 1002
922 937
922 989
922 944
922 973
922 961
922 936
922 943
922 966
922 990
922 951
922 995
922 967
922 949
922 975
922 959
922 963
922 948
922 955
922 930
922 964
922 986
922 985
922 950
922 1001
923 990
923 940
923 976
923 963
923 991
924 944
924 967
924 975
924 963
924 948
924 952
924 940
925 989
925 964
925 939
925 936
925 961
925 974
925 995
925 1006
925 962
925 946
925 941
925 949
925 948
925 930
925 1002
925 977
925 966
925 994
925 999
925 935
925 951
925 990
925 975
925 959
925 984
925 963
925 1004
927 972
927 959
928 943
928 966
928 951
928 959
928 963
928 955
928 950
929 989
929 999
930 989
930 944
930 961
930 939
930 994
930 999
930 943
930 935
930 990
930 951
930 975
930 959
930 963
930 1004
930 978
930 964
930 986
930 971
930 949
930 976
930 955
930 950
930 954
930 977
931 944
931 989
931 937
931 986
931 978
931 964
931 936
931 939
931 961
931 973
931 1003
931 995
931 940
931 1006
931 938
931 949
931 941
931 955
931 948
931 968
931 988
931 991
931 977
931 994
931 999
931 966
931 943
931 935
931 990
931 951
931 967
931 959
931 975
931 984
931 1004
932 989
932 935
932 967
932 963
933 941
933 963
934 939
935 979
935 953
935 937
935 978
935 986
935 989
935 936
935 973
935 961
935 939
935 994
935 999
935 966
935 943
935 971
935 990
935 951
935 995
935 967
935 956
935 981
935 952
935 938
935 941
935 976
935 949
935 959
935 975
935 984
935 963
935 1004
935 955
935 948
935 950
935 1001
935 991
936 944
936 964
936 961
936 939
936 972
936 974
936 995
936 940
936 992
936 942
936 1007
936 946
936 938
936 941
936 955
936 950
936 1002
936 968
936 991
936 999
936 966
936 990
936 975
936 984
936 1004
936 963
937 986
937 964
937 978
937 974
937 1003
937 995
937 960
937 1005
937 938
937 976
937 941
937 955
937 954
937 988
937 991
937 977
937 944
937 989
937 939
937 973
937 943
937 994
937 966
937 951
937 967
937 984
937 1004
938 979
938 944
938 999
938 994
938 967
938 1003
938 957
938 1002
938 941
938 959
938 963
939 989
939 944
939 979
939 986
939 978
939 972
939 1003
939 974
939 940
939 946
939 941
939 993
939 955
939 988
939 991
939 977
939 943
939 994
939 999
939 966
939 990
939 967
939 984
939 963
940 964
940 994
940 976
941 944
941 989
941 973
941 943
941 951
941 995
941 967
941 964
941 978
941 965
941 957
941 946
941 976
941 949
941 985
941 950
941 1002
941 991
941 959
941 984
941 1004
941 963
941 955
942 989
942 944
942 973
942 994
942 975
942 1004
943 979
943 964
943 989
943 944
943 961
943 972
943 994
943 999
943 966
943 971
943 990
943 995
943 952
943 976
943 949
943 975
943 959
943 963
943 1004
943 948
943 955
943 968
943 954
943 967
943 984
944 964
944 978
944 989
944 973
944 961
944 974
944 951
944 995
944 976
944 959
944 975
944 985
944 1004
944 963
944 948
944 955
944 968
944 1001
944 991
944 977
944 999
944 994
944 967
944 984
946 979
946 989
946 961
946 999
946 994
946 951
946 995
946 975
946 984
946 1004
946 963
946 950
946 977
947 979
947 994
948 989
948 973
948 966
948 999
948 994
948 951
948 967
948 975
948 959
948 984
948 1004
948 963
948 979
948 964
948 986
948 974
948 995
948 981
948 949
948 955
948 991
949 989
949 961
949 994
949 966
949 999
949 967
949 986
949 992
949 993
949 950
949 968
949 991
949 959
949 975
949 984
949 1004
950 989
950 973
950 961
950 994
950 999
950 951
950 995
950 959
950 984
950 955
950 986
950 983
950 1001
950 991
951 994
951 966
951 986
951 964
951 973
951 971
951 990
951 952
951 956
951 962
951 981
951 983
951 968
951 988
951 954
951 991
951 959
951 984
951 963
952 989
952 966
952 994
952 990
952 995
952 967
952 956
952 975
952 984
952 1004
952 1001
954 966
954 984
954 1004
954 1006
955 989
955 961
955 999
955 994
955 966
955 990
955 975
955 959
955 984
955 1004
955 986
955 964
955 971
955 974
955 1003
955 995
955 1007
955 1006
955 991
956 999
956 962
957 989
957 975
958 961
958 966
959 989
959 994
959 999
959 966
959 967
959 978
959 961
959 973
959 974
959 990
959 995
959 976
959 968
959 977
959 984
959 963
959 1004
960 989
960 961
960 966
960 975
960 1004
960 963
960 988
961 964
961 974
961 1003
961 976
961 969
961 970
961 1002
961 1001
961 968
961 994
961 990
961 975
961 984
961 1004
961 963
962 979
962 989
962 999
962 990
963 989
963 994
963 999
963 966
963 967
963 979
963 964
963 978
963 986
963 973
963 971
963 990
963 1004
963 988
963 1001
963 1002
963 977
964 986
964 978
964 1003
964 1001
964 991
964 989
964 999
964 967
964 975
965 966
966 979
966 978
966 994
966 999
966 974
966 1003
966 971
966 995
966 976
966 975
966 969
966 1004
966 988
966 991
967 979
967 986
967 989
967 973
967 972
967 980
967 994
967 971
967 974
967 990
967 995
967 992
967 976
967 975
967 985
967 984
967 1004
967 988
967 1002
967 968
967 991
968 989
968 994
968 1003
968 990
968 995
968 977
969 990
969 995
969 970
969 991
971 989
971 973
971 990
971 977
973 986
973 978
973 995
973 1006
973 976
973 993
973 1002
973 991
973 977
973 999
973 975
973 1004
974 979
974 1004
975 999
975 979
975 978
975 986
975 990
975 995
975 981
975 1007
975 1005
975 983
975 988
975 977
975 991
976 989
976 999
976 990
976 979
976 978
976 1003
976 984
977 999
977 995
977 984
977 991
978 986
978 1007
978 991
978 984
978 1004
979 986
979 989
979 994
979 999
979 984
979 1004
979 991
980 995
980 984
981 994
981 995
981 991
982 989
982 994
982 990
983 984
984 986
984 999
984 994
984 990
984 995
984 1007
984 1006
984 1004
984 1001
984 991
985 995
986 1007
986 1002
986 999
986 994
986 990
986 1004
988 999
989 1003
989 990
989 995
989 1007
989 1005
989 1004
989 994
989 999
990 999
990 994
990 995
990 1002
990 991
990 1004
991 995
991 1004
992 1001
994 995
994 1005
994 1004
994 1001
995 999
995 1003
995 1004
999 1007
999 1005
999 1004