0 33
1 33
2 12
2 33
3 33
4 12
4 5
4 33
5 14
5 29
5 16
5 28
5 11
5 22
5 20
5 6
5 33
6 26
6 33
6 10
7 33
8 23
8 33
9 33
10 33
11 26
11 14
11 33
12 33
13 33
14 33
15 33
16 33
17 33
18 33
19 33
20 33
20 29
20 31
21 33
22 33
23 33
24 33
25 33
26 29
26 33
27 33
28 33
29 33
30 33
31 33
32 33
34 37
34 35
34 39
34 38
34 36
35 38
35 39
35 37
35 36
36 39
36 37
36 38
37 38
37 39
38 39
40 65
41 80
41 63
41 85
41 65
42 79
42 64
42 104
42 65
43 65
44 78
44 114
44 53
44 72
44 50
44 101
44 90
44 57
44 80
44 104
44 85
44 115
44 45
44 105
44 65
45 80
45 104
45 63
45 85
45 114
45 66
45 78
45 111
45 112
45 60
45 107
45 100
45 105
45 65
46 65
47 66
47 117
47 111
47 60
47 107
47 104
47 63
47 109
47 65
48 85
48 65
49 80
49 85
49 92
49 109
49 65
50 78
50 66
50 80
50 64
50 90
50 103
50 108
50 115
50 85
50 100
50 109
50 105
50 65
51 115
51 65
52 65
53 80
53 59
53 85
53 100
53 65
54 80
54 65
55 65
56 63
56 65
57 66
57 80
57 63
57 92
57 65
58 78
58 117
58 104
58 85
58 115
58 65
59 80
59 117
59 111
59 99
59 107
59 104
59 96
59 100
59 105
59 92
59 85
59 115
59 65
60 65
61 65
62 92
62 65
63 80
63 111
63 78
63 117
63 112
63 89
63 90
63 64
63 97
63 101
63 104
63 100
63 105
63 92
63 85
63 115
63 65
64 117
64 80
64 112
64 104
64 85
64 100
64 109
64 65
65 111
65 78
65 117
65 114
65 66
65 88
65 99
65 106
65 112
65 80
65 110
65 89
65 72
65 75
65 77
65 107
65 82
65 101
65 90
65 97
65 98
65 81
65 70
65 71
65 94
65 116
65 87
65 83
65 113
65 102
65 93
65 67
65 79
65 104
65 108
65 73
65 68
65 91
65 76
65 69
65 86
65 103
65 95
65 84
65 96
65 74
65 85
65 115
65 105
65 109
65 92
65 100
65 157
66 111
66 114
66 117
66 78
66 99
66 101
66 108
66 80
66 104
66 115
66 85
66 92
66 109
67 85
68 80
72 92
74 115
74 85
75 80
76 78
76 80
77 80
77 85
77 100
78 114
78 101
78 80
78 115
78 92
78 157
80 114
80 111
80 117
80 99
80 106
80 110
80 101
80 90
80 82
80 107
80 97
80 104
80 84
80 115
80 85
80 105
80 109
80 100
80 92
80 157
82 104
82 85
85 114
85 117
85 111
85 88
85 99
85 112
85 101
85 97
85 90
85 107
85 104
85 95
85 115
85 92
85 109
85 105
85 100
85 157
88 117
88 104
88 105
89 115
90 111
90 115
90 105
90 109
91 104
92 104
92 115
92 111
92 106
92 109
92 100
96 101
97 114
97 104
97 115
99 117
99 115
99 109
100 104
100 115
100 117
100 107
100 105
100 109
101 111
101 115
104 114
104 117
104 106
104 110
104 107
104 109
104 105
104 115
105 115
105 114
107 117
107 110
107 115
109 115
109 117
112 115
114 115
118 157
119 155
119 157
120 178
120 132
120 146
120 246
120 186
120 165
120 127
120 176
120 213
120 238
120 157
120 180
121 155
121 157
122 159
122 185
122 183
122 219
122 165
122 240
122 236
122 155
122 178
122 237
122 218
122 157
122 180
123 142
123 157
124 157
125 232
125 132
125 240
125 173
125 167
125 227
125 143
125 155
125 209
125 138
125 213
125 218
125 157
125 180
126 164
126 201
126 169
126 143
126 155
126 172
126 228
126 171
126 145
126 157
127 183
127 157
128 212
128 145
128 157
129 159
129 183
129 185
129 195
129 215
129 241
129 146
129 178
129 155
129 157
130 190
130 158
130 144
130 187
130 236
130 155
130 209
130 172
130 138
130 237
130 213
130 142
130 238
130 157
131 157
132 191
132 150
132 138
132 237
132 142
132 145
132 157
132 133
133 155
133 218
133 237
133 157
133 152
133 203
133 232
133 246
133 169
133 242
133 205
133 236
133 160
133 172
133 244
133 235
133 228
133 239
133 208
133 187
133 138
133 194
133 140
133 238
134 190
134 155
134 222
134 140
134 157
135 212
135 236
135 179
135 155
135 228
135 241
135 168
135 246
135 237
135 145
135 157
136 144
136 157
137 212
137 209
137 157
138 147
138 155
138 159
138 234
138 175
138 246
138 209
138 241
138 168
138 178
138 192
138 173
138 153
138 201
138 218
138 213
138 237
138 157
138 180
139 240
139 194
139 201
139 143
139 241
139 171
139 218
139 142
139 157
140 147
140 157
141 157
142 155
142 147
142 209
142 172
142 218
142 213
142 212
142 191
142 152
142 143
142 205
142 146
142 174
142 171
142 248
142 238
142 145
142 157
142 180
143 159
143 205
143 179
143 236
143 178
143 168
143 171
143 151
143 164
143 147
143 157
144 206
144 245
144 187
144 213
144 157
145 172
145 237
145 213
145 203
145 232
145 208
145 187
145 162
145 238
145 157
146 212
146 205
146 236
146 155
146 209
146 152
146 246
146 232
146 169
146 241
146 178
146 196
146 164
146 157
146 180
147 234
147 233
147 152
147 232
147 185
147 219
147 209
147 244
147 192
147 241
147 235
147 154
147 187
147 166
147 237
147 213
147 164
147 211
147 201
147 176
147 238
147 157
148 157
149 175
149 157
150 169
150 213
150 218
150 226
150 157
150 180
151 178
151 157
152 236
152 209
152 172
152 157
153 246
153 179
153 172
153 204
153 226
153 157
154 157
155 159
155 234
155 233
155 163
155 169
155 205
155 207
155 192
155 235
155 208
155 187
155 237
155 167
155 248
155 238
155 180
155 157
156 192
156 202
156 157
157 212
157 159
157 233
157 175
157 224
157 249
157 206
157 203
157 191
157 234
157 183
157 242
157 247
157 163
157 190
157 246
157 232
157 169
157 185
157 179
157 205
157 236
157 219
157 225
157 181
157 195
157 222
157 215
157 160
157 221
157 172
157 209
157 241
157 235
157 168
157 228
157 207
157 229
157 244
157 192
157 178
157 196
157 165
157 184
157 198
157 243
157 231
157 239
157 161
157 197
157 188
157 230
157 217
157 189
157 174
157 158
157 250
157 216
157 214
157 223
157 199
157 204
157 170
157 186
157 171
157 208
157 245
157 240
157 173
157 251
157 187
157 166
157 220
157 213
157 237
157 218
157 164
157 202
157 201
157 227
157 211
157 193
157 248
157 167
157 176
157 162
157 200
157 182
157 210
157 226
157 194
157 177
157 238
157 180
157 334
157 355
159 163
159 241
159 216
159 205
159 172
159 213
160 237
161 212
161 187
162 179
162 213
162 167
163 212
163 249
163 233
163 190
163 209
163 228
163 245
163 213
164 207
164 237
164 215
164 201
166 247
166 244
166 245
166 197
166 218
166 238
167 191
167 242
167 228
167 213
167 237
168 179
168 209
168 185
168 207
168 237
168 213
169 233
169 203
169 175
169 232
169 202
169 200
169 205
169 172
171 234
171 210
171 213
172 191
172 242
172 236
172 221
172 228
172 245
172 240
172 226
172 218
172 237
172 213
172 180
173 234
173 190
173 235
173 192
173 241
173 208
173 220
173 213
173 180
175 212
175 206
175 209
176 220
176 182
177 226
177 201
178 212
178 236
178 203
178 213
178 237
178 218
178 180
179 232
179 244
179 207
179 228
179 208
179 202
179 200
179 211
179 209
180 237
180 218
180 213
180 212
180 203
180 242
180 247
180 236
180 205
180 235
180 192
180 238
183 191
183 190
183 205
183 236
183 244
183 238
185 212
185 191
185 234
185 222
185 210
185 213
187 246
187 228
187 245
187 237
187 218
188 218
190 237
191 218
192 246
192 228
192 245
192 210
192 237
192 218
193 234
194 236
195 245
195 238
200 213
200 222
202 213
202 237
203 232
203 205
203 245
205 206
205 236
205 244
205 241
205 209
205 213
205 237
206 212
206 236
206 207
206 218
206 237
207 212
207 244
207 213
207 238
208 244
208 213
209 225
209 218
211 236
211 213
212 232
212 242
212 244
212 245
212 218
213 224
213 249
213 244
213 229
213 228
213 231
213 245
213 237
213 218
215 235
218 224
218 233
218 236
218 241
218 237
220 233
220 242
222 246
222 235
226 232
226 244
227 249
228 246
228 238
229 251
233 238
235 249
235 238
236 246
237 246
237 247
237 245
240 245
245 251
327 375
327 366
327 334
327 355
328 365
328 366
328 371
328 334
328 355
329 334
329 355
330 334
330 355
331 334
331 355
332 355
332 334
333 371
333 355
333 334
334 380
334 348
334 367
334 358
334 352
334 376
334 354
334 377
334 337
334 342
334 379
334 336
334 351
334 370
334 339
334 356
334 373
334 369
334 363
334 364
334 353
334 362
334 374
334 350
334 365
334 366
334 349
334 357
334 368
334 375
334 371
334 355
334 340
334 360
334 378
334 346
334 338
334 361
334 372
334 344
334 343
334 359
334 341
334 345
334 335
334 347
335 371
335 355
336 355
337 355
338 375
338 355
339 355
340 374
340 371
340 355
340 347
341 355
342 355
343 355
343 344
344 355
345 371
345 355
346 349
346 371
346 355
347 371
347 355
347 375
347 368
348 355
349 375
349 371
349 355
350 371
350 355
351 355
352 355
353 355
354 355
355 373
355 363
355 356
355 380
355 379
355 364
355 376
355 370
355 367
355 377
355 369
355 358
355 374
355 362
355 365
355 368
355 375
355 357
355 366
355 371
355 359
355 372
355 360
355 361
355 378
357 375
357 371
359 362
359 371
360 371
361 365
361 362
362 368
362 371
365 375
365 371
366 375
366 368
366 371
368 371
371 374
372 374
375 378