0 29
0 24
0 5
0 1
0 10
0 11
1 13
1 38
1 19
2 36
2 9
2 6
2 24
2 42
2 6
3 37
3 12
3 19
3 32
4 24
4 42
4 41
4 22
4 4
4 27
4 10
4 5
4 13
4 9
4 5
4 40
4 12
4 26
4 13
5 27
5 5
5 5
5 7
5 23
5 3
5 4
5 4
5 23
5 23
5 42
5 4
5 35
5 38
5 5
5 19
5 38
5 6
5 19
5 41
5 11
5 29
5 40
5 19
5 23
5 24
5 10
5 9
5 39
5 21
5 5
5 22
5 30
5 19
5 5
5 26
5 5
5 12
5 23
5 14
5 19
5 40
5 5
5 4
5 2
5 258
6 17
6 19
6 39
6 42
6 33
7 42
7 3
7 5
7 5
7 29
7 5
7 1
7 19
8 41
8 9
8 23
9 24
9 19
9 4
9 10
9 9
9 7
9 19
9 10
9 42
10 29
10 6
10 9
10 25
10 33
11 6
11 5
11 1
11 23
12 13
12 39
12 29
12 7
12 9
12 1
12 23
12 4
13 25
13 16
13 5
13 24
13 22
13 4
14 24
14 42
14 38
14 1
14 33
14 33
14 144
15 13
15 4
15 1
15 4
15 161
16 15
16 24
16 39
17 28
17 24
18 33
18 1
18 15
18 3
19 4
19 42
19 29
19 40
19 3
19 0
19 23
19 5
19 5
19 26
19 22
19 19
19 40
19 5
19 36
19 23
19 5
19 5
19 28
19 11
19 39
19 29
19 39
19 27
19 40
19 155
20 42
20 4
20 19
21 12
21 1
21 25
21 25
21 42
21 22
22 0
22 9
22 5
22 14
23 37
23 37
23 5
23 40
23 25
23 5
23 35
23 39
23 4
23 7
23 7
23 19
23 13
23 16
23 15
23 3
23 23
23 22
23 24
23 41
23 38
23 34
23 27
23 2
23 35
23 10
23 42
23 39
23 8
23 5
24 3
24 9
24 23
24 26
24 26
24 17
24 5
24 23
24 11
24 39
24 33
24 5
24 39
24 30
24 4
24 19
24 24
24 40
25 24
25 42
25 22
26 23
26 39
26 24
26 23
26 63
27 5
27 29
27 29
27 42
28 20
28 5
29 29
29 2
29 5
29 27
29 27
29 15
29 39
29 34
29 39
29 37
29 23
29 12
29 41
29 29
29 0
29 5
29 24
29 7
29 23
29 18
29 40
29 5
30 27
30 27
30 30
30 39
30 23
31 37
31 29
31 33
31 30
31 23
31 29
32 24
32 2
32 29
32 24
32 1
33 14
33 13
33 26
33 7
33 14
33 21
33 11
33 13
34 41
34 28
34 5
34 19
35 39
35 0
35 0
35 15
35 23
36 33
36 41
36 19
36 19
36 32
36 5
36 23
36 35
36 16
37 24
38 16
38 7
38 4
38 5
38 28
38 7
39 31
39 27
39 39
39 42
39 22
39 18
39 20
39 19
39 28
39 4
39 19
39 2
39 15
39 24
39 39
39 25
39 7
39 23
39 26
40 5
40 23
40 23
40 39
40 40
40 39
40 38
40 40
41 29
41 24
42 3
42 40
42 1
42 5
42 10
42 11
42 30
42 5
42 27
42 31
43 75
43 57
43 75
43 75
43 74
43 62
43 77
43 87
43 63
43 62
43 83
43 57
44 83
44 87
44 89
44 62
45 89
45 47
45 89
45 89
46 64
46 84
46 62
46 43
46 66
47 85
47 83
47 83
47 83
47 62
47 83
47 91
48 49
48 47
48 65
48 68
48 58
48 87
48 83
48 68
49 78
49 57
49 57
49 69
49 83
49 48
50 64
50 62
50 43
50 78
50 49
50 79
50 89
50 64
51 59
51 78
51 84
51 83
51 70
51 57
51 274
51 272
52 83
52 66
52 93
52 68
52 83
52 304
53 74
53 57
53 57
53 61
53 53
53 77
53 87
53 59
54 65
54 55
54 69
54 57
54 87
54 89
54 83
54 144
54 133
55 44
55 83
55 89
55 68
55 49
55 83
56 83
56 57
56 83
56 139
56 269
56 288
57 50
57 78
57 64
57 85
57 64
57 62
57 87
57 63
57 78
57 89
57 49
57 75
57 54
57 78
57 57
57 76
57 67
57 78
57 71
57 50
57 75
57 65
57 89
57 63
57 83
57 55
57 65
57 77
57 80
57 68
57 78
57 62
57 83
57 62
57 84
57 78
57 82
57 78
57 89
57 49
57 46
57 83
57 78
57 77
57 83
57 89
57 62
57 83
57 51
57 295
57 299
57 393
58 83
58 83
58 83
58 81
58 85
58 83
58 132
59 66
59 93
59 83
59 83
59 62
59 83
59 78
59 57
59 84
59 57
60 83
60 78
60 84
60 93
60 93
60 75
60 75
61 73
61 78
61 65
61 51
61 63
61 83
61 58
61 93
61 83
61 68
62 57
62 49
62 87
62 49
62 62
62 49
62 68
62 78
62 57
62 88
62 56
62 66
62 81
62 83
62 75
62 68
62 64
62 86
62 78
62 89
62 83
62 62
62 89
62 46
62 76
62 95
62 89
62 82
62 70
62 75
62 75
62 57
62 73
62 67
62 57
62 83
62 74
62 83
62 62
62 68
62 121
62 145
62 291
62 268
62 269
62 304
62 303
62 394
63 88
63 83
63 93
63 75
63 68
63 91
63 83
63 68
63 68
63 68
63 90
63 83
63 78
63 145
63 294
64 78
64 94
64 60
64 57
64 48
64 57
64 84
65 78
65 57
65 83
65 57
65 295
65 268
66 83
66 78
66 62
66 85
66 68
66 83
66 62
66 93
66 83
66 94
66 63
66 90
66 71
66 62
67 89
67 73
67 93
68 82
68 86
68 93
68 87
68 69
68 62
68 87
68 55
68 83
68 72
68 69
68 68
68 83
68 78
68 83
68 61
68 50
68 65
68 63
68 89
68 85
68 83
68 91
68 57
68 71
68 57
68 57
68 93
68 68
68 83
68 68
68 68
68 49
68 78
68 83
68 78
68 90
68 49
68 69
68 65
68 54
68 68
68 69
68 89
68 123
68 99
68 140
68 119
68 277
68 295
68 276
68 281
68 278
69 81
69 86
69 89
69 62
69 74
69 94
69 288
69 305
70 92
70 75
70 93
70 75
70 78
70 57
70 58
70 68
70 306
71 87
71 72
71 66
71 89
71 57
71 57
71 55
71 295
72 86
72 80
72 75
72 63
72 59
72 53
73 89
73 68
73 65
73 89
73 126
73 100
73 100
74 78
74 93
74 84
74 88
74 68
74 75
74 392
75 50
75 71
75 83
75 66
75 83
75 83
75 83
75 93
75 66
75 63
75 66
75 75
75 83
75 69
75 63
75 62
75 79
75 47
75 68
75 57
75 79
75 78
75 85
75 83
75 56
75 54
75 57
75 78
75 295
75 294
76 86
76 72
76 83
76 77
76 102
77 68
77 83
77 50
77 83
77 57
77 83
77 61
77 83
77 304
78 83
78 57
78 45
78 83
78 87
78 92
78 83
78 83
78 62
78 62
78 83
78 75
78 88
78 84
78 83
78 61
78 86
78 63
78 87
78 62
78 75
78 74
78 89
78 60
78 86
78 60
78 65
78 48
78 64
78 65
78 47
78 83
78 45
78 87
78 87
78 75
78 95
78 83
78 89
78 83
78 49
78 78
78 90
78 67
78 78
78 78
78 76
78 62
78 66
78 85
78 83
78 83
78 83
78 49
78 74
78 57
78 66
78 83
78 90
78 60
78 123
78 106
78 97
78 121
78 113
78 111
78 291
78 300
78 307
78 295
78 301
78 273
78 292
78 296
79 85
79 89
79 83
79 89
80 57
80 65
80 66
80 270
81 67
81 53
81 84
81 87
81 52
82 83
82 78
82 75
82 83
82 53
82 87
82 145
83 89
83 93
83 57
83 78
83 48
83 95
83 46
83 87
83 66
83 89
83 62
83 83
83 43
83 75
83 49
83 81
83 62
83 83
83 83
83 59
83 70
83 68
83 84
83 83
83 84
83 77
83 83
83 66
83 49
83 68
83 50
83 50
83 87
83 68
83 68
83 57
83 65
83 49
83 83
83 93
83 86
83 47
83 83
83 78
83 89
83 63
83 87
83 62
83 68
83 57
83 83
83 83
83 84
83 83
83 83
83 57
83 66
83 78
83 89
83 49
83 83
83 92
83 57
83 57
83 65
83 78
83 60
83 50
83 62
83 78
83 88
83 93
83 83
83 78
83 93
83 57
83 75
83 89
83 49
83 81
83 49
83 53
83 62
83 84
83 62
83 83
83 43
83 83
83 83
83 82
83 46
83 66
83 75
83 94
83 87
83 83
83 75
83 78
83 57
83 46
83 87
83 76
83 44
83 93
83 69
83 56
83 56
83 74
83 83
83 93
83 57
83 83
83 78
83 87
83 57
83 45
83 86
83 62
83 71
83 53
83 93
83 62
83 93
83 83
83 68
83 67
83 67
83 72
83 57
83 76
83 83
83 83
83 45
83 57
83 125
83 135
83 145
83 98
83 145
83 106
83 304
83 287
83 276
83 295
83 306
83 269
83 323
84 88
84 78
84 63
84 93
84 57
84 57
84 83
84 57
84 85
84 68
84 83
84 60
84 68
84 85
84 65
84 66
84 83
84 68
84 67
84 57
84 62
84 83
84 78
84 65
84 51
84 78
84 83
84 63
84 89
84 140
84 127
84 278
85 57
85 88
85 84
85 88
85 87
85 78
85 58
85 88
85 62
85 68
85 45
85 46
85 83
85 90
85 92
85 75
85 69
85 49
85 78
85 89
85 144
85 287
85 295
85 306
85 303
86 83
86 83
86 72
86 83
86 87
86 57
86 55
86 103
86 145
86 281
87 57
87 83
87 83
87 78
87 78
87 84
87 93
87 49
87 63
87 83
87 63
87 56
87 68
87 70
87 89
87 64
87 63
87 57
87 83
87 91
87 83
87 76
87 57
87 78
87 53
87 57
87 83
87 84
87 68
87 84
87 82
87 83
87 83
87 47
87 57
87 135
87 122
87 114
87 272
87 299
87 273
88 68
88 89
88 85
88 62
88 82
88 75
88 83
88 90
88 59
88 87
88 93
88 145
88 135
88 294
89 68
89 49
89 88
89 57
89 83
89 83
89 70
89 84
89 62
89 83
89 92
89 83
89 65
89 95
89 62
89 78
89 57
89 83
89 62
89 75
89 83
89 83
89 62
89 54
89 62
89 84
89 83
89 83
89 66
89 62
89 87
89 74
89 89
89 50
89 144
89 294
89 300
89 299
90 78
91 83
91 63
91 62
92 83
92 62
93 49
93 83
93 62
93 66
93 49
93 83
93 76
93 62
93 87
93 62
93 87
93 77
93 83
93 67
93 83
93 60
93 90
93 65
93 87
93 88
93 57
93 48
93 92
94 82
94 60
94 88
94 83
94 85
94 68
95 84
95 83
95 303
96 132
96 106
96 147
96 125
96 116
96 142
96 127
96 109
96 144
96 119
96 145
96 145
96 121
96 97
96 104
96 106
96 147
96 147
96 148
96 145
96 103
96 96
96 115
96 145
96 145
96 107
96 116
96 134
96 102
96 117
96 149
96 109
96 119
96 132
96 109
96 107
96 123
96 108
96 147
96 107
96 97
96 109
96 116
96 132
96 97
96 145
96 109
96 145
96 106
96 146
96 111
96 109
96 149
96 146
96 134
96 146
96 145
96 145
96 145
96 98
96 145
96 144
96 123
96 130
96 117
96 96
96 145
96 111
96 111
96 108
96 122
96 144
96 139
96 145
96 145
96 258
96 304
96 300
96 281
96 323
96 320
97 109
97 121
97 145
97 145
97 97
97 99
97 145
97 133
97 145
97 144
97 106
97 125
97 104
97 140
97 145
97 119
97 143
97 97
97 122
97 109
97 132
97 147
97 144
97 97
97 113
97 96
97 117
97 108
97 145
97 109
97 112
97 109
97 107
97 104
97 145
97 106
97 139
97 115
97 113
97 145
97 148
97 102
97 139
97 99
97 109
97 115
97 123
97 96
97 98
97 238
97 212
97 300
98 103
98 121
98 140
98 145
98 147
98 112
98 122
98 113
98 134
98 117
98 104
98 97
98 106
98 136
98 104
98 117
98 127
98 111
98 145
98 121
98 96
98 145
98 145
98 147
98 145
98 147
98 155
98 308
99 145
99 113
99 113
99 109
99 117
99 145
99 113
99 113
99 105
99 136
99 107
99 105
99 140
99 106
99 113
99 130
99 109
99 102
99 113
99 105
99 96
99 145
99 106
99 104
99 109
99 135
99 131
99 147
99 122
99 102
99 145
99 97
99 102
99 134
99 140
99 145
99 110
99 106
99 100
99 127
99 109
99 99
99 104
99 103
99 105
99 142
99 142
99 145
99 234
99 294
100 110
100 144
100 145
100 103
100 96
100 111
100 98
100 129
100 113
100 122
100 97
100 149
100 113
100 145
100 145
100 123
100 98
100 104
100 99
100 120
100 143
100 126
100 99
100 124
100 123
100 145
100 126
100 139
100 145
100 148
100 145
100 116
100 107
100 143
100 117
100 111
100 106
101 136
101 143
101 145
102 103
102 132
102 140
102 102
102 99
102 134
102 97
102 108
102 147
102 134
102 145
102 147
102 106
102 131
102 106
102 145
102 145
102 113
102 145
102 107
102 111
102 107
102 111
102 124
102 146
102 145
102 132
102 109
102 103
102 123
102 145
102 145
102 135
102 145
102 108
102 123
102 121
102 278
102 292
103 104
103 145
103 145
103 107
103 132
103 145
103 145
103 147
103 136
103 140
103 117
103 119
103 104
103 136
103 106
103 99
103 104
103 136
103 98
103 117
103 148
103 121
103 132
103 116
103 149
103 112
103 145
103 122
103 98
103 107
103 96
104 109
104 144
104 99
104 145
104 122
104 145
104 100
104 112
104 131
104 147
104 97
104 131
104 123
104 136
104 104
104 121
104 143
104 147
104 97
104 147
104 121
104 140
104 132
104 133
104 145
104 111
104 123
104 124
104 105
104 145
104 145
104 116
104 139
104 111
104 145
104 145
104 139
104 144
104 109
104 136
104 106
104 116
104 96
104 131
104 144
104 96
104 99
104 98
104 137
104 149
104 131
104 144
104 119
104 132
104 145
104 148
104 127
104 145
104 107
104 133
104 145
104 145
104 132
104 106
104 116
104 149
104 122
104 143
104 104
104 99
104 143
104 108
104 123
104 111
104 133
104 104
104 149
104 145
104 144
104 140
104 117
104 147
104 113
104 96
104 242
104 210
104 207
105 145
105 113
105 96
105 102
105 140
105 119
105 145
105 102
105 134
105 99
105 134
105 135
105 103
105 119
105 116
105 145
105 96
105 113
105 145
105 113
105 124
105 145
105 129
105 111
105 140
105 132
105 105
105 106
105 144
105 285
106 136
106 140
106 149
106 143
106 145
106 97
106 144
106 117
106 141
106 145
106 106
106 109
106 103
106 145
106 102
106 149
106 137
106 124
106 145
106 147
106 104
106 116
106 96
106 145
106 107
106 117
106 122
106 113
106 106
106 145
106 100
106 96
106 109
106 102
106 103
106 108
106 147
106 115
106 139
106 145
106 107
106 145
106 121
106 132
106 124
106 145
106 100
106 105
106 144
106 111
106 106
106 145
106 139
106 113
106 146
106 105
106 145
106 145
106 106
106 121
106 116
106 145
106 109
106 300
107 136
107 149
107 104
107 96
107 116
107 97
107 145
107 116
107 133
107 107
107 106
107 145
107 111
107 148
107 109
107 113
107 145
107 139
107 110
107 124
107 109
107 137
107 145
107 104
107 127
107 145
107 119
107 132
107 107
107 145
107 146
107 103
107 147
107 140
107 96
107 141
107 147
107 147
107 123
107 119
107 100
107 131
107 106
107 96
107 109
107 98
107 145
107 140
107 145
107 106
107 145
107 145
107 100
107 301
107 295
107 319
108 117
108 124
108 106
108 134
108 145
108 104
108 97
108 136
108 96
108 121
108 145
108 103
108 134
108 145
108 111
108 96
108 145
108 147
108 117
108 145
108 113
108 145
108 98
108 132
108 97
108 165
108 286
108 309
108 309
109 96
109 117
109 122
109 97
109 122
109 147
109 145
109 145
109 148
109 96
109 144
109 123
109 97
109 139
109 136
109 142
109 107
109 131
109 135
109 98
109 126
109 137
109 145
109 145
109 109
109 147
109 145
109 147
109 102
109 121
109 115
109 147
109 149
109 149
109 132
109 113
109 148
109 123
109 107
109 142
109 106
109 145
109 133
109 119
109 147
109 145
109 135
109 125
109 113
109 132
109 145
109 113
109 145
109 148
109 108
109 96
109 145
109 133
109 145
109 109
109 145
109 145
109 103
109 142
109 117
109 99
109 147
109 131
109 140
109 132
109 99
109 149
109 140
109 99
109 116
109 123
109 127
109 109
109 102
109 132
109 97
109 116
109 145
109 135
109 299
109 294
109 313
109 311
110 96
110 124
110 147
110 98
110 145
110 134
110 116
110 110
110 109
111 104
111 116
111 106
111 117
111 98
111 132
111 99
111 113
111 145
111 121
111 145
111 106
111 111
111 104
111 145
111 145
111 109
111 98
111 134
111 140
111 97
111 127
111 145
111 132
111 147
111 141
111 98
111 145
111 149
111 127
111 98
111 132
111 129
111 118
111 119
111 101
111 145
111 134
111 104
111 145
111 121
111 119
111 124
111 106
111 200
111 316
111 311
112 117
112 145
112 104
112 127
112 117
112 123
112 117
112 96
112 143
112 97
112 298
113 149
113 102
113 112
113 123
113 136
113 127
113 145
113 145
113 117
113 149
113 136
113 145
113 145
113 113
113 97
113 145
113 104
113 104
113 103
113 96
113 123
113 145
113 139
113 123
113 148
113 145
113 102
113 129
113 149
113 99
113 99
113 102
113 139
113 140
113 147
113 122
113 119
113 148
113 145
113 106
113 147
113 144
113 97
113 109
113 110
113 145
113 143
113 221
113 316
113 312
114 122
114 109
114 109
114 100
115 145
115 124
115 116
115 144
115 132
115 103
115 144
115 104
115 96
115 107
115 147
115 107
115 116
115 132
115 147
115 116
115 104
115 129
115 122
115 145
115 145
115 145
115 126
115 111
115 146
115 113
115 123
115 117
115 106
115 117
115 132
115 132
115 116
115 111
115 147
115 125
115 123
115 99
115 131
115 145
115 145
115 145
115 137
115 294
115 292
116 142
116 113
116 113
116 147
116 122
116 96
116 113
116 117
116 96
116 145
116 102
116 140
116 145
116 149
116 105
116 147
116 145
116 125
116 145
116 116
116 96
116 119
116 104
116 112
116 149
116 111
116 115
116 117
116 148
116 96
116 123
116 145
116 146
116 96
116 136
116 115
116 145
116 119
116 145
116 116
116 129
116 135
116 127
116 111
116 145
116 119
116 145
116 105
116 134
116 145
116 105
117 98
117 116
117 99
117 145
117 106
117 117
117 109
117 125
117 96
117 119
117 103
117 145
117 104
117 115
117 145
117 104
117 126
117 119
117 145
117 108
117 107
117 145
117 121
117 145
117 97
117 116
117 123
117 106
117 122
117 149
117 104
117 145
117 109
117 145
117 143
117 145
117 103
117 111
117 136
117 149
117 106
117 145
117 100
117 145
117 294
117 276
117 315
118 145
118 145
118 147
118 145
118 131
118 97
118 135
118 147
119 111
119 145
119 106
119 121
119 107
119 126
119 129
119 145
119 117
119 108
119 108
119 99
119 145
119 116
119 145
119 96
119 148
119 145
119 145
119 106
119 113
119 123
119 108
119 105
119 97
119 132
119 125
119 106
119 149
119 145
119 96
119 134
119 116
119 102
119 119
119 111
119 145
119 132
119 107
119 116
119 145
119 97
119 109
119 270
119 295
120 136
120 149
120 96
120 145
120 139
120 123
120 109
120 305
120 319
121 103
121 145
121 118
121 113
121 106
121 96
121 109
121 136
121 145
121 111
121 135
121 145
121 111
121 116
121 140
121 123
121 104
121 96
121 145
121 145
121 144
121 96
121 97
121 135
121 96
121 146
121 148
121 99
121 134
121 109
121 107
121 123
121 97
121 133
121 119
121 122
121 145
121 218
121 321
122 115
122 119
122 104
122 145
122 126
122 113
122 108
122 111
122 113
122 145
122 96
122 111
122 103
122 149
122 109
122 116
122 123
122 99
122 106
122 97
122 104
122 116
122 126
122 99
122 115
122 131
122 143
122 104
122 124
122 113
122 135
122 119
122 103
122 116
122 125
122 140
122 145
122 304
122 268
123 145
123 117
123 108
123 98
123 104
123 107
123 113
123 104
123 125
123 105
123 145
123 116
123 145
123 99
123 97
123 149
123 132
123 113
123 113
123 97
123 145
123 132
123 143
123 113
123 107
123 133
123 107
123 119
123 106
123 108
123 109
123 144
123 97
123 99
123 146
123 145
123 149
123 146
123 108
123 135
123 104
123 106
123 144
123 143
123 121
123 110
123 123
123 107
123 253
123 304
123 301
123 272
123 317
124 96
124 113
124 139
124 97
124 145
124 125
124 97
124 145
124 132
124 115
124 104
124 96
124 144
124 104
124 119
124 145
124 145
124 116
124 105
124 109
124 115
124 134
124 127
124 147
124 104
125 111
125 132
125 99
125 100
125 145
125 106
125 134
125 103
125 117
125 102
125 102
125 106
125 145
125 117
125 149
125 106
125 134
125 145
125 119
125 145
125 109
125 145
125 132
125 97
125 116
125 132
125 109
125 137
125 292
126 104
126 109
126 135
126 123
126 108
126 145
126 123
126 97
126 147
126 97
126 124
126 145
126 111
126 145
126 148
126 319
127 125
127 132
127 109
127 106
127 121
127 145
127 111
127 147
127 145
127 119
127 145
127 106
127 106
127 104
127 136
127 149
127 104
127 111
127 145
127 146
127 234
128 124
128 265
129 111
129 96
129 96
129 111
129 113
129 134
129 145
129 145
129 149
130 112
130 97
131 145
131 115
131 145
131 107
131 119
131 109
131 100
131 135
131 97
131 145
131 132
131 145
131 96
131 145
131 97
131 127
131 145
131 106
131 119
131 115
131 107
131 123
131 145
131 97
131 102
131 303
131 312
132 145
132 104
132 102
132 132
132 149
132 106
132 121
132 145
132 111
132 145
132 140
132 102
132 126
132 105
132 136
132 117
132 145
132 96
132 145
132 115
132 117
132 104
132 105
132 103
132 104
132 104
132 146
132 96
132 104
132 121
132 96
132 147
132 147
132 139
132 112
132 124
132 116
132 124
132 145
132 132
132 132
132 144
132 123
132 106
132 145
132 111
132 145
132 96
132 140
132 122
132 132
132 142
132 132
132 145
132 131
132 139
132 121
132 145
132 111
132 132
132 109
132 147
132 145
132 146
132 264
133 115
133 108
133 145
133 122
133 138
133 109
133 109
133 121
133 145
133 145
133 147
133 131
133 116
133 168
133 281
133 309
134 147
134 110
134 145
134 145
134 97
134 106
134 113
134 145
134 145
134 115
134 134
134 148
134 148
134 145
134 116
134 115
134 144
134 127
134 147
134 147
134 116
134 99
134 145
134 129
134 108
134 111
134 139
134 113
134 109
134 124
134 121
134 134
134 109
134 97
134 134
134 136
134 144
134 145
134 98
134 139
134 145
134 299
135 115
135 145
135 111
135 145
135 119
135 145
135 134
135 109
135 116
135 119
135 99
135 107
135 145
135 125
135 124
135 123
135 117
135 145
135 109
135 142
135 123
135 122
135 99
135 109
135 145
135 135
135 136
135 144
135 97
135 145
135 137
135 117
135 116
135 109
135 135
135 109
135 145
135 149
135 145
135 139
135 129
135 300
135 303
136 134
136 96
136 112
136 145
136 117
136 109
136 107
136 145
136 146
136 131
136 119
136 145
136 106
136 123
136 136
136 145
136 103
136 121
136 109
136 136
136 145
136 99
136 145
136 103
136 117
136 124
136 107
136 109
136 129
136 140
136 145
136 104
136 145
136 145
136 96
136 99
136 111
136 148
136 145
136 110
136 117
136 297
136 285
136 284
136 323
136 319
137 145
137 149
137 145
137 96
137 135
137 97
137 111
138 145
138 113
138 145
138 300
138 319
139 122
139 135
139 140
139 144
139 135
139 119
139 117
139 106
139 147
139 108
139 149
139 104
139 107
139 113
139 145
139 132
139 140
139 110
139 145
139 124
139 103
139 143
139 145
139 144
139 116
139 323
140 148
140 136
140 132
140 99
140 107
140 135
140 144
140 102
140 113
140 126
140 123
140 146
140 96
140 96
140 113
140 109
140 108
140 144
140 119
140 115
140 143
140 136
140 107
140 111
140 106
140 104
140 144
140 111
140 97
140 137
140 144
140 121
140 113
140 145
140 136
140 145
140 140
140 147
140 125
140 99
140 144
140 268
142 145
142 112
142 140
142 145
142 144
142 99
142 106
142 119
142 99
142 145
142 145
142 109
142 96
142 145
142 147
142 117
142 133
142 115
142 147
142 145
142 144
142 145
142 96
142 140
142 113
142 115
142 304
142 275
143 96
143 145
143 131
143 111
143 106
143 144
143 123
143 148
143 145
143 117
143 102
143 112
143 135
143 97
143 116
143 123
143 118
143 116
143 147
143 111
143 103
143 128
143 97
143 286
143 323
144 128
144 125
144 144
144 114
144 133
144 98
144 96
144 109
144 114
144 102
144 143
144 99
144 112
144 109
144 99
144 116
144 124
144 115
144 126
144 137
144 145
144 97
144 104
144 147
144 113
144 107
144 145
144 104
144 113
144 146
144 145
144 145
144 114
144 117
144 108
144 117
144 111
144 126
144 145
144 145
144 108
144 97
144 102
145 100
145 104
145 121
145 99
145 140
145 109
145 147
145 142
145 100
145 132
145 121
145 106
145 145
145 99
145 145
145 97
145 106
145 121
145 106
145 132
145 96
145 125
145 122
145 136
145 145
145 114
145 123
145 97
145 131
145 106
145 145
145 106
145 136
145 119
145 107
145 111
145 111
145 96
145 99
145 145
145 97
145 123
145 119
145 105
145 147
145 146
145 113
145 107
145 145
145 111
145 132
145 96
145 145
145 132
145 134
145 108
145 145
145 121
145 147
145 142
145 123
145 123
145 107
145 103
145 113
145 99
145 134
145 125
145 140
145 147
145 145
145 145
145 113
145 131
145 145
145 103
145 113
145 116
145 145
145 147
145 111
145 145
145 134
145 123
145 97
145 106
145 117
145 111
145 123
145 136
145 140
145 145
145 145
145 145
145 145
145 124
145 149
145 145
145 113
145 123
145 122
145 113
145 108
145 108
145 106
145 145
145 145
145 100
145 116
145 132
145 122
145 145
145 108
145 133
145 104
145 121
145 132
145 121
145 109
145 98
145 107
145 145
145 132
145 119
145 102
145 115
145 109
145 126
145 148
145 121
145 99
145 111
145 149
145 132
145 99
145 145
145 148
145 145
145 107
145 111
145 109
145 125
145 145
145 104
145 142
145 104
145 105
145 104
145 145
145 145
145 113
145 98
145 113
145 98
145 115
145 143
145 99
145 115
145 113
145 149
145 99
145 145
145 111
145 99
145 122
145 113
145 104
145 122
145 97
145 115
145 145
145 121
145 109
145 145
145 107
145 145
145 119
145 145
145 144
145 115
145 106
145 145
145 124
145 109
145 96
145 145
145 123
145 145
145 105
145 131
145 109
145 99
145 97
145 99
145 119
145 117
145 142
145 96
145 138
145 147
145 111
145 124
145 145
145 111
145 145
145 145
145 107
145 145
145 113
145 145
145 97
145 145
145 98
145 109
145 96
145 116
145 145
145 149
145 109
145 133
145 145
145 135
145 109
145 121
145 118
145 119
145 109
145 132
145 117
145 144
145 124
145 96
145 109
145 134
145 121
145 145
145 113
145 132
145 104
145 106
145 145
145 145
145 123
145 122
145 135
145 100
145 100
145 143
145 109
145 97
145 106
145 97
145 143
145 111
145 145
145 144
145 107
145 145
145 99
145 145
145 125
145 106
145 136
145 104
145 115
145 146
145 96
145 117
145 119
145 98
145 145
145 123
145 144
145 108
145 105
145 99
145 145
145 119
145 149
145 146
145 138
145 116
145 145
145 145
145 96
145 145
145 112
145 132
145 144
145 124
145 106
145 145
145 140
145 145
145 113
145 149
145 147
145 145
145 103
145 109
145 126
145 96
145 109
145 117
145 145
145 126
145 136
145 107
145 145
145 145
145 111
145 116
145 110
145 111
145 145
145 144
145 104
145 104
145 132
145 145
145 145
145 113
145 145
145 104
145 145
145 133
145 116
145 149
145 121
145 121
145 136
145 113
145 146
145 96
145 145
145 96
145 117
145 126
145 106
145 144
145 145
145 121
145 123
145 109
145 109
145 109
145 109
145 145
145 109
145 132
145 145
145 143
145 116
145 121
145 123
145 147
145 149
145 106
145 134
145 145
145 97
145 115
145 104
145 132
145 108
145 145
145 106
145 135
145 109
145 111
145 135
145 113
145 145
145 100
145 140
145 102
145 141
145 96
145 104
145 142
145 145
145 140
145 96
145 140
145 97
145 144
145 106
145 124
145 181
145 157
145 295
145 300
145 283
145 285
145 268
145 275
145 303
145 304
145 300
145 307
145 291
145 304
145 320
145 309
145 319
145 315
145 310
146 103
146 134
146 100
146 131
146 145
146 135
146 140
146 113
146 126
146 145
146 145
146 132
146 135
146 99
146 144
146 145
146 116
146 140
146 140
146 275
146 284
146 319
147 149
147 109
147 117
147 146
147 109
147 145
147 132
147 145
147 106
147 145
147 135
147 106
147 104
147 116
147 122
147 145
147 133
147 111
147 109
147 96
147 104
147 147
147 107
147 145
147 97
147 125
147 119
147 138
147 135
147 132
147 108
147 104
147 144
147 146
147 124
147 136
147 117
147 147
147 107
147 106
147 107
147 145
147 116
147 140
147 145
147 99
147 104
147 113
147 115
147 96
147 134
147 103
147 107
147 145
147 102
147 104
147 109
147 111
147 129
147 131
147 269
147 304
147 287
147 286
147 303
147 291
147 312
147 323
148 144
148 144
148 100
148 114
148 147
148 108
148 123
148 145
148 104
148 109
148 116
148 145
148 123
148 97
148 143
148 145
148 113
148 135
148 135
148 114
148 103
148 106
148 104
148 169
148 307
149 102
149 145
149 134
149 123
149 146
149 131
149 102
149 109
149 109
149 125
149 107
149 122
149 145
149 96
149 145
149 146
149 133
149 104
149 147
149 145
149 96
149 148
149 146
149 121
149 140
149 103
149 281
150 169
150 168
151 168
151 188
151 185
151 185
151 164
151 194
151 169
151 169
151 168
151 197
151 201
151 359
152 168
152 168
152 169
152 188
152 156
152 160
152 160
152 179
152 157
152 168
152 169
153 195
153 178
153 168
153 191
153 184
153 171
153 181
153 201
153 185
153 176
153 158
153 168
153 168
153 194
153 199
153 181
153 175
153 178
153 168
153 195
153 194
153 364
153 384
154 197
154 178
154 190
154 195
154 185
154 161
154 161
154 161
154 199
154 169
154 188
154 164
154 180
154 188
154 196
154 171
154 196
154 360
154 361
155 156
155 169
155 188
155 158
155 188
155 165
155 171
155 168
155 185
155 168
155 201
155 161
155 196
155 168
155 180
155 154
155 176
155 168
155 178
155 168
155 196
155 196
155 372
156 152
156 201
156 168
156 187
156 156
156 164
156 200
156 185
156 171
156 168
156 194
156 178
156 174
156 196
156 168
156 168
156 185
156 171
156 168
156 200
156 168
156 156
156 156
156 170
156 168
156 168
156 192
156 188
156 201
156 199
156 185
156 185
156 152
156 160
156 195
156 179
156 163
156 169
156 153
156 156
156 168
156 169
156 175
156 168
156 199
156 159
156 169
156 168
156 188
156 157
156 199
156 164
156 187
156 158
156 356
156 385
156 386
156 374
156 372
156 382
156 369
157 178
157 185
157 194
157 196
157 171
157 157
157 169
157 157
157 196
157 168
157 158
157 196
157 185
157 168
157 183
157 176
157 199
157 172
157 181
157 176
157 168
157 185
157 190
157 168
157 197
157 183
157 168
157 188
157 188
157 165
157 201
157 179
157 180
157 190
157 168
157 200
157 180
157 162
157 195
157 183
157 180
157 176
157 185
157 185
157 171
157 161
157 178
157 168
157 369
157 387
157 366
157 379
158 171
158 158
158 180
158 183
158 188
158 168
158 188
158 177
158 183
158 156
158 168
158 191
158 178
158 200
158 200
158 168
158 158
158 167
158 185
158 168
158 185
158 161
158 173
158 194
158 184
158 176
158 201
158 185
158 187
158 168
158 151
158 161
158 185
158 161
158 158
158 160
158 201
158 196
158 200
158 179
158 361
158 355
158 377
158 379
158 380
158 365
159 168
159 168
159 161
159 185
159 168
160 190
160 175
160 168
160 175
160 190
160 185
160 183
160 151
160 185
160 201
160 169
160 185
160 184
160 190
160 188
160 160
160 168
160 168
160 175
160 168
160 163
160 168
160 168
160 168
160 201
160 180
160 176
160 175
160 156
160 169
160 183
160 183
160 168
160 185
160 180
160 190
160 171
160 168
160 188
160 152
160 185
160 168
160 168
160 195
160 185
160 161
160 201
160 176
160 156
160 168
160 169
160 364
160 390
160 366
161 176
161 168
161 156
161 168
161 162
161 199
161 169
161 163
161 168
161 176
161 188
161 164
161 153
161 190
161 181
161 176
161 194
161 185
161 168
161 161
161 168
161 194
161 188
161 160
161 168
161 161
161 156
161 168
161 154
161 160
161 168
161 188
161 151
161 176
161 162
161 196
161 168
161 188
161 161
161 183
161 325
161 358
161 355
161 365
161 376
161 375
161 386
162 180
162 176
162 195
162 161
162 180
162 156
162 168
162 190
162 157
162 160
162 180
162 153
162 168
162 194
162 375
163 167
163 168
163 194
163 161
163 158
163 190
163 168
163 183
163 200
163 185
163 200
163 179
163 169
163 363
164 158
164 158
164 200
164 183
164 169
164 168
164 185
164 171
164 188
164 175
164 151
164 178
164 360
164 375
164 381
165 156
165 153
165 162
165 168
165 195
165 169
165 168
165 194
165 163
165 168
165 199
165 363
166 169
166 181
166 183
166 195
167 185
167 176
167 368
168 185
168 157
168 183
168 168
168 180
168 156
168 162
168 180
168 169
168 167
168 160
168 187
168 174
168 190
168 161
168 162
168 171
168 157
168 153
168 168
168 185
168 193
168 176
168 162
168 188
168 161
168 178
168 195
168 163
168 185
168 201
168 168
168 168
168 161
168 155
168 180
168 179
168 188
168 153
168 176
168 180
168 169
168 190
168 156
168 158
168 156
168 185
168 185
168 179
168 156
168 169
168 158
168 183
168 181
168 185
168 158
168 158
168 194
168 195
168 161
168 168
168 192
168 157
168 168
168 168
168 201
168 188
168 181
168 180
168 179
168 191
168 156
168 156
168 168
168 168
168 165
168 168
168 163
168 151
168 185
168 180
168 180
168 168
168 185
168 201
168 168
168 156
168 180
168 194
168 188
168 178
168 151
168 156
168 158
168 168
168 199
168 176
168 179
168 157
168 195
168 156
168 157
168 176
168 185
168 188
168 196
168 168
168 180
168 156
168 168
168 158
168 168
168 156
168 156
168 194
168 171
168 180
168 192
168 168
168 194
168 188
168 195
168 168
168 168
168 158
168 168
168 200
168 168
168 168
168 156
168 160
168 194
168 178
168 199
168 168
168 167
168 154
168 201
168 188
168 188
168 183
168 185
168 182
168 168
168 160
168 169
168 185
168 169
168 169
168 156
168 172
168 160
168 165
168 201
168 194
168 168
168 199
168 154
168 180
168 156
168 158
168 157
168 195
168 201
168 199
168 175
168 156
168 201
168 169
168 177
168 164
168 168
168 157
168 178
168 188
168 185
168 160
168 158
168 168
168 188
168 157
168 178
168 195
168 200
168 172
168 200
168 194
168 168
168 195
168 169
168 180
168 188
168 168
168 180
168 185
168 176
168 194
168 194
168 188
168 185
168 180
168 162
168 165
168 157
168 168
168 169
168 178
168 188
168 157
168 175
168 168
168 187
168 185
168 199
168 168
168 181
168 169
168 199
168 168
168 187
168 180
168 158
168 188
168 185
168 171
168 168
168 168
168 188
168 168
168 168
168 183
168 153
168 156
168 183
168 182
168 183
168 164
168 178
168 187
168 168
168 169
168 168
168 185
168 201
168 171
168 181
168 168
168 199
168 161
168 199
168 195
168 185
168 168
168 176
168 168
168 177
168 194
168 168
168 158
168 197
168 168
168 153
168 185
168 168
168 168
168 188
168 360
168 358
168 360
168 358
168 362
168 359
168 356
168 372
168 378
168 375
168 363
168 385
168 381
168 371
168 371
168 369
168 371
168 385
168 374
168 384
168 385
168 379
168 391
168 374
168 375
168 372
168 385
168 381
168 380
168 377
169 168
169 168
169 168
169 201
169 158
169 195
169 168
169 171
169 153
169 168
169 176
169 168
169 168
169 177
169 161
169 154
169 177
169 164
169 190
169 151
169 168
169 179
169 175
169 188
169 160
169 168
169 185
169 184
169 196
169 185
169 185
169 183
169 158
169 185
169 175
169 156
169 168
169 155
169 168
169 161
169 185
169 185
169 183
169 163
169 200
169 152
169 168
169 158
169 168
169 169
169 158
169 168
169 175
169 161
169 152
169 194
169 168
169 157
169 196
169 168
169 157
169 171
169 200
169 168
169 168
169 362
169 366
169 373
169 381
169 386
169 377
169 389
170 168
170 160
170 178
171 175
171 190
171 168
171 158
171 169
171 182
171 156
171 168
171 156
171 196
171 195
171 168
171 161
171 167
171 164
171 161
171 168
171 168
171 188
171 158
171 168
171 156
171 200
171 177
171 195
171 158
171 198
171 176
171 190
171 156
171 168
171 194
171 325
171 361
171 365
171 376
172 200
172 168
172 181
172 168
173 176
173 161
173 171
173 200
173 390
173 381
174 168
174 158
174 181
174 199
174 186
174 168
174 168
174 155
174 183
174 185
174 155
174 357
175 200
175 200
175 155
175 171
175 168
175 157
175 194
175 190
175 199
175 201
175 199
175 151
175 183
175 178
175 168
175 168
175 168
175 169
175 168
175 387
175 380
175 388
176 155
176 200
176 157
176 196
176 168
176 161
176 183
176 169
176 171
176 154
176 168
176 158
176 160
176 179
176 157
176 185
176 201
176 181
176 161
176 180
176 165
176 168
176 191
176 188
176 168
176 151
176 194
176 168
176 157
176 190
176 168
176 183
176 169
176 183
176 183
176 185
176 168
176 155
176 185
176 168
176 168
176 168
176 185
176 168
176 156
176 168
176 162
176 175
176 188
176 160
176 355
176 382
177 165
177 169
177 168
177 168
177 194
177 160
177 168
177 168
177 196
177 200
177 168
177 164
177 187
177 155
177 194
177 180
177 168
178 185
178 165
178 168
178 169
178 168
178 185
178 168
178 161
178 169
178 161
178 168
178 157
178 152
178 179
178 180
178 195
178 161
178 185
178 168
178 176
178 196
178 163
178 194
178 181
178 168
178 161
178 201
178 168
178 157
178 157
178 183
178 180
178 176
178 161
178 379
178 366
178 383
178 385
179 162
179 179
179 176
179 164
179 169
180 153
180 201
180 201
180 168
180 194
180 167
180 176
180 168
180 185
180 185
180 195
180 201
180 157
180 168
180 168
180 180
180 183
180 177
180 160
180 199
180 195
180 194
180 177
180 158
180 174
180 169
180 187
180 185
180 175
180 161
180 168
180 325
180 387
180 365
180 378
181 153
181 188
181 168
181 178
181 160
181 162
181 188
181 158
181 168
181 168
181 154
181 158
181 325
182 188
182 168
182 196
182 188
182 191
182 168
182 165
182 358
183 185
183 173
183 168
183 195
183 160
183 172
183 196
183 159
183 190
183 153
183 196
183 176
183 194
183 201
183 171
183 171
183 200
183 176
183 188
183 188
183 168
183 182
183 168
183 196
183 164
183 169
183 188
183 168
183 194
183 169
183 160
183 168
183 187
183 178
183 195
183 160
183 185
183 175
183 194
183 194
183 169
183 168
183 185
183 194
183 199
183 200
183 185
183 160
183 163
183 169
183 161
183 168
183 359
183 360
183 378
183 379
183 381
183 365
184 168
184 183
184 195
184 175
184 156
184 161
184 161
184 176
184 183
184 168
184 168
184 168
184 359
185 168
185 195
185 168
185 192
185 171
185 188
185 188
185 168
185 156
185 176
185 160
185 180
185 168
185 169
185 185
185 199
185 178
185 194
185 169
185 188
185 196
185 168
185 158
185 183
185 185
185 153
185 175
185 157
185 178
185 177
185 157
185 183
185 161
185 180
185 185
185 168
185 171
185 155
185 193
185 167
185 168
185 188
185 184
185 185
185 155
185 168
185 185
185 156
185 153
185 155
185 196
185 177
185 174
185 176
185 169
185 185
185 177
185 161
185 168
185 168
185 161
185 168
185 168
185 190
185 168
185 183
185 195
185 168
185 165
185 153
185 168
185 165
185 360
185 371
185 380
185 377
185 376
185 375
185 391
185 382
185 363
185 378
186 168
186 168
187 156
187 195
187 188
187 195
187 185
187 158
187 185
187 168
187 168
188 174
188 168
188 185
188 168
188 175
188 176
188 181
188 155
188 154
188 160
188 161
188 196
188 171
188 168
188 156
188 168
188 169
188 176
188 188
188 195
188 168
188 194
188 168
188 162
188 168
188 157
188 165
188 169
188 184
188 188
188 188
188 161
188 168
188 171
188 157
188 171
188 169
188 175
188 185
188 183
188 171
188 362
188 377
188 376
188 389
188 389
188 378
189 177
189 168
189 369
190 156
190 197
190 168
190 183
190 158
190 182
190 169
190 192
190 176
190 196
190 168
190 156
190 158
190 163
190 169
190 195
190 154
190 163
190 183
190 188
190 169
190 168
190 188
190 170
190 152
190 185
190 196
190 156
190 168
190 168
190 168
190 177
190 154
190 168
190 176
190 180
190 171
190 199
190 153
190 194
190 359
190 359
190 363
190 379
190 379
190 365
191 158
191 168
191 190
191 188
191 168
191 199
191 195
191 168
191 176
191 160
191 168
191 169
192 158
192 188
192 155
193 195
193 171
193 161
193 180
193 176
193 195
193 160
193 188
193 165
193 171
194 176
194 201
194 197
194 168
194 171
194 154
194 168
194 168
194 162
194 160
194 169
194 178
194 176
194 188
194 152
194 188
194 168
194 168
194 201
194 157
194 158
194 168
194 168
194 195
194 183
194 181
194 185
194 171
194 195
194 191
194 156
194 185
194 171
194 156
194 168
194 176
194 360
194 365
194 378
194 371
195 168
195 185
195 199
195 168
195 193
195 168
195 157
195 168
195 168
195 183
195 194
195 188
195 169
195 161
195 199
195 168
195 178
195 160
195 156
195 183
195 185
195 158
195 157
195 157
195 185
195 185
195 156
195 185
195 180
195 168
195 181
195 187
195 168
195 151
195 180
195 194
195 183
195 168
195 325
195 358
195 370
195 382
195 390
195 384
196 196
196 182
196 161
196 201
196 185
196 161
196 163
196 157
196 157
196 189
196 164
196 187
196 155
196 151
196 158
196 176
196 178
196 175
196 196
196 178
196 152
196 196
196 196
196 168
196 170
196 195
196 168
196 158
196 165
196 188
196 168
196 156
196 201
196 176
196 200
196 183
196 168
196 160
196 169
196 197
196 368
197 195
197 169
197 158
197 178
197 177
197 168
197 176
197 168
198 168
198 168
198 161
199 168
199 168
199 164
199 164
199 185
199 168
199 181
199 199
199 199
199 168
199 155
199 158
199 157
199 162
199 153
199 201
199 169
199 168
199 158
199 158
199 168
199 195
199 169
199 168
199 156
199 199
199 158
199 197
199 201
199 178
199 168
199 200
199 168
199 156
199 200
199 200
199 169
199 169
199 188
199 158
199 358
199 371
200 183
200 191
200 194
200 188
200 158
200 185
200 168
200 168
200 168
200 185
200 185
200 195
200 150
200 163
200 156
200 169
200 157
200 177
200 185
200 168
200 157
200 157
200 180
200 183
200 199
200 171
200 391
200 382
200 366
200 375
201 157
201 185
201 168
201 169
201 185
201 169
201 163
201 160
201 185
201 199
201 196
201 168
201 194
201 183
201 163
201 156
201 168
201 168
201 200
201 158
201 185
201 188
201 154
201 168
201 157
201 194
201 163
201 155
201 200
201 158
201 168
201 188
201 168
201 195
201 157
201 178
201 168
201 201
201 157
201 187
201 185
201 201
201 168
201 374
202 245
202 245
202 223
203 267
204 241
204 225
204 251
204 224
204 215
205 249
205 240
205 235
205 212
205 240
205 264
205 205
205 259
205 256
205 258
205 251
205 208
205 232
205 216
205 214
205 265
205 225
206 249
206 227
206 252
206 262
206 227
206 337
207 210
207 234
207 256
207 216
207 245
207 241
207 244
207 262
207 245
207 249
207 205
207 255
207 267
207 210
207 224
207 249
207 236
207 210
207 210
207 347
208 244
208 245
208 209
208 210
208 260
209 256
209 231
209 265
209 240
209 210
209 229
209 212
209 249
209 244
209 258
209 225
209 262
209 210
209 233
209 210
209 244
209 254
209 241
209 202
209 249
209 209
209 249
209 249
210 245
210 262
210 209
210 220
210 232
210 232
210 247
210 248
210 222
210 260
210 234
210 216
210 250
210 241
210 265
210 236
210 232
210 259
210 241
210 267
210 267
210 258
210 244
210 260
210 249
210 212
210 231
210 244
210 234
210 231
210 227
210 236
210 253
210 240
210 219
210 205
210 244
210 227
210 244
210 246
210 241
210 245
210 256
210 232
210 216
210 219
210 239
210 232
210 240
210 244
210 249
210 209
210 244
210 265
210 213
210 244
210 257
210 344
210 350
210 337
211 216
211 210
211 239
211 216
212 241
212 209
212 233
212 234
212 244
212 202
212 224
212 206
212 252
212 221
212 244
212 212
212 207
212 259
212 240
212 210
212 265
212 221
212 216
212 249
212 244
212 241
212 257
212 209
212 251
212 221
212 239
212 259
212 340
212 327
213 240
213 218
213 216
214 241
214 262
214 234
214 232
214 238
214 241
214 254
215 216
215 216
215 259
215 217
215 258
215 204
215 251
215 267
215 353
216 225
216 253
216 262
216 237
216 246
216 239
216 252
216 248
216 210
216 225
216 264
216 249
216 249
216 223
216 253
216 232
216 258
216 258
216 262
216 232
216 210
216 221
216 228
216 253
216 257
216 221
216 241
216 267
216 240
216 262
216 212
216 216
216 265
216 224
216 250
216 253
216 241
216 211
216 240
216 229
216 232
216 257
216 205
216 265
216 227
216 259
216 266
216 205
216 258
216 249
216 310
216 343
216 328
216 339
217 258
217 258
217 267
217 237
217 206
217 205
217 209
218 244
218 254
218 258
219 216
219 210
219 256
219 241
219 241
219 210
219 244
219 244
219 244
219 267
219 252
219 231
219 231
219 253
219 239
219 253
220 202
220 217
220 250
220 245
220 239
220 245
220 218
220 239
221 265
221 241
221 253
221 241
221 216
221 231
221 231
221 241
221 252
221 496
222 245
222 256
222 227
222 210
222 245
223 205
223 209
223 241
223 250
224 241
224 227
224 247
224 264
224 265
224 204
224 242
224 254
224 241
224 221
224 216
224 267
224 259
224 258
224 213
224 244
224 319
225 227
225 240
225 239
225 254
225 254
225 240
225 249
225 210
225 219
225 260
225 257
225 249
225 262
226 262
226 241
226 244
226 207
226 245
226 253
226 257
226 343
227 256
227 216
227 249
227 259
227 220
227 232
227 252
227 247
227 245
227 209
227 263
227 221
227 256
227 249
227 252
227 210
227 216
227 241
227 240
227 232
227 257
227 212
227 251
227 210
227 250
227 267
227 267
227 339
228 244
229 219
229 215
229 257
229 241
229 255
229 254
230 254
230 244
230 238
230 256
231 213
231 215
231 258
231 267
231 257
231 210
231 241
231 250
231 241
231 252
231 208
231 210
231 224
231 234
231 234
231 234
231 239
231 210
231 216
231 263
231 244
231 242
231 238
232 256
232 257
232 206
232 239
232 216
232 204
232 262
232 251
232 227
232 267
232 225
232 241
232 241
232 212
232 210
232 209
232 262
232 227
232 257
232 258
232 255
232 249
232 204
232 249
232 252
232 229
232 234
232 217
232 258
232 232
232 211
232 234
232 249
232 215
232 245
232 240
232 215
232 221
232 245
232 226
232 256
232 249
232 241
232 236
232 224
232 249
232 256
232 249
232 244
232 216
232 210
232 234
232 239
232 210
232 241
232 331
232 328
233 267
233 234
233 236
233 245
233 251
233 244
233 263
234 249
234 209
234 207
234 258
234 249
234 245
234 212
234 256
234 253
234 252
234 219
234 212
234 218
234 228
234 237
234 264
234 227
234 230
234 222
234 257
234 241
234 209
234 257
234 221
234 265
234 204
234 227
234 225
234 212
234 212
234 341
234 343
235 210
235 209
235 237
235 210
235 241
236 246
236 209
236 216
236 232
236 244
236 224
236 241
236 209
237 242
237 263
237 258
237 210
237 209
237 221
237 344
238 241
238 209
238 249
238 229
238 258
238 249
238 231
238 245
238 234
238 312
239 262
239 265
239 224
239 225
239 241
239 254
239 207
239 250
239 249
239 257
239 209
239 233
239 263
239 233
239 249
239 262
239 250
239 241
239 216
239 258
239 216
239 219
239 225
239 212
239 232
239 218
239 257
239 231
239 234
239 210
239 245
239 264
239 255
239 350
240 234
240 244
240 216
240 250
240 256
240 265
240 241
240 245
240 210
240 209
240 209
240 240
240 205
240 239
240 210
240 243
240 495
241 240
241 210
241 251
241 254
241 237
241 221
241 210
241 244
241 210
241 252
241 244
241 264
241 248
241 216
241 249
241 262
241 253
241 261
241 232
241 244
241 210
241 262
241 210
241 250
241 214
241 257
241 232
241 263
241 254
241 253
241 206
241 257
241 257
241 248
241 210
241 245
241 252
241 232
241 209
241 244
241 222
241 224
241 254
241 265
241 267
241 212
241 234
241 327
241 337
242 265
242 216
242 264
242 232
242 216
242 245
242 234
242 209
242 258
242 255
242 256
242 232
242 232
242 241
242 327
243 207
243 251
243 257
243 267
243 210
243 216
243 210
244 232
244 231
244 244
244 241
244 216
244 254
244 212
244 250
244 253
244 227
244 264
244 254
244 264
244 256
244 256
244 223
244 210
244 230
244 241
244 247
244 241
244 262
244 254
244 216
244 256
244 256
244 208
244 210
244 250
244 254
244 239
244 259
244 259
244 237
244 237
244 253
244 210
244 256
244 241
244 257
244 239
244 239
244 263
244 241
244 208
244 231
244 241
244 258
244 240
244 216
244 225
244 234
244 216
244 216
244 229
244 262
244 234
244 262
244 241
244 210
244 224
245 267
245 203
245 259
245 254
245 264
245 258
245 258
245 216
245 234
245 232
245 249
245 256
245 233
245 228
245 216
245 234
245 262
245 265
245 241
245 254
245 267
245 253
245 262
245 254
245 236
245 251
245 257
245 249
245 231
245 216
245 212
245 246
245 253
245 248
245 203
245 221
245 257
245 209
245 256
245 241
245 252
245 225
245 240
245 253
245 239
245 227
245 232
245 252
245 344
245 353
246 227
246 249
246 219
246 260
247 231
248 262
248 241
248 212
248 215
248 262
249 231
249 212
249 210
249 214
249 257
249 265
249 258
249 254
249 245
249 207
249 229
249 249
249 254
249 259
249 252
249 244
249 210
249 227
249 210
249 239
249 236
249 207
249 225
249 234
249 210
249 209
249 207
249 258
249 241
249 254
249 241
249 267
249 330
249 328
250 244
250 216
250 210
250 214
250 251
250 207
250 232
251 241
251 244
251 251
251 253
251 210
251 210
251 241
251 212
251 228
251 210
251 244
251 231
251 221
251 265
251 262
251 257
251 245
252 232
252 265
252 210
252 245
252 241
252 221
252 265
252 241
252 231
252 233
252 231
252 244
252 205
252 244
252 249
252 237
252 254
252 250
252 258
253 253
253 265
253 241
253 241
253 210
253 259
253 267
253 259
253 254
253 232
253 207
253 249
253 249
253 241
253 267
253 233
253 210
253 241
253 236
253 241
253 204
253 260
253 253
253 216
253 259
253 253
253 253
253 219
253 244
253 251
253 244
253 257
253 253
253 207
253 241
253 244
253 225
253 346
254 261
254 219
254 209
254 212
254 257
254 232
254 245
254 245
254 244
254 244
254 262
254 231
254 236
254 239
254 241
254 244
254 243
254 216
254 206
254 262
254 242
254 244
254 222
254 244
254 207
254 245
254 253
254 319
254 308
254 353
254 350
254 353
254 347
254 495
255 219
255 218
255 245
256 251
256 245
256 221
256 248
256 216
256 260
256 234
256 245
256 253
256 239
256 240
256 234
256 210
256 253
256 239
256 225
256 262
256 257
256 241
256 244
256 210
256 209
256 220
256 257
256 245
256 265
256 210
256 233
256 331
257 205
257 231
257 244
257 241
257 244
257 226
257 242
257 221
257 265
257 245
257 252
257 209
257 209
257 250
257 223
257 265
257 267
257 232
257 209
257 256
257 225
257 245
258 232
258 205
258 242
258 232
258 232
258 210
258 260
258 210
258 250
258 210
258 254
258 224
258 244
258 253
258 259
258 241
258 216
258 252
258 253
258 263
258 249
258 209
258 245
258 215
258 262
258 237
258 210
258 210
258 234
258 232
258 207
258 233
258 205
258 207
259 241
259 210
259 210
259 250
259 267
259 234
259 233
259 215
259 210
259 258
259 205
259 219
259 209
259 260
259 215
260 265
260 240
260 245
260 221
260 239
260 228
260 262
260 231
260 244
260 259
261 216
261 210
261 241
261 344
262 257
262 242
262 245
262 249
262 205
262 216
262 239
262 252
262 227
262 265
262 221
262 266
262 216
262 243
262 244
262 232
262 211
262 244
262 205
262 244
262 241
262 239
262 245
262 214
262 205
262 234
262 231
262 203
262 247
263 254
263 250
263 227
263 339
264 245
264 207
264 245
264 262
264 244
264 211
264 210
264 249
264 245
264 210
264 329
265 261
265 249
265 210
265 252
265 258
265 238
265 227
265 205
265 245
265 209
265 253
265 219
265 250
265 237
265 256
265 234
265 221
265 244
265 202
265 240
265 244
265 223
265 216
265 254
265 212
265 224
265 344
266 207
266 225
266 265
266 237
266 244
266 232
267 245
267 231
267 260
267 257
267 240
267 245
267 241
267 210
267 231
267 232
267 245
267 244
267 242
267 219
267 234
267 254
267 216
267 232
268 300
268 282
268 273
268 273
268 282
268 280
268 307
268 281
268 286
268 291
268 300
268 285
268 307
268 291
268 281
268 296
268 278
268 287
268 271
268 278
268 274
268 275
268 269
269 292
269 295
269 278
269 286
269 274
269 292
269 276
269 269
269 277
269 303
269 272
269 277
269 277
269 278
269 288
269 270
269 306
269 281
269 295
269 281
270 277
270 273
270 304
270 304
270 299
270 307
270 303
270 282
270 303
270 291
270 294
270 292
270 300
270 291
270 286
270 283
270 305
270 282
270 282
270 296
271 304
271 279
271 278
271 280
271 275
271 304
271 287
271 283
271 286
271 278
271 281
271 301
271 291
271 304
271 304
271 279
271 292
272 301
272 303
272 300
272 294
272 283
272 278
272 276
272 271
272 268
272 280
272 303
272 285
272 294
272 281
272 290
272 304
272 273
273 297
273 287
273 274
273 286
273 274
273 304
273 275
273 279
273 306
273 307
273 307
273 300
273 281
273 282
273 286
273 306
273 278
273 304
273 288
273 277
273 304
273 305
273 304
273 284
273 292
273 289
273 299
273 274
273 289
273 304
273 319
274 268
274 301
274 307
274 286
274 304
274 307
274 304
274 287
274 294
274 274
274 287
274 282
274 276
274 279
274 304
275 295
275 273
275 283
275 268
275 280
275 274
275 299
275 280
275 285
275 292
275 300
275 291
275 271
276 274
276 268
276 307
276 278
276 282
276 300
276 274
276 288
276 292
276 304
276 277
276 306
276 284
276 286
276 299
276 286
276 292
276 283
276 286
276 269
276 306
276 278
276 303
276 288
276 295
276 268
276 295
277 303
277 300
277 280
277 294
277 304
277 303
277 280
277 307
277 292
277 303
277 280
277 288
277 304
277 271
277 279
277 287
277 268
277 278
277 273
277 300
277 304
277 281
277 277
277 269
277 273
278 286
278 294
278 291
278 299
278 274
278 280
278 284
278 273
278 282
278 304
278 304
278 277
278 285
278 291
278 286
278 271
278 275
278 292
278 273
278 307
278 276
278 300
278 291
278 291
278 307
278 300
279 271
279 281
279 285
279 284
279 269
279 277
279 276
279 280
279 286
279 285
279 304
279 295
279 268
279 278
279 274
279 292
279 279
279 273
279 271
279 290
279 277
279 288
279 281
279 304
279 268
279 279
279 323
280 286
280 285
280 304
280 284
280 278
280 268
280 295
280 301
280 278
280 309
281 295
281 281
281 294
281 272
281 279
281 292
281 282
281 270
281 287
281 281
281 282
281 285
281 300
281 301
281 305
281 287
281 268
281 290
281 283
281 302
281 306
281 281
281 293
281 304
281 303
281 271
281 270
281 276
281 270
281 304
281 276
281 305
281 284
282 278
282 277
282 271
282 270
282 278
282 274
282 295
282 304
282 286
282 286
282 304
282 271
282 300
282 302
282 299
282 280
282 272
283 292
283 306
283 304
283 285
283 307
283 303
283 269
283 307
283 283
283 306
283 282
283 283
283 303
283 300
283 274
283 283
284 268
284 306
284 279
284 284
284 279
284 295
284 300
285 292
285 273
285 269
285 300
285 304
285 306
285 268
285 280
285 295
285 275
285 303
285 277
285 294
285 281
285 307
286 291
286 277
286 291
286 276
286 272
286 276
286 274
286 291
286 275
286 274
286 294
286 294
286 285
286 304
286 270
286 299
286 304
286 296
286 307
286 307
286 297
286 276
286 269
286 286
286 307
286 275
286 287
286 307
286 285
286 272
286 274
286 273
287 282
287 294
287 285
287 294
287 293
287 270
287 285
287 304
287 295
287 304
287 279
287 290
287 280
287 299
288 307
288 274
288 304
288 270
288 285
288 282
288 272
288 307
288 292
288 303
288 271
288 303
288 270
288 280
288 292
288 279
289 292
289 299
289 278
289 271
289 279
289 304
290 268
290 307
290 287
290 278
290 293
290 300
291 300
291 276
291 295
291 281
291 307
291 306
291 287
291 306
291 277
291 304
291 300
291 304
291 294
291 293
291 279
291 295
291 274
291 275
291 280
291 283
291 287
291 298
291 300
291 273
291 303
291 269
291 281
291 306
291 304
292 287
292 269
292 300
292 276
292 295
292 287
292 281
292 275
292 291
292 306
292 271
292 286
292 273
292 278
292 291
292 300
292 295
292 274
292 304
292 291
292 293
292 307
292 299
292 286
292 286
292 284
292 306
292 295
292 273
292 283
292 307
293 291
293 269
294 304
294 305
294 281
294 292
294 292
294 286
294 284
294 289
294 277
294 282
294 294
294 282
294 300
294 304
294 277
294 279
294 294
294 269
294 300
294 299
294 298
294 301
294 281
294 278
294 275
294 304
294 269
295 292
295 287
295 274
295 273
295 285
295 291
295 283
295 283
295 274
295 283
295 274
295 296
295 275
295 268
295 283
295 292
295 274
295 269
295 273
295 302
295 276
295 300
295 277
295 290
295 305
295 275
295 283
296 286
296 307
296 281
296 292
296 292
296 286
296 301
296 292
296 276
296 273
296 269
297 269
297 291
298 304
298 282
298 271
298 285
298 305
299 303
299 301
299 279
299 303
299 306
299 287
299 270
299 268
299 307
299 274
299 304
299 280
299 271
299 285
299 306
299 276
299 276
299 275
299 273
299 291
299 277
299 306
299 276
300 288
300 304
300 276
300 269
300 277
300 269
300 304
300 282
300 295
300 285
300 268
300 304
300 279
300 290
300 276
300 274
300 274
300 281
300 301
300 299
300 301
300 273
300 276
300 273
300 285
300 309
301 278
301 277
301 272
301 294
301 298
301 307
301 289
301 273
301 303
301 278
301 322
302 277
302 291
303 304
303 303
303 277
303 306
303 270
303 304
303 296
303 268
303 285
303 281
303 271
303 280
303 294
303 268
303 281
303 270
303 278
303 274
303 278
303 281
303 299
303 304
303 276
303 272
303 292
303 295
303 283
303 270
304 281
304 279
304 304
304 292
304 300
304 304
304 271
304 279
304 283
304 306
304 303
304 277
304 273
304 281
304 298
304 275
304 304
304 276
304 305
304 278
304 268
304 301
304 275
304 306
304 299
304 281
304 269
304 269
304 281
304 274
304 268
304 273
304 269
304 287
304 306
304 304
304 269
304 277
304 283
304 295
304 286
304 304
304 292
304 288
304 304
304 281
304 304
304 271
304 306
304 269
304 303
304 291
304 300
304 304
304 268
304 303
304 303
304 277
304 304
304 288
304 278
304 307
304 304
304 278
304 274
305 272
305 268
305 307
305 301
305 291
305 287
305 283
305 281
305 281
306 292
306 294
306 298
306 288
306 287
306 304
306 304
306 305
306 306
306 292
306 280
306 294
306 302
306 287
306 294
306 291
306 268
306 290
306 286
306 268
306 303
306 283
306 288
306 272
306 295
306 291
306 271
307 291
307 302
307 281
307 292
307 279
307 296
307 274
307 286
307 287
307 269
307 285
307 270
307 276
307 271
307 304
307 279
307 273
307 306
307 268
307 295
307 275
307 296
307 285
307 272
307 291
307 276
307 306
307 300
307 271
307 282
307 307
307 305
307 295
308 316
308 319
309 310
309 323
309 322
309 322
309 316
309 312
309 319
309 312
309 309
309 311
309 323
309 320
309 309
309 320
309 312
309 314
309 320
310 323
310 319
310 322
310 316
310 319
310 317
310 319
310 312
311 315
311 442
312 316
312 320
312 316
312 309
312 319
312 320
312 319
312 313
312 323
312 319
312 323
313 309
313 312
313 321
313 316
313 309
314 320
314 322
314 309
314 309
314 442
315 320
315 319
315 311
316 312
316 312
316 314
316 319
316 312
316 323
316 319
316 315
316 319
316 312
316 309
316 323
316 316
316 319
316 319
316 312
316 312
317 319
317 317
317 312
317 309
318 311
318 313
318 312
318 323
318 312
318 319
318 319
319 316
319 323
319 320
319 313
319 320
319 308
319 319
319 309
319 320
319 309
319 309
319 316
319 312
319 309
319 312
319 323
319 313
319 319
319 321
319 320
319 320
319 309
319 308
319 308
319 323
319 310
319 323
319 323
319 308
319 309
319 316
319 310
319 309
319 319
319 312
319 316
319 427
319 406
320 320
320 323
320 320
320 323
320 310
320 314
320 310
320 309
320 320
321 310
321 312
321 309
321 323
322 320
322 322
322 315
322 317
323 321
323 323
323 317
323 312
323 319
323 317
323 312
324 325
324 325
324 325
324 324
325 325
325 324
325 325
325 325
325 324
325 324
325 325
325 324
325 325
325 325
325 325
325 325
325 389
326 348
326 347
327 343
327 339
327 337
327 342
327 343
327 348
327 345
327 327
327 339
327 328
327 348
327 345
327 343
327 347
327 337
327 340
327 343
327 343
327 340
327 349
327 349
327 344
327 343
327 334
327 351
327 331
327 347
327 328
327 340
327 330
327 330
327 343
328 353
328 350
328 348
328 350
328 344
328 344
328 345
328 345
328 343
328 350
328 332
328 345
328 330
328 345
328 334
328 350
328 338
328 340
328 336
328 331
328 326
328 345
328 330
328 332
328 339
328 343
328 328
328 337
328 327
328 345
328 344
328 345
328 344
328 326
328 335
328 331
328 342
328 348
328 342
328 338
328 347
328 342
328 339
328 327
328 348
328 348
328 349
328 339
328 349
328 336
328 339
328 346
328 348
328 348
328 343
328 337
329 353
329 345
329 328
329 346
330 339
330 340
330 336
330 334
330 328
330 347
330 345
330 350
330 351
330 332
330 348
330 348
330 345
330 339
330 332
330 339
330 339
331 344
331 327
331 334
331 353
331 345
331 342
331 336
331 344
331 341
331 350
331 344
331 331
331 332
331 345
331 346
331 347
331 353
331 353
331 343
331 349
331 338
331 341
331 343
331 328
331 343
331 344
331 332
331 353
331 340
331 353
331 344
332 332
332 353
332 326
332 339
332 350
332 345
332 350
332 328
332 337
332 348
332 327
332 332
332 328
332 353
332 353
332 330
332 339
332 344
332 328
332 339
332 348
332 343
332 337
332 342
332 332
332 341
332 338
332 348
332 345
332 347
332 340
332 344
332 330
332 349
332 351
332 351
332 353
332 353
332 337
333 351
333 340
333 332
333 353
334 348
334 344
334 336
334 345
334 340
334 342
334 343
335 344
335 332
335 328
335 337
335 349
336 340
336 344
336 345
336 344
336 345
336 353
336 337
336 344
336 353
336 332
336 347
336 353
336 348
336 340
336 334
336 348
336 336
336 348
336 348
337 336
337 328
337 344
337 340
337 339
337 336
337 331
337 341
337 353
337 330
337 348
337 344
337 350
337 330
337 334
337 328
337 349
337 347
337 327
337 348
337 342
337 350
337 345
337 332
337 344
337 344
337 327
337 328
337 348
337 328
337 343
337 345
337 345
337 353
337 348
337 336
337 340
337 337
337 348
338 327
338 327
338 342
338 343
338 353
338 342
338 343
338 327
339 353
339 339
339 353
339 330
339 339
339 348
339 340
339 341
339 328
339 330
339 349
339 348
339 347
339 346
339 333
339 343
339 339
339 337
339 348
339 339
339 334
339 328
339 345
339 343
339 332
339 344
339 350
339 326
339 340
339 342
339 351
339 341
339 343
339 331
339 347
339 347
339 348
339 350
339 344
340 328
340 327
340 332
340 345
340 348
340 337
340 339
340 350
340 349
340 353
340 340
340 331
340 332
340 338
340 351
340 346
340 340
340 331
340 331
340 350
340 332
340 338
340 341
340 331
340 332
340 331
340 339
340 337
340 332
340 343
340 328
340 345
340 340
340 344
340 327
340 330
340 343
340 337
340 342
340 348
340 348
340 343
340 334
341 331
341 337
341 344
341 339
341 350
341 336
341 339
341 327
341 348
341 344
341 344
341 342
342 347
342 328
342 337
342 328
342 337
342 330
342 345
342 339
342 348
342 348
342 341
342 338
342 337
342 335
342 345
342 337
342 335
342 337
342 330
343 328
343 331
343 332
343 348
343 353
343 342
343 351
343 328
343 345
343 343
343 348
343 347
343 337
343 345
343 327
343 331
343 340
343 347
343 344
343 348
343 339
343 332
343 327
343 341
343 353
343 327
343 350
343 328
343 344
343 348
343 344
343 344
343 344
343 344
343 344
343 327
343 327
343 353
343 339
343 336
344 336
344 344
344 337
344 337
344 336
344 353
344 344
344 337
344 337
344 353
344 351
344 330
344 339
344 348
344 351
344 337
344 342
344 344
344 342
344 353
344 332
344 348
344 350
344 336
344 353
344 348
344 328
344 345
344 337
344 326
344 331
344 339
344 340
344 326
344 338
344 331
344 341
344 353
344 339
344 344
344 344
344 344
344 328
344 347
344 327
344 339
344 350
344 344
344 332
344 343
344 350
344 339
344 353
344 341
344 348
344 331
344 337
344 337
344 332
344 348
344 344
344 332
344 348
344 353
344 345
344 342
344 348
345 345
345 340
345 344
345 327
345 339
345 346
345 337
345 353
345 336
345 351
345 328
345 348
345 336
345 342
345 345
345 330
345 343
345 339
345 328
345 331
345 337
345 336
345 332
345 331
345 341
345 344
345 338
345 343
345 333
345 332
346 350
346 331
346 348
346 331
346 339
346 353
346 353
347 332
347 342
347 328
347 339
347 333
347 339
347 353
347 348
347 328
347 332
347 344
347 342
347 331
347 341
347 342
347 353
347 330
347 340
347 328
347 339
347 342
348 343
348 332
348 344
348 339
348 345
348 340
348 343
348 348
348 332
348 328
348 344
348 331
348 333
348 353
348 328
348 336
348 344
348 332
348 326
348 348
348 350
348 348
348 339
348 332
348 329
348 353
348 343
348 343
348 353
348 339
348 344
348 332
348 337
348 344
348 338
348 327
348 353
348 343
348 343
348 345
348 343
348 332
348 348
348 344
348 328
348 328
348 328
348 330
348 331
348 336
348 328
348 328
348 346
348 344
349 337
349 326
349 353
349 348
349 345
349 330
349 347
349 344
349 348
349 350
349 331
349 336
349 337
349 334
349 348
349 335
349 348
349 337
350 332
350 353
350 348
350 347
350 349
350 348
350 344
350 340
350 353
350 339
350 339
350 331
350 353
350 331
350 339
350 337
350 331
350 343
350 332
350 348
350 337
350 341
350 341
350 343
350 327
350 337
350 339
350 344
350 341
350 327
350 344
350 326
350 330
350 353
350 344
350 337
350 337
350 353
350 350
351 327
351 343
351 328
351 339
351 351
351 332
351 340
351 327
351 345
351 334
351 337
351 344
351 331
351 330
351 347
351 350
351 328
351 332
352 353
352 345
353 339
353 349
353 343
353 349
353 337
353 334
353 342
353 344
353 344
353 349
353 327
353 337
353 346
353 333
353 342
353 345
353 353
353 340
353 345
353 332
353 348
353 344
353 332
353 337
353 337
353 341
353 343
353 344
354 360
354 358
354 355
354 357
354 355
354 360
354 361
354 361
354 356
354 360
354 356
354 362
355 359
355 355
355 355
355 360
355 355
355 362
355 355
355 360
355 362
355 360
355 362
355 355
355 354
355 356
355 356
355 358
355 357
355 357
355 359
355 354
355 355
355 355
355 355
355 357
355 359
355 360
355 359
355 362
355 355
356 361
356 357
356 360
356 362
356 361
356 362
356 357
356 356
356 357
356 357
356 360
356 362
356 361
356 355
356 357
356 360
356 359
357 358
357 359
357 356
357 359
357 362
357 360
357 362
357 358
357 360
357 360
357 362
357 355
357 362
357 360
357 361
357 360
357 356
357 358
358 362
358 359
358 360
358 355
358 355
358 358
358 356
358 362
358 357
358 356
358 360
358 361
358 358
358 361
358 360
358 358
358 357
358 358
358 356
358 357
358 360
358 362
358 358
358 361
358 362
358 357
358 354
358 355
358 362
358 362
358 357
359 354
359 357
359 362
359 355
359 357
359 354
359 355
359 357
359 358
359 360
359 361
359 360
359 356
359 358
359 355
359 361
359 362
359 362
360 362
360 361
360 361
360 360
360 357
360 355
360 362
360 358
360 360
360 358
360 359
360 355
360 358
360 360
360 355
360 362
360 358
360 357
360 362
360 357
360 361
360 362
360 357
360 357
361 355
361 358
361 359
361 358
361 355
361 361
361 357
361 356
361 355
361 362
361 358
361 355
362 360
362 356
362 359
362 357
362 359
362 359
362 357
362 354
362 360
362 354
362 360
362 358
362 362
362 357
362 355
362 361
362 361
362 359
362 358
362 359
362 357
362 356
362 361
362 357
363 380
363 376
363 389
363 379
363 378
363 371
363 370
363 384
363 383
363 368
363 374
363 388
363 376
363 389
363 370
363 382
363 363
363 387
363 388
363 391
363 368
363 383
363 376
363 383
363 382
363 377
363 385
363 387
363 368
363 372
363 387
363 387
363 385
363 390
363 372
363 378
363 376
363 387
363 391
363 385
363 385
363 386
363 380
363 365
363 366
363 374
363 366
363 376
363 366
363 379
363 374
363 391
363 387
363 381
363 391
363 371
363 388
363 363
363 378
363 375
363 369
363 386
363 372
363 390
363 378
363 384
363 379
363 374
363 383
363 381
363 385
363 379
363 382
363 384
363 378
363 366
363 377
363 380
363 390
363 372
363 385
363 381
363 385
364 387
364 382
364 381
364 391
364 383
364 380
364 381
364 386
364 374
364 385
364 389
364 369
364 376
364 379
364 365
364 389
364 391
364 368
364 366
364 370
364 376
365 384
365 385
365 382
365 384
365 381
365 376
365 391
365 367
365 382
365 374
365 369
365 375
365 384
365 387
365 371
365 371
365 371
365 387
365 369
365 365
365 369
365 373
365 369
365 369
365 363
365 369
365 365
365 386
365 384
365 380
365 390
365 381
365 385
365 374
365 371
365 386
365 376
365 369
365 372
365 378
365 381
365 381
365 365
365 374
365 374
365 378
365 374
365 365
365 367
365 372
365 365
365 378
365 376
365 370
365 380
365 383
365 382
365 378
365 371
365 380
365 372
365 385
365 377
365 391
365 386
365 374
365 366
365 386
365 372
365 377
365 374
365 376
365 376
365 375
365 376
365 381
365 379
365 382
365 382
365 370
365 368
365 380
366 385
366 372
366 372
366 375
366 368
366 390
366 391
366 382
366 383
366 368
366 383
366 378
366 374
366 385
366 379
366 382
366 371
366 389
366 371
366 371
366 390
366 389
366 372
366 371
366 380
366 389
366 389
366 383
366 384
366 384
366 376
366 365
366 385
366 380
366 380
366 376
366 378
366 367
366 374
366 382
366 385
366 364
366 386
366 390
366 390
366 390
366 387
366 375
366 372
366 381
366 383
366 383
366 365
366 385
366 382
366 383
366 378
366 378
366 390
366 371
366 372
366 374
366 380
366 375
366 375
366 382
366 387
366 387
367 379
367 384
367 378
367 376
367 372
367 369
367 391
367 374
367 381
367 365
367 382
367 365
367 370
367 384
367 379
367 379
367 382
367 387
367 374
367 376
367 371
367 367
367 377
367 368
367 367
367 381
367 374
367 387
367 381
367 380
367 384
367 391
367 366
367 369
367 386
367 386
367 381
367 380
367 374
367 390
367 372
367 363
367 386
367 374
367 369
367 380
368 369
368 383
368 372
368 370
368 381
368 377
368 391
368 372
368 363
368 365
368 384
368 375
368 371
368 377
368 376
368 363
368 389
368 380
368 385
368 378
368 387
368 383
368 365
368 386
368 367
368 366
368 386
368 375
368 377
368 391
368 376
368 371
368 370
368 378
368 363
368 366
368 380
368 390
368 372
368 390
368 367
368 382
368 372
368 381
368 365
368 363
368 368
368 385
368 371
368 375
368 381
368 374
368 366
368 375
368 387
368 379
368 387
368 370
368 368
368 371
368 375
368 371
368 375
368 376
368 368
368 391
368 384
368 366
368 382
368 379
368 382
368 383
368 385
368 379
368 389
368 367
369 375
369 376
369 379
369 381
369 363
369 363
369 363
369 368
369 374
369 377
369 382
369 375
369 379
369 369
369 363
369 377
369 376
369 374
369 385
369 381
369 378
369 368
369 378
369 364
369 382
369 386
369 391
369 372
369 367
369 374
369 385
369 377
369 382
369 366
369 383
369 387
369 371
369 376
369 379
369 369
369 381
369 375
369 380
369 368
369 383
369 368
369 384
369 383
369 375
369 386
369 377
369 390
369 386
369 371
369 370
369 372
369 382
369 365
369 390
369 380
369 384
369 390
369 374
369 382
369 378
369 383
369 371
369 382
369 390
369 365
369 370
369 377
369 388
369 387
369 380
369 386
369 365
369 387
369 384
369 372
369 382
369 380
369 391
369 382
369 380
369 385
369 376
370 389
370 391
370 387
370 382
370 382
370 382
370 381
370 363
370 378
370 385
370 381
370 369
370 372
370 389
370 387
370 369
370 371
370 385
370 366
370 386
370 382
370 368
370 390
370 368
370 374
370 378
370 378
370 368
370 382
370 370
370 371
370 380
370 374
370 368
370 369
370 370
370 388
370 391
370 376
370 365
370 366
370 375
370 383
370 381
370 374
370 382
370 366
370 365
370 386
370 381
370 369
370 375
370 381
370 365
370 382
370 368
370 379
370 389
370 386
370 366
370 372
371 376
371 372
371 377
371 384
371 376
371 371
371 371
371 368
371 389
371 380
371 382
371 381
371 377
371 378
371 363
371 377
371 381
371 377
371 381
371 376
371 376
371 390
371 387
371 385
371 372
371 383
371 370
371 389
371 382
371 368
371 383
371 368
371 375
371 373
371 386
371 380
371 385
371 371
371 366
371 369
371 380
371 380
371 383
371 377
371 376
371 375
371 363
371 363
371 374
371 381
371 366
371 384
371 369
371 386
371 381
371 372
371 371
371 368
371 373
371 379
371 369
371 383
371 375
371 376
371 371
371 374
371 389
371 376
371 385
371 383
371 375
371 384
371 363
371 368
371 381
371 379
371 381
371 376
371 374
372 376
372 390
372 382
372 376
372 367
372 372
372 384
372 384
372 375
372 385
372 388
372 364
372 367
372 383
372 384
372 380
372 379
372 389
372 364
372 376
372 384
372 377
372 370
372 370
372 381
372 381
372 372
372 365
372 372
372 383
372 365
372 378
372 390
372 363
372 367
372 363
372 363
372 389
372 384
372 372
372 364
372 376
372 384
372 390
372 384
372 388
372 375
372 386
372 376
372 363
372 366
372 385
372 372
372 379
372 383
372 382
372 378
372 386
372 372
372 373
372 376
372 384
372 363
372 375
372 377
372 383
372 374
372 380
372 375
372 369
372 371
372 387
372 379
372 385
372 380
372 369
372 378
372 391
372 384
372 375
372 367
372 385
372 370
372 375
372 366
372 367
372 368
372 390
372 389
373 369
373 379
373 376
373 376
373 387
373 387
373 376
373 376
373 363
373 369
373 384
373 368
373 386
373 370
373 378
373 369
374 381
374 369
374 390
374 383
374 370
374 384
374 383
374 386
374 363
374 373
374 387
374 381
374 366
374 390
374 363
374 365
374 389
374 365
374 365
374 380
374 365
374 391
374 379
374 363
374 371
374 379
374 383
374 377
374 386
374 384
374 365
374 385
374 374
374 374
374 382
374 365
374 368
374 378
374 363
374 384
374 364
374 381
374 385
374 366
374 363
374 389
374 376
374 384
374 367
374 389
374 387
374 369
374 385
374 378
374 363
374 369
374 376
374 385
374 391
374 369
374 363
374 363
374 375
374 377
374 383
374 369
374 389
374 382
374 371
374 363
374 391
374 383
374 383
374 381
374 383
374 363
374 390
374 390
374 385
374 383
374 389
374 391
374 372
374 371
374 378
374 373
374 379
374 369
374 367
374 376
374 381
374 385
374 366
374 379
374 390
374 384
374 368
374 377
375 366
375 376
375 367
375 369
375 390
375 376
375 372
375 385
375 363
375 382
375 386
375 386
375 372
375 366
375 389
375 364
375 369
375 383
375 370
375 368
375 372
375 363
375 384
375 375
375 390
375 391
375 369
375 377
375 384
375 384
375 376
375 379
375 390
375 389
375 372
375 366
375 380
375 385
375 383
375 363
375 377
375 386
375 371
375 383
375 380
375 363
375 385
375 383
375 379
375 384
375 368
375 383
375 380
375 365
375 382
375 390
375 383
375 367
375 375
375 376
375 388
375 389
375 371
375 391
375 367
376 391
376 375
376 378
376 365
376 374
376 386
376 381
376 374
376 376
376 363
376 374
376 386
376 391
376 376
376 381
376 385
376 367
376 384
376 387
376 385
376 376
376 386
376 369
376 382
376 386
376 371
376 389
376 391
376 368
376 369
376 391
376 381
376 379
376 369
376 376
376 369
376 384
376 375
376 377
376 385
376 376
376 381
376 383
376 371
376 370
376 370
376 389
376 369
376 382
376 364
376 381
376 386
376 363
376 391
376 384
376 371
376 391
376 379
376 368
376 391
376 390
376 390
376 370
376 365
376 390
376 381
376 379
376 364
376 389
376 376
376 381
376 366
376 390
376 378
376 374
376 388
376 374
376 372
376 363
376 366
376 369
376 374
376 372
376 380
376 377
376 378
376 390
376 381
376 370
376 368
376 386
376 384
376 364
376 385
376 378
376 389
376 385
376 379
376 387
377 377
377 363
377 365
377 376
377 387
377 373
377 386
377 382
377 366
377 384
377 378
377 368
377 389
377 365
377 371
377 379
377 389
377 379
377 365
377 390
377 391
377 371
377 385
377 365
377 370
377 385
377 364
377 369
377 390
377 377
377 379
377 386
377 379
377 375
377 390
377 384
377 382
377 384
377 378
377 372
377 377
377 390
377 375
377 380
377 363
377 376
377 366
377 384
377 377
377 372
377 374
377 363
377 390
377 368
377 363
377 387
377 382
377 366
377 387
377 379
377 376
377 372
377 374
377 387
377 370
377 363
377 363
377 390
377 374
377 382
377 391
377 371
377 365
377 379
377 389
377 378
377 371
377 378
377 385
377 366
377 365
377 376
378 376
378 364
378 391
378 384
378 366
378 365
378 368
378 371
378 384
378 390
378 375
378 376
378 375
378 379
378 376
378 368
378 365
378 381
378 375
378 379
378 386
378 374
378 375
378 368
378 376
378 384
378 386
378 370
378 366
378 371
378 370
378 384
378 381
378 377
378 366
378 370
378 381
378 380
378 372
378 387
378 390
378 391
378 387
378 383
378 377
378 382
378 391
378 367
378 381
378 374
378 369
378 380
378 379
378 379
378 384
378 376
378 378
378 374
378 380
378 383
378 371
378 376
378 374
378 383
378 365
378 387
378 382
378 390
378 382
378 363
378 387
378 363
378 387
378 363
378 369
378 376
378 379
378 371
378 377
379 383
379 385
379 382
379 380
379 385
379 381
379 376
379 363
379 370
379 374
379 380
379 369
379 389
379 383
379 374
379 376
379 366
379 382
379 369
379 367
379 384
379 380
379 385
379 380
379 376
379 379
379 364
379 383
379 367
379 383
379 368
379 374
379 387
379 376
379 371
379 367
379 369
379 376
379 369
379 372
379 386
379 391
379 386
379 384
379 363
379 378
379 372
379 365
379 372
379 384
379 378
379 383
379 391
379 381
379 365
379 372
379 382
379 366
379 390
379 372
379 366
379 385
379 391
379 372
379 367
379 378
379 371
379 385
379 381
379 373
379 376
379 384
379 371
379 383
379 386
379 387
379 386
379 387
379 375
379 373
379 378
379 381
379 382
379 369
379 384
380 380
380 372
380 377
380 369
380 371
380 366
380 365
380 382
380 372
380 388
380 369
380 363
380 371
380 367
380 372
380 363
380 386
380 389
380 384
380 390
380 380
380 379
380 368
380 383
380 390
380 368
380 391
380 375
380 376
380 389
380 387
380 365
380 363
380 380
380 364
380 380
380 378
380 366
380 391
380 389
380 371
380 385
380 367
380 371
380 366
380 375
380 367
380 390
380 371
380 369
380 363
380 391
380 390
380 365
380 389
380 391
380 372
380 379
380 365
380 384
380 365
380 365
380 363
380 389
380 389
380 386
380 367
380 375
380 371
380 389
380 380
380 376
380 379
380 368
380 364
380 366
381 387
381 370
381 378
381 382
381 363
381 388
381 371
381 387
381 378
381 381
381 391
381 366
381 378
381 390
381 389
381 389
381 363
381 370
381 383
381 369
381 364
381 390
381 378
381 363
381 383
381 391
381 373
381 371
381 389
381 369
381 379
381 371
381 384
381 379
381 373
381 385
381 382
381 375
381 376
381 365
381 383
381 389
381 390
381 383
381 369
381 365
381 371
381 375
381 380
381 382
381 365
381 380
381 389
381 379
381 365
381 366
381 376
381 384
381 370
381 371
381 369
381 379
381 390
381 383
381 389
381 370
381 374
381 364
381 381
381 382
381 386
381 391
382 384
382 380
382 390
382 385
382 382
382 384
382 370
382 368
382 378
382 363
382 385
382 378
382 371
382 376
382 380
382 384
382 386
382 378
382 378
382 379
382 369
382 384
382 370
382 371
382 380
382 390
382 374
382 381
382 391
382 386
382 376
382 369
382 381
382 364
382 380
382 391
382 382
382 382
382 381
382 370
382 366
382 378
382 368
382 390
382 385
382 389
382 364
382 390
382 376
382 363
382 386
382 380
382 376
382 371
382 376
382 376
382 363
382 369
382 380
382 371
382 376
382 364
382 381
382 382
382 390
382 385
382 382
382 363
382 381
382 383
382 374
382 377
382 370
382 377
382 372
382 378
382 382
382 366
382 364
382 391
382 373
382 380
383 371
383 368
383 374
383 381
383 363
383 363
383 380
383 376
383 365
383 371
383 372
383 386
383 371
383 378
383 390
383 382
383 385
383 385
383 376
383 371
383 384
383 371
383 387
383 374
383 377
383 383
383 391
383 389
383 375
383 376
383 367
383 376
383 390
383 376
383 376
383 383
383 370
383 391
383 363
383 376
383 374
383 383
383 382
383 370
383 371
383 390
383 369
383 382
383 391
383 366
383 384
383 391
383 390
383 372
383 365
383 372
383 386
383 374
383 363
383 385
383 384
383 380
383 383
383 389
383 381
383 376
383 376
383 366
383 376
383 365
384 374
384 368
384 387
384 381
384 375
384 375
384 363
384 375
384 378
384 383
384 387
384 388
384 372
384 379
384 369
384 369
384 372
384 385
384 389
384 383
384 391
384 366
384 386
384 385
384 365
384 381
384 365
384 384
384 374
384 369
384 379
384 382
384 376
384 391
384 371
384 376
384 364
384 380
384 368
384 365
384 388
384 375
384 379
384 380
384 363
384 382
384 376
384 376
384 371
384 375
384 386
384 386
384 391
384 363
384 382
384 379
384 371
384 375
384 372
384 369
384 389
384 368
384 389
384 390
384 370
384 377
384 376
384 387
384 390
384 374
384 384
384 383
384 365
384 376
384 377
384 363
384 384
384 386
384 379
384 371
384 391
384 378
384 365
384 370
384 389
384 384
384 368
385 366
385 371
385 390
385 372
385 381
385 363
385 383
385 365
385 391
385 390
385 378
385 386
385 390
385 375
385 379
385 371
385 363
385 375
385 390
385 369
385 370
385 382
385 375
385 387
385 387
385 382
385 387
385 382
385 369
385 363
385 385
385 379
385 389
385 391
385 385
385 389
385 385
385 376
385 387
385 383
385 363
385 381
385 385
385 369
385 376
385 376
385 377
385 368
385 373
385 389
385 390
385 383
385 379
385 380
385 385
385 379
385 379
385 370
385 383
385 382
385 366
385 379
385 376
385 379
385 368
385 365
385 376
385 369
385 372
385 367
385 389
385 379
385 371
385 365
385 386
385 384
385 379
385 371
386 391
386 383
386 375
386 387
386 366
386 379
386 383
386 390
386 379
386 380
386 363
386 363
386 381
386 376
386 378
386 369
386 386
386 381
386 383
386 372
386 389
386 386
386 375
386 372
386 363
386 365
386 387
386 369
386 379
386 382
386 379
386 384
386 380
386 384
386 372
386 375
386 365
386 369
386 380
386 372
386 372
386 387
386 368
386 368
386 369
386 369
386 376
386 376
386 365
386 374
386 385
386 366
386 384
386 379
386 375
386 389
386 365
386 366
386 366
386 377
386 390
386 363
386 368
386 368
386 369
386 377
386 364
386 380
386 389
386 363
386 380
386 367
386 381
386 388
387 371
387 381
387 383
387 378
387 367
387 383
387 376
387 390
387 386
387 382
387 368
387 386
387 385
387 372
387 387
387 377
387 363
387 364
387 375
387 386
387 371
387 390
387 369
387 382
387 380
387 366
387 386
387 386
387 391
387 369
387 385
387 383
387 378
387 390
387 389
387 389
387 390
387 382
387 386
387 366
387 387
387 370
387 368
387 366
387 366
387 380
387 382
387 387
387 373
387 389
387 385
387 389
387 391
387 389
387 384
387 382
387 377
387 372
387 376
387 390
387 365
387 387
387 390
387 384
387 367
387 376
387 387
387 369
387 376
387 387
387 383
387 367
387 363
387 383
387 382
387 379
387 382
387 368
387 372
388 380
388 363
388 368
388 383
388 379
388 369
388 378
388 382
388 387
388 381
388 372
389 371
389 376
389 365
389 374
389 383
389 378
389 375
389 371
389 366
389 375
389 374
389 386
389 374
389 390
389 365
389 375
389 379
389 385
389 377
389 379
389 389
389 387
389 381
389 376
389 367
389 382
389 389
389 389
389 376
389 371
389 365
389 386
389 375
389 382
389 384
389 378
389 385
389 366
389 385
389 368
389 366
389 369
389 389
389 374
389 384
389 376
389 377
389 389
389 391
389 368
389 381
389 390
389 385
389 371
389 365
389 365
389 377
389 370
389 363
389 384
389 390
389 371
389 382
390 371
390 391
390 365
390 385
390 372
390 376
390 390
390 377
390 376
390 391
390 383
390 384
390 383
390 383
390 384
390 363
390 386
390 382
390 378
390 368
390 376
390 368
390 373
390 386
390 391
390 376
390 369
390 378
390 384
390 371
390 376
390 373
390 385
390 390
390 378
390 377
390 378
390 381
390 368
390 384
390 369
390 384
390 370
390 378
390 384
390 389
390 381
390 383
390 385
390 375
390 374
390 388
390 369
390 372
390 371
390 381
390 384
390 369
390 390
390 390
390 383
390 378
390 381
390 381
390 379
390 376
390 374
390 390
390 384
390 366
390 384
390 369
390 375
390 391
390 381
390 378
390 381
390 368
390 390
390 378
391 370
391 377
391 365
391 382
391 379
391 385
391 371
391 365
391 369
391 368
391 387
391 389
391 365
391 377
391 385
391 371
391 374
391 368
391 390
391 372
391 382
391 370
391 368
391 378
391 380
391 376
391 386
391 374
391 382
391 386
391 386
391 390
391 374
391 383
391 366
391 385
391 371
391 381
391 370
391 379
391 377
391 388
391 378
391 363
391 371
391 390
391 382
391 373
391 366
391 374
391 365
391 376
391 388
391 376
391 384
391 377
391 371
391 364
391 390
391 378
391 390
391 385
391 365
391 383
391 375
391 391
391 390
391 383
391 376
391 377
391 386
391 389
391 369
391 391
391 368
391 367
391 387
391 366
391 386
392 393
392 392
392 392
392 394
392 392
392 392
392 393
392 393
392 392
392 393
393 392
393 394
393 393
393 393
393 392
393 393
393 393
393 392
393 392
393 392
393 393
393 393
393 394
393 393
393 393
393 393
394 394
394 392
394 394
394 392
394 392
394 392
396 397
396 399
396 397
397 397
397 397
397 399
397 399
397 399
397 399
397 399
397 399
397 398
397 395
397 398
399 397
399 397
399 397
399 397
399 396
399 395
400 395
400 396
400 399
400 397
401 395
402 451
402 442
402 442
402 463
403 464
403 426
403 452
403 442
403 456
403 408
403 448
403 452
403 438
403 462
404 406
404 442
404 438
404 442
405 442
405 468
405 443
405 442
405 442
405 442
405 428
406 437
406 412
406 410
406 439
406 406
406 406
406 442
406 442
406 409
406 469
406 439
406 459
406 442
406 447
406 438
406 442
406 442
406 442
406 442
407 410
408 410
408 442
408 415
408 402
408 442
408 435
408 458
408 442
408 415
408 428
408 420
409 408
409 442
409 442
409 438
410 442
410 442
410 442
410 442
410 428
410 434
410 467
410 442
410 442
410 444
410 433
410 404
410 427
410 442
410 459
410 429
410 442
410 412
410 442
410 458
410 463
410 445
410 437
410 442
410 465
410 442
410 405
410 466
410 441
410 468
410 454
411 460
412 442
412 458
412 442
412 410
412 417
412 442
412 469
412 419
412 410
412 442
412 427
412 420
412 427
412 442
412 410
413 442
414 406
414 442
414 442
414 442
414 403
415 403
415 434
415 428
415 448
415 405
415 442
415 442
415 441
415 440
415 407
416 442
416 442
416 406
416 406
416 442
416 436
416 408
416 442
416 435
416 416
416 469
416 442
416 442
416 442
416 442
417 448
417 465
417 442
417 452
417 413
417 457
417 442
417 406
418 419
418 433
418 442
418 416
419 454
419 442
419 463
419 438
419 422
419 447
420 458
421 442
421 429
421 428
421 410
422 411
422 442
423 464
423 428
423 442
424 410
424 435
424 442
425 406
425 442
426 442
426 442
426 462
426 466
426 406
427 423
427 462
427 415
427 466
427 442
427 442
428 442
428 442
428 412
428 410
428 454
428 442
428 424
428 406
428 452
428 447
428 422
428 442
428 428
429 416
429 442
429 419
429 422
430 463
430 439
430 442
430 439
431 434
431 431
431 442
431 431
432 443
432 433
432 408
432 405
432 416
433 442
433 452
433 442
433 406
433 442
433 464
433 442
434 437
434 442
434 463
434 434
434 456
434 442
434 442
434 406
435 442
435 442
435 442
435 435
435 438
436 442
436 410
436 409
436 415
437 406
437 442
437 428
437 458
437 462
437 406
437 417
438 423
438 442
438 442
438 417
438 442
438 442
438 421
438 439
438 438
438 406
438 410
438 442
438 442
438 442
438 442
439 403
439 410
439 442
439 410
439 420
439 433
439 432
439 439
439 426
439 420
439 428
439 452
439 437
439 438
440 424
440 428
440 442
441 403
441 428
441 406
441 403
441 442
442 415
442 406
442 410
442 448
442 458
442 448
442 406
442 413
442 458
442 425
442 442
442 445
442 442
442 438
442 442
442 442
442 451
442 442
442 442
442 442
442 405
442 407
442 442
442 406
442 449
442 423
442 442
442 442
442 469
442 444
442 442
442 442
442 442
442 425
442 442
442 466
442 455
442 459
442 442
442 403
442 442
442 442
442 442
442 402
442 455
442 446
442 442
442 442
442 452
442 410
442 442
442 442
442 417
442 447
442 442
442 428
442 442
442 430
442 442
442 442
442 435
442 460
442 454
442 463
442 442
442 442
442 406
442 442
442 460
442 442
442 464
442 416
442 442
442 410
442 442
442 442
442 463
442 410
442 431
442 421
442 428
442 442
442 442
442 442
442 458
442 442
442 442
442 442
442 458
442 442
442 403
442 410
442 442
442 423
442 439
442 463
442 407
442 406
442 409
442 436
442 442
442 442
442 423
442 442
442 423
442 421
442 442
442 442
442 449
442 452
442 413
442 469
442 426
442 442
442 463
442 452
442 442
442 442
442 456
442 428
442 439
442 440
442 406
442 438
442 403
442 458
442 442
442 442
442 429
442 424
442 452
442 439
442 434
442 434
442 463
442 463
442 428
442 442
442 442
442 426
442 442
442 442
442 410
442 442
442 442
442 459
442 458
442 421
442 410
442 442
442 439
442 415
442 433
442 415
442 406
442 404
442 456
442 450
442 442
442 463
442 456
442 442
442 442
442 458
442 442
442 406
442 442
442 403
442 439
442 442
442 408
442 442
442 442
442 418
442 416
442 407
442 442
442 433
442 449
442 442
442 410
442 442
442 442
442 442
442 458
442 408
442 444
442 442
442 417
442 406
442 404
442 412
442 442
442 442
442 442
442 452
442 442
442 436
442 422
442 432
442 434
442 459
442 460
442 467
442 462
442 442
442 442
442 402
442 429
442 406
442 428
442 443
442 415
442 407
442 417
442 450
442 442
442 418
442 417
442 406
443 466
443 440
443 451
443 433
443 445
443 452
443 442
443 452
443 442
444 402
445 420
445 421
445 438
445 442
446 446
446 442
446 457
446 442
446 442
447 442
447 406
447 462
448 442
448 434
448 442
448 442
448 416
448 442
448 442
448 412
449 442
449 469
449 406
449 439
450 442
450 442
451 442
451 406
452 442
452 447
452 442
452 441
452 462
452 448
452 434
452 442
452 442
452 402
452 439
452 454
452 454
452 439
452 404
452 452
452 435
452 406
452 412
452 442
452 452
452 452
453 442
453 463
453 458
454 421
454 407
454 452
454 442
454 442
454 449
454 405
454 442
454 403
454 452
455 448
455 452
455 442
456 442
456 417
456 406
456 431
456 404
456 437
456 452
456 452
456 408
456 452
457 412
457 412
457 403
457 431
457 446
457 442
458 442
458 442
458 442
458 442
458 440
458 422
458 440
458 442
458 442
458 442
458 418
458 469
458 452
458 442
459 442
459 410
459 452
459 464
459 405
459 442
459 450
459 463
460 413
460 442
460 416
461 442
461 435
461 428
462 412
462 407
462 454
463 442
463 442
463 452
463 442
463 442
463 411
463 426
463 442
463 442
463 469
463 417
464 410
464 448
464 405
464 450
464 461
464 463
465 434
465 442
465 439
465 419
465 442
465 442
466 448
466 402
466 416
466 442
466 410
466 441
466 462
467 453
468 458
468 442
468 410
469 442
469 440
469 442
469 425
469 450
469 432
469 415
469 406
470 474
470 490
470 470
470 487
470 470
470 476
470 490
470 489
470 487
470 490
470 484
470 492
470 487
470 477
470 485
471 477
472 470
472 479
472 492
472 479
472 487
473 476
474 486
474 486
474 476
474 481
474 490
474 479
474 487
475 487
475 482
475 480
476 487
476 470
476 478
476 488
476 487
477 476
477 487
477 481
477 487
477 487
477 476
477 480
477 480
477 490
477 473
477 481
477 475
477 490
477 476
478 480
478 487
478 470
479 482
479 490
479 490
479 475
480 487
480 487
480 483
480 490
480 487
480 480
480 486
480 479
480 487
480 488
480 487
480 489
480 493
480 470
481 491
481 487
481 493
481 490
481 493
481 488
481 490
481 492
482 482
482 470
482 486
482 476
482 488
482 487
482 479
482 491
483 480
483 471
483 489
483 483
483 490
484 470
484 474
484 482
484 489
485 488
485 474
485 494
485 484
485 486
485 470
485 479
485 482
485 487
485 488
485 490
485 487
485 487
486 475
486 476
486 483
486 481
486 477
486 490
486 470
486 470
486 479
486 480
486 482
486 490
486 489
486 490
486 482
486 487
487 488
487 476
487 479
487 475
487 470
487 487
487 493
487 490
487 489
487 487
487 485
487 477
487 482
487 475
487 487
487 489
487 488
487 477
487 476
487 470
487 480
487 470
487 487
487 490
487 488
487 488
487 490
487 487
487 488
487 486
487 479
487 486
487 472
487 489
487 490
487 488
487 487
487 470
487 484
487 481
487 487
487 493
487 480
487 487
487 485
487 489
487 490
487 487
487 493
487 493
487 490
487 479
487 481
487 480
487 489
487 489
487 490
487 487
487 486
487 490
487 482
488 489
488 494
488 490
488 488
488 488
488 480
489 482
489 487
489 478
489 490
489 487
489 480
489 486
489 490
489 487
489 487
489 487
489 489
489 487
489 471
489 477
489 492
489 473
489 489
489 470
490 490
490 486
490 487
490 486
490 474
490 477
490 489
490 470
490 486
490 490
490 490
490 475
490 479
490 477
490 490
490 484
490 480
490 490
490 490
490 486
490 487
490 474
491 481
492 487
492 487
492 487
493 489
493 477
493 482
493 486
493 481
494 490
494 492
494 487
494 485
495 495
495 496
495 496
495 496
495 496
496 496
496 496
496 495
496 496
496 496
496 495
496 496
496 496
496 496
496 495
496 496
496 495