0 46
0 40
0 32
0 38
0 47
0 39
0 48
0 33
0 28
0 50
0 37
0 32
0 67
0 45
0 53
0 37
0 48
0 9
0 9
0 48
0 35
0 109
1 14
1 0
2 34
2 64
2 39
2 57
2 68
2 32
2 33
2 8
2 47
2 28
2 19
2 46
2 0
2 236
3 18
3 14
3 30
3 62
3 64
4 49
4 59
4 26
4 5
4 50
4 37
4 39
4 47
4 196
5 45
5 42
5 30
5 77
5 198
6 46
6 37
6 47
6 30
6 28
6 23
6 5
6 17
6 58
7 23
7 0
7 99
8 37
8 37
8 42
8 38
8 13
8 56
8 98
9 19
9 46
9 30
9 26
9 6
9 33
9 37
9 39
9 2
9 25
9 50
9 37
9 18
9 32
9 13
9 69
9 29
9 52
9 26
9 9
9 48
9 66
9 50
9 45
9 55
9 236
10 66
10 34
10 47
10 32
10 9
11 37
11 53
11 63
11 23
11 68
11 11
11 35
11 6
11 64
11 209
12 56
12 32
12 70
13 49
13 9
13 54
13 54
13 12
13 57
13 11
14 44
14 9
14 42
14 39
14 59
14 40
14 54
14 58
14 18
14 20
15 25
15 30
15 10
16 46
16 9
16 42
16 42
16 3
16 23
16 9
17 10
17 46
17 5
17 57
17 26
17 22
17 30
17 0
17 58
17 50
18 4
18 11
18 24
18 66
18 50
18 62
18 78
19 43
19 52
19 31
19 28
19 45
19 4
19 30
19 54
19 54
19 45
19 8
19 54
19 9
19 70
19 50
19 4
19 54
19 0
19 50
19 8
19 64
19 57
19 9
20 43
20 2
20 11
20 17
20 21
20 58
20 93
21 42
21 15
21 0
21 0
21 38
21 37
21 32
21 24
21 40
21 56
22 0
22 23
22 108
23 42
23 34
23 41
23 22
23 1
23 66
23 62
23 50
23 58
23 18
24 64
24 34
24 43
24 3
24 2
24 20
24 42
24 37
24 52
24 32
24 48
24 11
24 24
24 49
25 45
25 30
25 5
25 44
25 0
25 107
25 134
25 166
26 34
26 20
26 46
26 52
26 59
26 32
26 52
26 14
26 55
26 0
26 0
26 64
26 110
27 35
27 45
27 3
28 29
28 41
28 20
28 17
28 10
28 70
28 226
29 52
29 11
29 19
29 13
29 38
29 54
29 31
29 23
29 47
29 14
29 28
29 54
30 19
30 54
30 49
30 64
30 33
30 26
30 47
30 64
30 48
30 9
30 58
30 21
30 59
30 32
30 48
30 66
30 34
30 45
30 43
30 18
30 33
30 0
30 58
30 21
30 65
30 0
30 33
30 29
31 32
31 32
31 32
31 26
31 10
31 19
31 40
31 66
31 55
31 30
31 28
31 14
31 35
31 201
31 183
32 2
32 36
32 9
32 20
32 2
32 44
32 31
32 53
32 44
32 34
32 24
32 37
32 45
32 18
32 67
32 56
32 41
33 29
33 31
33 49
33 14
33 5
33 52
33 66
33 27
33 10
33 3
33 45
33 48
33 9
33 31
33 33
33 46
33 18
33 56
33 145
33 203
34 33
34 68
34 7
34 9
34 50
34 33
34 48
34 25
34 28
34 42
34 48
35 31
35 54
35 46
35 24
35 48
35 40
35 58
35 26
35 9
35 50
35 49
35 62
36 50
36 28
36 39
37 14
37 47
37 23
37 17
37 52
37 30
37 3
37 65
37 70
37 55
37 25
37 13
37 24
37 9
37 69
37 35
37 37
37 0
37 22
37 97
38 28
38 66
38 65
38 59
38 56
38 45
38 34
38 71
38 67
38 48
38 48
38 2
39 13
39 56
39 55
39 23
39 35
39 19
39 16
40 70
40 34
40 32
40 64
40 49
40 66
40 22
40 26
40 163
40 175
40 185
41 42
41 39
41 58
41 45
41 62
41 27
41 8
41 4
41 9
41 64
41 62
41 19
41 38
41 54
42 23
42 42
42 62
42 9
42 54
42 30
42 47
42 52
42 67
42 19
43 49
43 33
43 33
43 59
43 67
43 11
43 46
43 8
43 233
44 55
44 24
44 52
44 37
45 54
45 48
45 37
45 55
45 67
45 30
45 67
45 66
45 18
45 13
45 2
46 55
46 11
46 31
46 9
46 70
46 32
47 48
47 45
47 52
48 0
48 26
48 23
48 30
48 69
48 24
48 22
48 30
48 19
48 37
48 2
48 2
48 64
48 9
48 194
49 46
49 30
49 3
49 25
49 52
49 55
49 34
49 49
49 46
49 32
49 38
50 41
50 62
50 30
50 13
50 52
50 8
50 6
50 19
50 50
50 52
50 45
50 39
50 67
50 52
50 39
50 41
50 87
51 49
52 0
52 67
52 56
52 19
52 54
52 7
52 33
52 3
52 67
52 36
52 22
53 9
53 38
53 47
53 18
53 19
53 92
54 29
54 46
54 26
54 19
54 5
54 37
54 32
54 14
54 50
54 31
54 64
54 27
54 13
54 30
54 40
54 54
54 35
54 3
55 46
55 49
55 67
55 48
55 45
55 30
55 34
55 49
55 59
55 35
55 46
56 49
56 49
56 64
56 70
56 54
56 24
56 89
56 143
57 44
57 50
57 21
57 52
57 46
57 54
57 47
57 2
58 39
58 9
58 15
58 0
58 69
58 30
58 11
58 66
58 69
58 32
58 164
59 15
59 54
61 31
62 0
62 50
62 9
62 9
62 18
62 19
62 9
62 162
62 202
63 24
63 65
63 25
64 50
64 33
64 0
64 44
64 0
64 68
64 39
64 19
64 55
64 9
64 171
65 21
65 32
66 9
66 70
66 29
66 48
66 48
66 0
66 54
66 54
66 41
66 30
66 67
66 66
66 109
67 11
67 40
67 63
67 50
67 30
67 31
67 21
67 48
67 18
67 30
68 68
68 18
68 30
68 41
69 20
70 30
70 58
70 2
70 61
70 32
70 30
70 2
70 37
70 48
70 52
70 67
70 50
71 16
71 64
71 65
71 50
71 45
72 102
72 84
72 88
72 91
72 78
72 74
73 103
73 75
73 72
73 91
73 77
73 84
73 133
73 171
74 109
74 110
74 107
75 98
75 74
75 109
75 72
75 80
75 103
75 98
75 91
75 103
75 82
75 93
75 75
75 109
75 73
75 109
75 95
75 109
75 75
75 77
75 95
75 87
75 93
75 107
75 91
75 73
75 150
75 192
75 175
75 246
76 109
76 84
76 92
76 85
76 109
76 93
76 183
77 98
77 82
77 74
77 72
77 73
77 106
77 92
77 92
78 100
78 95
78 82
80 87
80 104
80 92
80 78
80 101
80 109
80 110
80 84
80 82
80 76
80 86
80 104
82 77
82 96
82 90
82 82
82 73
82 109
82 87
82 98
82 104
82 87
82 107
82 110
82 102
82 75
82 98
82 109
82 110
82 102
82 96
82 85
82 104
82 82
82 238
83 78
84 85
84 82
84 74
84 103
84 93
84 248
85 91
85 103
85 77
85 89
85 86
85 107
85 109
85 99
86 82
86 93
86 108
86 75
86 109
86 104
86 88
86 102
86 72
86 108
86 109
86 82
86 75
86 86
86 132
86 213
87 80
87 75
87 104
87 109
87 103
87 103
87 88
87 101
88 89
88 88
88 109
88 80
88 107
88 101
88 109
88 101
88 85
88 94
88 80
89 91
89 77
89 148
91 98
91 96
91 88
91 109
91 94
91 88
91 256
92 100
92 87
92 80
92 85
92 103
92 77
92 77
92 76
92 85
92 260
93 87
93 89
93 76
93 108
93 105
93 102
93 98
93 84
93 91
93 213
94 85
94 92
94 106
94 75
94 87
94 75
94 95
94 80
94 230
95 107
95 82
95 80
95 107
95 82
95 75
95 75
96 110
96 89
96 93
96 91
96 87
96 106
96 102
96 97
96 97
96 109
96 87
97 75
97 98
97 109
97 95
97 78
97 82
97 109
97 100
97 107
97 80
98 94
98 102
98 109
98 87
98 87
98 86
98 94
98 75
98 88
98 96
98 185
98 199
98 187
99 77
100 98
100 107
100 86
100 92
100 76
100 85
100 93
100 74
100 96
100 207
101 86
101 87
101 98
101 103
102 88
102 109
102 138
102 213
103 109
103 108
103 78
103 72
103 76
103 92
103 97
103 94
103 91
103 93
103 75
103 95
103 94
103 92
103 110
103 78
103 80
103 178
104 82
104 75
104 100
104 76
104 72
104 75
104 85
104 83
104 93
104 98
104 110
104 109
105 75
106 72
106 108
107 87
107 96
107 89
107 91
107 87
107 86
107 98
107 95
107 99
108 75
108 107
108 109
108 98
108 78
108 110
108 82
108 94
108 72
108 85
109 109
109 96
109 76
109 97
109 87
109 103
109 88
109 101
109 104
109 103
109 109
109 94
109 107
109 78
109 106
109 107
109 93
109 109
109 87
109 98
109 86
109 96
109 80
109 73
109 80
109 185
110 72
110 80
110 101
110 88
110 86
110 87
111 118
111 115
111 112
111 118
112 117
112 115
112 114
112 117
112 118
112 111
112 112
113 116
113 118
113 114
113 119
114 113
114 115
114 115
114 114
114 119
114 116
114 114
114 113
114 198
115 119
115 114
115 115
115 118
115 111
115 111
115 115
115 239
116 116
116 117
116 114
116 114
116 111
116 118
116 115
116 114
116 112
117 112
118 116
118 115
118 111
118 115
118 115
118 112
118 119
118 117
118 115
118 115
118 115
118 112
118 114
118 115
119 114
119 113
119 113
119 112
119 117
119 118
119 113
119 116
119 115
119 112
120 124
120 120
120 127
120 199
121 121
121 126
121 120
121 126
121 121
121 122
121 182
122 122
122 121
122 123
122 120
122 121
122 121
122 120
122 217
123 120
123 126
123 209
124 124
124 124
124 120
124 129
124 128
124 128
124 126
124 124
124 127
124 187
125 120
125 128
125 124
125 207
126 128
126 126
126 127
126 124
126 120
126 122
126 128
126 230
127 122
127 126
127 126
127 120
127 120
127 129
127 120
127 127
127 124
127 248
128 127
128 121
128 213
129 126
129 122
130 141
130 132
130 148
130 139
130 150
130 132
131 145
131 133
132 137
132 142
132 138
132 141
132 138
132 141
133 143
133 137
133 150
133 141
133 147
133 150
133 138
134 134
134 145
134 130
135 143
135 130
136 143
136 147
136 145
136 145
137 137
138 150
138 138
138 141
138 145
138 141
138 147
138 143
139 147
139 133
139 143
139 141
139 130
139 139
139 150
139 137
139 247
140 139
140 147
141 142
141 150
141 136
141 132
141 147
141 141
141 147
142 141
142 134
142 133
142 136
143 135
143 145
143 150
144 136
144 145
145 130
145 131
145 147
145 142
147 133
147 141
147 145
147 150
147 147
147 147
147 137
147 132
147 137
147 136
147 139
147 136
148 133
149 133
149 134
150 137
150 147
150 150
150 132
150 133
150 133
150 147
150 135
150 145
150 130
150 130
150 133
150 150
151 152
151 163
151 157
151 169
151 158
151 155
151 169
151 155
152 153
152 163
152 171
153 152
153 157
153 154
153 160
154 153
155 169
155 152
155 164
155 169
155 160
156 157
156 167
156 152
156 152
157 154
157 158
157 166
157 217
158 167
158 157
158 168
158 153
158 207
159 167
159 158
159 166
160 157
160 166
160 155
160 153
160 168
160 222
161 163
162 159
162 155
163 164
163 158
163 157
164 157
164 169
164 156
165 160
165 163
165 154
166 161
166 156
166 168
166 164
167 153
167 152
168 154
168 168
168 158
168 152
168 157
168 152
168 154
169 166
169 152
169 153
169 153
169 152
170 202
170 241
171 261
171 230
171 192
171 181
171 264
171 174
171 239
171 183
171 191
171 237
171 171
171 204
171 179
171 198
171 248
171 197
171 258
171 255
171 247
172 230
172 194
172 240
172 203
172 229
173 226
173 198
173 204
173 178
173 229
173 175
174 205
174 256
174 185
174 193
174 243
175 238
175 176
175 213
175 173
175 196
175 227
175 222
175 175
175 254
175 220
175 223
175 209
175 252
175 239
175 239
175 258
175 202
175 233
175 208
175 264
175 230
175 188
175 248
175 190
175 236
175 234
175 196
175 241
177 261
177 236
177 258
177 173
177 175
177 264
177 203
177 213
178 175
178 174
178 233
178 243
178 180
178 243
178 174
178 241
178 189
178 205
178 188
178 207
178 256
178 226
178 239
178 177
178 204
178 236
179 188
179 205
179 205
179 185
179 204
179 254
179 248
180 259
181 213
181 192
181 239
181 205
182 199
182 207
182 232
182 194
182 177
182 241
182 185
182 243
182 175
182 214
182 212
182 192
182 185
182 247
183 209
183 175
183 183
183 172
183 217
183 257
183 205
183 241
183 230
183 205
183 207
183 209
183 236
183 183
183 252
183 188
183 192
183 205
184 174
184 213
184 209
185 207
185 204
185 215
185 198
185 213
185 206
185 248
185 185
185 213
185 199
185 214
185 258
185 229
185 198
185 209
185 192
185 188
185 203
185 229
185 217
185 217
185 198
185 258
186 239
186 205
186 188
186 239
186 204
186 215
186 220
186 196
187 185
187 241
187 201
187 255
187 179
187 172
187 191
187 243
187 258
187 214
187 187
187 200
187 203
188 203
188 209
188 198
188 185
188 264
188 225
188 252
188 194
188 211
188 233
188 241
188 194
188 217
188 232
188 175
188 231
188 217
188 175
188 247
188 189
188 221
188 235
188 200
188 219
188 213
188 198
188 218
188 239
188 203
188 241
188 258
188 248
189 194
189 255
189 190
189 192
189 255
189 243
189 180
189 236
189 241
189 198
189 239
190 252
190 204
190 264
190 192
190 211
190 248
191 204
191 189
191 183
191 250
191 188
191 185
191 188
192 205
192 258
192 209
192 196
192 175
192 243
192 203
192 244
192 231
192 230
192 264
192 203
192 264
192 200
192 241
192 199
192 223
192 213
192 183
192 262
192 182
193 200
194 206
194 244
194 213
194 208
194 243
194 185
194 239
194 182
194 230
194 178
194 188
194 264
194 238
194 229
194 200
194 228
194 194
194 198
194 196
194 213
195 253
195 264
196 230
196 235
196 179
196 194
196 203
196 203
196 217
196 226
196 203
196 241
196 231
196 203
196 185
196 182
196 258
196 191
196 214
196 196
196 230
196 204
196 204
196 185
196 258
196 175
196 256
196 170
196 188
196 250
196 258
196 217
196 174
196 207
196 215
197 247
197 194
197 228
197 257
197 229
197 255
197 249
197 191
197 209
197 217
198 238
198 215
198 204
198 203
198 203
198 194
198 257
198 192
198 207
198 178
198 217
198 203
198 195
198 194
198 209
198 212
198 238
198 255
198 196
198 178
198 257
198 252
198 254
198 205
198 204
198 236
198 213
198 171
198 175
198 252
199 258
199 203
199 205
199 203
199 192
199 205
199 203
199 250
199 175
199 209
199 194
199 213
199 171
199 264
199 182
199 185
199 256
200 238
200 213
200 213
200 257
200 239
200 190
200 178
200 256
200 215
200 236
200 194
200 236
200 251
200 249
200 209
200 214
201 264
201 182
201 204
201 217
201 217
201 187
201 205
201 212
201 237
202 179
202 206
202 190
202 213
202 204
202 244
202 213
202 220
202 205
202 264
202 243
202 230
202 213
203 188
203 188
203 252
203 241
203 226
203 181
203 217
203 186
203 213
203 200
203 178
203 188
203 238
203 191
203 175
203 183
203 199
203 213
203 192
203 175
203 245
203 222
203 213
203 231
203 175
203 252
203 207
203 258
203 255
203 236
203 178
203 215
203 247
203 243
203 174
203 198
203 252
203 207
203 185
203 198
204 219
204 188
204 226
204 177
204 264
204 203
204 185
204 241
204 213
204 178
204 222
204 192
204 238
204 175
204 233
204 213
204 196
204 239
204 243
204 250
204 203
204 179
204 184
204 256
204 188
204 188
204 172
204 264
204 200
204 230
204 201
204 199
204 209
204 172
205 227
205 171
205 175
205 185
205 214
205 203
205 204
205 203
205 236
205 194
205 200
205 205
205 229
205 256
205 203
205 196
205 243
205 209
205 239
205 209
205 231
205 190
205 264
205 198
205 191
205 247
205 205
205 185
206 196
206 183
206 207
206 235
206 235
207 187
207 237
207 188
207 247
207 253
207 188
207 196
207 200
207 241
207 209
207 260
207 213
207 250
208 209
209 198
209 228
209 185
209 257
209 250
209 200
209 204
209 182
209 252
209 257
209 264
209 230
209 257
209 264
209 239
209 196
209 264
209 243
209 240
209 210
209 248
209 213
209 194
209 187
209 239
210 203
210 241
211 174
212 206
212 239
212 185
212 243
212 178
213 189
213 197
213 213
213 233
213 203
213 229
213 178
213 235
213 177
213 203
213 192
213 180
213 202
213 248
213 194
213 252
213 204
213 171
213 185
213 188
213 203
213 206
213 234
213 191
213 196
213 230
213 182
213 225
213 175
213 205
213 171
213 257
213 236
213 201
213 236
213 207
213 217
213 182
213 198
213 236
213 252
213 213
213 233
213 231
213 192
213 178
213 183
213 241
213 182
213 226
213 249
213 183
213 205
213 203
213 175
213 178
213 215
213 183
213 213
213 183
213 250
213 217
213 236
213 258
213 209
214 182
214 185
214 203
214 225
214 188
214 199
214 252
214 182
214 252
214 256
214 198
214 171
214 200
214 236
214 253
214 258
215 207
215 258
215 200
215 229
215 252
215 252
215 213
215 262
215 204
215 209
215 236
215 203
215 185
217 201
217 203
217 235
217 258
217 211
217 192
217 198
217 222
217 188
217 255
217 178
217 256
217 241
217 238
217 204
217 203
217 179
217 207
217 185
217 213
217 203
218 187
219 199
220 205
220 204
220 203
220 259
220 205
220 202
220 217
220 258
220 233
220 200
220 204
220 205
221 247
221 217
221 175
221 194
221 183
222 256
222 173
222 258
222 241
222 188
222 188
222 205
223 215
223 171
223 243
223 247
223 230
223 227
223 182
224 205
225 248
225 196
225 226
225 177
225 260
225 188
226 183
226 230
226 185
226 203
226 243
226 201
226 198
226 239
226 217
226 247
227 190
227 196
227 196
227 234
227 229
228 214
228 182
229 178
229 233
229 250
229 194
229 196
229 264
229 178
229 196
229 229
229 202
229 217
229 254
229 256
229 194
229 207
230 199
230 190
230 194
230 222
230 257
230 256
230 209
230 264
230 209
230 196
230 190
230 230
230 172
230 199
230 227
230 211
230 185
230 228
230 203
230 239
230 198
230 178
230 204
230 189
230 257
230 230
230 248
230 171
230 171
230 200
230 175
230 241
230 217
230 192
230 223
231 247
231 213
231 185
231 213
231 196
231 258
232 201
232 190
232 236
232 198
232 201
233 207
233 263
233 204
233 239
233 213
233 177
233 226
233 209
233 231
233 198
233 203
233 222
233 217
233 254
233 213
233 196
233 244
233 196
233 226
233 243
233 185
233 200
234 185
234 174
234 207
234 203
234 203
235 223
235 257
235 192
235 241
235 262
235 207
235 240
236 236
236 180
236 226
236 238
236 182
236 205
236 236
236 213
236 256
236 210
236 203
236 205
236 171
236 215
236 250
236 240
236 174
236 194
236 230
236 239
236 264
236 183
236 189
236 244
236 180
236 221
237 197
237 243
237 196
237 182
237 196
238 256
238 171
238 241
238 217
238 264
238 204
238 233
238 185
238 241
238 200
238 222
239 217
239 238
239 240
239 190
239 213
239 203
239 192
239 196
239 264
239 209
239 249
239 185
239 243
239 191
239 226
239 217
239 217
240 220
240 252
240 233
240 194
240 188
240 248
240 192
240 256
240 215
241 238
241 203
241 230
241 178
241 213
241 233
241 233
241 185
241 194
241 262
241 199
241 233
241 214
241 215
241 213
241 241
242 174
243 217
243 203
243 181
243 171
243 230
243 209
243 253
243 250
243 178
243 213
243 213
243 207
244 178
244 177
244 192
244 196
244 199
244 215
244 171
244 252
244 217
244 198
245 185
245 233
245 247
247 241
247 175
247 221
247 259
247 209
247 237
247 252
247 250
247 204
247 203
247 191
247 213
247 253
247 214
247 240
247 247
247 240
247 188
247 201
247 229
247 236
247 198
248 207
248 255
248 200
248 250
248 200
248 209
248 264
248 252
248 258
248 205
248 203
248 252
248 258
248 204
248 178
248 194
248 242
249 213
249 213
249 194
249 194
250 236
250 213
250 187
250 204
250 204
250 248
250 252
250 202
250 175
250 254
250 198
250 252
251 192
251 250
252 211
252 194
252 236
252 194
252 207
252 260
252 213
252 240
252 175
252 199
252 200
252 188
252 171
252 204
252 207
252 217
252 257
252 213
252 213
252 174
252 183
252 203
252 209
252 252
252 205
252 239
252 209
252 243
252 194
252 174
253 257
253 244
254 196
254 178
254 248
254 204
255 250
255 256
255 171
256 233
256 213
256 185
256 236
256 213
256 260
256 235
256 233
256 172
256 230
256 258
257 197
257 192
257 183
257 239
257 203
257 194
257 203
257 203
257 204
257 226
258 196
258 236
258 258
258 185
258 186
258 248
258 236
258 257
258 253
258 252
258 264
258 229
258 238
258 248
258 198
259 202
259 177
259 213
260 252
260 249
260 213
261 197
261 256
262 174
262 188
262 229
264 199
264 171
264 203
264 192
264 178
264 239
264 229
264 182
264 175
264 201
264 257
264 192
264 247