0 37
0 15
0 34
0 17
0 62
0 31
0 47
0 26
0 4
0 61
0 84
0 53
0 4
0 7
0 18
0 23
0 64
0 63
0 8
0 31
0 38
0 23
0 176
0 141
1 72
1 43
1 6
1 76
1 5
1 21
1 159
1 134
1 173
1 206
2 46
2 68
2 64
2 4
2 41
2 39
2 21
2 67
2 52
2 88
2 47
2 22
2 56
2 28
2 15
2 27
2 49
2 185
2 149
2 108
2 195
2 174
2 365
2 341
2 344
2 355
3 61
3 43
3 8
3 61
3 56
3 82
3 64
3 13
3 23
3 81
3 30
3 82
3 19
3 45
3 63
3 53
3 7
3 60
3 10
3 64
3 13
3 205
3 168
3 93
3 340
3 356
3 343
4 64
4 61
4 44
4 55
4 19
4 39
4 72
4 12
4 61
4 64
4 33
4 56
4 11
4 18
4 18
4 84
4 23
4 26
4 22
4 21
4 49
4 15
4 51
4 92
4 174
4 108
4 192
4 194
4 112
4 111
4 116
4 203
4 340
5 2
5 78
5 86
5 30
5 81
5 26
5 50
5 7
5 42
5 15
5 47
5 26
5 56
5 54
5 77
5 41
5 43
5 32
5 28
5 27
5 7
5 87
5 143
5 126
5 111
5 132
5 173
5 340
5 365
5 325
6 49
6 57
6 82
6 30
6 38
6 7
6 50
6 53
6 15
6 77
6 60
6 7
6 89
6 34
6 13
6 55
6 54
6 12
6 204
6 140
6 127
6 349
6 348
7 11
7 12
7 72
7 84
7 44
7 76
7 22
7 73
7 22
7 44
7 24
7 56
7 82
7 62
7 68
7 51
7 63
7 31
7 77
7 4
7 38
7 22
7 34
7 13
7 34
7 86
7 59
7 26
7 33
7 22
7 43
7 86
7 27
7 15
7 30
7 7
7 7
7 31
7 4
7 77
7 78
7 85
7 60
7 54
7 21
7 24
7 47
7 75
7 15
7 47
7 6
7 67
7 72
7 66
7 8
7 82
7 89
7 68
7 30
7 154
7 140
7 193
7 129
7 210
7 200
7 365
7 351
7 328
7 332
8 57
8 82
8 85
8 55
8 65
8 66
8 7
8 60
8 5
8 75
8 4
8 15
8 15
8 73
8 84
8 84
8 5
8 68
8 61
8 23
8 88
8 7
8 4
8 13
8 31
8 9
8 13
8 3
8 83
8 20
8 53
8 15
8 38
8 49
8 72
8 7
8 15
8 64
8 68
8 129
8 172
8 96
8 165
8 186
8 140
8 153
8 140
8 346
8 343
9 49
9 33
9 4
9 68
9 12
9 84
9 51
9 5
9 58
9 47
9 26
9 21
9 99
9 281
9 347
9 351
10 84
10 72
10 53
10 55
10 9
10 20
10 22
10 8
10 50
10 47
10 33
10 61
10 98
10 200
10 342
10 365
11 88
11 78
11 20
11 51
11 85
11 84
11 54
11 2
11 67
11 73
11 26
11 27
11 43
11 30
11 6
11 75
11 27
11 33
11 21
11 28
11 22
11 16
11 22
11 5
11 86
11 35
11 5
11 47
11 64
11 77
11 88
11 8
11 25
11 75
11 73
11 43
11 8
11 38
11 85
11 83
11 124
11 139
11 191
11 98
11 328
11 331
11 343
11 340
11 346
12 24
12 32
12 88
12 22
12 24
12 6
12 19
12 2
12 8
12 42
12 13
12 32
12 62
12 34
12 66
12 72
12 69
12 38
12 78
12 151
12 118
12 140
12 349
13 68
13 15
13 63
13 5
13 86
13 66
13 20
13 77
13 63
13 76
13 5
13 2
13 61
13 18
13 7
13 75
13 56
13 47
13 50
13 43
13 13
13 19
13 73
13 35
13 49
13 11
13 28
13 20
13 85
13 44
13 5
13 69
13 8
13 110
13 169
13 140
13 332
14 20
14 12
14 88
14 158
14 354
15 45
15 86
15 63
15 3
15 52
15 88
15 13
15 57
15 11
15 59
15 73
15 28
15 69
15 2
15 61
15 15
15 63
15 69
15 4
15 67
15 54
15 58
15 86
15 53
15 82
15 47
15 30
15 36
15 82
15 8
15 68
15 21
15 81
15 7
15 81
15 83
15 7
15 22
15 39
15 86
15 25
15 52
15 87
15 28
15 6
15 82
15 85
15 57
15 81
15 51
15 66
15 24
15 203
15 146
15 160
15 103
15 203
15 135
15 204
15 308
15 293
15 331
16 77
16 84
16 23
16 47
16 44
16 70
16 71
16 43
16 64
16 34
16 54
16 2
16 46
16 54
16 173
16 134
16 339
17 7
17 81
17 72
17 24
17 85
18 11
18 49
18 31
18 15
18 43
18 19
18 17
18 66
18 67
18 50
18 39
18 56
18 26
18 84
18 8
18 179
18 129
18 93
18 333
18 342
18 355
18 339
19 26
19 30
19 20
19 46
19 43
19 44
19 15
19 8
19 11
19 47
19 10
19 59
19 68
19 85
19 87
19 72
19 57
19 58
19 31
19 53
19 21
19 64
19 50
19 22
19 50
19 93
19 172
19 174
19 185
19 111
19 205
19 347
19 355
20 43
20 49
20 72
20 20
20 33
20 89
20 49
20 85
20 15
20 69
20 8
20 9
20 51
20 8
20 25
20 32
20 84
20 27
20 64
20 165
20 353
20 358
21 7
21 47
21 46
21 15
21 68
21 49
21 203
21 325
21 332
22 37
22 49
22 8
22 11
22 33
22 30
22 57
22 15
22 39
22 74
22 81
22 47
22 72
22 41
22 54
22 53
22 49
22 60
22 15
22 72
22 63
22 64
22 2
22 77
22 84
22 38
22 66
22 86
22 33
22 47
22 53
22 64
22 44
22 77
22 8
22 11
22 34
22 43
22 185
22 188
22 158
22 173
22 174
22 205
22 198
22 195
22 193
22 136
22 184
22 278
22 238
22 331
22 341
22 348
22 365
22 348
23 2
23 63
23 4
23 13
23 28
23 13
23 63
23 13
23 25
23 64
23 8
23 74
23 67
23 88
23 72
23 22
23 71
23 50
23 32
23 85
23 107
23 193
23 206
23 94
23 149
23 117
23 361
24 55
24 43
24 84
24 23
24 57
24 72
24 62
24 84
24 8
24 50
24 49
24 88
24 60
24 48
24 89
24 30
24 52
24 23
24 84
24 38
24 4
24 22
24 82
24 53
24 35
24 68
24 54
24 56
24 77
24 74
24 47
24 26
24 42
24 27
24 47
24 31
24 205
24 172
24 94
24 111
24 93
24 117
24 339
24 324
25 18
25 56
25 84
25 49
25 20
25 26
25 89
25 59
25 8
25 76
25 56
25 75
25 3
25 51
25 74
25 72
25 53
25 8
25 27
25 58
25 66
25 204
25 98
25 181
25 186
25 350
25 325
26 34
26 78
26 73
26 62
26 28
26 76
26 73
26 36
26 66
26 38
26 74
26 7
26 31
26 49
26 51
26 35
26 78
26 82
26 78
26 28
26 36
26 54
26 32
26 34
26 3
26 24
26 63
26 26
26 64
26 2
26 58
26 61
26 53
26 41
26 8
26 88
26 4
26 11
26 11
26 38
26 15
26 82
26 18
26 60
26 161
26 126
26 141
26 110
26 93
26 166
26 142
26 211
26 343
26 335
26 350
27 68
27 30
27 68
27 33
27 33
27 66
27 36
27 49
27 78
27 44
27 89
27 7
27 87
27 51
27 85
27 43
27 68
27 34
27 7
27 0
27 8
27 31
27 82
27 50
27 63
27 58
27 87
27 142
27 173
27 108
27 365
28 15
28 84
28 25
28 10
28 13
28 20
28 7
28 81
28 0
28 24
28 64
28 31
28 13
28 24
28 78
28 86
28 61
28 23
28 50
28 68
28 32
28 34
28 54
28 41
28 78
28 74
28 61
28 84
28 7
28 25
28 27
28 47
28 31
28 57
28 104
28 177
28 96
28 92
28 350
28 346
28 325
30 83
30 31
30 30
30 42
30 67
30 84
30 0
30 82
30 84
30 26
30 28
30 83
30 72
30 62
30 47
30 0
30 42
30 8
30 84
30 71
30 15
30 27
30 43
30 28
30 78
30 72
30 58
30 72
30 89
30 8
30 49
30 4
30 59
30 26
30 74
30 123
30 110
30 95
30 118
30 354
30 348
30 332
30 330
30 333
30 362
31 54
31 11
31 28
31 53
31 30
31 28
31 74
31 11
31 45
31 50
31 64
31 73
31 66
31 19
31 35
31 60
31 43
31 39
31 51
31 31
31 35
31 38
31 43
31 43
31 84
31 8
31 60
31 81
31 32
31 67
31 31
31 72
31 15
31 31
31 101
31 206
31 201
31 206
31 203
31 186
31 144
31 123
31 347
31 339
31 339
31 350
32 63
32 25
32 15
32 69
32 54
32 54
32 4
32 46
32 7
32 86
32 34
32 49
32 38
32 75
32 3
32 66
32 68
32 49
32 31
32 7
32 111
32 140
32 128
32 101
32 206
32 116
32 328
32 350
33 31
33 31
33 31
33 59
33 21
33 26
33 34
33 68
33 56
33 67
33 41
33 21
33 43
33 39
33 13
33 36
33 24
33 20
33 68
33 41
33 46
33 33
33 85
33 6
33 49
33 27
33 17
33 70
33 15
33 41
33 172
33 118
33 122
33 93
33 101
33 206
33 149
33 187
33 205
33 325
33 331
33 342
33 338
34 47
34 0
34 13
34 48
34 27
34 33
34 75
34 73
34 81
34 24
34 24
34 23
34 89
34 26
34 24
34 89
34 67
34 88
34 81
34 7
34 113
34 129
34 127
34 130
34 181
34 186
34 118
34 365
34 353
35 33
35 70
35 26
35 73
35 73
35 13
35 84
35 54
35 50
35 47
35 78
35 3
35 66
35 54
35 3
35 26
35 165
35 117
35 111
35 194
35 161
35 355
36 30
36 69
36 51
36 26
36 42
36 23
36 0
36 16
36 85
36 81
36 87
36 63
36 26
36 78
36 64
36 64
36 47
36 8
36 63
36 9
36 56
36 14
36 161
36 155
36 139
36 174
36 120
36 122
36 102
36 204
36 235
36 359
36 332
36 343
36 354
36 350
36 353
37 35
37 81
37 20
37 77
37 50
37 84
37 71
37 165
37 330
38 75
38 8
38 22
38 59
38 38
38 35
38 22
38 57
38 3
38 49
38 34
38 22
38 69
38 75
38 54
38 73
38 172
38 203
38 186
38 206
38 343
39 78
39 52
39 49
39 83
39 22
39 58
39 20
39 73
39 34
39 5
39 56
39 55
39 5
39 81
39 50
39 63
39 57
39 36
39 175
39 108
39 359
40 53
40 42
40 24
41 78
41 73
41 15
41 84
41 81
41 19
41 62
41 47
41 35
41 60
41 87
41 26
41 78
41 19
41 126
41 165
41 165
41 176
41 111
41 172
42 51
42 62
42 7
42 87
42 87
42 118
42 204
42 208
42 206
42 93
42 125
43 68
43 0
43 9
43 32
43 64
43 87
43 78
43 80
43 28
43 21
43 66
43 26
43 83
43 28
43 41
43 24
43 11
43 66
43 69
43 34
43 7
43 28
43 26
43 83
43 63
43 3
43 33
43 83
43 3
43 5
43 40
43 67
43 5
43 22
43 39
43 22
43 86
43 62
43 9
43 10
43 54
43 87
43 46
43 34
43 77
43 78
43 30
43 202
43 149
43 108
43 207
43 135
43 166
43 196
43 355
43 335
43 325
44 68
44 66
44 49
44 63
44 70
44 51
44 2
44 73
44 47
44 8
44 60
44 47
44 47
44 27
44 71
44 18
44 25
44 50
44 84
44 36
44 32
44 12
44 84
44 56
44 28
44 5
44 120
44 208
45 64
45 7
45 18
45 27
45 77
45 85
45 65
45 135
45 176
45 104
45 358
45 350
46 8
46 45
46 8
46 3
46 77
46 60
46 84
46 47
46 47
46 24
46 8
46 8
46 47
46 89
46 43
46 26
46 50
46 201
46 95
46 139
46 351
46 350
46 354
47 10
47 43
47 39
47 26
47 81
47 86
47 79
47 79
47 77
47 58
47 4
47 59
47 22
47 35
47 66
47 35
47 74
47 88
47 12
47 7
47 39
47 53
47 61
47 13
47 78
47 70
47 72
47 59
47 50
47 18
47 72
47 68
47 51
47 53
47 72
47 86
47 47
47 64
47 85
47 56
47 31
47 103
47 154
47 137
47 128
47 202
47 200
47 206
47 160
47 165
47 110
47 188
47 342
47 351
47 350
48 26
48 75
48 85
48 31
48 3
48 31
48 50
48 70
48 27
49 53
49 72
49 22
49 86
49 51
49 8
49 22
49 33
49 12
49 41
49 7
49 2
49 28
49 57
49 67
49 38
49 60
49 52
49 7
49 35
49 84
49 48
49 53
49 30
49 36
49 55
49 20
49 63
49 41
49 11
49 30
49 77
49 58
49 50
49 41
49 57
49 54
49 42
49 33
49 39
49 61
49 42
49 34
49 83
49 8
49 49
49 27
49 63
49 53
49 45
49 72
49 12
49 50
49 13
49 68
49 68
49 15
49 42
49 153
49 123
49 108
49 94
49 190
49 122
49 204
49 177
49 205
49 151
49 359
49 360
49 361
49 332
50 60
50 20
50 89
50 26
50 64
50 66
50 7
50 27
50 50
50 34
50 32
50 19
50 75
50 28
50 63
50 19
50 26
50 0
50 8
50 81
50 39
50 73
50 43
50 12
50 7
50 23
50 69
50 32
50 19
50 78
50 33
50 50
50 35
50 62
50 24
50 22
50 129
50 118
50 94
50 133
50 352
51 75
51 81
51 84
51 86
51 66
51 18
51 8
51 57
51 41
51 38
51 52
51 50
51 37
51 51
51 66
51 22
51 4
51 89
51 49
51 13
51 61
51 38
51 88
51 75
51 49
51 48
51 36
51 20
51 47
51 47
51 63
51 187
51 140
51 149
51 149
51 177
51 196
51 177
51 204
51 335
52 0
52 50
52 49
52 8
52 62
52 71
52 81
52 73
52 7
52 22
52 85
52 84
52 99
52 154
52 94
52 116
53 10
53 79
53 15
53 42
53 77
53 82
53 84
53 82
53 11
53 63
53 84
53 50
53 7
53 27
53 68
53 84
53 78
53 82
53 87
53 15
53 49
53 7
53 87
53 71
53 46
53 3
53 11
53 84
53 31
53 39
53 43
53 198
53 154
53 195
53 167
53 108
53 343
53 348
54 75
54 25
54 8
54 62
54 73
54 73
54 58
54 34
54 24
54 10
54 1
54 34
54 55
54 4
54 53
54 87
54 42
54 205
54 191
54 324
55 31
55 49
55 8
55 70
55 54
55 78
55 15
55 84
55 77
55 118
55 135
55 111
55 140
55 107
55 201
55 350
56 84
56 2
56 68
56 4
56 35
56 28
56 30
56 51
56 24
56 63
56 73
56 11
56 24
56 69
56 24
56 57
56 7
56 13
56 5
56 54
56 15
56 43
56 38
56 83
56 82
56 8
56 210
56 119
56 101
56 176
56 118
56 203
56 161
56 185
56 109
56 185
56 129
56 203
56 101
57 4
57 24
57 36
57 85
57 39
57 14
57 59
57 86
57 86
57 61
57 10
57 35
57 22
57 34
57 57
57 84
57 30
57 59
57 47
57 49
57 30
57 17
57 84
57 67
57 26
57 19
57 46
57 41
57 63
57 24
57 43
57 34
57 66
57 19
57 24
57 203
57 204
57 172
57 208
57 126
57 200
57 206
57 317
57 362
57 325
57 343
57 328
58 18
58 4
58 41
58 34
58 28
58 77
58 70
58 64
58 22
58 67
58 43
58 22
58 7
58 72
58 33
58 7
58 81
58 64
58 73
58 57
58 38
58 101
58 141
58 203
58 348
58 339
58 354
58 345
58 350
58 350
59 59
59 4
59 11
59 85
59 56
59 19
59 20
59 46
59 73
59 43
59 7
59 12
59 85
59 82
59 85
59 82
59 175
59 139
59 202
59 111
59 95
60 42
60 51
60 81
60 62
60 44
60 35
60 43
60 83
60 44
60 84
60 26
60 63
60 23
60 25
60 49
60 9
60 87
60 68
60 168
60 169
60 165
60 92
60 351
61 47
61 26
61 89
61 82
61 52
61 72
61 87
61 59
61 63
61 47
61 61
61 15
61 75
61 176
61 167
61 127
61 93
61 355
61 340
62 4
62 28
62 22
62 30
62 32
62 41
62 28
62 17
62 10
62 33
62 33
62 43
62 27
62 76
62 72
62 56
62 8
62 68
62 73
62 43
62 32
62 11
62 54
62 101
62 129
62 201
62 140
62 325
63 8
63 58
63 64
63 38
63 24
63 60
63 34
63 77
63 22
63 25
63 87
63 87
63 4
63 84
63 72
63 75
63 72
63 0
63 78
63 44
63 46
63 47
63 61
63 73
63 77
63 53
63 74
63 67
63 196
63 123
63 126
63 195
63 324
63 332
63 343
63 359
63 343
63 348
63 330
64 75
64 6
64 67
64 15
64 73
64 71
64 31
64 3
64 7
64 35
64 72
64 35
64 73
64 22
64 34
64 10
64 1
64 55
64 3
64 45
64 64
64 88
64 89
64 65
64 47
64 60
64 66
64 26
64 34
64 24
64 12
64 21
64 11
64 22
64 22
64 57
64 9
64 139
64 149
64 96
64 198
64 101
64 133
64 204
64 102
64 191
64 95
64 101
64 118
64 342
64 343
65 71
65 13
65 20
65 11
65 68
65 55
65 177
65 100
66 66
66 60
66 1
66 23
66 46
66 82
66 23
66 27
66 15
66 7
66 12
66 64
66 38
66 83
66 19
66 88
66 61
66 44
66 55
66 50
66 61
66 54
66 47
66 23
66 81
66 87
66 37
66 203
66 185
66 164
66 139
66 192
66 352
66 356
66 350
66 331
67 23
67 49
67 35
67 86
67 84
67 73
67 51
67 77
67 19
67 81
67 7
67 56
67 6
67 64
67 67
67 60
67 28
67 125
67 205
67 92
67 156
67 123
67 163
67 113
67 356
67 351
67 348
68 22
68 61
68 70
68 42
68 12
68 72
68 83
68 84
68 49
68 88
68 56
68 56
68 33
68 82
68 67
68 5
68 55
68 58
68 64
68 22
68 40
68 72
68 43
68 71
68 22
68 11
68 62
68 31
68 150
68 165
68 206
68 183
68 179
68 356
68 350
68 356
69 68
69 86
69 68
69 9
69 30
69 60
69 33
69 84
69 82
69 3
69 48
69 12
69 59
69 66
69 78
69 22
69 77
69 57
69 0
69 202
69 103
69 121
69 123
69 333
69 355
69 350
69 351
70 60
70 75
70 15
70 84
70 64
70 54
70 12
70 81
70 28
70 86
70 52
70 55
70 140
70 163
70 339
70 339
71 73
71 22
71 66
71 43
71 64
71 27
71 72
71 111
71 296
71 349
71 350
72 58
72 22
72 77
72 49
72 53
72 68
72 84
72 11
72 63
72 83
72 67
72 84
72 2
72 24
72 26
72 61
72 20
72 77
72 60
72 26
72 11
72 66
72 18
72 39
72 54
72 85
72 11
72 88
72 51
72 22
72 36
72 46
72 15
72 35
72 140
72 120
72 203
72 203
72 126
72 173
72 140
72 305
72 340
72 346
72 343
73 6
73 62
73 38
73 22
73 45
73 41
73 84
73 15
73 88
73 22
73 30
73 81
73 14
73 86
73 18
73 24
73 30
73 15
73 75
73 68
73 77
73 87
73 62
73 78
73 39
73 39
73 72
73 84
73 88
73 53
73 55
73 5
73 79
73 59
73 146
73 165
73 154
73 202
73 107
73 332
73 339
73 343
74 86
74 72
74 65
74 82
74 26
74 77
74 173
75 35
75 24
75 86
75 38
75 11
75 62
75 88
75 43
75 20
75 47
75 88
75 9
75 30
75 25
75 84
75 5
75 12
75 86
75 82
75 72
75 30
75 2
75 8
75 10
75 24
75 8
75 53
75 77
75 83
75 47
75 77
75 8
75 11
75 30
75 12
75 13
75 54
75 16
75 59
75 24
75 87
75 51
75 119
75 128
75 101
75 102
75 184
75 355
75 325
75 340
76 50
76 26
76 82
76 25
76 23
76 15
76 41
76 9
76 15
76 11
76 111
76 327
76 344
77 17
77 8
77 31
77 25
77 53
77 47
77 56
77 15
77 65
77 47
77 3
77 30
77 63
77 32
77 5
77 36
77 5
77 82
77 55
77 76
77 67
77 23
77 46
77 1
77 146
77 111
77 192
77 107
77 93
77 96
77 184
77 194
77 165
77 161
77 204
77 140
77 149
77 304
77 360
77 325
77 340
78 60
78 47
78 72
78 4
78 37
78 35
78 45
78 50
78 8
78 59
78 2
78 3
78 13
78 73
78 60
78 8
78 15
78 31
78 83
78 3
78 67
78 75
78 13
78 18
78 165
78 93
78 126
78 125
79 13
79 69
79 61
79 40
79 86
79 51
79 43
79 83
79 95
79 190
80 82
80 57
80 28
80 49
81 57
81 87
81 82
81 64
81 31
81 8
81 30
81 30
81 26
81 78
81 22
81 46
81 4
81 27
81 73
81 18
81 18
81 28
81 46
81 78
81 185
81 122
81 350
81 325
81 352
82 34
82 27
82 2
82 7
82 73
82 28
82 73
82 75
82 18
82 86
82 18
82 36
82 59
82 77
82 27
82 52
82 65
82 33
82 8
82 40
82 79
82 66
82 63
82 86
82 9
82 85
82 22
82 8
82 54
82 13
82 67
82 41
82 26
82 1
82 21
82 160
82 206
82 144
82 98
82 159
82 345
82 325
82 325
82 339
83 31
83 15
83 28
83 63
83 60
83 5
83 49
83 0
83 8
83 65
83 50
83 71
83 37
83 46
83 2
83 42
83 87
83 60
83 50
83 36
83 35
83 41
83 11
83 86
83 54
83 49
83 118
83 135
83 123
83 185
83 168
83 164
83 114
83 356
83 353
84 0
84 47
84 66
84 75
84 21
84 50
84 20
84 6
84 24
84 43
84 87
84 61
84 64
84 60
84 57
84 16
84 19
84 81
84 10
84 30
84 22
84 75
84 89
84 44
84 62
84 62
84 7
84 67
84 20
84 64
84 5
84 60
84 56
84 2
84 88
84 26
84 31
84 25
84 135
84 202
84 126
84 194
84 108
84 344
84 359
85 28
85 4
85 30
85 6
85 52
85 6
85 4
85 83
85 84
85 49
85 15
85 89
85 36
85 16
85 64
85 28
85 52
85 63
85 75
85 24
85 43
85 68
85 82
85 81
85 15
85 53
85 66
85 30
85 58
85 20
85 41
85 138
85 109
85 177
85 208
85 103
85 176
85 136
85 155
86 49
86 5
86 72
86 34
86 65
86 6
86 84
86 82
86 88
86 53
86 60
86 30
86 23
86 25
86 75
86 36
86 68
86 54
86 7
86 33
86 8
86 49
86 76
86 26
86 82
86 206
86 98
86 199
86 207
86 151
86 177
86 113
86 325
86 341
86 343
87 48
87 63
87 71
87 67
87 88
87 64
87 36
87 73
87 13
87 54
87 85
87 73
87 50
87 23
87 4
87 53
87 88
87 2
87 31
87 15
87 57
87 62
87 84
87 15
87 73
87 65
87 18
87 55
87 66
87 53
87 58
87 82
87 71
87 83
87 5
87 12
87 93
87 203
87 95
87 140
87 202
87 158
87 114
87 203
87 155
88 87
88 6
88 76
88 31
88 62
88 88
88 51
88 5
88 28
88 31
88 24
88 18
88 41
88 60
88 36
88 83
88 3
88 88
88 41
88 84
88 43
88 26
88 77
88 53
88 46
88 11
88 7
88 68
88 82
88 82
88 47
88 5
88 59
88 22
88 46
88 43
88 33
88 7
88 49
88 7
88 50
88 28
88 44
88 168
88 187
88 103
88 172
88 130
88 153
88 108
88 118
88 176
88 185
88 140
88 102
88 172
88 356
88 334
89 58
89 11
89 73
89 77
89 59
89 43
89 51
89 57
89 64
89 5
89 23
89 20
89 89
89 8
89 2
89 44
89 25
89 3
89 95
89 174
89 174
89 141
89 331
89 332
90 199
90 165
90 111
90 145
90 141
90 173
90 365
91 162
91 177
91 140
91 140
91 132
91 111
91 127
91 151
91 346
92 128
92 107
92 199
92 203
92 205
92 204
92 130
92 342
93 200
93 118
93 135
93 135
93 146
93 199
93 203
93 365
93 348
93 325
94 165
94 205
94 192
94 156
94 179
94 123
94 156
94 193
94 140
94 91
94 359
94 332
94 339
95 95
95 165
95 127
95 198
95 123
95 140
95 203
95 151
95 118
95 101
95 161
96 164
96 165
96 172
96 107
96 184
96 201
96 203
96 265
97 173
97 153
97 106
97 332
97 350
97 348
98 162
98 126
98 150
98 105
98 101
98 165
98 165
98 179
98 204
98 108
98 168
98 360
99 158
99 146
99 202
99 108
99 143
99 161
99 208
99 187
100 171
100 202
100 358
101 195
101 199
101 95
101 94
101 210
101 140
101 117
101 122
101 122
101 139
101 116
101 176
101 196
101 140
101 140
101 184
101 123
101 97
101 95
101 203
101 98
101 96
101 350
101 351
101 352
101 336
101 349
101 330
102 155
102 174
102 101
102 174
102 135
102 251
103 200
103 185
103 95
103 187
103 129
103 140
103 192
103 356
103 330
104 93
104 120
104 116
104 156
104 140
104 185
104 133
104 309
104 325
105 161
105 140
106 136
106 176
106 126
107 172
107 101
107 103
108 95
108 146
108 196
108 172
108 118
108 204
108 163
108 185
108 101
108 156
108 219
108 353
108 350
109 126
110 139
110 118
110 205
110 199
110 192
110 92
110 120
110 111
110 331
111 140
111 111
111 146
111 198
111 134
111 201
111 93
111 108
111 144
111 141
111 103
111 189
111 175
111 174
111 122
111 201
111 111
111 204
111 156
111 171
111 144
111 108
111 187
111 175
111 93
111 355
111 346
111 343
111 350
111 349
111 339
111 340
112 118
112 122
113 165
113 111
113 343
114 98
114 92
115 201
116 178
116 133
116 95
116 111
116 165
116 101
116 125
116 151
116 98
116 128
116 206
116 101
116 181
116 161
116 202
116 277
116 325
116 386
117 95
117 93
117 365
118 167
118 177
118 208
118 151
118 160
118 187
118 181
118 193
118 206
118 102
118 142
118 204
118 134
118 135
118 158
118 200
118 331
118 352
119 93
119 118
119 187
119 172
119 181
119 92
119 156
119 196
119 107
119 200
119 280
119 326
119 332
119 365
119 348
119 332
120 140
120 95
120 117
120 97
120 171
120 184
120 135
120 154
120 339
120 346
121 174
121 204
121 204
122 101
122 208
122 117
122 93
122 174
122 102
122 140
122 163
122 127
122 175
123 204
123 103
123 176
123 93
123 93
123 120
123 205
123 111
123 120
123 183
123 154
123 140
123 103
123 140
123 92
123 356
123 350
123 356
124 189
124 165
124 113
125 158
125 124
125 154
126 110
126 172
126 140
126 103
126 140
126 174
126 207
126 171
126 177
126 148
126 92
126 115
126 145
126 122
126 120
126 125
126 134
126 331
127 93
127 141
127 95
127 111
127 197
127 138
127 174
127 133
127 163
127 179
127 191
127 343
128 190
128 111
128 176
129 189
129 177
129 168
129 106
129 165
129 95
129 205
129 198
129 90
129 174
129 165
129 199
129 199
129 149
129 149
129 186
129 92
129 119
129 151
129 348
129 365
129 347
129 339
130 167
130 172
130 102
131 155
132 95
132 151
132 192
132 138
132 195
133 111
133 111
133 130
133 210
133 162
133 325
134 111
134 126
134 108
134 186
135 137
135 103
135 101
135 162
135 164
135 116
135 102
135 182
135 176
135 204
135 204
135 183
135 95
135 142
135 317
135 332
136 340
137 169
137 185
137 339
137 359
138 140
138 193
138 177
138 108
139 112
139 139
139 101
139 202
139 98
139 113
139 309
139 331
140 146
140 118
140 173
140 197
140 173
140 185
140 174
140 120
140 128
140 161
140 145
140 122
140 172
140 165
140 107
140 107
140 206
140 144
140 172
140 206
140 93
140 140
140 204
140 186
140 207
140 203
140 97
140 108
140 107
140 161
140 183
140 102
140 159
140 205
140 124
140 297
140 339
140 362
140 332
140 325
140 349
140 353
141 146
141 136
141 119
141 173
141 149
141 135
141 196
141 106
141 176
141 149
141 162
142 108
143 131
143 101
143 241
143 330
144 120
144 163
144 185
144 144
144 203
144 339
145 165
145 201
145 176
145 130
145 165
145 191
145 348
146 196
146 106
146 106
146 161
146 198
146 156
146 116
146 190
146 136
146 159
146 110
146 331
146 365
146 329
146 339
148 111
148 97
149 141
151 159
151 200
151 102
151 203
151 165
151 325
151 352
151 350
152 129
153 101
153 145
153 107
153 103
153 347
154 93
154 179
154 201
154 93
154 184
154 194
154 165
154 125
154 194
154 299
154 361
155 118
155 128
155 135
155 143
155 106
155 133
155 119
155 153
155 125
155 344
156 95
156 179
156 363
158 118
158 118
158 173
158 107
158 162
158 136
158 172
158 172
158 163
158 120
158 181
158 346
158 341
158 350
159 98
159 96
159 144
159 184
159 118
159 203
159 122
159 91
159 339
159 359
160 122
160 139
160 111
160 172
160 210
160 124
160 346
161 178
161 104
161 132
161 133
161 199
161 200
161 163
161 91
161 114
161 135
161 148
161 103
161 93
161 123
161 158
161 325
162 165
162 140
162 126
162 251
162 299
163 135
163 161
163 149
164 202
164 122
164 140
164 203
164 141
164 204
164 339
165 129
165 108
165 144
165 111
165 95
165 94
165 126
165 165
165 210
165 116
165 112
165 90
165 202
165 146
165 165
165 151
165 143
165 140
165 95
165 343
165 339
165 350
166 176
166 206
166 207
166 140
166 205
166 140
166 127
167 125
167 118
167 159
167 134
167 126
167 203
167 115
167 126
167 202
167 325
168 128
168 174
168 120
168 132
168 116
168 325
168 354
169 102
169 159
170 174
171 204
171 111
171 232
171 350
172 210
172 203
172 128
172 158
172 103
172 140
172 203
172 124
172 165
172 199
172 140
172 152
172 93
172 137
172 111
172 111
172 120
172 172
172 185
172 199
172 201
172 191
172 248
172 312
172 350
173 99
173 189
173 111
173 109
173 167
173 111
173 179
173 140
173 332
173 346
173 354
173 332
174 128
174 140
174 174
174 174
174 146
174 165
174 200
174 148
174 93
174 165
174 101
174 206
174 140
174 325
174 351
174 347
174 325
175 189
175 204
175 144
175 213
176 116
176 161
176 155
176 125
176 119
176 123
176 159
176 203
176 140
176 156
176 185
176 202
176 332
176 351
176 335
176 354
176 343
177 172
177 95
177 197
177 101
177 94
177 120
177 125
177 172
177 325
179 103
179 177
179 140
179 122
179 161
179 140
179 126
179 146
179 154
179 180
179 178
179 95
179 332
179 330
180 103
181 207
181 95
181 198
181 145
181 172
181 339
181 343
182 205
183 117
183 118
183 165
183 100
183 356
184 191
184 140
184 190
184 140
184 176
184 173
184 208
184 275
184 365
184 352
185 182
185 206
185 190
185 93
185 208
185 204
185 101
185 185
185 112
185 92
185 116
185 163
185 108
185 126
185 159
185 110
185 103
185 174
185 172
185 185
185 116
185 173
185 126
185 325
185 335
185 355
186 165
186 101
186 119
186 116
186 341
186 332
187 174
187 174
187 121
187 168
187 363
188 199
189 145
189 173
189 194
189 327
190 161
190 165
190 130
190 111
190 112
190 197
190 107
190 340
191 118
191 95
191 101
191 190
191 124
192 181
192 172
192 196
192 189
192 173
192 331
192 345
193 206
193 340
194 165
194 203
194 159
195 111
195 140
195 144
195 353
195 325
196 116
196 167
196 155
196 179
196 135
196 143
196 125
196 118
196 98
196 331
196 328
196 338
197 140
197 158
197 111
197 197
197 247
197 339
197 324
198 123
198 187
198 101
198 352
199 178
199 127
199 146
199 126
200 129
200 107
200 140
200 118
200 129
200 343
200 340
201 135
201 203
201 202
201 205
201 146
201 339
202 174
202 92
202 126
202 143
202 187
202 206
202 126
202 145
203 117
203 97
203 159
203 194
203 174
203 123
203 101
203 161
203 110
203 117
203 116
203 132
203 101
203 207
203 340
203 348
203 348
203 350
203 346
204 126
204 140
204 163
204 196
204 149
204 163
204 103
204 176
204 203
204 126
204 167
204 94
204 144
204 168
204 140
204 149
204 174
204 196
204 191
204 176
204 341
205 99
205 166
205 152
205 122
205 92
205 165
205 133
205 332
206 177
206 206
206 191
206 174
206 136
206 135
206 197
206 127
206 116
206 149
206 165
206 129
206 127
206 174
206 360
207 203
207 118
207 139
207 209
207 144
208 171
208 101
208 174
208 91
208 202
208 210
208 179
208 333
209 101
209 177
209 161
210 171
210 111
210 210
210 101
210 143
211 291
211 216
211 214
211 296
211 211
211 262
211 315
211 220
211 265
211 323
211 309
211 229
211 251
211 265
211 245
211 286
211 278
211 228
211 296
211 271
211 229
211 269
211 247
211 311
211 235
211 252
211 238
211 252
211 237
211 275
211 254
211 292
211 265
211 260
211 283
212 248
212 213
212 312
212 286
212 225
212 291
213 261
213 267
213 211
213 265
213 319
213 215
213 283
213 211
213 291
213 277
213 321
213 265
213 221
213 214
213 232
213 241
213 301
213 293
213 281
213 271
213 253
213 250
213 254
213 254
213 259
213 269
213 264
213 321
213 270
213 271
213 246
213 250
213 254
213 259
213 283
213 219
213 321
213 239
213 238
213 291
213 247
213 230
213 232
213 245
213 223
213 243
213 317
214 219
214 292
214 281
214 285
214 293
214 218
214 252
214 213
214 244
214 219
214 263
214 218
214 262
214 296
214 235
214 278
214 261
214 232
214 302
214 271
214 255
214 290
214 254
214 228
214 263
214 281
214 250
214 232
214 295
214 321
214 256
214 263
214 281
214 260
214 218
214 216
214 256
214 271
214 278
214 301
214 292
214 293
214 231
214 295
214 297
214 254
214 289
214 297
214 263
214 302
215 257
215 227
215 278
215 246
215 220
215 292
215 232
215 221
215 312
215 251
215 281
215 291
215 312
215 308
216 312
216 239
216 241
216 318
216 291
216 258
216 299
216 259
217 255
217 243
217 301
217 289
217 241
218 237
218 304
218 244
218 290
218 229
218 259
218 213
218 323
218 323
218 231
218 297
218 277
218 312
218 318
218 264
218 211
218 234
218 278
218 291
218 278
218 259
218 213
218 263
218 274
219 279
219 243
219 292
219 292
219 246
219 226
219 228
219 253
219 218
219 256
219 290
219 318
219 239
219 231
219 253
219 278
219 276
219 228
219 310
219 264
219 304
219 211
219 297
219 295
219 260
219 231
219 254
219 309
219 267
219 238
219 285
219 243
219 211
219 312
219 278
219 235
219 211
219 285
219 315
219 304
219 285
219 235
219 257
219 312
219 309
219 231
219 234
219 286
219 241
219 274
219 247
219 266
219 283
219 277
219 291
220 239
220 270
220 293
220 268
220 286
220 304
220 219
220 257
220 266
220 289
220 271
220 228
220 301
220 217
220 309
220 225
220 213
220 254
220 263
220 234
220 249
220 231
220 312
220 264
220 273
220 318
220 254
220 231
221 290
221 218
221 239
221 264
221 251
221 264
221 246
221 255
221 312
221 281
221 268
221 323
221 254
221 293
221 241
221 321
221 295
221 312
221 270
221 234
221 321
222 229
222 269
223 263
223 226
223 211
223 248
223 278
223 259
224 220
225 310
225 278
225 214
225 263
225 266
225 302
225 255
225 264
225 291
225 238
225 259
226 312
226 233
226 235
226 321
226 236
226 247
226 292
226 269
226 232
226 298
227 302
227 315
227 214
227 235
227 285
227 309
227 220
227 239
227 289
227 257
227 229
228 254
228 238
228 274
228 239
228 232
228 323
228 285
228 302
228 231
228 241
228 251
228 265
228 263
228 321
228 313
228 285
228 315
228 280
228 286
228 297
228 237
229 292
229 297
229 301
229 211
229 241
229 235
229 275
229 215
229 256
229 265
229 293
229 220
229 312
229 231
229 245
229 292
229 309
229 254
231 295
231 296
231 321
231 254
231 232
231 273
231 231
231 252
231 292
231 295
231 271
231 241
231 293
231 232
231 263
231 281
231 286
231 227
231 266
231 225
231 304
231 271
231 311
231 295
231 220
231 213
231 318
231 283
231 275
231 231
231 289
231 318
231 225
231 254
231 236
231 286
231 275
231 308
231 252
231 243
231 264
231 265
231 239
231 267
231 277
231 257
231 270
231 235
231 268
231 293
231 315
231 275
231 296
231 254
231 291
231 290
231 293
231 238
231 221
231 309
231 239
231 295
231 285
231 292
232 312
232 251
232 251
232 246
232 279
232 229
232 312
232 253
232 283
232 304
232 315
232 297
232 219
232 229
232 250
232 323
232 235
232 211
232 253
232 264
232 303
232 273
232 219
232 251
232 258
232 234
232 265
232 220
232 279
232 275
232 288
232 317
232 261
232 253
232 290
232 254
232 232
232 260
232 274
232 253
232 216
232 235
232 290
232 213
232 309
232 255
232 253
232 304
232 312
232 214
232 308
232 235
232 323
232 297
232 250
232 266
232 286
232 256
232 253
232 245
232 279
232 239
232 250
232 271
233 290
233 231
233 263
233 247
233 296
233 287
233 235
233 255
233 263
233 245
233 263
234 273
234 264
234 217
234 253
234 263
234 302
234 231
234 211
234 228
234 269
234 232
234 211
234 318
234 264
234 245
234 274
234 260
234 308
235 250
235 289
235 303
235 296
235 218
235 259
235 269
235 275
235 260
235 247
235 215
235 232
235 293
235 248
235 234
235 248
235 269
235 258
235 227
235 271
235 271
235 214
235 278
235 315
235 296
235 297
235 281
235 293
235 290
235 291
235 250
235 214
235 221
235 263
235 247
235 234
235 237
235 297
235 235
235 218
235 248
235 290
235 279
235 305
235 246
236 246
236 235
236 229
236 262
236 260
236 273
236 213
236 239
236 238
236 254
236 232
236 237
236 285
236 268
236 292
236 296
236 228
236 260
237 289
237 306
237 214
237 309
237 252
237 253
237 302
237 254
237 263
237 245
237 259
237 287
237 253
237 309
237 218
237 289
237 285
238 296
238 285
238 321
238 227
238 293
238 213
238 254
238 227
238 223
238 282
238 301
238 295
238 256
238 231
238 214
238 283
238 259
238 289
238 250
238 274
238 321
238 265
238 309
238 241
238 255
238 262
238 280
238 317
238 291
238 248
238 293
238 310
238 278
238 273
238 315
238 238
238 238
238 254
238 290
238 234
239 234
239 229
239 315
239 216
239 238
239 290
239 247
239 249
239 284
239 254
239 261
239 258
239 281
239 253
239 232
239 286
239 304
239 295
239 309
239 248
239 255
239 214
239 303
239 231
239 220
239 239
239 271
239 295
239 269
239 302
239 321
239 302
239 292
239 235
239 243
239 243
239 217
239 259
239 285
239 312
239 254
239 214
239 237
239 231
239 232
239 297
239 315
239 275
239 277
240 263
240 302
240 255
240 228
240 245
240 263
240 217
240 254
240 265
241 247
241 283
241 250
241 271
241 261
241 278
241 259
241 245
241 253
241 289
241 293
241 277
241 263
241 211
241 293
241 323
241 291
241 236
241 310
241 314
241 312
241 252
241 299
241 253
241 282
241 253
241 318
241 213
241 312
241 285
242 231
243 256
243 247
243 257
243 260
243 278
243 220
243 310
243 263
243 239
243 312
243 255
243 304
244 255
244 301
244 231
244 264
244 220
244 293
244 237
244 250
244 308
244 301
244 211
244 248
244 244
244 216
245 310
245 250
245 227
245 288
245 232
245 295
245 313
245 292
245 309
245 255
245 247
245 296
245 246
245 293
245 280
245 312
245 283
245 317
245 243
245 214
245 243
245 263
245 253
245 297
245 248
245 271
245 232
245 219
245 231
245 247
245 217
245 266
245 253
245 277
245 285
245 255
245 304
245 271
245 311
245 292
245 247
245 318
245 278
245 290
245 254
245 225
245 283
245 292
245 317
246 297
246 256
246 289
246 289
246 265
246 302
246 255
246 309
246 275
246 247
246 241
246 308
246 289
246 293
246 241
246 231
246 250
246 254
246 292
246 278
246 290
246 304
246 301
246 260
246 245
246 232
246 252
246 295
246 277
246 239
246 220
246 312
246 218
247 280
247 281
247 256
247 295
247 293
247 306
247 263
247 283
247 232
247 232
247 247
247 265
247 283
247 293
247 251
247 296
247 253
247 283
247 228
247 281
247 236
247 274
247 241
247 243
247 252
247 292
247 237
247 309
247 247
247 211
247 231
247 248
247 312
247 259
247 264
247 264
247 247
247 246
247 221
247 278
247 321
247 269
247 293
247 214
247 238
247 302
247 211
247 250
248 270
248 311
248 251
248 245
248 307
248 270
248 290
248 239
248 239
248 297
248 308
248 256
248 271
248 245
248 231
248 254
248 273
248 263
248 286
248 292
248 256
248 297
248 238
248 310
248 263
248 301
248 219
248 278
248 297
249 271
249 267
249 295
249 259
249 264
249 248
249 286
249 265
250 301
250 258
250 245
250 292
250 231
250 267
250 298
250 281
250 247
250 220
250 284
250 243
250 275
250 302
250 232
250 255
250 253
250 273
250 214
250 237
250 214
250 257
250 318
250 253
250 296
250 232
250 235
250 312
250 213
250 292
250 247
250 265
250 238
250 319
250 266
250 308
250 275
250 238
250 304
250 304
251 240
251 291
251 296
251 253
251 229
251 317
251 220
251 250
251 322
251 258
251 264
251 250
251 309
251 223
251 219
251 245
251 275
251 241
251 295
251 267
251 275
251 255
251 292
251 220
251 321
251 302
251 259
251 278
251 239
251 270
251 213
251 283
251 248
251 254
251 253
251 309
251 286
251 290
251 254
251 239
251 219
251 264
251 264
251 278
251 232
252 288
252 251
252 238
252 223
252 261
252 318
252 280
252 220
252 317
252 303
252 254
252 257
252 213
252 260
252 235
252 211
252 289
252 289
252 257
252 253
252 235
252 264
252 263
253 255
253 218
253 269
253 317
253 213
253 221
253 313
253 235
253 271
253 238
253 269
253 236
253 269
253 243
253 213
253 259
253 260
253 319
253 260
253 285
253 215
253 241
253 232
253 311
253 232
253 277
253 265
253 213
253 245
253 289
253 239
253 267
253 309
253 214
253 275
253 293
253 254
253 305
253 310
253 297
253 303
253 297
253 308
253 254
253 297
253 278
253 273
253 244
253 241
253 217
253 263
253 293
253 292
253 290
253 278
253 253
253 255
253 245
253 220
253 239
254 263
254 221
254 211
254 299
254 282
254 278
254 248
254 309
254 271
254 264
254 254
254 251
254 245
254 267
254 216
254 213
254 311
254 220
254 254
254 218
254 213
254 237
254 245
254 246
254 304
254 318
254 264
254 260
254 243
254 295
254 304
254 231
254 254
254 219
254 263
254 291
254 302
254 235
254 319
254 261
254 320
254 264
254 307
254 218
254 247
254 255
254 241
254 295
254 279
254 301
254 293
254 250
254 238
254 296
254 278
254 296
254 298
254 323
254 290
254 301
254 213
254 271
254 235
254 221
254 292
254 229
254 243
255 269
255 237
255 285
255 248
255 266
255 245
255 259
255 257
255 229
255 259
255 312
255 275
255 247
255 225
255 262
255 231
255 251
255 234
255 217
255 265
255 232
255 288
255 256
255 286
255 291
255 266
255 223
255 278
255 290
255 278
255 250
255 322
255 275
255 278
255 293
255 286
255 278
255 254
255 277
255 253
256 239
256 271
256 310
256 277
256 273
256 321
256 217
256 310
256 291
256 239
256 257
256 281
256 264
256 246
256 220
256 240
257 213
257 231
257 264
257 311
257 310
257 323
257 231
257 285
257 245
257 312
257 288
257 235
257 246
257 303
257 237
257 254
257 291
257 293
257 239
257 276
257 271
257 288
257 312
257 239
257 309
257 214
257 270
257 247
257 315
257 220
257 295
257 247
257 270
257 278
257 255
257 214
257 302
257 312
257 281
257 305
257 337
258 302
258 250
258 323
258 232
258 234
258 289
258 289
258 293
258 269
258 237
258 275
258 266
258 303
258 231
258 305
259 234
259 213
259 267
259 312
259 298
259 310
259 309
259 245
259 264
259 295
259 221
259 213
259 258
259 271
259 315
259 321
259 323
259 283
259 246
259 278
259 297
259 211
259 250
259 232
259 318
259 290
259 219
259 256
259 283
259 278
259 255
259 232
259 245
259 312
259 315
259 212
259 302
260 231
260 297
260 232
260 238
260 211
260 302
260 245
260 303
260 245
260 270
260 237
260 232
260 292
260 293
260 291
260 254
260 253
260 219
260 290
260 213
260 291
260 277
260 259
260 259
260 253
260 297
261 231
261 312
261 296
261 302
261 214
261 278
261 243
261 295
261 278
261 220
261 321
262 254
262 238
262 285
262 295
262 277
263 292
263 239
263 315
263 219
263 257
263 231
263 293
263 271
263 309
263 291
263 254
263 274
263 289
263 288
263 266
263 214
263 258
263 306
263 280
263 257
263 296
263 279
263 283
263 255
263 278
263 291
263 247
263 257
263 302
263 320
263 229
263 302
263 214
263 278
263 252
264 292
264 270
264 255
264 237
264 267
264 250
264 245
264 254
264 240
264 290
264 280
264 217
264 309
264 234
264 214
264 265
264 292
264 245
264 304
264 213
264 286
264 312
264 315
264 310
264 253
264 221
264 292
264 309
264 274
264 255
264 232
264 323
264 254
264 305
264 292
264 286
264 250
264 279
264 255
264 239
264 245
264 312
264 257
264 291
264 245
264 292
264 278
265 220
265 228
265 301
265 302
265 220
265 269
265 295
265 221
265 232
265 213
265 274
265 254
265 286
265 263
265 285
265 297
265 245
265 235
265 305
265 292
265 219
265 226
265 232
265 260
265 270
265 251
265 259
265 227
265 263
265 281
265 271
265 302
265 315
265 247
265 318
265 270
265 227
265 232
265 264
266 290
266 241
266 228
266 293
266 315
266 305
266 291
266 296
266 235
266 294
266 238
266 218
267 312
267 278
267 221
267 297
267 295
267 286
267 277
267 225
267 254
267 274
267 303
267 291
267 315
267 317
267 220
267 298
267 275
267 253
268 246
268 235
269 274
269 265
269 308
269 218
269 278
269 296
269 290
269 253
269 299
269 249
269 245
269 219
269 277
269 232
269 246
269 228
269 269
269 218
269 247
269 234
269 318
269 251
269 220
269 220
269 288
269 259
269 282
269 250
269 218
269 312
269 254
269 253
269 229
269 302
270 235
270 235
270 318
270 271
270 227
270 278
270 310
270 264
270 296
270 262
270 241
270 312
270 292
270 241
270 239
270 240
270 310
270 296
270 215
270 296
270 315
270 249
270 308
270 278
271 304
271 232
271 312
271 297
271 265
271 293
271 235
271 254
271 219
271 240
271 267
271 286
271 237
271 315
271 289
271 277
271 247
271 296
271 218
271 323
271 303
271 229
271 312
271 216
271 302
271 219
271 239
271 310
271 299
271 317
271 234
271 294
272 227
272 281
273 321
273 283
273 240
273 248
273 291
273 295
273 250
273 257
273 251
273 258
273 215
273 292
273 219
273 281
273 310
273 279
274 290
274 284
274 279
274 214
274 310
274 321
274 312
274 252
274 258
274 244
274 292
274 291
274 304
274 291
274 286
274 247
274 270
274 278
274 279
275 281
275 243
275 220
275 232
275 253
275 213
275 259
275 244
275 260
275 218
275 239
275 221
275 254
275 295
275 291
275 226
275 239
275 279
275 253
275 235
275 301
275 265
275 245
275 264
275 308
275 245
275 247
275 319
275 292
275 219
275 211
275 271
275 302
275 289
275 315
275 320
275 236
276 285
276 291
277 266
277 265
277 297
277 315
277 278
277 259
277 239
277 228
277 297
277 264
277 281
277 284
277 284
277 271
277 279
277 297
277 229
277 286
277 237
277 254
277 239
277 312
277 315
277 265
277 231
277 257
277 232
277 257
277 247
277 315
277 311
277 318
277 277
277 265
277 281
277 277
277 239
277 303
277 257
277 302
277 310
277 312
277 254
277 251
277 245
277 221
278 251
278 266
278 301
278 259
278 235
278 248
278 292
278 273
278 278
278 247
278 263
278 250
278 295
278 301
278 250
278 315
278 229
278 297
278 289
278 244
278 281
278 271
278 255
278 308
278 255
278 288
278 254
278 292
278 239
278 211
278 264
278 296
278 304
278 283
278 298
278 253
278 309
278 253
278 256
278 321
278 250
278 297
278 283
279 254
279 257
279 250
279 315
279 312
279 260
279 310
279 246
279 321
279 229
279 308
279 254
279 245
280 218
280 211
280 278
280 259
280 289
280 278
280 302
280 290
280 289
280 312
281 247
281 305
281 297
281 265
281 253
281 275
281 293
281 247
281 231
281 302
281 315
281 238
281 248
281 301
281 243
281 254
281 278
281 218
281 286
281 275
281 257
281 264
281 293
281 234
281 296
281 232
281 317
281 287
281 219
281 292
281 269
281 283
281 254
281 248
281 289
281 251
282 232
282 285
282 213
282 212
282 219
282 211
282 220
282 283
282 282
282 247
282 301
283 265
283 250
283 299
283 221
283 315
283 322
283 312
283 277
283 217
283 253
283 301
283 234
283 323
283 271
283 217
283 214
283 211
283 229
283 219
283 241
283 239
283 232
283 254
283 239
283 286
283 219
283 286
283 248
283 251
283 301
283 236
284 259
284 297
284 260
284 315
284 267
284 245
284 220
284 312
284 220
284 239
284 280
284 250
284 257
284 254
285 281
285 214
285 283
285 246
285 232
285 307
285 211
285 304
285 234
285 317
285 304
285 257
285 246
285 218
285 254
285 309
285 312
285 227
285 298
285 310
285 211
285 285
285 309
285 221
285 292
285 228
285 214
285 270
285 219
285 255
285 290
285 270
285 278
285 302
285 257
286 235
286 250
286 290
286 263
286 301
286 239
286 232
286 214
286 217
286 319
286 237
286 297
286 234
286 219
286 250
286 278
286 235
286 261
286 278
286 212
286 249
286 269
286 239
286 283
286 296
286 270
286 231
286 274
286 241
286 297
286 239
286 248
286 279
286 263
287 211
287 245
287 245
288 278
288 296
288 297
288 250
288 213
288 227
288 280
288 289
288 239
288 278
288 220
288 277
288 243
288 265
288 318
288 254
288 236
288 255
288 235
288 309
288 213
288 254
288 274
289 235
289 253
289 214
289 312
289 259
289 285
289 292
289 295
289 239
289 277
289 213
289 254
289 255
289 293
289 244
289 296
289 311
289 255
289 277
289 323
289 310
289 231
289 291
289 211
289 296
289 274
289 312
289 216
289 297
289 245
289 277
289 219
289 255
289 235
289 256
289 218
289 293
289 271
289 233
289 220
289 311
289 319
289 252
289 277
289 260
289 214
289 214
289 254
289 274
289 247
289 248
290 273
290 310
290 247
290 293
290 239
290 286
290 274
290 283
290 261
290 321
290 238
290 236
290 250
290 320
290 224
290 232
290 241
290 265
290 236
290 253
290 274
290 238
290 250
290 246
290 297
290 247
290 279
290 271
290 262
290 261
290 277
290 307
290 228
290 255
290 218
290 286
290 295
290 212
290 248
290 295
290 286
290 232
291 221
291 253
291 296
291 219
291 311
291 214
291 296
291 257
291 304
291 232
291 235
291 266
291 256
291 255
291 283
291 214
291 315
291 225
291 310
291 270
291 214
291 305
291 302
291 275
291 244
291 296
291 251
291 290
291 284
291 213
292 289
292 247
292 219
292 211
292 232
292 259
292 293
292 265
292 211
292 220
292 292
292 249
292 291
292 245
292 232
292 254
292 301
292 278
292 219
292 235
292 266
292 238
292 312
292 278
292 277
292 283
292 231
292 280
292 232
292 292
292 253
292 270
292 259
292 277
292 278
292 244
292 296
292 250
292 235
292 255
292 231
292 315
292 319
292 273
292 259
293 220
293 263
293 218
293 312
293 323
293 240
293 247
293 248
293 248
293 243
293 247
293 260
293 278
293 231
293 252
293 277
293 304
293 302
293 219
293 277
293 263
293 247
293 298
293 232
293 304
293 219
293 227
293 250
293 214
293 286
293 213
293 251
293 278
293 295
293 251
293 257
293 281
293 245
293 275
293 312
293 278
293 273
293 271
293 283
293 301
293 218
293 297
293 301
293 218
294 250
294 297
294 292
294 277
294 257
294 249
295 321
295 270
295 289
295 321
295 257
295 283
295 274
295 297
295 211
295 302
295 231
295 277
295 250
295 251
295 258
295 302
295 238
295 254
295 252
295 318
295 228
295 265
295 307
295 302
295 259
295 247
295 270
295 212
295 309
295 318
295 302
296 256
296 297
296 241
296 256
296 234
296 315
296 262
296 232
296 255
296 287
296 269
296 317
296 219
296 312
296 260
296 265
296 315
296 245
296 254
296 274
296 218
296 321
296 251
296 278
296 248
296 253
296 312
296 292
296 281
296 304
296 220
296 299
297 229
297 257
297 239
297 245
297 278
297 275
297 215
297 310
297 248
297 277
297 245
297 290
297 213
297 221
297 295
297 254
297 281
297 235
297 286
297 293
297 270
297 234
297 310
297 232
297 219
297 259
297 263
297 296
297 265
297 215
297 316
297 232
297 245
297 315
297 292
297 286
297 250
297 264
297 277
297 294
297 245
297 291
297 247
297 251
297 312
297 291
297 292
297 251
297 289
297 293
297 232
297 312
298 318
298 239
298 317
298 215
298 240
298 291
298 263
298 260
298 299
298 296
298 256
299 296
299 301
299 251
299 231
299 251
299 211
299 313
299 321
299 254
299 289
299 234
301 234
301 211
301 229
301 239
301 245
301 256
301 284
301 236
301 321
301 211
301 259
301 274
301 250
301 232
301 235
301 310
301 277
301 296
301 246
301 231
301 285
301 235
302 218
302 258
302 245
302 257
302 271
302 231
302 289
302 246
302 303
302 231
302 229
302 293
302 317
302 275
302 302
302 250
302 213
302 241
302 275
302 237
302 280
302 239
302 266
302 213
302 282
302 247
302 266
302 228
302 253
302 289
302 264
303 277
303 260
303 297
303 290
303 297
303 311
303 253
303 254
303 235
304 259
304 255
304 281
304 286
304 236
304 269
304 296
304 214
304 270
304 274
304 277
304 302
304 249
304 246
304 247
304 312
304 214
304 251
304 301
304 247
304 239
304 255
304 229
304 297
304 293
304 241
304 265
304 231
304 282
304 315
304 291
304 254
304 239
304 233
304 289
304 291
304 256
304 241
304 220
305 292
305 315
305 250
305 258
305 213
305 294
305 218
305 263
305 264
305 251
305 278
306 255
306 304
307 231
307 238
307 263
308 219
308 297
308 259
308 254
308 302
308 308
308 232
308 234
308 315
308 241
308 248
308 275
308 268
308 251
308 265
308 281
308 213
308 251
308 289
308 237
308 232
308 293
308 315
308 321
308 275
308 239
308 241
308 211
308 279
309 308
309 223
309 286
309 288
309 245
309 321
309 293
309 281
309 301
309 231
309 211
309 251
309 271
309 290
309 247
309 312
309 231
309 218
309 254
309 293
309 241
309 257
309 213
309 316
309 261
309 297
309 259
309 213
309 213
309 283
309 256
309 281
309 309
309 247
309 238
309 280
309 307
309 244
309 290
309 257
309 244
309 235
309 318
309 215
309 317
310 213
310 213
310 256
310 254
310 232
310 270
310 250
310 254
310 233
310 269
310 231
310 283
310 297
310 295
310 310
310 309
310 321
310 315
310 304
310 302
310 213
310 223
310 232
310 248
310 246
310 318
310 263
310 263
310 318
310 215
310 273
310 263
310 333
311 247
311 264
311 238
311 259
311 312
311 213
311 295
311 312
311 213
311 257
311 246
311 214
311 221
311 304
311 270
312 278
312 237
312 239
312 251
312 303
312 232
312 264
312 247
312 254
312 247
312 309
312 249
312 259
312 255
312 315
312 283
312 315
312 317
312 271
312 231
312 278
312 286
312 259
312 278
312 247
312 228
312 281
312 260
312 291
312 240
312 312
312 289
312 229
312 265
312 301
312 311
312 283
312 261
312 239
312 277
312 275
312 214
312 302
312 278
312 309
312 253
312 263
312 286
312 310
312 259
312 283
312 275
312 297
312 277
312 281
312 305
312 254
312 250
312 255
313 237
313 253
313 214
313 255
314 268
314 304
315 285
315 265
315 286
315 289
315 247
315 220
315 292
315 247
315 269
315 291
315 256
315 241
315 274
315 238
315 215
315 211
315 277
315 288
315 278
315 229
315 235
315 221
315 269
315 235
315 290
315 297
315 321
315 239
315 279
315 279
315 295
315 269
315 279
315 284
315 259
315 221
315 277
315 251
315 211
315 240
315 250
316 255
316 313
316 309
317 275
317 277
317 264
317 265
317 301
317 255
317 321
317 243
317 289
317 253
317 275
317 286
317 248
317 265
317 259
317 274
317 295
317 323
317 285
317 254
317 211
317 304
317 312
317 323
317 319
317 260
317 231
318 254
318 290
318 245
318 244
318 254
318 283
318 297
318 221
318 213
318 232
318 301
318 323
318 293
318 219
318 289
318 237
318 236
318 318
318 244
318 277
318 211
318 304
319 255
319 235
319 271
319 263
319 243
319 302
319 265
319 304
319 235
319 245
319 259
319 314
319 271
319 254
319 249
319 235
320 309
321 226
321 246
321 289
321 259
321 293
321 295
321 254
321 291
321 271
321 220
321 286
321 214
321 254
321 297
321 323
321 315
321 278
321 310
321 241
321 246
321 219
321 302
321 225
321 239
321 264
321 244
321 264
321 241
321 285
321 234
321 271
321 250
321 286
321 238
321 289
322 274
322 237
323 292
323 284
323 308
323 295
323 310
323 238
323 312
323 310
323 297
323 290
323 302
323 317
323 292
323 297
323 289
324 326
324 344
324 329
324 333
324 361
325 350
325 362
325 346
325 350
325 358
325 362
325 340
325 347
325 347
325 351
325 346
325 361
325 353
325 343
325 359
325 344
325 342
325 354
325 353
325 351
325 365
326 325
326 331
326 350
326 332
326 338
326 331
327 328
327 324
327 330
327 353
327 333
328 324
328 350
328 339
328 333
328 365
329 339
329 350
330 362
330 347
330 350
330 332
330 356
330 339
330 339
330 345
330 327
330 339
330 325
330 346
330 365
330 339
331 361
331 324
331 355
331 348
331 335
331 350
331 361
331 350
331 345
331 325
332 350
332 343
332 353
332 356
332 360
332 348
332 347
332 347
332 341
332 340
332 360
333 327
333 339
333 340
333 361
334 364
335 333
335 359
335 325
335 347
335 332
335 341
335 340
336 349
336 356
337 350
337 339
337 334
338 355
338 342
338 330
338 358
338 356
338 343
338 346
339 346
339 347
339 356
339 330
339 363
339 339
339 346
339 365
339 346
339 343
339 348
339 325
339 352
339 325
339 350
339 342
339 343
339 329
339 330
339 350
339 350
340 350
340 332
340 331
340 339
340 342
340 341
340 343
340 352
340 353
340 326
340 325
340 333
341 352
341 325
341 350
341 328
341 325
341 350
341 325
341 345
341 365
342 330
342 360
342 342
342 340
342 343
342 327
342 355
343 351
343 351
343 330
343 365
343 352
343 350
343 358
343 350
343 359
343 343
343 326
343 325
343 359
343 325
343 343
343 343
343 344
343 365
343 350
344 355
344 359
344 332
344 344
344 341
344 343
344 329
344 355
344 326
344 359
344 341
345 359
345 361
345 348
346 335
346 352
346 358
346 325
346 341
346 347
346 338
346 362
346 356
346 344
346 347
346 328
346 339
346 351
346 351
346 345
346 347
347 359
347 344
347 350
347 356
347 347
347 359
347 348
347 346
347 356
347 353
347 348
348 332
348 326
348 350
348 339
348 331
348 361
348 342
348 351
348 343
348 337
349 344
349 324
349 344
349 339
349 329
349 356
350 346
350 332
350 350
350 346
350 350
350 333
350 350
350 352
350 359
350 324
350 333
350 355
350 350
350 362
350 325
350 353
350 330
350 349
350 343
350 335
350 355
350 359
350 365
350 324
350 350
350 359
350 340
350 339
350 340
350 341
350 356
350 349
350 331
350 326
350 327
350 332
350 360
350 365
350 336
350 350
350 344
350 337
350 340
350 353
351 351
351 349
351 339
351 339
351 331
351 361
351 365
351 347
351 350
351 350
351 328
351 360
351 350
352 359
352 341
352 325
352 365
352 355
352 340
352 359
353 350
353 358
353 350
353 325
353 350
353 325
353 347
353 343
353 340
353 333
353 331
353 339
353 365
354 339
354 343
354 361
355 359
355 355
355 340
355 343
355 343
355 340
355 350
356 353
356 350
356 332
356 348
356 331
356 332
356 337
356 340
356 333
356 362
356 359
356 345
356 343
356 350
358 325
358 348
358 344
358 332
358 340
359 325
359 350
359 361
359 347
359 324
359 343
359 325
359 362
359 350
359 335
359 365
359 330
359 356
359 352
360 344
360 355
360 346
360 344
360 327
360 365
360 329
361 332
361 355
361 365
361 343
361 325
361 356
361 327
362 344
362 325
362 355
362 350
362 357
362 383
365 365
365 359
365 331
365 365
365 325
365 355
365 325
365 327
365 347
365 350
365 328
365 350
365 325
365 325
365 350
365 344
365 325
365 361
365 331
365 348
365 331
365 349
365 350
365 325
365 350
365 355
366 373
366 368
366 371
367 375
367 368
367 369
367 371
367 366
368 371
368 370
368 376
368 375
369 374
370 367
370 374
370 376
370 374
370 376
370 376
370 372
371 366
371 370
373 369
373 376
374 370
374 367
374 371
374 370
374 375
374 373
374 370
375 374
375 366
375 366
375 367
375 376
376 370
376 370
377 377
377 379
378 377
378 377
378 379
379 377
379 377
380 384
380 380
380 388
380 388
380 381
380 383
380 386
380 386
380 381
381 387
381 382
381 386
381 387
381 386
381 385
381 382
381 387
382 382
382 381
382 387
382 386
382 382
382 384
382 386
382 382
382 380
383 387
383 383
383 387
383 384
383 383
384 384
384 382
384 387
384 382
384 387
384 384
384 385
384 387
384 387
384 386
384 386
385 381
385 382
385 382
385 386
385 388
385 386
386 388
386 386
386 386
386 386
386 387
386 384
386 388
386 387
386 383
387 385
387 385
387 381
387 387
387 380
388 388
388 388
388 388
388 387
388 388
388 387