0 3
0 3
0 0
0 1
0 0
0 3
0 89
0 164
0 211
0 165
0 183
0 127
0 194
0 271
0 411
1 3
1 3
1 1
1 4
1 2
1 2
1 0
1 4
1 2
1 4
1 3
1 1
1 3
1 4
1 1
1 3
1 4
1 1
1 1
1 31
1 191
1 189
1 212
1 116
1 106
1 219
1 215
1 391
1 398
1 433
1 449
1 457
1 449
1 463
1 495
2 1
2 3
2 197
2 232
2 306
2 360
3 3
3 0
3 4
3 3
3 4
3 2
3 1
3 3
3 4
3 3
3 0
3 3
3 3
3 0
3 0
3 4
3 3
3 96
3 95
3 135
3 207
3 164
3 114
3 103
3 256
3 254
3 237
3 245
3 302
3 330
3 436
3 392
3 447
3 450
3 454
3 445
3 449
3 467
3 467
3 461
3 463
4 4
4 3
4 0
4 0
4 2
4 0
4 3
4 3
4 3
4 4
4 3
4 1
4 4
4 0
4 1
4 4
4 4
4 4
4 3
4 3
4 1
4 3
4 4
4 3
4 1
4 2
4 1
4 1
4 3
4 4
4 4
4 6
4 85
4 111
4 242
4 262
4 236
4 317
4 346
4 398
4 454
4 471
4 489
4 470
4 601
5 50
5 70
5 63
5 69
5 68
5 63
5 30
5 63
6 17
6 63
6 25
6 62
7 63
7 77
7 35
7 38
7 33
7 293
8 72
8 59
8 63
8 72
8 51
8 70
8 68
8 60
8 38
8 38
8 78
8 57
8 37
8 78
8 116
8 173
8 269
8 307
8 286
8 347
8 387
9 18
9 16
9 43
9 31
9 62
9 78
9 77
9 62
9 19
9 106
9 476
10 62
10 49
10 31
10 30
10 9
10 32
10 9
10 64
10 205
10 225
10 237
10 436
10 477
11 70
11 62
11 38
11 76
11 19
11 78
11 32
11 218
11 236
12 63
12 63
12 64
12 31
12 43
12 57
12 22
12 76
12 75
12 44
12 76
12 93
12 191
12 473
13 9
13 49
13 18
13 354
14 76
14 26
14 302
15 62
15 28
16 28
16 18
16 15
16 12
16 77
16 76
16 20
16 62
16 64
16 18
16 78
16 38
16 50
16 168
16 208
16 106
16 164
16 267
16 257
16 478
17 54
17 26
17 6
17 28
17 200
17 398
18 78
18 62
18 38
18 38
18 28
18 37
18 41
18 60
18 71
18 28
18 58
18 203
18 288
18 346
18 387
19 38
19 73
19 57
19 63
19 53
19 57
19 64
19 25
19 9
19 62
19 23
19 20
19 76
19 63
19 76
19 13
19 214
19 356
19 409
19 436
20 56
20 62
20 21
20 53
20 16
20 60
20 53
20 48
20 63
20 38
20 63
20 62
20 68
20 10
20 21
20 76
20 38
20 44
20 47
20 78
20 78
20 78
20 68
20 33
20 76
20 73
20 38
20 76
20 22
20 82
20 96
20 99
20 95
20 118
20 157
20 197
20 206
20 214
20 281
20 291
20 346
20 449
20 467
20 470
21 44
21 18
21 43
21 64
21 262
21 287
22 55
22 62
22 63
22 93
22 82
22 373
22 488
23 20
23 16
23 62
23 76
23 55
23 53
23 45
23 57
23 30
23 70
23 26
23 63
23 76
23 38
23 75
23 19
23 19
23 63
23 67
23 59
23 121
23 168
23 197
23 436
23 380
24 70
24 62
24 26
24 34
24 147
24 255
24 225
24 436
25 52
25 22
25 74
25 73
25 48
25 76
25 74
25 78
25 74
25 70
25 76
25 63
25 41
25 53
25 122
25 215
25 344
25 489
26 37
26 49
26 70
26 41
26 62
26 78
26 71
26 63
26 47
26 38
26 63
26 62
26 24
26 62
26 31
26 208
26 242
26 336
27 12
27 57
27 195
27 219
27 257
28 59
28 54
28 32
28 44
28 26
28 34
28 30
28 76
28 8
28 59
28 17
28 64
28 38
28 74
28 20
28 48
28 64
28 12
28 9
28 80
28 122
28 265
28 232
28 230
28 283
28 363
28 392
28 390
28 398
29 63
29 172
29 256
30 28
30 18
31 37
31 38
31 51
31 38
31 11
31 36
31 38
31 78
31 53
31 53
31 58
31 78
31 78
31 46
31 69
31 94
31 204
31 112
31 225
31 230
31 286
31 341
32 25
32 33
32 20
32 17
32 53
32 76
32 64
32 47
32 77
32 47
32 94
32 144
32 117
32 189
32 214
32 425
33 63
33 32
33 78
33 42
33 16
33 28
33 38
33 37
33 32
33 28
33 39
33 26
33 23
33 31
33 5
33 62
33 44
33 64
33 94
33 179
33 119
33 269
33 237
33 214
33 354
33 328
34 68
34 20
34 76
34 16
34 78
34 340
34 331
35 38
35 25
35 59
35 73
35 57
35 10
35 61
35 52
35 63
35 50
35 76
35 76
35 58
35 52
35 220
35 278
35 488
36 41
36 76
36 62
36 10
36 75
36 19
36 67
36 76
36 28
36 11
36 201
36 154
36 237
36 288
36 349
37 18
37 59
37 19
37 44
37 16
37 76
37 62
37 60
37 40
37 37
37 73
37 59
37 62
37 76
37 62
37 33
37 49
37 67
37 88
37 117
37 208
37 193
37 121
37 225
37 237
37 310
37 336
37 369
37 391
37 437
37 486
38 64
38 50
38 38
38 64
38 62
38 74
38 28
38 25
38 76
38 61
38 62
38 17
38 18
38 57
38 38
38 33
38 76
38 38
38 49
38 57
38 62
38 76
38 17
38 76
38 38
38 28
38 37
38 35
38 71
38 76
38 26
38 35
38 48
38 57
38 75
38 64
38 23
38 37
38 18
38 43
38 38
38 51
38 44
38 27
38 21
38 11
38 76
38 80
38 120
38 193
38 121
38 208
38 157
38 146
38 153
38 178
38 249
38 232
38 230
38 269
38 245
38 262
38 238
38 245
38 216
38 303
38 318
38 283
38 283
38 331
38 420
38 420
38 382
38 391
38 390
38 487
38 489
38 474
38 467
38 483
38 480
39 38
39 16
39 63
39 63
39 47
39 50
39 61
39 135
39 206
39 255
39 300
40 70
40 32
40 29
40 51
40 71
40 44
40 38
40 10
40 12
40 48
40 8
40 76
40 91
40 164
40 195
40 197
40 184
40 274
40 277
40 486
40 466
40 486
41 26
41 34
41 32
41 16
41 53
41 117
41 168
41 344
41 406
41 530
42 18
42 78
43 68
43 31
43 63
43 41
43 76
43 31
43 7
43 19
43 75
43 263
43 317
44 38
44 19
44 36
44 78
44 44
44 26
44 46
44 6
44 76
44 57
44 26
44 11
44 59
44 76
44 62
44 62
44 53
44 58
44 63
44 23
44 53
44 38
44 43
44 53
44 26
44 64
44 44
44 27
44 33
44 70
44 48
44 8
44 44
44 19
44 58
44 66
44 22
44 76
44 76
44 20
44 71
44 5
44 122
44 189
44 204
44 237
44 255
44 255
44 255
44 352
44 331
44 434
44 437
44 436
44 442
44 463
45 63
45 63
45 35
45 18
45 78
45 63
45 38
45 193
45 197
45 262
45 483
46 21
46 20
46 37
46 39
46 33
46 50
46 76
46 40
46 21
46 12
46 58
46 38
46 172
46 168
46 193
46 331
47 11
47 63
47 63
47 28
47 68
47 52
47 73
47 9
47 47
47 20
47 59
47 40
47 51
47 38
47 7
47 44
47 74
47 91
47 193
47 347
48 36
48 52
48 44
48 45
48 72
48 38
48 62
48 72
48 21
48 38
48 53
48 31
48 5
48 20
48 20
48 11
48 38
48 62
48 63
48 63
48 53
48 49
48 37
48 38
48 11
48 38
48 52
48 47
48 50
48 95
48 133
48 118
48 208
48 266
48 237
48 310
48 286
48 288
48 292
48 363
48 329
48 436
49 62
49 30
49 80
49 118
49 136
49 288
50 21
50 20
50 62
50 37
50 67
50 38
50 20
50 77
50 24
50 52
50 63
50 64
50 67
50 20
50 25
50 63
50 31
50 36
50 57
50 20
50 63
50 31
50 25
50 28
50 95
50 118
50 225
50 355
50 363
51 22
51 20
51 73
51 8
51 38
51 76
51 33
51 69
51 11
51 37
51 59
51 28
51 85
51 89
51 178
51 173
51 256
51 288
52 63
52 37
52 18
52 40
52 33
52 76
52 9
52 38
52 15
52 65
52 40
52 63
52 48
52 23
52 32
52 62
52 38
52 23
52 68
52 62
52 33
52 11
52 33
52 76
52 78
52 133
52 255
52 310
53 17
53 44
53 50
53 38
53 53
53 63
53 18
53 23
53 38
53 28
53 27
53 44
53 16
53 75
53 48
53 55
53 43
53 87
53 89
53 171
53 130
53 214
53 271
53 339
53 390
53 398
53 533
54 38
54 62
54 52
54 50
54 59
54 221
54 425
55 23
55 46
55 64
55 59
55 173
55 283
56 18
56 57
56 63
56 16
56 64
56 27
56 19
56 63
56 50
56 53
56 47
56 26
56 106
56 358
57 12
57 48
57 36
57 21
57 30
57 50
57 78
57 19
57 63
57 33
57 25
57 64
57 74
57 48
57 62
57 39
57 12
57 40
57 32
57 28
57 96
57 167
57 168
57 141
57 266
57 291
57 296
57 307
57 332
57 433
57 418
57 481
58 31
58 46
58 20
58 62
58 49
58 9
58 148
58 241
58 421
58 450
58 484
58 593
59 56
59 63
59 47
59 25
59 68
59 62
59 62
59 48
59 33
59 76
59 58
59 30
59 48
59 25
59 39
59 43
59 62
59 91
59 103
59 207
59 113
59 214
59 230
59 314
59 399
60 37
60 32
60 36
60 76
60 44
60 14
60 436
61 48
61 76
61 56
61 161
61 210
61 255
61 389
62 26
62 53
62 57
62 19
62 61
62 62
62 63
62 35
62 76
62 68
62 44
62 69
62 72
62 46
62 53
62 62
62 40
62 78
62 40
62 35
62 12
62 28
62 12
62 25
62 48
62 38
62 18
62 62
62 6
62 63
62 78
62 67
62 18
62 44
62 10
62 62
62 44
62 44
62 20
62 39
62 62
62 62
62 38
62 38
62 76
62 30
62 33
62 31
62 47
62 30
62 38
62 37
62 44
62 24
62 19
62 9
62 76
62 33
62 63
62 38
62 47
62 75
62 20
62 64
62 37
62 62
62 12
62 68
62 38
62 74
62 39
62 38
62 68
62 24
62 38
62 11
62 85
62 102
62 89
62 203
62 162
62 186
62 148
62 115
62 160
62 245
62 274
62 230
62 247
62 219
62 237
62 237
62 225
62 323
62 354
62 345
62 331
62 410
62 398
62 387
62 434
62 404
62 440
62 466
62 483
62 481
62 463
62 594
63 76
63 63
63 76
63 73
63 46
63 48
63 56
63 38
63 33
63 53
63 70
63 12
63 26
63 51
63 5
63 48
63 64
63 37
63 62
63 78
63 70
63 33
63 62
63 62
63 44
63 76
63 46
63 67
63 74
63 76
63 28
63 38
63 11
63 23
63 8
63 44
63 58
63 78
63 16
63 31
63 25
63 64
63 38
63 31
63 75
63 47
63 62
63 37
63 80
63 93
63 193
63 142
63 184
63 168
63 202
63 198
63 232
63 288
63 293
63 296
63 340
63 347
63 384
63 429
63 421
63 412
63 473
63 555
64 76
64 58
64 72
64 9
64 54
64 53
64 53
64 22
64 42
64 68
64 52
64 33
64 62
64 76
64 38
64 12
64 48
64 93
64 173
64 129
64 256
64 219
64 247
64 296
64 292
64 351
64 389
64 415
64 404
64 418
64 480
65 76
65 24
65 32
65 53
65 23
65 62
65 48
65 31
65 63
65 20
65 51
65 62
65 12
65 12
65 63
65 85
65 130
65 232
65 335
65 392
65 470
66 71
66 95
66 182
67 64
67 63
67 25
67 16
67 63
67 8
67 5
67 38
67 20
67 80
67 134
67 166
67 189
67 347
67 363
68 40
68 26
68 72
68 76
68 5
68 20
68 38
68 38
68 63
68 62
68 74
68 51
68 74
68 51
68 62
68 80
68 80
68 118
68 130
68 413
68 488
69 23
69 53
69 17
69 38
69 75
69 9
69 50
69 71
70 44
70 76
70 39
70 13
70 33
70 76
70 16
70 20
70 35
70 62
70 38
70 50
70 76
70 111
70 410
71 18
71 64
71 20
71 78
71 44
71 8
71 70
71 30
71 65
71 75
71 62
71 76
71 63
71 185
71 129
71 273
71 242
71 398
71 436
72 53
72 5
72 20
72 67
72 38
72 76
72 38
72 60
72 23
72 29
72 23
72 103
72 218
73 46
73 7
73 9
73 43
73 48
73 48
73 26
73 51
73 76
73 37
73 20
73 23
73 62
73 173
73 249
73 325
73 359
73 439
74 37
74 62
74 44
74 11
74 26
74 20
74 19
74 71
74 40
74 31
74 58
74 206
74 197
74 237
74 230
74 228
75 50
75 78
75 36
75 68
75 63
75 12
75 19
75 38
75 38
75 20
75 64
75 13
75 110
75 257
75 262
75 433
75 421
75 480
75 475
76 59
76 51
76 20
76 32
76 62
76 25
76 49
76 54
76 23
76 22
76 48
76 28
76 9
76 6
76 76
76 59
76 20
76 22
76 17
76 20
76 25
76 31
76 8
76 25
76 71
76 34
76 36
76 49
76 76
76 60
76 11
76 52
76 19
76 8
76 20
76 62
76 32
76 37
76 51
76 19
76 64
76 76
76 47
76 52
76 12
76 78
76 57
76 47
76 13
76 78
76 38
76 45
76 78
76 26
76 33
76 196
76 103
76 194
76 195
76 189
76 193
76 130
76 233
76 244
76 239
76 243
76 218
76 245
76 214
76 308
76 283
76 347
76 369
76 421
76 392
76 483
76 463
76 487
76 469
77 59
77 63
77 205
78 18
78 8
78 7
78 36
78 55
78 70
78 53
78 38
78 44
78 20
78 55
78 76
78 25
78 78
78 21
78 20
78 76
78 71
78 68
78 10
78 76
78 72
78 47
78 44
78 32
78 11
78 73
78 63
78 62
78 9
78 96
78 168
78 116
78 238
78 218
78 245
78 320
78 288
78 347
78 447
78 481
79 82
79 85
79 91
79 100
79 206
79 204
79 197
79 260
79 219
79 247
79 284
79 293
79 341
79 356
79 336
79 436
79 447
79 483
80 85
80 100
80 83
80 95
80 82
80 87
80 95
80 84
80 82
80 80
80 85
80 86
80 82
80 100
80 102
80 85
80 100
80 89
80 80
80 93
80 88
80 85
80 85
80 86
80 82
80 84
80 98
80 82
80 96
80 195
80 111
80 142
80 182
80 189
80 118
80 176
80 116
80 122
80 103
80 164
80 119
80 195
80 118
80 211
80 149
80 168
80 211
80 255
80 228
80 266
80 262
80 214
80 237
80 259
80 267
80 258
80 288
80 296
80 288
80 302
80 313
80 306
80 347
80 415
80 437
80 436
80 380
80 379
80 434
80 384
80 457
80 442
80 446
80 447
81 89
81 82
81 80
81 85
81 99
81 211
81 288
81 286
81 392
82 89
82 93
82 93
82 86
82 85
82 93
82 89
82 91
82 81
82 83
82 99
82 85
82 89
82 102
82 84
82 96
82 101
82 85
82 85
82 85
82 93
82 89
82 85
82 80
82 153
82 166
82 115
82 195
82 168
82 189
82 206
82 145
82 113
82 172
82 237
82 223
82 286
82 352
82 358
82 398
82 439
82 398
82 444
82 457
83 80
83 80
83 82
83 96
83 85
83 89
83 88
83 88
83 81
83 98
83 82
83 82
83 85
83 202
83 103
83 214
83 218
83 283
83 308
83 344
83 436
83 384
83 398
83 436
83 442
83 462
84 101
84 93
84 81
84 99
84 93
84 85
84 85
84 185
84 149
84 142
84 153
84 111
84 193
84 215
84 271
84 237
84 244
84 247
84 287
84 413
85 83
85 91
85 80
85 93
85 95
85 85
85 91
85 84
85 98
85 101
85 83
85 100
85 93
85 80
85 90
85 93
85 98
85 93
85 99
85 83
85 83
85 94
85 85
85 83
85 95
85 99
85 99
85 98
85 80
85 183
85 193
85 117
85 148
85 195
85 143
85 200
85 103
85 169
85 197
85 106
85 193
85 171
85 119
85 164
85 247
85 264
85 215
85 225
85 317
85 318
85 289
85 277
85 294
85 331
85 336
85 366
85 352
85 363
85 392
85 413
85 436
85 392
85 398
85 392
85 440
85 450
85 443
85 460
85 487
85 487
86 83
86 85
86 208
86 193
86 278
87 85
87 99
87 93
87 85
87 93
87 99
87 88
87 92
87 80
87 93
87 80
87 130
87 204
87 168
87 159
87 193
87 208
87 207
87 193
87 145
87 263
87 288
87 283
87 317
87 346
87 391
87 437
87 398
87 426
87 450
87 440
88 87
88 85
88 94
88 85
88 82
88 89
88 80
88 95
88 82
88 166
88 153
88 130
88 205
88 107
88 204
88 122
88 160
88 224
88 256
88 230
88 275
88 452
88 463
88 473
89 93
89 95
89 87
89 83
89 102
89 82
89 99
89 96
89 85
89 85
89 89
89 85
89 120
89 148
89 117
89 202
89 214
89 249
89 244
89 255
89 232
89 305
89 294
89 350
89 362
89 356
89 393
89 395
89 429
89 380
89 452
89 450
89 450
89 480
89 470
90 98
90 95
90 89
90 85
90 88
90 170
90 140
90 146
90 115
90 255
90 240
90 302
90 277
90 346
90 328
90 363
90 425
91 96
91 91
91 85
91 94
91 87
91 87
91 102
91 161
91 170
91 206
91 130
91 117
91 112
91 239
91 217
91 256
91 267
91 256
91 389
91 483
92 100
92 82
92 80
92 89
92 126
92 118
92 185
92 292
92 290
93 96
93 93
93 85
93 92
93 85
93 80
93 82
93 83
93 96
93 98
93 86
93 82
93 97
93 82
93 161
93 126
93 185
93 167
93 150
93 197
93 127
93 117
93 211
93 195
93 250
93 230
93 262
93 218
93 256
93 316
93 296
93 380
93 418
93 436
93 436
93 400
93 456
93 475
93 480
93 480
93 470
93 462
94 84
94 88
94 99
94 86
94 168
94 110
94 250
94 255
94 245
94 249
94 288
94 281
94 413
94 404
94 445
95 91
95 100
95 80
95 85
95 88
95 89
95 88
95 88
95 101
95 93
95 80
95 93
95 95
95 82
95 93
95 148
95 116
95 256
95 219
95 244
95 262
95 237
95 232
95 310
95 290
95 320
95 288
95 303
95 341
95 345
95 404
95 434
95 392
95 425
95 441
95 459
95 441
95 489
96 101
96 80
96 86
96 89
96 85
96 91
96 80
96 80
96 95
96 92
96 88
96 93
96 95
96 95
96 197
96 240
96 218
96 325
96 306
96 331
96 389
96 371
96 380
97 80
97 109
97 208
97 237
97 283
97 293
98 98
98 99
98 100
98 94
98 99
98 92
98 101
98 85
98 158
98 187
98 255
98 255
98 225
98 288
98 316
98 328
98 384
98 398
98 443
98 484
99 100
99 95
99 79
99 89
99 85
99 93
99 80
99 85
99 93
99 102
99 96
99 96
99 101
99 83
99 83
99 91
99 102
99 195
99 194
99 188
99 142
99 197
99 182
99 140
99 118
99 164
99 208
99 168
99 228
99 267
99 286
99 294
99 321
99 275
99 362
99 398
99 436
99 421
99 445
99 450
99 451
100 85
100 85
100 85
100 100
100 98
100 81
100 85
100 85
100 182
100 153
100 147
100 237
100 247
100 219
100 296
100 281
100 429
100 390
100 381
100 391
100 445
100 470
100 489
101 82
101 89
101 93
101 100
101 87
101 82
101 80
101 80
101 167
101 106
101 161
101 194
101 132
101 109
101 249
101 221
101 219
101 237
101 237
101 214
101 237
101 281
101 355
101 336
101 403
101 487
102 94
102 83
102 100
102 93
102 99
102 98
102 80
102 99
102 117
102 206
102 114
102 116
102 184
102 204
102 244
102 303
102 303
102 414
102 436
102 441
103 107
103 114
103 197
103 106
103 135
103 122
103 153
103 130
103 130
103 199
103 153
103 188
103 142
103 146
103 296
103 358
103 413
103 674
104 189
104 177
104 121
104 206
104 206
104 125
104 173
104 140
104 245
104 215
104 244
104 247
104 255
104 293
104 347
104 336
104 391
104 449
105 180
105 192
105 151
105 133
105 111
105 193
105 111
105 121
105 244
105 449
106 153
106 150
106 166
106 126
106 141
106 140
106 166
106 184
106 183
106 193
106 117
106 182
106 185
106 168
106 200
106 111
106 104
106 117
106 168
106 194
106 116
106 133
106 129
106 140
106 121
106 230
106 227
106 249
106 268
106 241
106 273
106 249
106 323
106 311
106 325
106 317
106 292
106 331
106 332
106 398
106 408
106 398
106 387
106 387
106 436
106 419
106 463
107 485
108 104
108 204
108 203
108 159
108 130
108 190
108 197
108 157
108 237
108 255
108 214
108 345
108 353
108 434
108 415
108 375
108 391
108 436
108 473
108 489
109 193
109 147
109 164
109 173
109 148
109 133
109 172
109 193
109 226
109 230
109 255
109 278
109 295
109 437
109 474
110 193
110 119
110 147
110 193
110 168
110 145
110 164
110 156
110 204
110 146
110 177
110 118
110 211
110 236
110 214
110 247
110 232
110 222
110 307
110 299
110 433
110 387
110 470
110 472
111 118
111 112
111 106
111 115
111 151
111 118
111 203
111 179
111 130
111 193
111 208
111 173
111 116
111 193
111 168
111 130
111 191
111 111
111 193
111 255
111 218
111 218
111 242
111 273
111 255
111 238
111 214
111 275
111 310
111 325
111 352
111 347
111 370
111 348
111 369
111 359
111 359
111 381
111 413
111 379
111 380
111 377
111 489
111 470
112 106
112 122
112 112
112 111
112 143
112 147
112 112
112 176
112 206
112 205
112 149
112 239
112 242
112 245
112 233
112 315
112 429
112 380
112 483
113 117
113 120
113 184
113 159
113 184
113 115
113 111
113 191
113 207
113 122
113 147
113 113
113 153
113 115
113 200
113 259
113 237
113 218
113 247
113 232
113 225
113 237
113 253
113 296
113 355
113 358
113 356
113 419
113 436
113 459
113 450
113 449
113 453
114 113
114 119
114 199
114 133
114 112
114 225
114 296
114 391
115 119
115 187
115 164
115 255
115 283
115 305
115 287
115 308
115 363
115 432
115 405
115 389
115 413
115 381
115 390
115 389
115 481
116 161
116 205
116 120
116 200
116 105
116 204
116 118
116 124
116 104
116 153
116 206
116 135
116 182
116 200
116 111
116 176
116 111
116 133
116 206
116 210
116 132
116 233
116 249
116 230
116 237
116 275
116 281
116 339
116 358
116 336
116 349
116 387
116 434
116 413
116 377
116 449
117 153
117 169
117 180
117 153
117 204
117 109
117 174
117 153
117 157
117 193
117 157
117 172
117 193
117 147
117 161
117 163
117 135
117 167
117 130
117 193
117 183
117 113
117 143
117 165
117 193
117 110
117 168
117 111
117 211
117 204
117 130
117 168
117 116
117 190
117 105
117 133
117 117
117 168
117 176
117 271
117 214
117 262
117 237
117 244
117 239
117 238
117 223
117 265
117 298
117 291
117 280
117 288
117 283
117 297
117 317
117 293
117 354
117 347
117 336
117 349
117 355
117 420
117 436
117 416
117 398
117 398
117 380
117 398
117 388
117 411
117 379
117 455
117 450
117 449
117 460
117 472
118 117
118 153
118 189
118 173
118 115
118 208
118 164
118 179
118 170
118 173
118 119
118 129
118 169
118 142
118 193
118 211
118 122
118 195
118 249
118 237
118 244
118 244
118 247
118 219
118 314
118 288
118 277
118 290
118 310
118 302
118 305
118 347
118 339
118 370
118 434
118 429
118 398
118 398
118 413
118 582
119 135
119 208
119 173
119 177
119 147
119 180
119 117
119 164
119 178
119 111
119 169
119 205
119 104
119 163
119 193
119 127
119 167
119 204
119 180
119 150
119 146
119 118
119 154
119 183
119 149
119 139
119 140
119 127
119 189
119 116
119 117
119 133
119 191
119 193
119 195
119 105
119 179
119 169
119 247
119 232
119 249
119 227
119 219
119 237
119 219
119 256
119 232
119 277
119 315
119 370
119 357
119 366
119 327
119 340
119 342
119 380
119 398
119 410
119 425
119 447
119 457
120 208
120 206
120 210
120 120
120 119
120 109
120 193
120 125
120 234
120 436
120 449
121 164
121 113
121 112
121 114
121 106
121 158
121 116
121 182
121 126
121 140
121 164
121 116
121 239
121 317
121 391
122 187
122 118
122 197
122 205
122 164
122 191
122 197
122 205
122 139
122 117
122 115
122 164
122 141
122 148
122 188
122 148
122 148
122 126
122 191
122 205
122 106
122 119
122 249
122 224
122 230
122 225
122 296
122 310
122 288
122 356
122 398
122 391
122 398
122 407
122 389
122 396
122 467
123 130
123 111
123 118
123 395
123 451
124 140
124 209
124 106
124 307
124 368
125 135
125 103
125 184
125 176
125 200
125 210
125 194
125 185
125 197
125 193
125 168
125 206
125 259
125 219
125 271
125 272
125 245
125 357
126 169
126 210
126 166
126 155
126 167
126 124
126 193
126 204
126 161
126 117
126 171
126 143
126 274
126 255
126 242
126 315
126 325
126 332
126 363
126 332
126 397
126 433
126 398
126 483
127 203
127 103
127 206
127 168
127 165
127 206
127 173
127 147
127 188
127 208
127 249
127 236
127 245
127 292
127 310
127 294
127 317
127 370
127 388
127 412
128 204
128 158
128 188
128 106
128 266
129 188
129 204
129 177
129 160
129 187
129 199
129 219
129 218
129 232
129 259
129 262
129 255
129 227
129 288
129 310
129 315
129 310
129 356
129 345
130 157
130 129
130 193
130 157
130 182
130 208
130 210
130 113
130 142
130 121
130 111
130 180
130 130
130 168
130 119
130 208
130 153
130 256
130 239
130 238
130 230
130 262
130 264
130 237
130 245
130 219
130 249
130 230
130 289
130 296
130 325
130 290
130 334
130 336
130 436
130 418
130 417
130 433
130 404
130 450
130 480
131 168
131 202
131 237
131 338
132 177
132 191
132 157
132 292
132 398
132 461
133 138
133 161
133 168
133 195
133 106
133 111
133 118
133 197
133 174
133 116
133 182
133 199
133 103
133 103
133 156
133 210
133 197
133 197
133 168
133 183
133 206
133 104
133 111
133 127
133 255
133 214
133 242
133 226
133 262
133 271
133 305
133 331
133 355
133 421
133 400
133 436
133 436
133 421
133 390
133 462
134 170
134 317
135 202
135 113
135 164
135 118
135 208
135 154
135 197
135 222
135 259
135 241
135 310
135 277
135 305
135 356
135 425
136 168
136 164
136 225
136 237
136 262
136 444
137 144
137 146
137 187
137 221
138 162
138 191
138 121
138 195
138 208
138 164
138 164
138 105
138 113
138 225
138 214
138 338
138 336
139 107
139 178
139 260
139 255
139 288
139 305
139 436
140 116
140 173
140 130
140 150
140 142
140 126
140 183
140 153
140 111
140 133
140 164
140 200
140 188
140 189
140 140
140 182
140 122
140 153
140 206
140 214
140 245
140 259
140 254
140 294
140 320
140 288
140 317
140 317
140 293
140 363
140 380
140 387
140 395
140 379
140 451
141 106
141 108
141 183
141 149
141 118
141 116
141 106
141 138
141 200
141 269
141 237
141 318
141 283
141 294
141 317
141 363
141 391
142 119
142 153
142 165
142 185
142 210
142 109
142 141
142 113
142 179
142 228
142 310
142 287
142 314
142 358
142 345
142 419
142 433
142 459
142 488
143 138
143 104
143 178
143 124
143 214
143 354
144 112
144 168
144 271
144 429
145 178
145 206
145 133
145 144
145 164
145 193
145 111
145 201
145 104
145 168
145 256
145 214
145 335
145 407
145 397
145 475
146 147
146 106
146 206
146 109
146 167
146 168
146 166
146 115
146 232
146 230
146 314
146 290
146 470
147 117
147 126
147 111
147 168
147 122
147 146
147 179
147 139
147 117
147 112
147 116
147 206
147 184
147 173
147 126
147 135
147 219
147 250
147 255
147 281
147 310
147 317
147 342
147 338
147 422
147 413
147 394
147 427
147 441
148 122
148 182
148 168
148 109
148 200
148 185
148 115
148 118
148 106
148 160
148 247
148 310
148 290
148 300
148 370
148 331
148 434
149 178
149 142
149 156
149 106
149 103
149 193
149 141
149 237
149 317
149 302
149 320
149 347
149 436
149 434
150 154
150 211
150 164
150 208
150 119
150 108
150 185
150 119
150 182
150 246
150 255
150 324
150 405
150 449
151 173
151 194
151 119
151 173
151 108
151 193
151 170
151 219
151 303
151 295
151 436
151 389
151 474
152 183
152 193
152 178
152 241
152 239
152 272
152 421
153 205
153 117
153 118
153 177
153 111
153 184
153 193
153 125
153 114
153 183
153 146
153 111
153 149
153 205
153 113
153 161
153 193
153 113
153 119
153 191
153 153
153 173
153 193
153 182
153 162
153 173
153 121
153 249
153 247
153 241
153 255
153 237
153 258
153 238
153 262
153 215
153 230
153 290
153 303
153 296
153 286
153 310
153 294
153 314
153 366
153 332
153 356
153 363
153 347
153 391
153 381
153 379
153 422
153 391
153 409
153 377
153 442
153 449
153 485
153 462
153 481
154 205
154 197
154 153
154 202
154 288
154 346
154 345
155 204
155 119
155 229
156 182
156 153
156 147
156 456
157 150
157 151
157 140
157 198
157 168
157 117
157 128
157 168
157 168
157 203
157 262
157 225
157 219
157 331
157 330
157 429
157 420
158 122
158 142
158 168
158 168
158 262
158 225
158 245
158 245
158 346
159 206
159 129
159 133
159 108
159 173
159 153
159 206
159 184
159 178
159 237
159 230
159 292
159 310
159 330
159 344
159 450
159 483
160 159
160 158
160 145
160 168
160 173
160 177
160 241
160 214
160 228
160 320
160 397
160 415
160 463
161 116
161 206
161 133
161 118
161 183
161 168
161 204
161 121
161 159
161 119
161 159
161 204
161 237
161 238
161 245
161 262
161 346
161 382
161 441
161 462
162 119
162 182
162 191
162 208
162 245
162 397
163 185
163 116
163 193
163 138
163 214
163 219
163 263
163 307
163 305
164 181
164 122
164 173
164 141
164 103
164 129
164 129
164 210
164 164
164 121
164 159
164 208
164 106
164 197
164 206
164 104
164 199
164 205
164 205
164 116
164 164
164 117
164 193
164 197
164 268
164 250
164 305
164 291
164 320
164 288
164 344
164 354
164 345
164 357
164 389
164 436
164 404
164 398
164 399
164 450
164 449
164 462
165 122
165 157
165 118
165 187
165 119
165 183
165 189
165 114
165 237
165 249
165 237
165 241
165 402
165 421
165 444
165 458
165 489
166 168
166 168
166 133
166 165
166 290
166 317
166 335
166 429
166 392
166 449
167 106
167 193
167 106
167 170
167 168
167 146
167 230
167 258
167 255
167 317
167 370
167 392
167 398
167 483
168 164
168 106
168 173
168 106
168 130
168 126
168 122
168 178
168 120
168 187
168 117
168 153
168 207
168 182
168 143
168 174
168 152
168 145
168 193
168 205
168 165
168 184
168 113
168 207
168 164
168 188
168 135
168 108
168 162
168 212
168 115
168 172
168 153
168 113
168 193
168 120
168 130
168 153
168 105
168 199
168 193
168 144
168 153
168 245
168 267
168 218
168 228
168 215
168 237
168 237
168 251
168 230
168 249
168 249
168 264
168 241
168 255
168 230
168 238
168 237
168 238
168 230
168 241
168 255
168 310
168 316
168 277
168 288
168 290
168 288
168 316
168 286
168 288
168 331
168 350
168 336
168 338
168 341
168 344
168 355
168 347
168 413
168 398
168 404
168 421
168 415
168 390
168 398
168 410
168 399
168 429
168 449
168 447
168 447
168 479
169 193
169 200
169 236
169 392
169 431
169 436
169 475
170 153
170 164
170 117
170 144
170 168
170 159
170 133
170 147
170 283
170 306
170 344
170 339
170 392
170 437
171 193
171 168
171 111
171 195
171 119
171 310
171 335
172 118
172 181
172 130
172 157
172 193
172 274
172 406
173 153
173 164
173 172
173 169
173 138
173 188
173 149
173 204
173 150
173 184
173 140
173 138
173 147
173 117
173 147
173 121
173 177
173 184
173 196
173 205
173 168
173 194
173 153
173 217
173 245
173 230
173 249
173 247
173 251
173 235
173 227
173 271
173 218
173 256
173 236
173 237
173 241
173 215
173 238
173 302
173 363
173 354
173 412
173 413
173 409
173 426
173 429
173 436
173 376
173 410
173 436
173 398
173 420
173 398
173 489
173 488
174 116
174 182
174 206
174 130
174 277
174 287
175 104
175 173
175 451
176 168
176 160
176 127
176 269
176 262
176 467
177 140
177 204
177 194
177 193
177 141
177 165
177 263
177 286
177 303
177 480
177 466
178 146
178 111
178 122
178 130
178 193
178 208
178 130
178 125
178 183
178 108
178 166
178 116
178 195
178 168
178 129
178 237
178 245
178 267
178 355
178 331
178 418
178 436
179 183
179 192
179 237
179 260
179 267
179 215
179 283
180 207
180 310
180 356
180 419
180 433
181 286
181 303
181 413
181 436
181 449
182 193
182 197
182 104
182 165
182 133
182 106
182 162
182 119
182 162
182 168
182 104
182 126
182 237
182 251
182 288
182 356
182 336
182 384
182 398
182 429
182 413
183 156
183 150
183 111
183 160
183 122
183 122
183 117
183 117
183 173
183 111
183 116
183 166
183 189
183 154
183 116
183 111
183 149
183 104
183 206
183 153
183 142
183 193
183 237
183 249
183 236
183 226
183 429
183 434
183 433
183 389
183 457
183 450
183 456
183 472
184 117
184 145
184 145
184 184
184 181
184 110
184 208
184 191
184 204
184 187
184 130
184 267
184 238
184 242
184 216
184 245
184 310
184 294
184 287
184 283
184 410
184 408
184 420
184 454
184 463
184 461
185 193
185 147
185 168
185 183
185 122
185 164
185 187
185 125
185 135
185 193
185 120
185 118
185 118
185 169
185 257
185 237
185 245
185 244
185 310
185 413
185 392
185 537
186 111
186 237
186 441
187 118
187 108
187 117
187 196
187 111
187 161
187 166
187 125
187 269
187 249
187 218
187 214
187 262
187 316
187 363
187 354
187 391
187 413
188 184
188 143
188 111
188 153
188 208
188 133
188 106
188 172
188 105
188 161
188 166
188 221
188 232
188 214
188 313
188 277
188 370
188 354
189 153
189 205
189 199
189 205
189 122
189 111
189 203
189 158
189 115
189 153
189 129
189 194
189 191
189 163
189 108
189 173
189 103
189 119
189 255
189 237
189 238
189 346
189 336
189 358
189 370
189 341
189 394
189 392
189 412
189 436
190 118
190 223
190 370
191 199
191 119
191 133
191 201
191 164
191 197
191 124
191 188
191 134
191 182
191 165
191 182
191 153
191 208
191 193
191 206
191 119
191 206
191 106
191 206
191 262
191 237
191 237
191 237
191 214
191 277
191 294
191 355
191 339
191 345
191 330
191 429
192 111
192 185
192 140
192 103
192 225
192 250
192 398
193 119
193 106
193 193
193 122
193 204
193 197
193 205
193 159
193 168
193 193
193 133
193 131
193 119
193 125
193 178
193 153
193 108
193 140
193 204
193 197
193 146
193 111
193 193
193 193
193 206
193 164
193 120
193 126
193 162
193 116
193 135
193 130
193 204
193 111
193 197
193 126
193 184
193 129
193 193
193 111
193 187
193 169
193 153
193 141
193 113
193 132
193 129
193 138
193 200
193 148
193 208
193 149
193 183
193 130
193 168
193 153
193 168
193 173
193 236
193 247
193 255
193 230
193 245
193 252
193 250
193 232
193 237
193 237
193 237
193 264
193 262
193 236
193 309
193 292
193 287
193 283
193 316
193 294
193 313
193 282
193 323
193 313
193 349
193 350
193 348
193 355
193 437
193 387
193 398
193 413
193 447
193 444
193 445
193 470
194 122
194 173
194 111
194 119
194 158
194 126
194 122
194 117
194 237
194 323
194 303
194 351
194 450
195 196
195 103
195 193
195 208
195 194
195 188
195 141
195 119
195 164
195 113
195 129
195 195
195 118
195 188
195 193
195 120
195 117
195 206
195 140
195 173
195 189
195 168
195 214
195 236
195 271
195 345
195 336
195 332
195 347
195 404
196 111
196 218
197 181
197 164
197 201
197 113
197 130
197 164
197 157
197 155
197 189
197 185
197 120
197 140
197 153
197 182
197 106
197 168
197 253
197 272
197 331
197 352
197 363
197 436
197 398
197 377
197 430
197 436
197 395
197 456
198 106
198 143
198 294
198 413
199 168
199 180
199 156
199 197
199 204
199 199
199 130
199 119
199 205
199 217
199 347
199 357
199 398
199 449
200 125
200 112
200 150
200 193
200 146
200 207
200 151
200 106
200 202
200 182
200 256
200 237
200 283
200 325
200 317
200 363
200 331
201 117
201 115
201 149
201 185
201 113
201 170
201 245
201 283
201 314
202 161
202 116
202 152
202 211
202 122
202 164
202 223
202 221
202 303
202 413
203 206
203 293
203 314
203 436
204 164
204 212
204 145
204 194
204 184
204 204
204 197
204 155
204 117
204 193
204 109
204 195
204 168
204 191
204 189
204 139
204 174
204 194
204 161
204 167
204 242
204 249
204 219
204 317
204 303
204 293
204 285
204 293
204 361
204 331
204 366
204 355
204 436
204 398
204 389
204 404
204 449
205 117
205 207
205 126
205 189
205 106
205 150
205 157
205 191
205 122
205 193
205 208
205 147
205 142
205 122
205 164
205 193
205 133
205 193
205 168
205 237
205 249
205 259
205 247
205 225
205 229
205 314
205 313
205 287
205 300
205 341
205 398
205 460
206 174
206 133
206 197
206 165
206 187
206 153
206 168
206 111
206 127
206 157
206 189
206 205
206 181
206 117
206 128
206 129
206 164
206 166
206 184
206 118
206 205
206 152
206 120
206 170
206 184
206 193
206 113
206 126
206 168
206 103
206 153
206 156
206 215
206 219
206 215
206 293
206 306
206 340
206 336
206 355
206 398
206 390
206 390
206 377
206 398
206 387
206 412
206 415
206 390
206 392
207 184
207 104
207 164
207 130
207 171
207 184
207 119
207 296
207 308
207 486
208 153
208 113
208 177
208 168
208 189
208 106
208 130
208 111
208 105
208 108
208 177
208 193
208 224
208 232
208 238
208 236
208 232
208 294
208 309
208 293
208 435
208 384
208 387
208 421
208 410
208 449
208 450
209 110
209 163
209 204
209 117
210 182
210 205
210 130
210 193
210 157
210 149
210 199
210 193
210 153
210 119
210 237
210 218
210 317
210 286
210 410
210 390
211 140
211 125
211 140
211 193
211 267
211 338
211 389
211 419
212 119
212 111
212 146
212 195
212 125
212 110
212 255
212 310
212 283
212 403
213 222
213 262
213 398
214 223
214 230
214 242
214 221
214 245
214 255
214 214
214 254
214 259
214 244
214 237
214 257
214 219
214 242
214 219
214 214
214 273
214 286
214 317
214 293
214 310
214 303
214 286
214 314
214 305
214 363
214 356
214 339
214 355
214 340
214 331
214 395
214 404
214 379
214 433
214 416
214 425
214 404
214 437
214 420
214 392
214 413
214 429
214 410
214 450
214 452
214 463
215 218
215 247
215 214
215 262
215 215
215 237
215 237
215 267
215 215
215 274
215 226
215 228
215 214
215 236
215 221
215 214
215 247
215 270
215 306
215 303
215 313
215 288
215 337
215 352
215 400
215 387
215 404
215 425
215 374
215 436
215 447
215 440
215 505
216 267
216 271
216 241
216 218
216 215
216 245
216 267
216 217
216 249
216 255
216 245
216 287
216 309
216 284
216 316
216 398
216 398
216 429
216 450
216 483
217 218
217 214
217 216
217 266
217 310
217 282
217 296
217 395
217 403
217 442
218 223
218 262
218 232
218 273
218 232
218 247
218 237
218 255
218 245
218 256
218 255
218 249
218 245
218 224
218 242
218 265
218 249
218 249
218 313
218 310
218 321
218 303
218 316
218 305
218 310
218 286
218 307
218 289
218 344
218 341
218 337
218 376
218 412
218 387
218 392
218 425
218 436
218 398
218 449
218 442
219 244
219 218
219 249
219 255
219 225
219 236
219 249
219 247
219 249
219 245
219 214
219 214
219 230
219 237
219 237
219 274
219 253
219 238
219 218
219 244
219 244
219 237
219 243
219 216
219 237
219 239
219 237
219 232
219 266
219 219
219 290
219 323
219 308
219 285
219 317
219 321
219 355
219 342
219 330
219 416
219 433
219 410
219 377
219 398
219 373
219 398
219 429
219 404
219 398
219 398
219 398
219 405
219 403
219 390
219 387
219 447
219 447
220 237
220 237
220 221
220 473
221 221
221 219
221 265
221 255
221 215
221 216
221 228
221 237
221 325
221 305
221 310
221 355
221 358
221 393
221 426
221 434
221 436
221 380
221 450
221 444
222 272
222 237
222 219
222 225
222 214
222 214
222 235
222 228
222 347
222 404
222 398
222 421
223 237
223 271
223 219
223 239
223 245
223 247
223 237
223 215
223 293
223 398
223 403
223 448
223 447
223 441
224 269
224 255
224 230
224 232
224 305
224 363
224 436
224 575
225 241
225 261
225 243
225 237
225 226
225 214
225 260
225 249
225 230
225 224
225 238
225 228
225 244
225 232
225 237
225 246
225 238
225 237
225 247
225 249
225 241
225 230
225 237
225 254
225 224
225 259
225 293
225 283
225 294
225 370
225 369
225 381
225 397
225 390
225 437
225 421
225 398
225 389
225 398
225 421
225 441
225 456
225 530
226 237
226 228
226 230
226 242
226 237
226 320
226 331
226 352
226 405
226 387
226 387
226 383
226 398
226 390
227 241
227 244
227 262
227 244
227 219
227 268
227 247
227 305
227 398
227 417
227 436
227 421
227 426
227 445
227 570
228 237
228 270
228 219
228 256
228 237
228 215
228 222
228 277
228 288
228 331
228 332
228 422
228 449
229 237
229 249
230 214
230 272
230 214
230 259
230 271
230 227
230 230
230 216
230 225
230 267
230 216
230 256
230 231
230 236
230 244
230 247
230 267
230 237
230 232
230 214
230 238
230 219
230 239
230 214
230 218
230 302
230 317
230 288
230 310
230 320
230 286
230 308
230 317
230 364
230 330
230 345
230 421
230 397
230 434
230 387
230 391
230 398
230 396
230 415
230 390
230 425
230 436
230 449
230 450
230 481
231 263
231 340
231 413
231 387
232 234
232 237
232 240
232 242
232 244
232 230
232 226
232 249
232 218
232 237
232 225
232 249
232 230
232 222
232 255
232 237
232 221
232 239
232 255
232 261
232 266
232 268
232 267
232 275
232 287
232 310
232 288
232 296
232 338
232 341
232 336
232 331
232 363
232 346
232 359
232 380
232 413
232 404
232 398
232 436
232 406
232 392
232 436
233 267
233 247
233 245
233 215
233 215
233 288
233 338
233 330
233 371
233 379
233 422
233 373
233 434
234 243
234 237
234 230
234 288
234 281
234 317
234 344
234 383
234 396
234 436
234 449
235 219
235 249
235 237
235 214
235 262
235 221
235 258
235 277
235 344
235 350
235 392
235 418
236 267
236 238
236 273
236 259
236 232
236 243
236 256
236 218
236 237
236 245
236 214
236 214
236 237
236 226
236 264
236 214
236 247
236 288
236 288
236 321
236 325
236 290
236 325
236 345
236 405
236 420
236 429
236 387
236 425
236 448
236 441
236 463
237 237
237 247
237 262
237 218
237 249
237 221
237 219
237 245
237 220
237 228
237 225
237 238
237 218
237 247
237 230
237 237
237 218
237 218
237 237
237 244
237 219
237 241
237 247
237 237
237 237
237 225
237 247
237 267
237 237
237 237
237 269
237 242
237 269
237 255
237 219
237 255
237 264
237 221
237 232
237 218
237 230
237 221
237 237
237 214
237 216
237 249
237 249
237 219
237 255
237 292
237 303
237 317
237 315
237 325
237 320
237 284
237 309
237 294
237 293
237 296
237 300
237 296
237 277
237 317
237 310
237 276
237 289
237 321
237 294
237 307
237 317
237 351
237 340
237 330
237 331
237 370
237 355
237 363
237 357
237 354
237 354
237 331
237 370
237 354
237 397
237 417
237 434
237 389
237 380
237 397
237 392
237 435
237 398
237 437
237 436
237 431
237 394
237 436
237 413
237 383
237 398
237 398
237 436
237 420
237 415
237 391
237 412
237 429
237 428
237 380
237 384
237 429
237 449
237 447
237 449
237 449
237 480
238 261
238 235
238 245
238 235
238 219
238 241
238 283
238 325
238 292
238 330
238 396
238 413
238 437
238 449
238 483
238 604
239 250
239 237
239 241
239 224
239 218
239 236
239 224
239 227
239 293
239 363
239 384
239 377
239 410
239 396
240 214
240 225
240 272
240 288
240 403
241 262
241 237
241 256
241 242
241 223
241 241
241 230
241 236
241 241
241 238
241 232
241 233
241 233
241 217
241 218
241 270
241 309
241 321
241 313
241 299
241 310
241 287
241 363
241 347
241 437
241 397
241 397
241 379
241 413
241 407
241 391
241 415
241 397
241 391
241 393
241 398
241 420
241 449
241 444
241 480
242 265
242 214
242 236
242 247
242 249
242 262
242 255
242 237
242 263
242 249
242 219
242 214
242 245
242 219
242 278
242 293
242 355
242 354
242 413
242 416
242 387
242 436
242 436
242 433
242 371
242 451
243 216
243 238
243 267
243 225
243 232
243 308
243 353
243 431
243 410
243 398
244 241
244 273
244 255
244 235
244 255
244 230
244 237
244 241
244 241
244 219
244 242
244 325
244 288
244 290
244 308
244 310
244 318
244 300
244 310
244 335
244 342
244 355
244 380
244 384
244 436
244 429
244 436
244 389
244 437
244 423
244 449
244 450
244 444
245 249
245 218
245 214
245 268
245 249
245 216
245 250
245 244
245 245
245 256
245 244
245 249
245 255
245 255
245 237
245 214
245 239
245 226
245 288
245 281
245 309
245 277
245 317
245 278
245 302
245 302
245 286
245 358
245 379
245 404
245 404
245 436
245 398
245 387
245 371
245 429
245 389
245 382
245 436
245 398
245 413
245 408
245 400
245 382
245 453
246 250
246 232
246 310
246 346
246 398
246 403
247 230
247 258
247 215
247 239
247 259
247 262
247 246
247 262
247 221
247 223
247 237
247 237
247 215
247 296
247 287
247 289
247 339
247 340
247 354
247 358
247 354
247 410
247 436
247 384
247 436
247 404
247 436
247 429
247 383
247 389
247 418
247 437
247 436
247 389
247 440
248 437
248 391
248 398
248 465
249 259
249 245
249 259
249 255
249 262
249 218
249 230
249 221
249 269
249 273
249 214
249 249
249 232
249 255
249 242
249 219
249 230
249 245
249 237
249 242
249 235
249 255
249 218
249 214
249 247
249 250
249 256
249 254
249 247
249 237
249 214
249 247
249 309
249 308
249 317
249 310
249 303
249 310
249 277
249 284
249 275
249 338
249 328
249 354
249 328
249 398
249 392
249 398
249 436
249 375
249 405
249 390
249 391
249 393
249 388
249 417
249 379
249 375
249 422
249 438
249 390
249 450
249 453
250 214
250 241
250 331
250 404
251 215
251 225
251 241
251 254
251 255
251 288
252 239
252 218
252 257
252 347
252 422
253 229
253 247
253 242
253 216
253 317
253 329
253 413
253 437
253 373
253 444
254 266
254 253
254 247
254 218
254 231
254 264
254 262
254 226
254 336
254 421
255 219
255 245
255 263
255 237
255 265
255 262
255 256
255 218
255 225
255 224
255 249
255 249
255 249
255 214
255 262
255 219
255 255
255 267
255 218
255 237
255 255
255 244
255 239
255 258
255 255
255 228
255 225
255 219
255 219
255 214
255 263
255 248
255 214
255 233
255 230
255 230
255 219
255 219
255 237
255 237
255 250
255 262
255 305
255 292
255 290
255 281
255 288
255 325
255 316
255 323
255 288
255 287
255 286
255 314
255 312
255 290
255 315
255 293
255 305
255 283
255 331
255 363
255 354
255 355
255 354
255 363
255 363
255 345
255 356
255 327
255 332
255 356
255 428
255 413
255 393
255 425
255 381
255 398
255 388
255 371
255 393
255 404
255 380
255 404
255 387
255 436
255 420
255 447
255 449
255 454
255 450
255 456
255 489
255 551
256 223
256 230
256 219
256 219
256 216
256 262
256 214
256 241
256 219
256 294
256 325
256 294
256 284
256 275
256 439
256 436
256 462
257 290
257 286
257 367
257 363
257 404
257 425
257 398
257 483
258 225
258 215
258 237
258 232
258 347
258 332
258 347
258 369
258 379
258 410
258 451
259 226
259 245
259 272
259 266
259 230
259 223
259 256
259 259
259 288
259 281
259 310
259 277
259 332
259 349
259 331
259 425
259 436
259 451
260 244
260 266
260 260
260 219
260 247
260 263
260 255
260 237
260 331
260 404
260 436
260 416
260 449
261 267
261 219
261 249
261 249
261 245
261 308
261 413
262 214
262 274
262 249
262 213
262 262
262 230
262 218
262 242
262 237
262 255
262 249
262 230
262 215
262 247
262 231
262 269
262 229
262 225
262 243
262 257
262 237
262 230
262 238
262 237
262 262
262 266
262 240
262 216
262 255
262 264
262 226
262 265
262 230
262 236
262 231
262 317
262 305
262 279
262 305
262 363
262 354
262 346
262 344
262 365
262 398
262 434
262 429
262 390
262 434
262 419
262 385
262 436
262 436
262 398
262 456
262 473
262 462
263 271
263 228
263 236
263 230
263 398
263 396
263 409
263 557
264 237
264 235
264 269
264 410
264 420
264 375
264 425
264 398
264 389
265 262
265 267
265 230
265 219
265 309
265 277
265 281
265 361
265 377
265 436
265 399
266 255
266 255
266 221
266 238
266 229
266 237
266 232
266 214
266 237
266 256
266 219
266 223
266 289
266 294
266 332
266 349
266 398
266 421
266 483
267 241
267 237
267 241
267 263
267 231
267 255
267 258
267 255
267 237
267 230
267 275
267 284
267 310
267 314
267 363
267 339
267 373
267 436
267 436
267 384
267 443
267 483
268 241
268 227
268 244
268 226
268 232
268 262
268 239
268 325
268 359
268 336
268 380
268 420
268 467
269 219
269 239
269 214
269 215
269 236
269 357
269 363
269 420
269 404
269 436
269 413
269 462
270 245
270 247
270 255
270 239
270 277
270 436
271 258
271 216
271 250
271 255
271 250
271 318
271 321
271 363
271 361
271 425
272 219
272 237
272 389
272 413
272 421
272 410
273 237
273 237
273 247
273 214
273 219
273 233
273 270
273 265
273 250
273 247
273 303
273 398
273 437
273 379
273 393
273 410
273 444
274 270
274 392
275 288
275 280
275 283
275 305
275 293
275 288
275 305
275 288
275 299
275 316
275 369
275 355
275 391
275 379
275 371
275 377
275 375
275 398
276 291
276 290
276 292
276 336
277 309
277 317
277 317
277 310
277 277
277 288
277 317
277 297
277 290
277 321
277 323
277 317
277 317
277 323
277 296
277 315
277 290
277 277
277 319
277 307
277 300
277 303
277 310
277 307
277 280
277 277
277 307
277 314
277 293
277 317
277 316
277 292
277 323
277 310
277 275
277 300
277 283
277 310
277 307
277 303
277 292
277 341
277 339
277 339
277 340
277 354
277 387
277 436
277 389
277 390
277 404
277 403
277 436
277 377
277 429
277 433
277 398
277 392
277 473
277 587
277 508
278 310
278 308
278 344
278 449
278 480
279 310
279 288
279 279
279 431
279 420
280 296
280 325
280 434
281 321
281 283
281 314
281 283
281 283
281 326
281 321
281 310
281 292
281 288
281 288
281 293
281 325
281 316
281 278
281 305
281 320
281 293
281 283
281 288
281 322
281 288
281 313
281 288
281 279
281 305
281 292
281 352
281 338
281 355
281 344
281 383
281 398
281 398
281 431
281 437
281 421
281 416
281 410
281 389
281 381
281 404
281 487
281 552
281 607
282 314
282 294
282 318
282 317
282 310
282 303
282 342
283 310
283 301
283 303
283 288
283 310
283 303
283 279
283 321
283 299
283 287
283 288
283 275
283 310
283 294
283 317
283 321
283 288
283 300
283 292
283 288
283 290
283 288
283 294
283 292
283 309
283 290
283 294
283 310
283 290
283 305
283 362
283 363
283 398
283 437
283 392
283 434
283 392
283 434
283 413
283 568
283 569
284 283
284 287
284 321
284 302
284 344
284 392
284 408
284 432
286 316
286 284
286 308
286 320
286 294
286 288
286 323
286 292
286 320
286 305
286 310
286 288
286 296
286 288
286 280
286 310
286 325
286 275
286 310
286 286
286 292
286 310
286 316
286 316
286 307
286 344
286 330
286 352
286 358
286 349
286 350
286 331
286 398
286 433
286 377
286 392
286 472
286 464
286 607
287 313
287 296
287 308
287 287
287 308
287 341
287 350
287 398
287 422
287 392
287 436
288 292
288 286
288 320
288 310
288 287
288 316
288 284
288 310
288 288
288 277
288 307
288 310
288 303
288 283
288 310
288 321
288 283
288 302
288 277
288 308
288 288
288 283
288 306
288 310
288 280
288 292
288 288
288 287
288 288
288 277
288 286
288 310
288 302
288 298
288 321
288 290
288 288
288 286
288 283
288 310
288 281
288 316
288 292
288 305
288 299
288 310
288 277
288 275
288 288
288 288
288 306
288 279
288 281
288 317
288 320
288 293
288 275
288 321
288 281
288 316
288 288
288 310
288 296
288 277
288 280
288 359
288 363
288 350
288 346
288 369
288 331
288 332
288 363
288 340
288 332
288 354
288 342
288 418
288 374
288 399
288 391
288 389
288 436
288 393
288 371
288 425
288 392
288 383
288 440
288 459
288 459
288 483
288 507
289 292
289 288
289 288
289 288
289 288
289 324
289 323
289 286
289 290
289 294
289 296
289 331
289 363
289 422
289 411
289 417
289 410
289 398
289 416
289 395
289 404
289 456
290 321
290 293
290 300
290 290
290 294
290 281
290 317
290 303
290 310
290 294
290 288
290 277
290 311
290 309
290 325
290 293
290 354
290 336
290 437
290 437
290 437
290 390
290 392
290 421
290 387
290 379
290 436
290 390
290 404
290 443
290 449
290 504
290 575
291 305
291 303
291 279
291 296
291 296
291 310
291 288
291 373
291 392
291 434
291 398
292 300
292 293
292 314
292 296
292 288
292 288
292 302
292 326
292 275
292 317
292 277
292 310
292 310
292 347
292 363
292 413
292 416
292 413
292 436
292 415
292 434
292 418
292 589
293 302
293 296
293 298
293 307
293 296
293 298
293 289
293 288
293 288
293 314
293 321
293 317
293 303
293 290
293 303
293 308
293 310
293 288
293 321
293 277
293 288
293 295
293 288
293 311
293 302
293 286
293 321
293 289
293 308
293 307
293 307
293 314
293 294
293 345
293 346
293 370
293 331
293 330
293 370
293 397
293 377
293 381
293 389
293 384
293 436
293 436
293 384
293 437
293 392
293 392
293 407
293 392
293 398
293 395
293 410
293 436
293 415
293 398
293 449
293 467
293 477
293 465
293 563
293 569
294 292
294 281
294 299
294 283
294 303
294 293
294 286
294 281
294 293
294 310
294 294
294 321
294 277
294 319
294 303
294 277
294 288
294 321
294 310
294 362
294 363
294 340
294 336
294 354
294 358
294 430
294 436
294 398
294 424
294 404
294 426
294 425
294 387
294 398
294 384
294 451
295 303
295 314
295 292
295 305
295 320
295 290
295 293
295 310
295 363
295 356
295 430
295 371
295 473
295 466
295 520
296 302
296 299
296 296
296 277
296 297
296 287
296 300
296 308
296 316
296 296
296 296
296 283
296 296
296 288
296 288
296 310
296 317
296 288
296 293
296 281
296 310
296 290
296 362
296 356
296 352
296 398
296 399
296 434
296 426
296 407
296 392
296 398
296 436
296 436
296 409
296 391
296 389
296 427
296 390
296 449
296 557
296 601
298 292
298 313
298 285
298 316
298 311
298 311
298 307
298 290
298 363
298 338
298 387
299 308
299 286
299 323
299 321
299 290
299 278
299 483
300 308
300 283
300 294
300 313
300 279
300 295
300 293
300 290
300 296
300 308
300 433
300 429
301 296
301 327
302 314
302 277
302 293
302 288
302 283
302 288
302 289
302 293
302 317
302 336
302 346
302 355
302 397
302 398
302 388
302 397
302 593
303 286
303 287
303 321
303 293
303 296
303 294
303 302
303 283
303 307
303 313
303 281
303 308
303 290
303 290
303 303
303 290
303 288
303 284
303 281
303 277
303 338
303 347
303 349
303 343
303 436
303 436
303 429
303 436
303 391
303 384
303 398
303 449
303 440
303 473
303 523
304 461
305 286
305 320
305 303
305 296
305 288
305 293
305 289
305 288
305 296
305 293
305 288
305 281
305 277
305 293
305 290
305 300
305 293
305 275
305 316
305 316
305 341
305 366
305 363
305 365
305 345
305 351
305 370
305 425
305 380
305 413
305 398
305 421
305 419
305 399
305 390
305 436
305 427
305 450
306 317
306 310
306 316
306 286
306 288
306 288
306 316
306 294
306 277
306 369
306 395
306 437
306 407
306 373
306 443
307 294
307 317
307 303
307 310
307 296
307 296
307 293
307 321
307 321
307 316
307 302
307 338
307 363
307 436
307 389
307 450
307 464
307 485
307 530
308 296
308 287
308 288
308 324
308 294
308 293
308 281
308 310
308 283
308 316
308 277
308 296
308 337
308 363
308 363
308 424
308 667
309 288
309 321
309 306
309 293
309 290
309 347
309 422
309 418
309 398
309 387
309 449
310 277
310 321
310 296
310 316
310 303
310 282
310 288
310 288
310 321
310 316
310 294
310 313
310 305
310 306
310 311
310 275
310 323
310 317
310 275
310 317
310 286
310 288
310 294
310 277
310 292
310 317
310 317
310 321
310 283
310 310
310 287
310 292
310 293
310 305
310 290
310 296
310 316
310 315
310 287
310 277
310 296
310 295
310 320
310 283
310 317
310 325
310 320
310 314
310 292
310 288
310 369
310 346
310 353
310 363
310 332
310 358
310 348
310 437
310 431
310 390
310 431
310 428
310 393
310 377
310 404
310 423
310 398
310 410
310 436
310 397
310 379
310 431
310 440
310 444
310 440
310 470
310 556
310 530
310 530
311 292
311 277
311 281
311 325
311 308
311 320
311 449
311 450
311 454
311 681
312 303
312 317
312 338
313 310
313 288
313 281
313 317
313 288
313 282
313 303
313 320
313 288
313 347
313 357
313 402
313 436
313 472
314 278
314 320
314 283
314 305
314 314
314 310
314 307
314 310
314 317
314 310
314 320
314 283
314 286
314 315
314 288
314 310
314 292
314 316
314 310
314 289
314 355
314 404
314 379
314 410
314 397
314 391
314 418
314 389
314 400
314 447
314 539
315 292
315 288
315 300
315 296
315 284
315 318
315 389
315 398
315 454
315 504
316 324
316 277
316 325
316 293
316 275
316 288
316 284
316 310
316 296
316 293
316 306
316 294
316 288
316 277
316 294
316 288
316 356
316 354
316 331
316 358
316 371
316 436
316 413
316 391
316 381
317 290
317 317
317 293
317 303
317 293
317 305
317 310
317 321
317 323
317 277
317 277
317 317
317 292
317 277
317 314
317 310
317 294
317 292
317 317
317 296
317 310
317 308
317 288
317 283
317 310
317 278
317 325
317 310
317 286
317 363
317 358
317 350
317 355
317 331
317 363
317 329
317 350
317 337
317 347
317 331
317 342
317 347
317 339
317 404
317 421
317 436
317 415
317 436
317 379
317 436
317 377
317 389
317 410
317 404
317 382
317 434
317 398
317 417
317 430
317 437
317 464
317 521
317 586
318 307
318 325
318 290
318 313
318 359
318 391
318 375
318 436
318 390
319 288
320 310
320 286
320 277
320 281
320 294
320 283
320 310
320 286
320 284
320 286
320 317
320 306
320 288
320 363
320 392
320 420
320 384
321 321
321 294
321 290
321 301
321 288
321 318
321 293
321 356
321 371
321 425
321 413
321 487
322 376
323 288
323 296
323 290
323 294
323 310
323 320
323 296
323 305
323 325
323 310
323 284
323 277
323 277
323 303
323 277
323 347
323 421
323 415
323 428
323 391
323 404
323 449
323 530
324 288
324 296
324 290
324 314
325 288
325 308
325 321
325 317
325 310
325 294
325 309
325 320
325 275
325 317
325 314
325 298
325 288
325 364
325 341
325 347
325 370
325 331
325 364
325 426
325 379
325 372
325 409
327 363
327 350
327 341
327 336
327 354
328 358
328 329
328 355
328 349
328 331
328 332
328 336
328 346
328 383
329 393
330 370
330 363
330 360
330 340
330 363
330 369
330 345
330 347
330 331
330 363
330 341
330 355
330 338
330 337
330 354
330 398
330 377
331 331
331 363
331 360
331 332
331 341
331 347
331 347
331 358
331 342
331 344
331 363
331 344
331 331
331 363
331 369
331 356
331 344
331 355
331 340
331 332
331 344
331 344
331 370
331 354
331 363
331 345
331 362
331 328
331 327
331 356
331 339
331 352
331 363
331 331
331 345
331 370
331 351
331 354
331 360
331 331
331 355
331 331
331 355
331 370
331 331
331 347
331 355
331 331
331 332
331 356
331 435
331 436
331 397
331 392
331 436
331 421
331 385
331 383
331 413
331 442
331 463
331 465
331 604
331 561
332 347
332 347
332 354
332 347
332 363
332 354
332 361
332 327
332 344
332 339
332 363
332 355
332 354
332 355
332 332
332 356
332 332
332 398
332 398
332 390
332 411
332 440
332 504
332 586
333 357
334 335
334 362
334 332
334 341
335 356
335 337
335 375
335 601
336 362
336 331
336 369
336 339
336 331
336 354
336 363
336 358
336 362
336 328
336 369
336 331
336 357
336 337
336 331
336 369
336 337
336 353
336 341
336 334
336 362
336 355
336 355
336 363
336 375
336 412
336 380
336 398
336 422
336 483
336 604
337 341
337 346
337 352
337 436
337 415
337 390
337 604
338 366
338 370
338 347
338 363
338 350
338 331
338 355
338 338
338 363
338 357
338 331
338 355
338 436
339 354
339 350
339 330
339 337
339 347
339 341
339 331
339 331
339 363
339 346
339 341
339 356
339 426
339 521
340 338
340 356
340 338
340 363
340 339
340 330
340 363
340 362
340 355
340 370
340 377
340 419
341 350
341 343
341 336
341 353
341 330
341 355
341 340
341 344
341 355
341 338
341 331
341 363
341 347
341 329
341 363
341 339
341 331
341 398
341 436
341 673
342 362
342 354
342 370
342 363
342 347
342 336
342 350
342 353
342 332
342 389
342 557
342 538
344 363
344 344
344 347
344 363
344 344
344 336
344 331
344 354
344 358
344 356
344 370
344 350
344 340
344 353
344 338
344 359
344 358
344 370
344 344
344 358
344 370
344 331
344 331
344 331
344 332
344 415
344 434
344 470
344 463
344 483
344 488
345 356
345 346
345 370
345 347
345 354
345 344
345 336
345 370
345 350
345 354
345 355
345 346
345 357
345 332
345 346
345 330
345 331
345 332
345 436
346 354
346 352
346 335
346 354
346 342
346 355
346 346
346 350
346 355
346 331
346 347
346 331
346 363
346 370
346 350
346 357
346 420
346 421
346 390
346 398
346 417
346 412
346 379
346 407
346 480
346 593
347 347
347 336
347 344
347 347
347 352
347 354
347 344
347 358
347 354
347 332
347 331
347 331
347 355
347 332
347 350
347 358
347 370
347 347
347 344
347 354
347 341
347 347
347 370
347 336
347 363
347 338
347 358
347 353
347 360
347 353
347 338
347 350
347 369
347 355
347 354
347 338
347 345
347 331
347 336
347 377
347 422
347 398
347 425
347 398
347 389
347 465
347 562
347 586
348 358
348 350
348 362
348 363
348 331
348 412
349 346
349 338
349 370
349 363
349 356
349 389
350 354
350 336
350 347
350 336
350 363
350 332
350 336
350 362
350 331
350 363
350 352
350 352
350 370
350 346
350 429
350 388
350 444
350 470
350 586
351 354
351 332
351 356
351 340
351 357
351 347
351 353
352 358
352 370
352 341
352 340
352 341
352 331
352 355
352 433
352 463
353 328
353 347
353 356
353 327
354 366
354 363
354 354
354 331
354 358
354 341
354 358
354 336
354 363
354 344
354 331
354 330
354 367
354 352
354 347
354 357
354 344
354 331
354 335
354 370
354 372
354 397
354 419
354 404
354 468
354 473
354 586
354 519
354 530
355 346
355 358
355 356
355 340
355 336
355 344
355 328
355 331
355 354
355 331
355 353
355 344
355 339
355 336
355 339
355 344
355 354
355 363
355 347
355 369
355 363
355 338
355 331
355 355
355 429
355 387
355 398
355 387
355 412
355 481
355 530
355 507
355 508
356 344
356 357
356 340
356 355
356 347
356 331
356 330
356 334
356 354
356 363
356 340
356 358
356 350
356 398
356 415
357 336
357 363
357 340
357 363
357 348
357 362
357 347
357 331
357 412
357 419
357 420
357 556
357 601
358 338
358 370
358 340
358 347
358 330
358 331
358 363
358 347
358 370
358 355
358 332
358 352
358 331
358 354
358 363
358 434
358 511
359 473
360 344
360 366
360 347
360 398
360 371
361 369
361 370
361 369
361 347
361 363
361 355
361 523
361 530
362 369
362 351
362 331
362 340
362 350
362 346
362 396
363 347
363 328
363 341
363 332
363 332
363 347
363 369
363 331
363 369
363 339
363 331
363 363
363 336
363 345
363 330
363 354
363 330
363 341
363 356
363 341
363 347
363 331
363 346
363 347
363 344
363 346
363 341
363 332
363 354
363 346
363 345
363 350
363 354
363 362
363 347
363 363
363 331
363 354
363 357
363 357
363 392
363 408
363 437
363 436
363 411
363 413
363 473
363 463
363 601
364 354
364 332
364 358
365 331
365 331
365 398
366 345
366 332
366 344
366 344
366 345
366 429
366 530
368 369
368 410
369 355
369 363
369 338
369 363
369 355
369 331
369 328
369 347
369 356
369 389
370 335
370 341
370 346
370 365
370 347
370 352
370 341
370 354
370 357
370 342
370 344
370 344
370 331
370 328
370 363
370 332
370 344
370 346
370 340
370 378
370 389
370 391
370 397
370 469
370 463
370 583
370 662
371 434
371 372
371 415
371 432
371 390
371 436
371 415
371 454
372 436
372 398
372 392
373 387
373 379
373 404
373 391
373 420
373 398
373 398
373 436
373 387
373 436
373 449
373 447
374 413
374 389
375 398
375 436
375 387
375 409
375 398
375 384
375 429
375 391
375 411
375 413
375 483
376 415
376 429
377 398
377 434
377 436
377 398
377 387
377 389
377 376
377 404
377 398
377 392
377 392
377 380
377 421
377 389
377 421
377 436
377 392
377 371
377 379
377 413
377 434
377 387
377 387
377 434
377 413
377 384
377 443
377 449
377 450
377 538
378 436
378 398
378 418
379 423
379 434
379 383
379 398
379 420
379 413
379 398
379 397
379 436
379 426
379 449
379 465
380 433
380 436
380 387
380 436
380 436
380 413
380 413
380 396
380 423
380 387
380 398
380 436
380 398
380 404
380 398
380 380
380 420
380 436
380 429
380 392
380 436
380 390
380 575
381 400
381 398
381 422
381 437
381 426
381 387
381 429
381 436
381 436
382 434
382 415
382 379
382 436
382 433
382 397
382 433
382 447
383 389
383 404
383 377
383 437
383 436
383 403
383 413
383 436
383 382
383 429
383 379
383 387
383 390
383 390
383 415
383 407
383 420
383 568
384 413
384 371
384 429
384 396
384 389
384 436
384 400
384 377
384 398
384 380
384 389
384 415
385 398
386 398
386 413
386 395
387 398
387 422
387 379
387 379
387 401
387 421
387 380
387 429
387 398
387 377
387 375
387 375
387 404
387 425
387 420
387 377
387 410
387 429
387 389
387 389
387 423
387 390
387 413
387 436
387 425
387 423
387 449
387 450
387 451
387 449
388 418
388 373
388 399
389 398
389 398
389 415
389 372
389 436
389 411
389 404
389 413
389 413
389 398
389 377
389 385
389 436
389 407
389 395
389 389
389 409
389 421
389 391
389 398
389 434
389 398
389 406
389 404
389 382
389 398
389 425
389 380
389 429
389 436
389 447
389 447
389 462
389 552
389 593
390 392
390 408
390 426
390 381
390 409
390 398
390 400
390 432
390 392
390 399
390 435
390 436
390 413
390 435
390 389
390 372
390 421
390 387
390 426
390 379
390 429
390 422
390 398
390 398
390 429
390 435
390 420
390 436
390 377
390 436
390 425
390 389
390 391
390 436
390 380
390 387
390 393
390 449
390 440
390 442
391 392
391 393
391 417
391 392
391 390
391 398
391 385
391 434
391 387
391 419
391 404
391 425
391 398
391 392
391 436
391 437
391 428
391 413
391 418
391 387
391 411
391 445
391 447
392 407
392 398
392 392
392 410
392 390
392 400
392 392
392 414
392 398
392 372
392 398
392 404
392 410
392 398
392 371
392 377
392 398
392 405
392 420
392 380
392 392
392 398
392 379
392 412
392 409
392 403
392 406
392 398
392 436
392 387
392 423
392 436
392 421
392 436
392 437
392 398
392 398
392 413
392 436
392 404
392 392
392 383
392 380
392 404
392 401
392 432
392 422
392 422
392 415
392 397
392 421
392 436
392 450
392 450
392 449
392 459
392 454
392 463
392 460
393 430
393 436
393 392
393 397
393 373
393 445
393 450
394 405
394 375
394 389
394 391
394 404
394 419
395 421
395 413
395 436
395 393
395 377
395 398
395 420
395 418
395 389
395 449
395 449
396 380
396 391
396 413
396 407
396 422
396 385
396 381
397 436
397 420
397 392
397 430
397 388
397 418
397 413
397 389
397 426
397 383
397 387
397 434
397 429
397 436
397 418
397 398
397 389
397 383
397 420
397 442
397 450
398 390
398 389
398 436
398 389
398 384
398 425
398 433
398 389
398 423
398 436
398 398
398 391
398 389
398 373
398 425
398 390
398 384
398 389
398 429
398 392
398 436
398 397
398 410
398 372
398 398
398 400
398 426
398 391
398 400
398 387
398 373
398 395
398 421
398 413
398 413
398 421
398 404
398 398
398 436
398 404
398 429
398 437
398 404
398 413
398 392
398 422
398 398
398 372
398 433
398 425
398 436
398 404
398 398
398 427
398 399
398 413
398 377
398 436
398 384
398 398
398 410
398 412
398 398
398 400
398 392
398 415
398 433
398 434
398 436
398 437
398 410
398 436
398 383
398 409
398 413
398 389
398 416
398 390
398 436
398 436
398 436
398 404
398 384
398 429
398 390
398 410
398 398
398 390
398 378
398 420
398 418
398 434
398 371
398 391
398 396
398 434
398 404
398 422
398 399
398 377
398 387
398 389
398 391
398 387
398 452
398 450
398 443
398 442
398 442
398 447
398 443
398 450
398 480
398 463
398 460
398 530
399 422
399 379
399 409
399 398
400 413
400 437
400 389
400 381
400 404
400 415
400 372
400 404
400 389
400 452
401 436
401 412
401 440
403 436
403 420
403 389
403 413
403 398
403 392
403 410
403 419
403 413
403 436
403 439
403 436
403 404
403 422
403 450
403 457
403 440
404 400
404 413
404 437
404 373
404 404
404 392
404 397
404 420
404 420
404 421
404 386
404 436
404 410
404 391
404 436
404 425
404 416
404 384
404 436
404 426
404 377
404 433
404 427
404 398
404 449
404 447
404 483
405 377
405 379
405 427
405 423
405 390
405 389
405 426
405 449
406 389
406 399
406 387
406 459
407 398
407 403
407 437
407 387
408 435
408 392
408 377
408 398
408 449
409 421
409 412
409 456
410 398
410 413
410 384
410 390
410 416
410 426
410 433
410 397
410 418
410 407
410 373
410 421
410 443
410 445
410 441
410 483
412 398
412 374
412 377
412 421
412 426
412 404
412 410
413 390
413 377
413 394
413 397
413 430
413 398
413 390
413 436
413 413
413 392
413 389
413 434
413 418
413 413
413 381
413 380
413 434
413 398
413 429
413 398
413 404
413 423
413 383
413 436
413 414
413 398
413 418
413 428
413 389
413 403
413 425
413 421
413 438
413 426
413 385
413 379
413 410
413 380
413 425
413 433
413 437
413 431
413 383
413 392
413 392
413 438
413 390
413 395
413 413
413 459
413 485
413 473
414 421
414 392
414 398
414 392
415 436
415 421
415 390
415 413
415 392
415 392
415 405
415 436
415 413
415 379
415 397
415 429
415 375
415 436
415 434
415 441
415 449
415 476
416 398
416 429
416 392
416 389
416 429
416 405
417 413
417 392
418 436
418 371
418 390
418 431
418 413
418 377
418 398
418 398
418 399
418 390
418 377
418 454
418 444
418 460
419 389
419 384
419 419
419 394
419 398
419 409
419 429
419 440
419 459
419 449
420 436
420 392
420 392
420 415
420 390
420 390
420 429
420 398
420 429
420 436
420 389
420 415
420 389
420 404
420 423
420 420
420 427
420 399
420 392
420 397
420 420
420 437
420 415
420 397
420 387
420 436
420 382
420 437
420 398
420 374
420 429
420 449
420 541
421 389
421 415
421 391
421 390
421 431
421 380
421 436
421 392
421 390
421 387
421 410
421 392
421 407
421 397
421 436
421 404
421 396
421 436
421 451
421 442
421 478
421 460
422 429
422 392
422 390
422 392
422 419
422 375
422 398
423 398
423 404
423 396
423 429
423 389
423 397
423 406
423 428
423 398
423 436
423 385
423 456
423 449
425 413
425 436
425 429
425 433
425 392
425 404
425 426
425 431
425 436
425 413
425 398
425 377
425 399
425 436
425 421
425 410
425 413
425 418
425 420
425 413
425 434
425 402
425 392
425 384
425 436
425 450
425 450
425 478
426 392
426 415
426 393
426 419
426 377
426 413
426 391
426 371
426 409
426 421
426 404
426 398
426 387
426 389
426 399
426 384
426 450
426 442
426 552
427 423
427 418
427 449
428 381
429 388
429 420
429 398
429 396
429 436
429 436
429 409
429 433
429 379
429 398
429 436
429 434
429 380
429 429
429 392
429 437
429 427
429 434
429 387
429 433
429 384
429 404
429 400
429 371
429 379
429 433
429 398
429 436
429 436
429 401
429 371
429 398
429 452
429 451
429 456
429 450
430 415
430 392
430 426
430 418
431 384
431 398
431 418
431 398
431 412
431 397
432 383
432 436
432 392
432 404
432 389
433 389
433 395
433 391
433 413
433 437
433 436
433 401
433 399
433 423
433 374
433 482
434 436
434 371
434 398
434 391
434 439
434 372
434 378
434 391
434 427
434 389
434 392
434 413
434 427
434 404
434 432
434 398
434 404
434 377
434 377
434 392
434 425
434 384
434 436
434 436
434 436
434 450
434 449
434 512
435 373
435 413
435 392
435 441
435 450
436 413
436 404
436 398
436 398
436 413
436 429
436 405
436 397
436 413
436 410
436 375
436 398
436 390
436 420
436 426
436 430
436 404
436 413
436 392
436 380
436 436
436 391
436 420
436 397
436 413
436 426
436 398
436 422
436 390
436 436
436 415
436 404
436 398
436 419
436 375
436 398
436 430
436 389
436 377
436 383
436 431
436 392
436 432
436 420
436 377
436 405
436 407
436 380
436 405
436 436
436 391
436 418
436 420
436 427
436 436
436 398
436 413
436 435
436 371
436 387
436 375
436 408
436 404
436 436
436 425
436 437
436 398
436 377
436 379
436 398
436 387
436 389
436 420
436 420
436 396
436 434
436 377
436 377
436 426
436 377
436 397
436 408
436 407
436 437
436 436
436 389
436 398
436 373
436 415
436 380
436 392
436 456
436 444
436 441
436 440
436 442
436 449
436 441
436 444
436 456
437 431
437 398
437 412
437 436
437 426
437 379
437 385
437 418
437 436
437 378
437 398
437 436
437 387
437 371
437 398
437 413
437 384
437 415
437 436
437 412
437 405
437 392
437 398
437 434
437 457
437 442
437 466
438 437
438 418
439 401
440 457
440 458
440 440
440 450
440 449
440 449
440 444
440 450
440 450
440 440
440 451
440 444
440 450
440 456
440 445
440 449
440 449
440 449
440 464
440 484
441 441
441 449
441 450
441 450
441 457
441 450
441 450
441 450
441 449
441 450
441 446
441 454
441 448
442 449
442 447
442 447
442 450
442 456
442 447
442 445
442 445
442 449
442 447
442 444
442 457
442 456
442 450
442 450
442 483
442 472
443 450
443 446
443 445
443 449
443 441
443 450
443 445
443 456
443 457
443 441
443 450
443 443
443 456
444 447
444 441
444 440
444 450
444 447
444 447
444 447
444 441
444 442
444 449
444 450
444 449
444 455
444 457
444 450
444 441
444 450
444 449
444 449
444 440
444 481
444 485
444 472
444 483
445 449
445 447
445 447
445 450
445 442
445 455
445 449
445 443
445 450
445 445
445 440
445 440
445 449
445 451
445 451
445 444
445 447
445 449
445 444
445 470
446 456
446 450
446 445
446 444
446 441
446 463
446 483
447 450
447 449
447 450
447 441
447 449
447 450
447 442
447 449
447 447
447 447
447 449
447 459
447 448
447 451
447 447
447 449
447 459
447 450
447 447
447 450
447 449
447 447
447 449
447 447
447 449
447 449
447 441
447 453
447 446
447 451
447 443
447 450
447 444
447 450
447 449
447 465
447 466
447 523
448 456
448 457
448 450
448 459
448 456
448 447
448 450
448 457
449 441
449 450
449 453
449 449
449 449
449 450
449 455
449 450
449 442
449 446
449 449
449 447
449 451
449 447
449 449
449 444
449 449
449 449
449 444
449 456
449 451
449 442
449 446
449 444
449 454
449 445
449 456
449 451
449 450
449 453
449 450
449 441
449 447
449 442
449 453
449 449
449 447
449 441
449 449
449 450
449 449
449 447
449 447
449 449
449 441
449 441
449 455
449 456
449 448
449 447
449 451
449 444
449 451
449 450
449 449
449 452
449 449
449 447
449 451
449 450
449 440
449 449
449 458
449 450
449 456
449 440
449 442
449 447
449 443
449 449
449 450
449 440
449 454
449 444
449 449
449 451
449 458
449 441
449 478
449 476
449 473
449 469
449 467
450 449
450 442
450 454
450 449
450 442
450 449
450 450
450 450
450 450
450 440
450 458
450 449
450 444
450 444
450 450
450 457
450 450
450 451
450 458
450 449
450 449
450 449
450 452
450 447
450 445
450 447
450 457
450 456
450 443
450 450
450 447
450 450
450 449
450 447
450 457
450 440
450 441
450 451
450 450
450 445
450 456
450 450
450 450
450 447
450 449
450 446
450 449
450 450
450 451
450 451
450 445
450 449
450 456
450 449
450 443
450 447
450 440
450 447
450 449
450 450
450 449
450 444
450 454
450 447
450 489
450 460
450 463
451 449
451 443
451 440
451 455
451 447
451 448
451 456
451 442
451 459
451 449
451 449
451 449
451 447
451 449
451 451
451 449
451 442
451 450
451 451
451 449
451 440
451 456
451 444
451 447
451 440
451 447
451 450
451 450
451 459
451 477
452 447
452 449
452 450
452 445
452 449
453 442
453 450
453 451
453 447
453 449
453 447
454 450
454 442
454 450
454 450
454 449
454 449
454 449
454 450
454 449
454 444
454 449
454 450
454 440
454 451
454 486
455 450
455 454
455 449
456 450
456 447
456 449
456 447
456 443
456 449
456 447
456 449
456 447
456 444
456 449
456 456
456 442
456 440
456 445
456 451
456 452
456 444
456 450
456 447
456 451
456 442
456 449
456 457
456 447
456 446
456 449
456 440
456 473
456 470
457 442
457 451
457 456
457 440
457 450
457 448
457 450
457 449
457 449
458 444
458 447
458 461
459 455
459 440
459 445
459 443
459 449
459 451
459 451
459 449
459 456
459 454
459 451
459 440
459 443
459 451
459 444
459 450
459 459
459 460
460 473
460 480
460 484
460 467
460 473
460 481
460 473
461 483
461 465
461 472
461 476
461 474
461 470
461 465
461 463
461 485
461 465
462 463
462 480
462 486
462 473
462 484
462 474
462 466
462 460
462 488
462 461
462 489
463 489
463 486
463 463
463 463
463 483
463 475
463 479
463 476
463 489
463 461
463 466
463 476
463 460
463 472
463 480
463 466
463 472
463 467
463 473
463 483
463 462
463 470
464 463
464 469
464 463
464 480
464 467
464 472
464 469
464 488
465 476
465 482
465 463
465 463
465 476
465 463
465 463
465 463
465 489
465 487
465 475
466 489
466 488
466 465
466 465
466 478
466 474
466 486
466 469
466 473
466 472
466 466
466 473
466 481
466 484
467 469
467 489
467 484
467 480
467 486
467 483
467 483
467 466
467 463
467 484
467 463
467 465
467 476
467 462
468 473
468 473
468 486
468 463
468 465
468 463
469 473
469 485
469 480
469 463
469 463
469 462
469 462
469 463
469 480
469 473
470 489
470 464
470 488
470 469
470 483
470 474
470 460
470 483
470 480
470 475
470 463
470 460
470 489
470 465
470 476
470 486
470 475
470 467
470 486
471 463
471 461
471 472
471 473
471 481
471 559
472 469
472 460
472 488
472 480
472 463
472 476
472 489
472 470
472 481
472 482
472 473
472 460
472 489
472 472
472 474
473 463
473 487
473 481
473 460
473 474
473 483
473 484
473 463
473 478
473 483
473 483
473 474
473 489
473 484
473 470
473 461
473 486
473 480
473 462
473 480
473 476
473 462
473 473
473 473
473 483
474 487
474 483
474 460
474 483
474 473
474 474
474 472
474 468
474 476
474 464
474 477
475 470
475 484
475 474
475 465
475 472
475 476
475 489
475 465
475 486
475 489
476 464
476 460
476 463
476 463
476 461
476 473
476 474
476 480
476 480
476 485
476 463
477 470
477 466
478 475
478 461
478 483
478 466
478 462
479 481
479 467
479 462
479 463
480 483
480 474
480 474
480 489
480 473
480 473
480 463
480 463
480 480
480 484
480 483
480 464
480 489
480 463
480 480
480 474
480 466
480 475
480 462
480 461
480 475
480 475
480 461
481 472
481 474
481 472
481 473
481 482
482 474
482 481
482 486
482 464
482 481
482 472
482 470
482 465
483 472
483 465
483 461
483 470
483 463
483 465
483 476
483 465
483 467
483 470
483 467
483 489
483 486
483 462
483 481
483 470
483 486
483 480
483 481
483 479
483 463
483 473
484 483
484 465
484 472
484 484
484 470
484 480
484 483
485 489
485 480
485 475
486 486
486 463
486 465
486 466
486 489
486 470
486 475
486 470
486 476
486 486
486 485
486 483
486 470
486 489
486 474
486 488
486 473
486 468
486 485
487 463
487 473
487 485
487 480
487 473
487 465
487 489
488 467
488 485
488 480
488 483
489 474
489 469
489 483
489 489
489 467
489 482
489 463
489 462
489 477
489 463
489 480
489 468
489 489
489 483
489 463
489 486
489 484
489 480
490 593
490 601
490 492
490 526
490 586
490 530
490 552
491 555
491 601
491 509
491 495
491 587
491 530
492 552
492 575
492 495
492 530
492 563
492 568
492 552
492 513
492 558
492 579
492 567
493 507
494 582
494 552
494 556
494 525
494 535
494 582
494 504
494 541
494 499
494 590
494 590
494 518
494 495
494 554
494 504
494 521
494 607
494 587
494 530
494 552
494 570
494 593
494 541
494 523
494 525
494 681
495 521
495 525
495 601
495 601
495 601
495 586
495 542
495 524
495 588
495 502
495 508
495 541
495 504
495 593
495 504
495 571
497 588
497 556
497 574
497 586
497 504
497 597
497 588
497 530
497 586
497 601
497 593
497 593
498 601
498 578
498 508
499 491
499 518
499 496
499 583
499 561
499 557
499 501
499 530
499 518
499 496
499 609
499 530
499 521
499 530
499 677
500 539
500 538
500 604
500 586
500 499
500 492
500 508
500 586
500 543
501 608
502 527
502 593
502 563
502 586
502 601
503 605
503 540
503 548
503 513
504 550
504 504
504 593
504 602
504 530
504 530
504 518
504 530
504 530
504 562
504 507
504 677
505 570
506 598
506 513
506 601
506 552
506 518
506 555
506 586
506 541
506 513
506 574
506 587
506 518
506 519
506 566
506 530
506 560
506 530
506 530
506 600
506 593
506 548
506 541
506 563
506 575
506 501
506 607
506 579
506 524
506 593
506 530
506 583
506 541
506 530
506 577
506 535
506 552
506 530
506 494
506 551
506 627
506 634
507 508
507 578
507 602
507 530
507 509
507 491
507 543
507 607
507 530
507 535
507 558
507 527
507 530
507 578
507 518
507 558
507 562
507 493
507 509
507 570
507 601
507 587
507 518
507 563
507 557
507 552
507 559
507 582
507 575
507 552
507 530
507 582
507 514
507 579
507 568
507 530
507 539
507 541
507 600
507 540
507 591
507 596
507 494
507 530
507 518
507 494
507 582
507 593
507 516
507 527
507 552
507 552
507 529
507 530
507 601
507 601
507 555
507 521
507 557
507 610
508 507
508 593
508 552
508 582
508 587
508 593
508 507
508 602
508 495
508 535
508 587
508 555
508 658
509 494
509 518
509 507
509 601
509 507
509 566
509 552
509 508
509 565
509 577
509 594
509 571
509 494
509 540
509 537
509 572
509 555
509 586
509 549
509 561
509 587
509 529
510 570
510 521
510 507
510 586
510 604
510 586
510 530
510 507
512 504
512 602
512 554
512 530
512 491
513 492
513 588
513 601
513 491
513 530
513 586
513 573
513 506
513 562
513 557
513 572
513 555
513 575
513 553
513 580
513 552
513 502
513 523
513 518
513 513
513 588
513 582
513 592
513 568
513 586
513 582
513 552
513 553
513 601
513 586
513 508
513 680
514 593
515 605
517 525
517 593
517 549
517 507
517 530
517 562
517 607
517 593
517 510
517 604
517 505
517 601
517 536
518 506
518 530
518 530
518 607
518 555
518 517
518 601
518 593
518 555
518 518
518 530
518 557
518 549
518 530
518 593
518 495
518 603
518 494
518 577
518 499
518 553
518 601
518 593
518 513
518 524
518 601
518 518
518 552
518 559
518 598
518 507
518 601
518 556
518 499
518 594
518 563
518 530
518 608
518 530
518 570
518 534
518 580
518 599
518 508
518 593
518 563
518 586
518 593
518 586
518 523
518 523
518 535
518 580
518 552
518 530
518 610
519 563
519 582
519 604
519 530
519 604
519 530
520 588
521 492
521 509
521 594
521 510
521 557
521 593
521 572
521 587
521 587
521 563
521 593
521 507
521 539
521 513
521 539
521 551
521 593
521 546
521 681
522 593
522 518
523 518
523 530
523 571
523 507
523 605
523 566
523 555
523 585
523 507
523 601
523 516
523 530
523 506
523 602
523 575
523 534
523 552
523 601
523 682
524 563
524 548
524 585
524 587
524 590
524 601
524 518
524 555
525 566
525 545
525 552
525 586
525 538
525 512
525 521
525 602
525 525
525 557
525 589
525 568
525 541
525 530
525 547
525 524
525 506
525 518
525 601
525 527
525 559
525 517
525 532
525 513
525 594
525 577
525 578
525 575
526 601
526 512
527 563
527 587
527 575
527 578
528 508
528 577
528 565
528 541
529 593
529 602
529 588
529 579
529 538
529 609
530 593
530 601
530 586
530 517
530 574
530 601
530 530
530 504
530 530
530 556
530 593
530 530
530 521
530 525
530 507
530 552
530 552
530 567
530 582
530 602
530 575
530 593
530 514
530 586
530 551
530 525
530 518
530 553
530 515
530 507
530 492
530 552
530 601
530 546
530 535
530 553
530 517
530 495
530 552
530 525
530 578
530 507
530 518
530 525
530 491
530 518
530 601
530 605
530 572
530 513
530 507
530 586
530 552
530 575
530 557
530 523
530 491
530 530
530 507
530 541
530 541
530 555
530 563
530 606
530 601
530 518
530 506
530 499
530 593
530 561
530 582
530 530
530 582
530 568
530 530
530 498
530 494
530 586
530 535
530 530
530 530
530 545
530 586
530 557
530 586
530 539
530 586
530 518
530 575
530 530
530 499
530 549
530 549
530 577
530 507
530 593
530 559
530 504
530 553
530 535
530 541
530 546
530 507
530 494
530 586
530 507
530 582
530 530
530 593
530 601
530 492
530 601
530 539
530 601
530 518
530 586
530 541
530 530
530 497
530 601
530 604
530 580
530 575
530 530
531 574
531 525
531 552
531 601
532 508
532 597
532 510
532 530
532 577
533 593
533 577
533 555
534 579
534 500
535 507
535 604
535 518
535 566
535 601
535 539
535 601
535 509
535 492
535 504
535 508
535 501
535 509
535 530
535 577
535 586
535 509
535 601
535 510
535 682
536 529
536 507
536 495
536 515
537 506
537 586
537 597
537 601
538 513
538 530
538 521
538 512
538 586
538 530
539 588
539 509
539 518
539 513
539 529
539 601
539 521
540 554
540 530
540 587
540 593
540 552
540 569
540 567
540 557
540 535
540 568
540 594
540 530
540 563
541 603
541 582
541 518
541 494
541 521
541 593
541 518
541 579
541 588
541 507
541 601
541 586
541 589
541 507
541 601
541 607
541 582
541 507
541 524
541 530
541 578
541 499
541 530
541 540
541 571
541 578
541 512
541 608
541 557
541 587
542 607
542 586
542 530
542 499
542 591
542 525
543 593
543 552
543 556
544 584
544 586
545 568
545 567
545 530
545 506
545 552
545 557
546 601
546 588
546 530
546 495
546 518
546 586
546 500
546 575
546 593
547 604
547 562
548 593
548 504
548 596
548 594
548 530
548 593
548 588
548 530
548 495
548 499
548 601
548 560
548 601
548 499
548 575
549 586
549 555
549 528
549 586
549 604
549 506
549 601
549 580
549 509
549 540
549 506
549 602
549 586
549 530
549 552
550 593
550 604
550 594
550 518
551 563
551 520
551 536
551 590
551 593
551 612
552 575
552 602
552 557
552 508
552 507
552 608
552 555
552 500
552 570
552 530
552 506
552 507
552 557
552 578
552 517
552 593
552 561
552 518
552 529
552 508
552 593
552 601
552 601
552 504
552 530
552 530
552 559
552 536
552 527
552 517
552 509
552 523
552 593
552 530
552 505
552 507
552 560
552 523
552 504
552 556
552 565
552 545
553 593
553 513
553 546
553 530
553 513
553 521
553 500
553 513
554 495
554 586
554 586
555 530
555 494
555 601
555 563
555 494
555 604
555 556
555 552
555 608
555 549
555 518
555 604
555 601
555 494
555 530
555 583
555 570
555 530
555 524
555 566
555 569
555 601
555 535
555 582
555 587
555 522
555 561
555 590
555 556
555 598
555 601
555 511
555 565
556 497
556 534
556 532
556 538
556 586
556 544
556 523
556 553
556 552
556 586
556 508
557 530
557 596
557 535
557 499
557 507
557 508
557 530
557 508
557 517
557 530
557 593
557 588
557 579
557 530
558 525
558 506
558 521
558 546
559 518
559 587
559 607
559 556
559 559
559 499
559 569
559 541
559 492
559 580
559 523
559 495
559 607
559 504
559 604
559 495
559 601
559 593
559 593
560 509
560 593
560 541
560 593
560 555
560 558
560 555
560 541
561 577
561 607
561 513
561 521
561 491
561 557
561 601
561 529
561 582
561 587
561 568
562 587
562 518
562 548
562 601
562 530
562 513
562 504
562 518
562 509
562 499
562 518
562 601
563 601
563 601
563 593
563 570
563 555
563 601
563 593
563 504
563 525
563 602
563 539
563 604
563 523
563 528
563 601
563 609
564 593
564 531
564 610
565 559
565 555
565 506
565 552
565 530
565 598
565 502
565 522
566 586
566 588
566 552
566 500
566 575
566 579
566 504
566 532
566 596
566 601
566 601
566 607
567 588
567 518
567 569
567 541
567 506
567 548
567 604
568 583
568 572
568 540
568 607
568 530
568 601
568 564
568 597
568 539
568 571
568 535
568 586
568 499
568 583
568 593
568 512
568 518
568 601
569 531
569 555
569 552
569 592
569 608
569 507
569 575
569 552
569 593
570 492
570 530
570 541
570 504
570 570
570 605
570 586
570 497
570 608
570 594
570 565
570 536
570 529
570 507
570 525
571 555
571 552
571 589
571 530
571 530
571 506
571 586
571 530
571 575
571 538
571 537
571 561
571 594
571 577
571 506
571 490
571 543
572 603
572 573
572 586
572 563
572 530
573 492
573 518
573 559
574 601
574 601
574 565
574 507
574 545
574 602
574 586
574 535
574 606
575 546
575 507
575 556
575 557
575 530
575 553
575 569
575 546
575 601
575 598
575 578
575 513
575 502
575 609
575 567
575 593
575 541
575 557
576 580
576 546
576 499
576 594
576 677
577 507
577 513
577 601
577 576
577 530
577 525
577 601
577 530
577 521
577 571
577 506
577 593
577 553
577 601
577 552
577 530
577 575
577 593
577 580
578 499
578 518
578 604
578 586
578 530
578 567
578 555
579 506
579 593
579 528
579 565
579 607
579 578
579 507
579 530
579 565
579 530
579 593
579 523
579 518
579 507
579 578
579 601
579 571
580 578
580 599
580 504
580 490
580 567
580 570
580 552
580 593
580 518
580 494
582 575
582 579
582 582
582 554
582 593
582 508
582 499
582 541
582 530
582 601
582 530
582 515
582 504
582 585
582 563
582 559
582 519
582 513
582 507
582 504
582 586
582 546
583 594
583 503
583 581
583 555
583 499
583 586
583 578
583 507
583 524
583 530
585 492
585 607
586 500
586 568
586 563
586 594
586 608
586 568
586 593
586 557
586 530
586 545
586 581
586 552
586 518
586 530
586 535
586 573
586 538
586 557
586 507
586 521
586 541
586 530
586 563
586 535
586 604
586 507
586 588
586 552
586 494
586 602
586 522
586 586
586 542
586 517
586 569
586 525
586 557
586 506
586 582
586 601
586 539
586 509
586 563
586 504
586 562
586 566
586 604
586 604
586 552
586 604
586 513
586 557
586 557
586 530
586 562
586 551
586 601
586 530
586 575
586 530
586 532
586 519
586 532
586 575
586 577
586 577
586 545
586 593
586 546
586 510
586 541
586 604
586 593
586 624
586 674
587 557
587 518
587 543
587 571
587 538
587 594
587 601
587 559
587 553
587 593
587 521
587 550
587 511
587 521
587 593
587 521
587 580
587 552
587 548
587 494
587 604
587 560
587 593
587 530
587 583
588 557
588 601
588 548
588 530
588 559
588 570
588 555
588 593
588 530
588 593
588 518
588 504
588 593
588 530
588 601
588 594
588 592
588 518
589 545
589 530
589 588
589 593
589 523
589 506
589 570
590 535
590 593
590 530
590 608
590 530
590 678
591 545
591 560
591 671
591 672
592 570
592 604
592 594
592 580
593 553
593 555
593 563
593 522
593 568
593 491
593 535
593 572
593 499
593 601
593 530
593 551
593 562
593 542
593 587
593 570
593 518
593 552
593 587
593 530
593 580
593 497
593 517
593 556
593 562
593 547
593 601
593 513
593 554
593 575
593 540
593 506
593 593
593 593
593 510
593 588
593 519
593 573
593 586
593 495
593 530
593 551
593 507
593 601
593 557
593 588
593 507
593 518
593 549
593 601
593 578
593 518
593 518
593 510
593 559
593 593
593 601
593 558
593 601
593 562
593 530
593 530
593 586
593 586
593 594
593 498
593 513
593 530
593 569
593 520
593 535
593 589
593 601
593 593
593 559
593 604
593 517
593 596
593 541
593 541
593 604
593 569
593 602
593 552
594 518
594 518
594 531
594 524
594 541
594 588
594 494
594 513
594 521
594 585
594 549
594 586
594 524
594 514
594 548
594 596
594 587
594 580
594 601
594 565
594 521
594 593
594 530
594 518
594 536
594 499
594 530
594 603
594 594
594 512
594 506
594 575
594 509
594 530
594 592
594 610
595 513
595 555
595 565
596 567
596 560
596 594
596 530
596 530
596 574
596 530
596 610
597 602
597 541
597 592
598 518
598 600
598 580
598 589
598 521
598 518
598 530
598 601
599 529
599 593
600 543
600 535
600 553
600 518
600 517
600 536
600 513
601 507
601 545
601 506
601 601
601 601
601 587
601 497
601 545
601 580
601 553
601 524
601 587
601 587
601 601
601 593
601 587
601 525
601 513
601 557
601 582
601 571
601 593
601 583
601 507
601 582
601 550
601 594
601 593
601 578
601 586
601 601
601 507
601 559
601 565
601 508
601 530
601 518
601 604
601 590
601 499
601 507
601 530
601 604
601 604
601 518
601 542
601 545
601 566
601 593
601 579
601 586
601 499
601 576
601 593
601 555
601 584
601 523
601 601
601 530
601 602
601 594
601 575
601 507
601 570
601 518
601 530
601 568
601 579
601 593
601 599
601 586
601 601
601 509
601 604
601 550
601 509
601 566
601 569
601 541
601 507
601 530
601 593
601 593
601 525
601 601
601 521
601 504
601 509
601 593
601 677
602 552
602 516
602 593
602 494
602 523
602 530
602 521
602 586
602 510
602 541
602 582
602 543
602 530
602 545
602 507
602 495
602 529
602 530
602 601
602 555
602 530
602 577
602 593
603 525
603 579
603 555
603 593
604 536
604 560
604 607
604 557
604 512
604 518
604 575
604 507
604 543
604 535
604 601
604 495
604 577
604 545
604 541
604 599
604 513
604 559
604 552
604 505
604 575
604 557
604 581
604 601
604 518
604 579
604 586
604 593
604 561
604 518
604 517
604 594
604 582
604 546
604 610
605 582
605 518
605 518
605 492
605 575
605 503
606 593
606 557
606 593
607 602
607 556
607 540
607 588
607 557
607 530
608 579
608 604
608 525
608 552
608 586
609 530
609 605
609 601
609 604
609 552
610 611
610 611
610 610
610 610
610 610
610 611
610 610
611 613
611 612
611 610
611 612
611 610
611 611
611 611
612 612
612 612
612 613
612 610
612 610
612 612
612 611
612 612
612 612
612 613
612 612
614 633
614 614
614 626
614 663
614 638
614 658
614 666
614 667
614 627
614 616
614 667
614 619
614 671
614 649
614 620
614 621
614 660
614 619
614 619
614 640
614 646
614 657
614 661
614 673
615 656
615 670
615 629
615 636
615 656
616 661
617 670
617 650
617 634
617 636
617 657
617 664
617 625
617 657
617 663
617 658
618 647
618 671
618 622
618 650
618 646
618 656
619 656
619 618
619 665
619 667
619 616
619 638
619 636
619 630
619 646
619 622
619 639
619 651
619 633
619 641
619 650
619 654
619 623
619 658
619 633
619 665
619 636
619 645
619 633
619 646
619 670
619 640
620 639
620 624
620 615
620 619
620 663
620 667
620 665
620 640
620 626
620 667
620 638
620 653
620 663
620 657
620 619
621 650
621 652
621 658
621 630
621 652
621 614
621 647
621 637
621 636
621 630
621 614
621 626
622 667
622 620
622 636
622 620
622 636
622 642
623 667
623 636
623 633
623 614
624 663
624 633
624 633
625 663
625 631
625 641
625 620
625 651
625 633
625 657
625 619
625 661
625 652
625 658
625 615
625 625
625 615
625 649
625 651
625 656
626 627
626 630
626 627
626 641
626 634
626 655
626 642
626 639
626 661
626 653
626 622
626 658
626 615
626 615
626 636
626 658
626 663
626 667
626 661
626 633
626 627
626 657
626 625
626 642
626 639
626 647
626 656
626 618
626 629
626 636
626 653
626 683
627 642
627 639
627 636
627 657
627 646
627 625
627 651
627 645
627 655
627 630
627 666
627 658
627 663
627 658
627 671
627 649
627 646
627 633
627 627
627 627
627 671
627 617
627 674
628 626
628 657
628 649
629 649
629 627
629 649
629 661
629 669
629 653
629 614
629 634
629 658
629 657
629 650
629 646
629 653
629 621
629 671
629 647
629 658
630 658
630 654
630 614
630 661
630 639
630 627
630 658
630 639
630 625
630 625
630 641
631 642
632 669
632 658
632 620
632 650
632 658
632 626
632 626
633 661
633 661
633 633
633 666
633 660
633 663
633 661
633 626
633 641
633 624
633 663
633 653
633 614
633 671
633 657
633 638
633 636
633 667
633 641
633 662
633 658
633 670
633 661
633 670
633 647
633 658
633 650
633 681
634 656
634 660
634 627
634 641
634 643
634 662
634 649
634 639
635 614
635 617
635 649
635 653
635 625
635 636
636 621
636 642
636 642
636 633
636 649
636 671
636 656
636 654
636 633
636 654
636 627
636 662
636 652
636 661
636 667
636 663
636 661
636 620
636 652
636 626
636 658
636 657
636 636
636 639
636 630
636 670
636 664
636 614
636 626
636 633
636 642
637 624
637 667
638 671
638 634
638 620
638 618
638 670
638 663
639 633
639 633
639 654
639 656
639 651
639 636
639 636
639 646
639 649
639 656
639 620
639 633
639 619
639 643
639 654
639 662
639 667
639 657
639 625
639 660
639 619
639 673
640 638
640 658
640 625
640 633
640 614
640 654
641 656
641 622
641 625
641 631
641 627
641 625
641 658
641 629
641 633
641 636
641 614
642 619
642 627
642 664
642 658
642 650
642 614
642 656
642 661
642 624
642 627
642 621
642 650
642 656
642 627
642 642
642 670
642 670
642 660
642 626
643 668
643 649
643 671
643 650
643 631
643 646
644 660
644 658
644 658
644 643
644 649
646 653
646 661
646 668
646 626
646 625
646 631
646 620
646 619
646 667
646 626
646 624
646 636
646 653
646 627
646 624
646 657
646 648
647 627
647 649
647 636
647 617
647 660
647 658
647 661
647 646
648 625
648 661
648 654
648 661
648 627
649 669
649 660
649 658
649 639
649 649
649 663
649 666
649 663
649 627
649 657
649 657
649 625
649 643
649 662
649 656
649 666
649 627
649 628
649 615
649 667
649 625
649 627
649 631
649 656
649 627
649 648
649 620
649 627
649 634
650 614
650 655
650 663
650 619
650 648
650 661
650 633
650 625
650 667
650 650
650 632
650 639
650 658
650 643
650 671
650 630
651 614
651 652
651 626
651 622
651 622
651 637
651 614
651 667
651 646
651 644
652 656
652 652
652 661
652 663
652 650
652 671
652 666
652 649
652 663
652 657
653 666
653 656
653 636
653 622
653 618
653 629
653 634
653 627
653 650
653 657
653 649
653 627
653 634
653 659
654 642
654 659
655 629
655 636
655 656
655 614
655 633
655 644
656 636
656 625
657 629
657 668
657 643
657 639
657 635
657 669
657 636
657 657
657 637
657 620
657 664
657 663
657 661
657 660
657 656
657 634
657 638
657 650
657 614
657 636
657 639
657 638
657 626
657 661
657 633
657 649
657 627
657 681
658 614
658 646
658 625
658 636
658 647
658 649
658 620
658 615
658 628
658 649
658 647
658 656
658 636
658 615
658 625
658 663
658 636
658 656
658 633
658 651
658 651
658 664
658 633
658 649
658 647
658 630
658 639
658 656
658 663
658 660
658 639
658 653
658 649
658 646
658 650
658 663
658 627
658 627
658 649
658 683
659 614
659 652
659 633
659 649
659 664
659 650
659 633
659 626
659 674
660 659
660 663
660 659
660 640
660 646
660 619
660 626
660 615
660 626
660 667
660 658
661 665
661 614
661 667
661 638
661 619
661 669
661 657
661 661
661 625
661 654
661 629
661 637
661 663
661 625
661 640
661 664
661 671
661 646
661 659
661 622
661 658
661 633
661 625
661 656
661 654
661 626
661 677
662 655
662 649
662 636
662 671
662 614
662 625
662 657
662 625
662 662
662 660
662 624
662 649
662 621
662 664
662 658
662 657
662 658
663 626
663 649
663 658
663 620
663 633
663 625
663 634
663 661
663 647
663 625
663 651
663 663
663 663
663 662
663 655
663 633
663 651
663 661
663 646
663 620
663 628
663 625
663 662
663 661
663 657
663 620
663 654
663 647
664 653
664 619
664 639
665 614
665 671
665 627
665 622
665 622
665 634
665 663
666 620
666 649
666 640
666 614
667 630
667 649
667 664
667 661
667 648
667 671
667 628
667 627
667 625
667 661
667 671
667 629
667 646
667 621
667 614
667 630
667 623
667 661
667 625
667 662
668 625
668 667
668 614
668 621
668 663
669 626
669 629
670 671
670 636
670 614
670 639
670 658
670 658
670 658
671 619
671 641
671 661
671 654
671 614
671 649
671 615
671 656
671 639
671 649
671 650
671 667
671 620
671 636
671 618
671 653
671 661
671 652
671 636
671 623
671 663
671 657
671 661
671 627
671 674
672 681
672 674
672 682
673 675
673 678
673 683
673 682
673 677
673 681
673 681
673 681
673 679
673 674
673 676
674 682
674 674
674 674
674 674
674 674
674 673
674 674
674 681
674 678
674 674
674 681
674 680
674 674
674 677
674 680
674 676
674 675
674 681
674 674
674 682
675 673
675 674
675 680
677 683
677 677
677 674
677 674
677 682
677 682
677 674
677 680
677 680
678 676
678 682
678 678
678 682
678 680
679 678
679 681
680 680
680 674
680 682
680 682
681 678
681 678
681 674
681 673
681 674
681 679
681 677
681 672
681 683
681 676
681 674
681 677
681 681
681 674
681 680
681 678
681 681
681 679
681 680
682 674
682 681
682 683
683 682
683 678
683 679