0 9
0 28
0 26
0 11
0 4
0 159
1 3
1 28
1 1
1 17
1 18
1 15
1 8
1 8
1 25
1 1
1 16
1 17
1 26
1 35
1 75
1 144
1 151
1 211
1 280
1 287
1 501
1 502
2 19
2 27
2 10
2 29
2 24
2 1
2 16
2 11
2 39
2 162
2 288
2 279
2 173
2 489
2 500
2 581
2 588
2 576
2 590
3 22
3 28
3 26
3 23
3 29
3 3
3 9
3 20
3 25
3 19
3 28
3 33
3 35
3 51
3 95
3 97
3 152
3 288
3 218
3 286
3 289
3 447
3 541
3 423
3 554
3 421
3 535
3 500
3 601
3 583
4 37
4 8
4 2
4 12
4 38
4 15
4 18
4 22
4 0
4 28
4 18
4 28
4 34
4 39
4 6
4 11
4 111
4 142
4 287
4 211
4 250
4 226
4 287
4 267
4 287
4 549
4 661
5 14
5 37
5 22
5 24
5 34
6 39
6 17
6 11
6 155
6 279
7 39
7 23
7 5
7 38
7 32
7 8
7 26
7 30
7 24
7 16
7 109
7 147
7 160
7 551
7 415
8 16
8 28
8 29
8 3
8 35
8 33
8 3
8 15
8 255
8 454
9 1
9 32
9 2
9 9
9 21
9 35
9 12
9 25
9 3
9 22
9 7
9 106
9 124
9 244
9 290
9 449
9 427
10 0
10 16
10 25
10 35
10 239
10 426
10 578
11 22
11 35
11 22
11 23
11 7
11 100
11 137
11 280
12 20
12 9
12 23
12 35
12 38
12 0
12 9
12 15
12 39
12 8
12 13
12 3
12 10
12 29
12 24
12 28
12 27
12 25
12 27
12 22
12 28
12 83
12 75
12 85
12 155
12 161
12 267
12 255
12 166
12 267
12 447
12 576
13 12
13 28
13 34
13 219
13 591
14 33
14 22
14 4
14 4
14 39
14 12
14 22
14 2
14 36
14 23
14 21
14 33
14 95
14 123
14 123
14 162
14 204
14 287
14 530
14 426
15 26
15 25
15 15
15 8
15 24
15 19
15 2
15 39
15 27
15 1
15 17
15 19
15 26
15 3
15 75
15 166
15 249
15 427
16 15
16 33
16 33
16 27
16 21
16 1
16 0
16 33
16 25
16 11
16 16
16 17
16 21
16 25
16 19
16 12
16 23
16 17
16 28
16 28
16 19
16 24
16 19
16 66
16 66
16 91
16 106
16 78
16 123
16 123
16 125
16 138
16 229
16 495
16 440
16 553
16 577
16 599
17 17
17 28
17 17
17 22
17 17
17 14
17 28
17 22
17 9
17 16
17 24
17 1
17 9
17 25
17 35
17 23
17 87
17 125
17 164
17 149
17 195
17 167
17 256
17 500
17 427
17 413
17 532
17 585
17 583
18 38
18 39
18 21
18 34
18 28
18 47
18 242
18 206
18 268
18 458
18 426
18 464
19 28
19 16
19 22
19 24
19 17
19 34
19 2
19 21
19 21
19 17
19 5
19 7
19 19
19 79
19 40
19 122
19 123
19 128
19 137
19 140
19 155
19 149
19 279
19 250
19 242
19 255
19 426
19 447
20 25
20 11
20 35
20 39
20 30
20 94
21 25
21 21
21 12
21 3
21 36
21 22
21 28
21 19
21 13
21 22
21 23
21 12
21 9
21 4
21 17
21 12
21 19
21 1
21 95
21 85
21 186
21 510
21 455
21 537
21 588
22 12
22 30
22 34
22 16
22 28
22 24
22 35
22 24
22 17
22 21
22 29
22 3
22 19
22 12
22 2
22 39
22 33
22 26
22 83
22 129
22 162
22 152
22 155
22 155
22 183
22 214
22 233
22 178
22 276
22 255
22 285
22 325
22 569
22 447
23 4
23 19
23 13
23 1
23 39
23 28
23 2
23 18
23 22
23 26
23 24
23 27
23 30
23 17
23 4
23 23
23 16
23 19
23 28
23 39
23 26
23 35
23 17
23 22
23 14
23 87
23 109
23 95
23 131
23 157
23 223
23 210
23 262
23 493
23 419
23 437
23 455
23 433
23 482
23 413
23 415
23 500
23 665
24 16
24 30
24 3
24 24
24 22
24 27
24 17
24 10
24 12
24 4
24 23
24 15
24 35
24 19
24 21
24 23
24 22
24 143
24 149
24 159
24 241
24 538
24 423
24 426
24 581
24 576
24 576
25 14
25 37
25 33
25 16
25 9
25 30
25 27
25 36
25 19
25 16
25 30
25 12
25 19
25 17
25 109
25 40
25 113
25 137
25 161
25 164
25 213
25 249
25 187
25 206
25 554
25 493
25 525
25 419
26 30
26 9
26 35
26 9
26 22
26 2
26 24
26 27
26 4
26 35
26 12
26 39
26 25
26 139
26 160
26 212
26 186
26 284
26 232
26 429
26 427
27 17
27 16
27 5
27 19
27 25
27 97
27 161
27 453
27 578
28 34
28 29
28 28
28 22
28 3
28 3
28 15
28 17
28 19
28 17
28 28
28 16
28 33
28 1
28 21
28 2
28 24
28 35
28 39
28 26
28 12
28 35
28 34
28 23
28 35
28 33
28 33
28 17
28 22
28 2
28 14
28 4
28 0
28 3
28 119
28 162
28 149
28 165
28 226
28 287
28 207
28 287
28 166
28 212
28 172
28 188
28 270
28 442
28 510
28 515
28 458
28 548
28 454
28 425
28 499
28 576
28 608
28 666
29 3
29 33
29 37
29 22
29 22
29 18
29 12
29 19
29 146
29 166
29 464
30 28
30 23
30 36
30 3
30 16
30 8
30 134
30 161
30 162
30 231
30 167
30 426
30 438
30 530
30 600
31 16
31 21
31 28
31 253
31 279
31 198
32 28
32 559
33 23
33 22
33 24
33 4
33 37
33 35
33 19
33 19
33 21
33 26
33 43
33 78
33 85
33 137
33 140
33 139
33 153
33 150
33 279
33 383
33 419
33 543
33 530
34 35
34 22
34 39
34 1
34 15
34 25
34 28
34 8
34 26
34 3
34 28
34 16
34 28
34 12
34 12
34 71
34 147
34 146
34 263
34 255
34 525
34 533
34 538
34 480
35 22
35 17
35 38
35 15
35 4
35 19
35 21
35 22
35 11
35 39
35 2
35 6
35 17
35 17
35 74
35 66
35 139
35 140
35 161
35 149
35 211
35 290
35 281
35 274
35 221
35 388
35 487
35 489
35 440
35 580
36 16
36 7
36 22
36 25
36 8
36 28
37 23
37 36
37 21
37 28
37 25
37 28
37 12
37 1
37 28
37 12
37 25
37 64
37 51
37 167
37 567
37 419
38 4
38 23
38 19
38 26
38 24
38 5
38 21
38 8
38 23
38 286
39 3
39 28
39 33
39 12
39 12
39 25
39 23
39 22
39 1
39 34
39 16
39 14
39 17
39 10
39 20
39 24
39 28
39 39
39 28
39 20
39 26
39 28
39 16
39 23
39 124
39 150
39 171
39 427
40 40
40 66
40 90
40 79
40 66
40 58
40 66
40 83
40 90
40 87
40 109
40 97
40 79
40 80
40 40
40 69
40 91
40 93
40 101
40 233
40 289
40 173
40 500
40 493
40 451
40 493
40 582
40 661
41 65
41 73
41 106
41 43
41 94
41 66
41 109
41 174
41 524
41 493
41 666
42 91
42 51
42 87
42 110
42 105
42 80
42 109
42 94
42 105
42 64
42 43
42 103
42 70
42 105
42 245
42 255
42 203
42 438
42 415
43 95
43 46
43 95
43 94
43 66
43 77
43 95
43 81
43 87
43 86
43 95
43 90
43 69
43 73
43 58
43 66
43 48
43 225
43 425
44 51
44 109
44 60
45 95
45 85
45 90
45 47
45 94
45 66
45 87
45 87
45 85
45 43
45 94
45 67
45 96
45 98
45 66
45 90
45 66
45 146
45 143
45 211
45 255
45 274
45 454
45 433
45 533
46 83
46 83
46 103
46 95
46 426
47 95
47 66
47 102
47 91
47 111
47 61
47 60
47 97
47 90
47 111
47 66
47 57
47 43
47 289
47 207
47 211
47 291
47 285
47 564
47 544
47 426
47 443
47 532
48 100
48 74
48 45
48 74
48 69
48 66
48 90
48 85
48 95
48 43
48 90
48 90
48 112
48 104
48 59
48 100
48 48
48 105
48 107
48 60
48 107
48 87
48 111
48 142
48 146
48 480
48 460
48 453
48 588
49 61
49 102
49 88
49 426
50 65
50 69
50 123
51 42
51 89
51 66
51 102
51 66
51 109
51 104
51 111
51 98
51 65
51 106
51 90
51 42
51 267
51 564
51 661
52 98
52 109
52 90
52 87
52 108
52 65
52 107
52 81
52 87
52 268
52 252
52 202
52 530
52 487
53 47
53 66
53 106
53 155
54 40
54 63
54 166
54 166
54 463
55 50
55 95
55 66
55 47
55 43
55 66
55 85
55 65
55 556
55 561
56 87
56 102
57 67
57 88
57 63
57 65
57 90
57 500
57 484
58 90
58 69
58 110
58 74
58 59
58 512
58 489
58 541
58 530
59 78
59 75
59 41
59 43
59 48
59 87
59 66
59 69
59 74
59 94
59 75
59 66
59 66
59 102
59 66
59 71
59 90
59 94
59 160
59 155
59 289
59 198
59 447
59 551
60 72
60 90
60 65
60 66
60 90
60 111
60 102
60 94
60 109
60 162
60 570
61 94
61 73
61 95
61 48
61 53
61 97
61 104
61 61
61 66
61 53
61 95
61 505
61 564
61 599
62 98
62 87
62 46
62 66
62 110
62 50
62 104
62 93
62 90
62 446
63 102
63 106
63 74
63 97
63 183
63 173
63 568
64 61
64 78
64 97
64 74
64 66
64 95
64 89
64 88
64 87
64 95
64 90
64 102
64 90
64 66
64 102
64 82
64 96
64 87
64 66
64 111
64 139
64 163
64 167
64 230
64 423
64 530
64 418
64 480
64 595
65 65
65 66
65 45
65 94
65 78
65 66
65 62
65 57
65 57
65 90
65 95
65 75
65 58
65 75
65 90
65 48
65 75
65 73
65 90
65 143
65 440
65 439
65 515
66 82
66 66
66 87
66 64
66 40
66 82
66 45
66 50
66 64
66 107
66 86
66 48
66 109
66 95
66 57
66 74
66 90
66 98
66 96
66 61
66 87
66 90
66 87
66 90
66 94
66 90
66 103
66 64
66 102
66 103
66 80
66 75
66 66
66 95
66 66
66 94
66 106
66 78
66 64
66 88
66 87
66 106
66 60
66 90
66 83
66 76
66 107
66 45
66 105
66 112
66 87
66 65
66 69
66 64
66 65
66 111
66 59
66 62
66 80
66 60
66 41
66 68
66 66
66 109
66 87
66 41
66 74
66 57
66 66
66 107
66 97
66 56
66 69
66 69
66 63
66 111
66 82
66 69
66 75
66 79
66 55
66 74
66 69
66 43
66 105
66 95
66 102
66 139
66 162
66 280
66 194
66 199
66 253
66 213
66 255
66 226
66 429
66 530
66 455
66 564
66 554
66 505
66 551
66 551
66 433
66 455
66 566
66 500
66 580
66 597
66 591
66 608
66 663
66 666
67 101
67 65
67 90
67 101
67 105
67 75
67 159
67 451
67 577
67 661
68 75
68 66
68 110
68 59
68 98
68 258
69 74
69 60
69 52
69 90
69 88
69 111
69 106
69 66
69 64
69 73
69 104
69 47
69 80
69 105
69 261
69 500
69 521
69 532
69 666
70 94
70 86
70 66
70 93
70 52
70 97
70 242
71 40
71 92
71 80
72 90
72 90
72 62
72 105
72 92
72 83
72 162
73 66
73 48
73 111
73 70
73 111
73 40
73 96
73 90
73 47
73 60
73 57
73 58
73 90
73 103
73 48
73 103
73 101
73 106
73 72
73 66
73 161
73 198
73 220
73 447
73 478
74 64
74 96
74 90
74 68
74 69
74 43
74 80
74 92
74 111
74 90
74 40
74 82
74 102
74 47
74 73
74 95
74 110
74 96
74 51
74 65
74 111
74 78
74 95
74 111
74 66
74 108
74 63
74 43
74 123
74 163
74 156
74 225
74 188
74 261
74 186
74 225
74 280
74 324
74 413
74 423
74 429
74 540
74 568
74 495
74 412
74 426
74 451
74 454
74 518
74 458
75 106
75 111
75 79
75 87
75 86
75 92
75 105
75 111
75 51
75 98
75 48
75 46
75 107
75 66
75 98
75 82
75 90
75 90
75 75
75 99
75 61
75 74
75 178
75 232
75 508
75 599
76 91
76 51
76 90
76 66
76 240
76 272
76 224
77 66
77 64
77 97
77 90
77 134
77 550
78 69
78 57
78 85
78 64
78 42
78 87
78 48
78 81
78 87
78 47
78 109
78 75
78 51
78 80
78 64
78 108
78 59
78 95
78 202
78 213
78 463
78 506
78 427
78 415
79 43
79 83
79 85
79 87
79 95
79 40
79 83
79 101
79 88
79 95
79 40
79 82
79 225
79 426
80 72
80 47
80 57
80 42
80 61
80 87
80 102
80 43
80 80
80 88
80 101
80 48
80 81
80 111
80 161
80 205
80 545
81 69
81 75
81 106
81 45
81 224
81 566
82 97
82 51
82 111
82 43
82 85
82 64
82 106
82 45
82 84
82 75
82 67
82 109
82 76
82 91
82 66
82 165
82 200
82 568
82 502
83 69
83 76
83 82
83 66
83 57
83 73
83 60
83 74
83 63
83 74
83 108
83 42
83 233
83 236
83 206
83 283
83 354
83 482
83 424
83 438
83 435
83 599
84 95
84 272
84 422
84 568
84 460
85 78
85 73
85 101
85 111
85 90
85 108
85 111
85 75
85 61
85 94
85 85
85 109
85 107
85 80
85 166
85 279
85 255
85 426
85 464
85 455
85 420
85 484
85 453
85 423
85 493
86 62
86 95
86 47
86 66
86 79
86 67
86 98
86 90
86 101
86 103
86 151
86 160
86 145
86 501
87 75
87 81
87 92
87 94
87 111
87 62
87 102
87 111
87 66
87 63
87 66
87 87
87 66
87 100
87 61
87 107
87 48
87 53
87 98
87 51
87 90
87 69
87 102
87 95
87 40
87 111
87 90
87 56
87 43
87 90
87 48
87 64
87 88
87 83
87 105
87 83
87 78
87 65
87 66
87 53
87 94
87 102
87 107
87 83
87 167
87 287
87 244
87 255
87 224
87 254
87 509
87 426
87 443
87 426
87 512
87 463
87 509
87 528
87 588
87 661
88 47
88 48
88 87
88 102
88 55
88 74
88 66
88 94
88 177
88 605
89 75
89 58
89 94
89 66
89 47
89 66
89 134
89 453
90 73
90 67
90 73
90 97
90 101
90 75
90 45
90 106
90 105
90 97
90 73
90 97
90 66
90 111
90 57
90 79
90 64
90 63
90 94
90 98
90 69
90 45
90 109
90 83
90 65
90 87
90 66
90 75
90 107
90 104
90 90
90 102
90 90
90 69
90 95
90 101
90 66
90 108
90 109
90 102
90 58
90 90
90 40
90 66
90 106
90 40
90 87
90 68
90 74
90 55
90 107
90 83
90 85
90 94
90 64
90 88
90 66
90 87
90 87
90 90
90 102
90 54
90 94
90 74
90 72
90 92
90 74
90 75
90 137
90 161
90 167
90 233
90 261
90 208
90 279
90 166
90 179
90 226
90 257
90 234
90 238
90 424
90 415
90 452
90 455
90 434
90 447
90 532
90 454
90 463
90 458
90 664
91 65
91 94
91 72
91 83
91 48
91 47
91 114
91 207
91 509
91 592
92 74
92 52
92 62
92 66
92 74
92 101
92 107
92 74
92 111
92 87
92 109
92 66
92 101
92 61
92 213
93 103
93 40
93 90
93 105
93 221
93 204
94 51
94 66
94 82
94 92
94 59
94 87
94 100
94 66
94 51
94 66
94 58
94 103
94 75
94 59
94 45
94 60
94 107
94 109
94 45
94 97
94 107
94 86
94 47
94 42
94 64
94 66
94 95
94 102
94 83
94 193
94 219
94 424
94 512
94 454
94 461
95 111
95 90
95 102
95 90
95 102
95 85
95 57
95 64
95 74
95 106
95 40
95 59
95 104
95 69
95 47
95 47
95 78
95 70
95 111
95 45
95 83
95 107
95 87
95 77
95 57
95 62
95 90
95 47
95 64
95 74
95 80
95 95
95 42
95 87
95 95
95 87
95 90
95 143
95 248
95 255
95 287
95 473
95 545
95 481
95 564
95 422
95 500
95 438
95 454
95 608
95 606
96 74
96 83
96 52
96 80
96 105
96 286
97 57
97 62
97 91
97 66
97 76
97 90
97 64
97 66
97 83
97 229
97 251
97 505
97 557
97 505
97 541
97 594
98 87
98 74
98 105
98 101
98 95
98 113
98 203
98 608
98 608
99 90
99 47
99 62
99 51
99 289
100 48
100 90
100 93
100 460
101 69
101 66
101 66
101 74
101 42
101 86
101 83
101 69
101 77
101 90
101 73
101 107
101 101
101 66
101 75
101 98
101 49
101 66
101 61
101 48
101 94
101 123
101 287
101 166
101 296
101 535
101 419
101 490
101 452
101 605
102 66
102 94
102 104
102 66
102 53
102 74
102 43
102 73
102 82
102 65
102 95
102 90
102 48
102 74
102 106
102 43
102 48
102 45
102 101
102 79
102 74
102 78
102 90
102 66
102 61
102 263
102 272
102 541
102 531
102 555
102 494
103 75
103 87
103 106
103 87
103 109
103 54
103 211
103 229
103 208
103 287
103 212
103 568
103 413
104 57
104 103
104 53
104 48
105 84
105 106
105 75
105 52
105 64
105 66
105 103
105 95
105 95
105 108
105 270
105 530
105 473
105 437
105 426
105 554
106 43
106 42
106 73
106 109
106 82
106 66
106 66
106 74
106 65
106 64
106 107
106 69
106 61
106 43
106 66
106 78
106 75
106 75
106 105
106 40
106 111
106 95
106 59
106 96
106 85
106 90
106 106
106 66
106 40
106 64
106 48
106 82
106 65
106 87
106 282
106 397
106 497
106 465
106 438
106 605
106 666
107 66
107 100
107 90
107 63
107 66
107 74
107 45
107 64
107 101
107 101
107 105
107 93
107 64
107 67
107 90
107 64
107 95
107 79
107 95
107 66
107 194
107 222
107 279
107 167
107 500
107 457
107 433
107 435
107 666
108 106
108 90
108 103
108 90
108 97
108 112
108 42
108 66
108 85
108 90
108 87
108 65
108 80
108 92
108 66
108 95
108 82
108 109
108 114
108 188
108 545
108 608
109 57
109 94
109 75
109 101
109 106
109 90
109 95
109 87
109 73
109 111
109 106
109 101
109 65
109 90
109 109
109 91
109 110
109 85
109 95
109 101
109 62
109 63
109 74
109 87
109 128
109 153
109 254
109 268
109 289
109 170
109 314
109 457
109 570
109 437
110 40
110 90
110 254
110 424
110 497
111 110
111 78
111 75
111 96
111 106
111 87
111 83
111 85
111 60
111 88
111 77
111 75
111 78
111 66
111 43
111 76
111 86
111 78
111 63
111 90
111 87
111 45
111 87
111 267
111 239
111 249
111 455
111 445
111 499
111 505
112 65
113 114
113 134
113 131
113 131
113 114
113 127
113 135
113 123
113 225
113 301
113 535
113 455
113 499
113 426
114 128
114 128
114 123
114 123
114 130
114 134
114 128
114 133
114 123
114 123
114 123
114 123
114 123
114 123
114 113
114 123
114 127
114 123
114 116
114 123
114 123
114 133
114 123
114 120
114 124
114 114
114 123
114 123
114 113
114 128
114 118
114 125
114 127
114 131
114 127
114 167
114 166
114 205
114 287
114 174
114 200
114 440
114 539
114 525
114 568
114 426
114 556
114 455
114 501
114 518
114 438
114 540
114 484
114 532
114 488
114 521
114 454
114 424
114 429
114 499
114 458
114 577
114 605
114 580
114 599
115 134
115 123
115 127
115 123
115 119
115 427
115 554
115 505
115 438
115 472
115 570
115 530
116 123
116 134
116 121
116 119
116 126
116 131
116 114
116 123
116 130
116 123
116 134
116 123
116 428
116 423
116 500
116 554
116 554
117 118
117 127
117 114
117 389
117 462
118 123
118 125
118 127
118 123
118 123
118 114
118 139
118 420
118 533
118 450
118 521
118 510
118 551
119 134
119 131
119 123
119 134
119 130
119 131
119 123
119 211
119 204
119 306
119 503
119 424
119 483
119 458
119 447
120 590
121 123
121 123
121 126
121 123
121 114
121 127
121 123
121 126
121 128
121 124
121 132
121 233
121 228
121 279
121 454
121 533
121 454
121 440
121 423
121 589
121 608
121 589
122 127
122 132
122 123
122 272
122 522
122 486
122 451
122 580
123 123
123 122
123 122
123 123
123 117
123 123
123 125
123 123
123 134
123 126
123 123
123 123
123 132
123 129
123 127
123 123
123 116
123 122
123 118
123 127
123 128
123 123
123 125
123 131
123 123
123 129
123 134
123 122
123 126
123 114
123 114
123 123
123 130
123 121
123 129
123 115
123 129
123 123
123 114
123 120
123 134
123 125
123 131
123 123
123 121
123 123
123 123
123 117
123 125
123 114
123 122
123 123
123 123
123 134
123 128
123 128
123 119
123 132
123 131
123 131
123 123
123 123
123 123
123 125
123 113
123 128
123 117
123 134
123 129
123 125
123 117
123 131
123 123
123 126
123 123
123 123
123 126
123 123
123 123
123 132
123 114
123 117
123 128
123 123
123 131
123 134
123 125
123 123
123 121
123 123
123 124
123 123
123 125
123 123
123 123
123 123
123 128
123 126
123 134
123 123
123 126
123 118
123 123
123 127
123 134
123 118
123 123
123 132
123 139
123 138
123 139
123 137
123 140
123 154
123 156
123 146
123 156
123 147
123 159
123 171
123 271
123 173
123 173
123 173
123 173
123 188
123 233
123 197
123 250
123 279
123 166
123 212
123 214
123 211
123 172
123 287
123 243
123 241
123 277
123 259
123 235
123 213
123 229
123 252
123 268
123 255
123 167
123 222
123 287
123 186
123 234
123 322
123 380
123 342
123 324
123 330
123 500
123 499
123 438
123 453
123 549
123 515
123 557
123 453
123 437
123 530
123 426
123 426
123 452
123 427
123 535
123 554
123 445
123 521
123 502
123 541
123 506
123 530
123 454
123 506
123 421
123 453
123 561
123 455
123 420
123 492
123 530
123 463
123 443
123 438
123 419
123 549
123 513
123 512
123 500
123 506
123 532
123 568
123 426
123 500
123 474
123 423
123 476
123 551
123 454
123 437
123 454
123 570
123 546
123 427
123 511
123 446
123 426
123 480
123 512
123 454
123 493
123 480
123 426
123 550
123 506
123 455
123 427
123 495
123 565
123 503
123 532
123 446
123 596
123 599
123 589
123 608
123 608
123 584
123 580
123 580
123 588
123 583
123 599
123 608
124 551
125 127
125 123
125 119
125 123
125 119
125 130
125 123
125 131
125 134
125 123
125 240
125 216
125 208
125 199
125 369
125 489
125 447
125 541
125 495
125 427
125 531
125 512
126 123
126 131
126 118
126 128
126 130
126 131
126 116
126 123
126 123
126 114
126 130
126 131
126 265
126 408
126 364
126 549
126 541
126 419
126 510
126 453
126 513
126 525
126 532
126 518
127 125
127 126
127 114
127 123
127 123
127 121
127 134
127 132
127 123
127 127
127 121
127 123
127 118
127 123
127 255
127 170
127 287
127 343
127 318
127 541
127 443
127 429
127 454
127 556
127 549
127 530
127 551
127 413
127 590
127 594
127 608
127 608
127 580
128 123
128 134
128 123
128 134
128 123
128 125
128 123
128 121
128 134
128 126
128 126
128 114
128 126
128 119
128 122
128 115
128 146
128 145
128 207
128 174
128 290
128 530
128 564
128 458
128 478
128 532
128 469
128 561
128 512
128 454
128 580
128 576
129 127
129 127
129 130
129 117
129 123
129 126
129 122
129 113
129 121
129 129
129 116
129 123
129 123
129 214
129 230
129 474
129 439
129 484
129 568
129 593
130 114
130 123
130 130
130 116
130 121
130 113
130 123
130 123
130 120
130 131
130 130
130 127
130 113
130 163
130 167
130 166
130 189
130 407
130 373
130 467
130 478
130 422
130 537
130 565
130 493
130 530
130 429
130 576
131 127
131 134
131 121
131 123
131 123
131 130
131 123
131 116
131 128
131 113
131 123
131 116
131 123
131 290
131 211
131 250
131 287
131 489
131 447
131 525
131 467
131 455
131 419
131 535
131 536
131 512
131 452
131 500
131 460
131 457
132 123
132 130
132 125
132 131
132 123
132 127
132 123
132 123
132 117
132 152
132 263
132 460
132 571
132 563
132 500
132 541
132 487
132 606
132 603
133 123
133 113
133 123
133 530
133 431
134 132
134 123
134 129
134 123
134 128
134 114
134 114
134 123
134 122
134 113
134 131
134 133
134 121
134 123
134 123
134 125
134 123
134 121
134 115
134 123
134 130
134 130
134 119
134 130
134 114
134 129
134 123
134 130
134 123
134 120
134 123
134 123
134 149
134 213
134 203
134 166
134 251
134 208
134 330
134 321
134 458
134 513
134 454
134 473
134 541
134 454
134 457
134 439
134 431
134 421
134 483
134 541
134 471
134 426
134 424
134 584
134 576
134 662
135 125
135 212
135 512
135 445
135 513
136 140
136 139
136 140
136 139
136 156
136 289
136 578
137 142
137 136
137 140
137 136
137 142
137 139
137 140
137 138
137 137
137 136
137 142
137 136
137 137
137 139
137 136
137 142
137 161
137 160
137 151
137 143
137 261
137 167
137 259
137 213
137 261
137 455
137 539
137 608
137 580
137 583
138 140
138 142
138 137
138 138
138 141
138 140
138 139
138 140
138 137
138 138
138 137
138 139
138 193
138 166
138 202
138 204
138 213
138 242
138 570
138 666
139 139
139 139
139 141
139 140
139 140
139 140
139 142
139 138
139 136
139 142
139 139
139 140
139 139
139 140
139 139
139 140
139 138
139 140
139 139
139 137
139 140
139 138
139 140
139 146
139 161
139 155
139 148
139 285
139 191
139 166
139 274
139 173
139 179
139 167
139 245
139 210
139 289
139 195
139 212
139 290
139 481
139 418
139 505
139 535
139 438
139 467
139 550
139 499
139 473
139 576
139 587
140 138
140 137
140 142
140 137
140 137
140 138
140 140
140 140
140 139
140 139
140 138
140 139
140 137
140 138
140 137
140 137
140 139
140 139
140 140
140 140
140 137
140 138
140 139
140 139
140 142
140 140
140 142
140 142
140 142
140 139
140 268
140 178
140 264
140 179
140 279
140 264
140 282
140 166
140 255
140 213
140 166
140 242
140 201
140 446
140 561
140 419
140 415
140 484
140 422
140 513
140 547
140 455
141 137
141 521
142 136
142 139
142 142
142 142
142 142
142 142
142 138
142 137
142 138
142 138
142 140
142 139
142 142
142 143
142 146
142 145
142 267
142 287
142 287
142 167
142 263
142 172
142 212
142 261
142 224
142 464
142 460
142 480
142 497
142 434
142 455
142 577
142 577
142 608
143 151
143 149
143 155
143 154
143 151
143 156
143 160
143 154
143 148
143 276
143 166
143 205
143 222
143 259
143 464
143 535
143 482
143 445
143 426
143 426
143 505
143 537
143 661
144 145
144 147
144 156
144 152
144 144
144 152
144 146
144 150
144 153
144 178
144 554
144 498
144 439
144 465
144 510
144 512
144 452
144 426
145 162
145 158
145 152
145 151
145 160
145 162
145 152
145 156
145 149
145 152
145 162
145 151
145 151
145 157
145 146
145 145
145 143
145 143
145 161
145 145
145 160
145 152
145 155
145 145
145 145
145 154
145 149
145 198
145 257
145 214
145 255
145 503
145 424
145 530
145 541
145 474
145 437
145 545
145 491
146 145
146 160
146 161
146 161
146 151
146 162
146 147
146 162
146 157
146 151
146 149
146 143
146 146
146 162
146 148
146 156
146 146
146 160
146 161
146 162
146 145
146 151
146 149
146 146
146 151
146 149
146 149
146 155
146 151
146 146
146 153
146 151
146 160
146 264
146 250
146 261
146 198
146 255
146 166
146 438
146 567
146 481
146 426
146 500
146 428
146 437
146 553
146 446
146 509
146 426
146 501
147 162
147 157
147 146
147 161
147 149
147 151
147 480
147 525
148 153
148 157
148 146
148 160
148 154
148 145
148 151
148 152
148 146
148 148
148 234
148 455
148 554
148 551
149 160
149 158
149 145
149 149
149 152
149 149
149 161
149 149
149 152
149 151
149 157
149 157
149 147
149 151
149 161
149 146
149 148
149 143
149 143
149 151
149 164
149 159
149 153
149 146
149 146
149 162
149 157
149 145
149 152
149 149
149 162
149 148
149 149
149 150
149 149
149 149
149 146
149 156
149 162
149 238
149 207
149 234
149 275
149 167
149 202
149 224
149 268
149 273
149 213
149 427
149 459
149 554
149 490
149 541
149 438
149 463
149 481
149 525
149 426
149 427
149 434
149 419
149 493
149 487
149 536
149 419
149 433
149 532
149 454
150 151
150 143
150 153
150 145
150 149
150 153
150 161
150 151
150 148
150 155
150 243
150 433
150 453
150 473
150 510
150 543
151 163
151 149
151 153
151 145
151 151
151 155
151 143
151 161
151 154
151 146
151 143
151 161
151 151
151 151
151 151
151 149
151 144
151 156
151 149
151 158
151 157
151 153
151 161
151 146
151 154
151 156
151 145
151 162
151 156
151 147
151 155
151 155
151 161
151 157
151 156
151 144
151 160
151 188
151 209
151 173
151 173
151 193
151 213
151 180
151 421
151 568
151 513
151 541
151 420
151 426
151 559
151 455
151 426
151 570
151 509
151 458
151 467
151 525
151 484
151 485
151 588
151 577
152 156
152 146
152 153
152 148
152 146
152 154
152 162
152 143
152 145
152 145
152 153
152 188
152 280
152 244
152 560
152 487
152 471
152 440
152 415
152 570
152 420
153 145
153 162
153 161
153 147
153 152
153 149
153 145
153 157
153 157
153 148
153 147
153 151
153 143
153 160
153 162
153 149
153 151
153 162
153 161
153 160
153 241
153 243
153 289
153 175
153 232
153 455
153 415
153 530
153 445
153 490
153 533
153 500
153 439
153 556
153 478
153 568
153 570
154 150
154 159
154 160
154 154
154 158
154 144
154 205
154 254
154 257
154 276
154 225
154 561
154 500
154 532
154 426
154 454
154 505
155 155
155 148
155 161
155 159
155 155
155 149
155 161
155 161
155 147
155 150
155 156
155 160
155 145
155 143
155 149
155 149
155 160
155 149
155 152
155 160
155 161
155 143
155 153
155 148
155 149
155 145
155 152
155 150
155 162
155 161
155 161
155 151
155 151
155 145
155 241
155 180
155 256
155 217
155 252
155 267
155 238
155 530
155 440
155 413
155 472
155 432
155 561
155 559
155 486
155 530
155 438
156 160
156 160
156 149
156 161
156 158
156 146
156 151
156 161
156 153
156 143
156 162
156 149
156 151
156 151
156 146
156 162
156 161
156 145
156 152
156 161
156 146
156 267
156 279
156 193
156 207
156 229
156 240
156 447
156 551
156 454
156 447
156 532
156 425
156 434
156 501
156 437
156 464
156 433
157 159
157 155
157 148
157 147
157 155
157 160
157 160
157 146
157 146
157 181
157 188
157 264
157 458
157 505
157 532
157 532
157 660
158 147
158 143
158 166
158 178
158 500
158 451
159 146
159 148
159 144
159 152
159 151
159 160
159 161
159 163
159 149
159 152
159 150
159 290
159 166
159 487
159 564
159 434
159 510
160 155
160 161
160 149
160 151
160 163
160 153
160 156
160 149
160 145
160 160
160 145
160 159
160 160
160 151
160 143
160 161
160 155
160 152
160 149
160 149
160 143
160 160
160 152
160 145
160 151
160 152
160 161
160 161
160 152
160 162
160 161
160 149
160 145
160 163
160 146
160 161
160 154
160 151
160 281
160 168
160 234
160 166
160 264
160 263
160 267
160 480
160 501
160 509
160 420
160 493
160 533
160 457
160 513
160 512
160 427
160 454
160 552
160 530
161 143
161 146
161 152
161 143
161 147
161 161
161 149
161 151
161 149
161 156
161 154
161 150
161 160
161 149
161 162
161 156
161 157
161 158
161 162
161 157
161 149
161 143
161 145
161 162
161 152
161 152
161 151
161 150
161 161
161 162
161 151
161 155
161 162
161 158
161 143
161 161
161 149
161 149
161 143
161 161
161 146
161 150
161 169
161 240
161 287
161 255
161 180
161 262
161 255
161 455
161 453
161 547
161 478
161 542
161 521
161 570
161 499
161 500
161 484
161 438
161 439
161 530
161 493
161 476
161 530
162 157
162 146
162 163
162 160
162 160
162 156
162 152
162 162
162 155
162 156
162 156
162 150
162 144
162 155
162 143
162 155
162 162
162 145
162 155
162 156
162 157
162 159
162 154
162 156
162 161
162 151
162 149
162 150
162 146
162 160
162 152
162 151
162 173
162 173
162 250
162 279
162 255
162 167
162 254
162 290
162 554
162 532
162 433
162 503
162 431
162 567
162 446
162 429
162 496
162 518
162 476
162 457
162 439
162 525
162 421
162 453
162 543
162 478
162 445
162 513
162 561
162 473
163 162
163 152
163 153
163 161
163 149
163 157
163 143
163 151
163 157
163 149
163 156
163 162
163 160
163 188
163 250
163 198
163 487
163 421
163 570
163 429
163 420
163 458
163 458
163 484
163 568
164 160
164 249
164 460
165 246
165 185
165 166
165 478
165 412
165 506
165 414
165 493
166 255
166 290
166 224
166 225
166 186
166 287
166 189
166 188
166 224
166 275
166 241
166 167
166 192
166 255
166 167
166 247
166 173
166 236
166 279
166 233
166 268
166 214
166 241
166 224
166 188
166 202
166 187
166 231
166 262
166 198
166 255
166 287
166 289
166 181
166 277
166 207
166 225
166 288
166 289
166 213
166 172
166 285
166 266
166 213
166 240
166 214
166 166
166 204
166 212
166 290
166 192
166 207
166 246
166 245
166 204
166 268
166 255
166 234
166 268
166 202
166 264
166 275
166 209
166 240
166 180
166 172
166 222
166 241
166 213
166 255
166 287
166 204
166 287
166 218
166 166
166 166
166 180
166 223
166 205
166 193
166 438
166 427
166 532
166 502
166 433
166 570
166 570
166 416
166 413
166 531
166 447
166 535
166 426
166 454
166 533
166 532
166 447
166 415
166 413
166 442
166 453
166 443
166 474
166 561
166 568
166 501
166 419
166 568
166 541
166 429
166 460
166 527
166 541
166 426
166 482
166 455
166 429
166 458
166 426
166 455
166 484
166 608
166 605
166 594
166 576
166 606
166 608
166 662
167 169
167 255
167 269
167 214
167 280
167 206
167 188
167 166
167 254
167 280
167 232
167 262
167 281
167 289
167 255
167 241
167 245
167 170
167 255
167 186
167 211
167 189
167 288
167 265
167 259
167 255
167 289
167 213
167 254
167 173
167 166
167 180
167 280
167 248
167 212
167 233
167 279
167 168
167 250
167 255
167 255
167 250
167 173
167 451
167 455
167 493
167 440
167 528
167 451
167 455
167 438
167 501
167 454
167 532
167 541
167 437
167 514
167 463
167 477
167 501
167 428
167 595
167 590
167 580
167 579
167 660
167 665
167 661
168 283
168 166
168 287
168 272
168 183
168 230
168 166
168 233
168 168
168 224
168 253
168 168
168 255
168 425
168 533
169 228
169 280
169 167
169 220
169 554
170 220
170 197
170 255
170 255
170 208
170 215
170 231
170 192
170 457
170 530
170 493
170 494
170 501
170 426
170 529
170 586
171 255
171 270
171 255
171 179
171 230
171 266
171 222
171 219
171 257
171 166
171 283
171 287
171 255
171 239
171 418
171 464
171 535
171 425
171 477
171 429
171 564
172 188
172 217
172 227
172 250
172 287
172 192
172 207
172 255
172 265
172 234
172 264
172 250
172 570
172 412
172 591
173 251
173 184
173 166
173 241
173 207
173 283
173 254
173 198
173 272
173 289
173 188
173 197
173 255
173 249
173 237
173 225
173 279
173 290
173 287
173 166
173 166
173 257
173 181
173 249
173 167
173 280
173 318
173 570
173 530
173 532
173 419
173 530
173 521
173 536
173 455
173 479
173 530
173 439
173 457
173 505
173 506
173 454
173 443
174 267
174 246
174 214
174 166
174 530
174 510
174 501
174 607
175 260
175 187
175 268
175 213
175 246
175 166
175 267
175 258
175 463
175 564
175 550
175 462
175 455
175 421
176 240
176 250
176 287
176 570
177 254
177 230
177 255
177 210
177 267
177 275
177 482
177 474
177 556
177 429
178 205
178 242
178 289
178 279
178 193
178 206
178 433
178 424
178 510
178 556
178 413
178 576
178 592
178 666
179 172
179 250
179 188
179 181
179 289
179 289
179 238
179 225
179 289
179 225
179 238
179 234
179 173
179 207
179 211
179 267
179 251
179 242
179 186
179 255
179 289
179 250
179 170
179 419
179 568
179 454
179 427
179 564
179 532
179 454
179 568
179 558
179 608
180 178
180 186
180 287
180 189
180 281
180 280
180 168
180 490
180 541
180 535
180 445
180 440
180 579
181 263
181 233
181 289
181 267
181 440
181 453
181 420
181 440
181 454
181 416
181 608
181 592
182 267
182 226
183 249
183 267
183 255
183 564
184 288
184 207
184 225
184 171
184 287
184 595
185 290
185 172
185 255
185 248
185 444
185 443
186 167
186 173
186 198
186 167
186 197
186 243
186 255
186 255
186 167
186 175
186 166
186 234
186 289
186 173
186 254
186 205
186 206
186 280
186 207
186 255
186 257
186 208
186 222
186 230
186 570
186 426
186 530
186 453
186 486
186 501
186 532
186 500
186 439
186 601
186 595
186 584
186 592
186 663
187 228
187 197
187 267
187 192
187 426
187 535
187 465
187 580
188 239
188 225
188 269
188 177
188 280
188 224
188 277
188 242
188 173
188 255
188 198
188 170
188 285
188 198
188 213
188 193
188 173
188 166
188 275
188 455
188 425
188 427
188 570
188 434
188 501
188 437
188 493
188 458
188 421
188 455
188 487
188 433
188 537
188 605
189 287
189 262
189 173
189 224
189 236
189 167
189 500
189 463
189 429
189 455
190 242
190 554
190 530
190 532
190 666
191 568
191 530
191 570
192 211
192 231
192 255
192 206
192 188
192 246
192 255
192 166
192 240
192 427
192 432
192 532
193 186
193 166
193 225
193 198
193 269
193 172
193 263
193 281
193 177
193 455
193 494
193 481
193 458
194 182
194 279
194 200
194 426
195 279
195 252
195 229
195 500
196 274
196 530
196 437
197 255
197 289
197 269
197 186
197 224
197 255
197 246
197 212
197 265
197 530
197 460
197 489
197 447
197 461
197 594
198 268
198 204
198 220
198 245
198 282
198 172
198 272
198 225
198 275
198 282
198 166
198 267
198 254
198 167
198 188
198 167
198 279
198 270
198 273
198 220
198 224
198 234
198 458
198 426
198 473
198 479
198 462
198 541
198 561
198 420
198 568
198 588
198 600
198 577
198 666
199 499
199 564
200 211
200 288
200 207
200 240
200 236
200 284
200 287
200 234
200 206
200 454
200 439
201 230
201 255
201 245
201 198
201 281
201 439
201 590
201 588
202 186
202 178
202 255
202 244
202 188
202 263
202 285
202 166
202 267
202 419
202 426
202 463
202 426
202 599
202 590
203 186
203 530
203 499
204 224
204 166
204 233
204 206
204 233
204 279
204 225
204 283
204 198
204 194
204 535
204 503
204 552
205 167
205 229
205 245
205 287
205 259
205 273
205 254
205 415
205 545
205 530
205 463
205 447
206 280
206 211
206 216
206 279
206 173
206 262
206 181
206 261
206 277
206 166
206 166
206 254
206 246
206 173
206 173
206 180
206 255
206 243
206 289
206 262
206 564
206 438
206 463
206 532
206 530
206 434
206 543
206 440
206 455
206 603
207 166
207 205
207 214
207 222
207 280
207 197
207 198
207 242
207 226
207 255
207 263
207 272
207 240
207 224
207 255
207 284
207 289
207 186
207 181
207 192
207 183
207 255
207 222
207 249
207 200
207 445
207 570
207 484
207 501
207 429
207 451
207 608
207 589
207 599
207 595
207 602
207 591
208 179
208 263
208 211
208 176
208 232
208 213
208 259
208 279
208 499
208 500
208 500
209 249
209 166
209 281
209 522
209 426
210 255
210 253
210 250
210 280
210 252
210 268
210 230
210 233
210 189
210 463
210 458
210 509
210 505
210 577
210 661
211 230
211 266
211 265
211 279
211 254
211 208
211 245
211 247
211 202
211 254
211 252
211 530
211 478
211 535
211 577
211 589
211 601
212 188
212 283
212 280
212 255
212 225
212 250
212 245
212 233
212 213
212 255
212 166
212 255
212 287
212 262
212 255
212 233
212 180
212 288
212 241
212 525
212 489
212 532
212 500
212 463
212 434
212 566
212 473
212 437
212 501
212 525
212 426
212 554
212 583
212 666
213 255
213 233
213 222
213 172
213 279
213 183
213 211
213 229
213 168
213 241
213 170
213 173
213 257
213 241
213 192
213 285
213 178
213 277
213 166
213 242
213 213
213 189
213 166
213 167
213 454
213 451
213 454
213 454
213 530
213 473
213 557
213 551
213 432
213 570
213 495
213 445
213 608
213 580
213 663
214 290
214 166
214 280
214 255
214 176
214 252
214 179
214 198
214 253
214 287
214 493
214 530
214 568
214 490
214 564
214 433
214 426
215 288
215 258
215 551
216 250
217 166
217 240
217 279
217 599
217 577
218 255
218 193
218 189
218 246
218 287
218 254
218 475
218 541
218 450
218 480
218 661
219 211
219 166
219 172
219 365
219 447
219 495
219 580
220 227
220 179
220 166
220 198
220 207
220 230
220 166
220 280
220 208
220 287
220 225
220 255
220 512
220 541
220 502
220 533
220 460
221 277
221 222
221 230
221 512
221 570
221 568
221 500
222 259
222 282
222 211
222 222
222 275
222 267
222 211
222 263
222 186
222 237
222 166
222 243
222 167
222 202
222 279
222 242
222 229
222 222
222 225
222 166
222 186
222 246
222 561
222 508
222 541
222 561
222 463
222 453
222 455
222 568
222 548
222 590
222 665
223 214
223 234
223 532
223 518
224 279
224 198
224 212
224 233
224 289
224 222
224 168
224 169
224 272
224 287
224 289
224 277
224 268
224 241
224 254
224 220
224 198
224 193
224 427
224 455
224 501
224 501
224 565
224 525
224 527
224 530
224 437
224 568
224 528
224 533
224 608
224 590
225 166
225 255
225 166
225 182
225 194
225 289
225 213
225 224
225 262
225 225
225 213
225 273
225 287
225 262
225 268
225 172
225 290
225 272
225 437
225 437
225 455
225 487
225 561
225 481
225 568
225 429
225 550
225 499
225 535
225 527
225 584
226 166
226 289
226 233
226 174
226 291
226 189
226 166
226 202
226 268
226 224
226 275
226 186
226 206
226 202
226 216
226 166
226 169
226 486
226 570
226 473
226 533
226 587
226 580
226 576
226 580
227 249
227 272
227 255
227 263
227 279
227 426
228 287
228 259
228 284
228 240
228 235
228 250
228 173
228 226
228 183
228 275
228 201
228 568
228 426
228 481
228 561
229 213
229 270
229 167
229 255
229 281
229 167
229 282
229 216
229 246
229 166
229 280
229 276
229 278
229 165
229 186
229 255
229 266
229 214
229 287
229 255
229 454
229 566
229 500
229 512
229 530
229 478
229 446
229 608
229 663
229 660
230 198
230 180
230 207
230 285
230 279
230 289
230 202
230 255
230 255
230 290
230 263
230 212
230 166
230 222
230 288
230 250
230 258
230 426
230 426
230 493
230 530
230 424
230 524
230 576
231 279
231 213
231 259
231 242
231 186
231 268
231 198
231 437
231 453
231 532
231 666
232 206
232 225
232 234
232 166
232 254
232 232
232 285
232 287
232 344
232 437
232 458
232 580
233 173
233 210
233 257
233 267
233 266
233 240
233 213
233 167
233 267
233 251
233 281
233 279
233 198
233 173
233 543
233 454
233 436
233 564
233 484
233 508
233 500
233 447
233 426
233 492
233 561
234 246
234 188
234 221
234 243
234 289
234 213
234 214
234 173
234 202
234 255
234 173
234 167
234 231
234 255
234 259
234 289
234 193
234 289
234 288
234 204
234 429
234 531
234 512
234 500
234 568
234 448
234 484
234 564
234 541
234 460
234 460
234 454
234 445
234 580
234 584
234 590
235 222
235 225
235 272
235 501
235 484
235 580
236 209
236 206
236 271
236 263
236 262
236 510
236 570
237 279
237 249
237 280
237 220
237 415
238 202
238 177
238 279
238 224
238 206
238 286
238 166
238 217
238 460
238 426
238 501
238 520
238 454
238 455
238 598
238 580
238 660
239 250
239 234
239 542
240 179
240 215
240 167
240 267
240 277
240 170
240 289
240 205
240 279
240 255
240 287
240 199
240 166
240 226
240 282
240 188
240 287
240 280
240 546
240 500
240 427
240 429
240 568
240 520
240 458
240 451
240 455
240 457
240 592
240 606
241 290
241 225
241 218
241 249
241 220
241 289
241 281
241 173
241 193
241 255
241 243
241 438
241 437
241 559
241 447
241 666
241 661
242 207
242 263
242 222
242 213
242 226
242 264
242 240
242 198
242 236
242 240
242 210
242 218
242 188
242 250
242 246
242 290
242 166
242 173
242 215
242 255
242 290
242 166
242 242
242 229
242 247
242 530
242 547
242 471
242 463
242 455
242 473
243 192
243 234
243 175
243 287
243 254
243 234
243 193
243 260
243 245
243 218
243 228
243 242
243 494
243 462
243 580
244 166
244 228
244 580
245 281
245 254
245 282
245 165
245 226
245 279
245 229
245 166
245 277
245 166
245 166
245 440
245 451
245 550
245 580
246 212
246 241
246 205
246 221
246 207
246 280
246 247
246 279
246 266
246 291
246 427
246 454
246 427
247 225
247 255
247 530
247 576
248 171
248 275
248 286
249 255
249 264
249 243
249 287
249 288
249 210
249 256
249 222
249 277
249 222
249 213
249 289
249 206
249 259
249 455
249 534
249 437
249 479
250 255
250 272
250 186
250 167
250 211
250 287
250 255
250 206
250 280
250 259
250 224
250 166
250 216
250 255
250 288
250 181
250 421
250 426
250 568
250 438
250 440
250 495
250 533
250 576
251 173
251 166
251 267
251 173
251 218
251 207
251 184
251 426
252 179
252 167
252 166
252 442
252 566
252 554
252 493
253 166
253 289
253 245
253 220
253 166
253 290
253 272
253 517
253 501
253 425
253 530
253 437
254 280
254 222
254 225
254 167
254 267
254 255
254 281
254 169
254 255
254 179
254 186
254 180
254 188
254 172
254 287
254 169
254 287
254 175
254 250
254 252
254 280
254 253
254 206
254 254
254 255
254 232
254 179
254 252
254 267
254 242
254 280
254 289
254 280
254 166
254 432
254 426
254 537
254 441
254 527
254 437
254 415
254 422
254 564
255 240
255 181
255 210
255 233
255 239
255 166
255 189
255 206
255 247
255 207
255 229
255 232
255 167
255 263
255 198
255 245
255 282
255 174
255 183
255 281
255 213
255 225
255 199
255 267
255 166
255 289
255 245
255 208
255 255
255 180
255 283
255 209
255 236
255 228
255 206
255 242
255 224
255 192
255 230
255 185
255 252
255 261
255 224
255 213
255 259
255 272
255 249
255 234
255 257
255 290
255 266
255 229
255 255
255 255
255 290
255 214
255 287
255 249
255 242
255 222
255 192
255 180
255 288
255 249
255 194
255 206
255 249
255 213
255 189
255 262
255 287
255 226
255 212
255 264
255 166
255 206
255 356
255 423
255 478
255 554
255 561
255 569
255 522
255 552
255 455
255 413
255 521
255 530
255 512
255 555
255 499
255 454
255 422
255 458
255 426
255 501
255 564
255 510
255 437
255 493
255 557
255 455
255 500
255 500
255 483
255 424
255 427
255 437
255 533
255 489
255 453
255 505
255 419
255 568
255 549
255 493
255 471
255 570
255 576
255 600
255 580
255 599
255 577
255 584
255 599
255 579
255 666
255 665
256 262
256 176
256 213
256 267
256 200
256 186
256 210
256 442
256 455
257 222
257 186
257 196
257 167
257 290
257 173
257 250
257 175
257 255
257 279
257 257
257 188
257 176
257 255
257 213
257 230
257 482
257 454
257 549
257 447
257 557
257 568
257 564
257 484
257 438
257 454
257 421
257 415
257 500
257 608
257 590
258 222
258 179
258 255
258 246
258 263
259 173
259 263
259 256
259 218
259 269
259 230
259 257
259 254
259 275
259 265
259 499
259 438
259 418
259 475
259 440
260 167
260 240
260 289
260 193
260 530
261 221
261 264
261 266
261 568
261 584
262 265
262 167
262 239
262 255
262 180
262 230
262 166
262 249
262 259
262 211
262 225
262 281
262 289
262 242
262 166
262 254
262 250
262 519
262 495
262 500
262 500
262 471
262 427
262 421
262 565
262 535
262 564
262 426
262 454
263 218
263 166
263 267
263 279
263 208
263 290
263 186
263 166
263 501
263 431
263 455
263 439
263 478
263 554
264 222
264 255
264 226
264 250
264 484
264 557
264 541
264 482
264 443
264 484
264 438
264 419
264 457
264 580
265 255
265 229
265 173
265 211
265 167
265 207
265 218
265 279
265 255
265 262
265 245
265 198
265 246
265 166
265 289
265 569
265 457
265 551
265 665
266 184
266 178
266 206
266 209
266 230
266 166
266 255
266 253
266 166
266 233
266 250
266 166
266 276
266 235
266 280
266 168
266 438
266 455
266 473
266 501
266 608
267 287
267 242
267 278
267 255
267 232
267 177
267 250
267 221
267 212
267 291
267 253
267 166
267 290
267 212
267 166
267 280
267 243
267 166
267 255
267 167
267 281
267 276
267 290
267 568
267 413
267 454
267 429
267 444
267 564
267 426
267 545
267 454
267 541
267 554
267 500
267 591
267 596
267 576
267 601
267 661
268 280
268 250
268 284
268 275
268 186
268 234
268 266
268 173
268 212
268 287
268 196
268 267
268 166
268 192
268 188
268 213
268 173
268 176
268 188
268 262
268 274
268 237
268 279
268 238
268 221
268 172
268 426
268 478
268 413
268 454
268 456
268 480
268 450
268 472
268 451
268 663
268 665
269 266
269 287
269 175
269 276
269 282
269 279
269 249
269 240
269 476
269 599
270 275
271 165
271 222
271 194
271 500
271 576
271 580
272 197
272 237
272 290
272 259
272 268
272 198
272 198
272 166
272 471
272 460
272 454
272 561
273 166
273 234
273 548
273 451
274 255
274 211
274 233
274 193
274 213
274 198
274 225
274 455
274 426
274 500
274 661
275 176
275 181
275 229
275 263
275 207
275 179
275 212
275 289
275 272
275 261
275 173
275 427
275 541
275 588
275 580
276 211
276 289
276 289
276 233
276 188
276 474
276 501
277 224
277 188
277 214
277 212
277 268
277 166
277 279
277 256
277 177
277 281
277 426
277 501
277 576
278 255
278 580
279 227
279 167
279 179
279 247
279 234
279 182
279 256
279 229
279 205
279 213
279 183
279 221
279 255
279 166
279 252
279 194
279 186
279 266
279 176
279 222
279 249
279 225
279 241
279 185
279 166
279 167
279 255
279 204
279 240
279 208
279 166
279 204
279 487
279 537
279 415
279 474
279 549
279 482
279 447
279 454
279 530
279 452
279 556
279 413
279 570
279 521
279 445
279 433
279 478
279 445
279 547
279 568
279 535
279 454
279 608
279 603
279 608
279 589
279 584
279 598
279 584
279 660
279 664
280 274
280 266
280 287
280 173
280 192
280 168
280 238
280 179
280 193
280 213
280 255
280 287
280 207
280 212
280 287
280 250
280 288
280 210
280 236
280 167
280 288
280 224
280 419
280 462
280 484
280 440
280 445
280 503
280 433
280 533
280 464
280 415
280 437
280 457
280 523
280 533
280 453
280 580
280 576
280 584
281 267
281 243
281 227
281 289
281 172
281 213
281 166
281 166
281 173
281 251
281 278
281 178
281 185
281 255
281 281
281 270
281 205
281 204
281 445
281 444
281 549
281 553
281 450
281 453
281 608
281 580
281 599
281 600
281 597
281 591
281 666
282 253
282 181
282 180
282 426
282 557
282 454
282 426
282 561
282 605
282 592
283 168
283 185
283 222
283 213
283 240
283 213
283 222
283 213
283 532
283 499
283 433
283 445
284 212
284 250
284 255
284 220
284 271
284 329
284 539
284 426
285 166
285 255
285 193
285 225
285 289
285 188
285 281
285 279
285 281
285 275
285 254
285 255
285 173
285 176
285 564
285 455
285 570
286 280
286 530
287 253
287 253
287 255
287 202
287 214
287 173
287 255
287 171
287 207
287 233
287 265
287 260
287 224
287 186
287 229
287 234
287 242
287 247
287 248
287 166
287 267
287 255
287 279
287 291
287 202
287 198
287 173
287 213
287 254
287 279
287 279
287 426
287 570
287 419
287 530
287 495
287 476
287 429
287 418
287 530
287 458
287 499
287 426
287 525
287 568
287 549
287 454
287 570
287 438
287 500
287 568
287 554
287 518
287 540
287 500
287 426
287 582
287 589
287 588
287 661
288 225
288 285
288 279
288 214
288 277
288 280
288 255
288 285
288 279
288 186
288 429
288 457
288 458
288 505
288 443
288 418
288 605
288 580
288 661
289 250
289 261
289 259
289 180
289 255
289 214
289 193
289 225
289 210
289 241
289 215
289 255
289 255
289 216
289 255
289 186
289 218
289 287
289 172
289 173
289 267
289 244
289 279
289 260
289 206
289 288
289 207
289 166
289 269
289 168
289 225
289 173
289 167
289 279
289 258
289 211
289 210
289 226
289 193
289 263
289 171
289 268
289 214
289 426
289 463
289 415
289 438
289 568
289 429
289 561
289 421
289 527
289 508
289 449
289 484
289 500
289 568
289 426
289 553
289 535
289 500
289 530
289 580
289 576
290 257
290 224
290 290
290 211
290 279
290 205
290 230
290 447
290 445
290 463
290 446
290 532
290 484
291 238
291 188
291 243
291 451
291 454
291 542
291 427
291 426
292 298
292 349
292 400
292 355
292 388
292 319
292 401
292 320
292 349
293 369
293 356
294 355
294 318
294 318
294 353
294 318
294 347
294 295
294 356
294 342
294 355
294 395
294 346
295 318
295 356
295 405
295 352
295 311
296 354
296 360
296 365
296 388
296 324
296 396
297 388
297 370
297 388
297 318
297 356
297 382
297 311
297 318
297 369
297 318
297 373
297 356
297 397
297 398
297 295
297 316
297 391
297 312
297 386
297 324
297 388
297 321
297 361
297 356
297 344
297 383
297 305
297 342
297 302
297 326
298 397
298 407
298 357
298 356
298 318
298 336
298 336
298 296
298 314
298 318
298 362
298 324
298 310
298 311
298 347
298 324
298 388
298 347
298 389
298 299
298 684
299 318
299 356
299 386
299 300
300 397
300 296
300 356
300 329
300 368
300 385
300 396
300 354
300 341
300 378
300 301
300 347
300 325
300 313
300 390
300 356
300 396
301 293
301 356
301 305
301 373
301 378
301 302
301 357
301 342
301 356
301 388
301 326
301 409
301 305
301 399
301 411
301 344
301 388
301 307
301 356
301 305
301 297
301 340
301 318
301 307
301 397
301 332
301 296
301 446
301 518
301 590
301 670
302 313
302 322
302 356
302 318
302 347
302 318
302 329
302 344
302 345
302 347
302 297
302 374
302 318
302 307
302 605
303 318
303 316
303 387
303 356
304 300
304 305
304 360
304 331
304 332
304 580
305 320
305 380
305 361
305 313
305 397
305 403
305 359
305 318
305 362
305 354
305 321
305 356
305 382
305 318
305 316
305 378
305 301
305 318
305 313
305 384
305 317
305 344
305 326
305 388
305 369
305 356
305 358
305 303
305 293
305 318
305 395
305 309
305 296
305 305
305 357
305 341
305 303
305 383
305 677
306 374
306 373
306 396
306 301
306 361
307 405
307 361
307 298
307 368
307 335
307 405
308 318
308 366
308 349
308 335
308 332
308 404
308 381
309 318
309 349
309 378
309 374
309 316
309 395
309 342
309 302
310 407
310 381
310 356
310 340
310 368
310 399
310 395
310 305
310 340
311 386
311 397
311 373
311 373
311 318
311 369
311 356
311 356
311 361
311 342
311 400
311 318
311 393
312 301
312 310
312 403
312 318
312 314
312 326
312 400
312 347
312 318
312 347
312 584
313 301
313 320
313 307
313 374
313 324
313 294
313 318
313 302
313 396
313 365
313 318
313 382
313 360
313 386
313 400
313 297
313 369
313 305
313 347
313 335
313 399
313 320
313 356
313 312
313 321
313 410
313 599
313 576
314 378
314 302
314 373
314 373
315 381
315 326
315 382
315 356
315 318
315 294
316 383
316 366
316 388
316 329
316 411
316 374
316 343
316 301
316 318
316 297
316 397
316 399
316 305
316 294
316 305
316 366
316 318
316 407
316 454
317 334
317 388
318 302
318 369
318 396
318 335
318 292
318 343
318 318
318 400
318 318
318 296
318 302
318 325
318 368
318 377
318 405
318 349
318 305
318 356
318 316
318 400
318 302
318 347
318 324
318 373
318 384
318 321
318 327
318 314
318 345
318 292
318 320
318 397
318 318
318 373
318 374
318 354
318 329
318 366
318 396
318 344
318 318
318 305
318 336
318 411
318 297
318 295
318 292
318 318
318 355
318 318
318 318
318 321
318 347
318 388
318 318
318 341
318 377
318 331
318 387
318 403
318 407
318 374
318 399
318 321
318 381
318 318
318 318
318 336
318 400
318 304
318 347
318 298
318 354
318 337
318 368
318 305
318 392
318 383
318 398
318 372
318 310
318 316
318 305
318 382
318 396
318 306
318 313
318 306
318 305
318 302
318 350
318 305
318 350
318 388
318 316
318 344
318 376
318 381
318 357
318 402
318 381
318 324
318 356
318 305
318 318
318 397
318 318
318 318
318 359
318 318
318 378
318 369
318 354
318 318
318 373
318 356
318 316
318 381
318 342
318 400
318 315
318 392
318 400
318 392
318 356
318 372
318 382
318 392
318 312
318 389
318 397
318 309
318 388
318 316
318 311
318 325
318 392
318 349
318 382
318 407
318 383
318 318
318 336
318 336
318 326
318 312
318 298
318 321
318 311
318 318
318 356
318 318
318 356
318 350
318 359
318 318
318 347
318 370
318 358
318 356
318 373
318 312
318 358
318 400
318 356
318 297
318 400
318 301
318 385
318 406
318 312
318 342
318 297
318 308
318 304
318 399
318 308
318 299
318 318
318 342
318 317
318 397
318 356
318 342
318 321
318 298
318 411
318 313
318 306
318 300
318 318
318 356
318 336
318 391
318 347
318 396
318 312
318 396
318 378
318 386
318 331
318 356
318 370
318 355
318 397
318 537
318 473
318 427
318 443
318 455
318 535
318 423
318 574
318 574
318 580
318 592
318 586
318 683
318 676
319 312
319 400
319 376
319 356
320 357
320 373
320 339
320 487
321 395
321 321
321 327
321 301
321 314
321 389
321 400
321 332
321 356
321 411
321 381
321 368
321 318
321 393
321 339
321 327
321 318
321 368
321 357
321 333
321 390
321 368
321 382
322 318
322 367
322 301
323 361
323 369
323 386
323 347
323 399
323 339
323 381
323 311
323 404
323 348
323 316
323 318
323 383
323 322
324 347
324 301
324 362
324 318
324 297
324 372
324 386
324 411
324 294
324 389
324 347
324 318
324 342
324 405
324 397
324 324
324 370
324 385
324 323
324 371
324 307
324 388
324 378
324 378
324 388
325 356
325 397
325 356
326 337
326 389
326 318
326 344
326 356
326 409
326 314
326 349
326 583
326 580
327 326
327 366
328 361
328 356
328 383
328 388
328 357
329 361
329 356
329 297
329 397
329 353
329 347
329 347
329 298
329 407
329 318
329 505
330 360
330 302
330 388
330 397
330 369
330 357
330 356
331 407
331 396
331 318
331 373
332 403
332 369
332 318
332 368
332 389
332 374
332 386
332 299
332 356
332 347
332 356
332 377
332 399
332 337
332 307
332 400
332 292
332 326
333 326
333 370
333 318
333 667
334 295
334 332
334 356
334 356
334 364
335 296
335 342
335 311
335 307
335 314
335 356
335 411
335 298
335 324
335 344
335 335
335 400
335 376
335 318
335 318
335 320
335 454
336 373
336 318
336 324
336 342
336 323
336 346
336 400
336 347
336 401
336 305
336 381
336 368
336 301
336 324
336 318
336 356
337 369
337 411
338 318
338 318
338 301
338 321
338 297
338 298
339 296
339 323
339 318
339 318
339 332
339 362
339 347
339 318
340 318
340 318
340 346
340 305
340 342
340 407
340 318
340 406
340 357
341 411
341 355
341 397
341 318
341 342
342 301
342 292
342 336
342 306
342 310
342 388
342 369
342 388
342 318
342 352
342 337
342 396
342 393
342 334
342 333
342 324
342 293
342 407
342 395
342 406
342 332
342 407
342 354
342 314
342 356
342 388
342 356
342 339
342 407
342 356
342 396
342 318
342 373
342 406
342 357
342 342
342 321
342 318
342 318
342 653
343 400
343 301
343 400
343 304
343 589
344 378
344 356
344 318
344 386
344 411
344 388
344 367
344 388
344 361
344 292
344 397
344 312
344 385
344 310
344 305
344 383
344 411
344 356
344 318
344 342
344 318
344 307
344 300
344 309
344 356
344 574
345 318
345 318
345 405
345 361
345 344
345 362
345 376
345 318
345 339
345 576
346 344
346 324
346 346
346 455
347 336
347 335
347 301
347 297
347 385
347 377
347 305
347 344
347 356
347 292
347 296
347 356
347 378
347 313
347 347
347 407
347 325
347 365
347 388
347 357
347 292
347 318
347 397
347 388
347 369
347 305
347 369
347 381
347 388
347 350
347 386
347 299
347 301
347 297
347 329
347 342
347 318
347 326
347 318
347 590
348 318
348 348
348 381
348 318
348 396
348 298
349 305
349 318
349 342
349 369
349 318
349 323
349 336
349 401
349 398
349 388
349 360
349 301
349 319
349 305
349 378
349 370
350 381
350 402
350 388
350 318
350 313
351 396
351 402
351 317
351 335
351 302
351 347
352 396
352 357
353 388
353 369
353 391
353 318
354 324
354 318
354 400
354 383
354 375
354 356
354 353
354 297
354 400
354 326
354 310
354 400
354 378
354 311
354 318
354 296
354 316
355 353
355 305
355 318
355 336
355 411
355 373
355 318
355 302
355 583
356 302
356 301
356 317
356 344
356 293
356 360
356 360
356 321
356 382
356 310
356 407
356 349
356 374
356 354
356 318
356 356
356 374
356 318
356 389
356 297
356 321
356 318
356 399
356 348
356 342
356 317
356 318
356 349
356 322
356 321
356 360
356 339
356 311
356 344
356 356
356 399
356 361
356 304
356 397
356 397
356 320
356 318
356 403
356 295
356 318
356 332
356 373
356 378
356 344
356 388
356 305
356 318
356 324
356 318
356 404
356 372
356 309
356 311
356 391
356 356
356 349
356 326
356 318
356 374
356 388
356 304
356 349
356 370
356 340
356 407
356 296
356 357
356 407
356 318
356 382
356 383
356 336
356 397
356 340
356 326
356 320
356 404
356 297
356 375
356 391
356 297
356 388
356 369
356 369
356 397
356 373
356 388
356 344
356 410
356 300
356 305
356 355
356 355
356 361
356 390
356 366
356 378
356 388
356 318
356 297
356 573
356 573
356 576
356 599
356 605
356 599
356 634
356 676
357 335
357 357
357 318
357 298
357 326
357 321
357 397
357 297
357 397
357 368
357 400
357 370
357 347
357 307
357 357
357 329
357 306
357 382
357 332
357 301
357 347
357 318
357 384
357 318
357 318
357 378
357 575
358 354
359 318
359 407
359 399
359 349
359 356
359 305
359 354
359 373
359 388
359 376
359 318
360 318
360 305
360 360
360 389
360 378
360 405
360 336
360 294
360 356
360 318
360 337
360 318
360 342
360 388
360 318
360 397
360 298
360 426
361 301
361 368
361 391
361 405
361 342
361 305
361 365
361 318
361 318
361 356
361 580
362 344
362 407
363 400
363 356
363 344
363 382
364 339
364 345
364 368
364 305
364 324
364 381
365 316
365 318
365 394
365 293
365 302
365 318
365 301
365 329
365 305
366 356
366 404
366 309
366 356
366 307
366 318
367 397
367 356
367 323
367 297
367 392
368 355
368 307
368 396
368 297
368 326
368 362
368 403
368 407
368 332
368 306
368 332
368 382
368 306
368 394
368 356
369 364
369 297
369 318
369 398
369 294
369 360
369 373
369 383
369 400
369 398
369 296
369 410
369 368
369 318
369 301
369 298
369 351
369 646
370 381
370 318
370 360
370 318
370 305
370 358
370 342
370 330
370 356
370 373
370 396
370 320
370 369
370 318
370 304
370 387
370 535
370 557
370 460
371 381
371 382
371 294
372 300
373 305
373 297
373 356
373 318
373 313
373 357
373 373
373 301
373 318
373 382
373 382
373 362
373 356
373 400
373 292
373 318
373 356
373 318
373 357
373 489
373 580
373 597
373 683
374 344
374 373
374 320
374 331
374 312
374 368
374 356
374 357
374 356
374 317
374 378
374 298
374 355
374 396
374 349
374 396
374 360
374 321
374 298
374 356
374 294
374 314
374 292
374 298
374 373
374 372
374 342
374 353
374 318
374 305
374 398
374 318
374 321
374 388
374 669
375 343
375 318
375 327
376 305
376 326
376 342
376 326
376 342
376 385
376 297
376 300
376 312
376 373
376 329
377 307
378 318
378 311
378 326
378 356
378 369
378 318
378 406
378 305
378 410
378 356
378 318
378 372
378 396
378 305
378 383
378 318
378 370
378 301
378 389
378 410
378 342
379 294
379 374
379 318
379 407
379 311
379 331
380 342
380 396
380 356
380 333
380 427
381 347
381 381
381 302
381 300
381 318
381 305
381 359
381 363
381 318
381 357
381 381
381 376
381 321
381 369
381 356
381 335
381 301
381 356
381 339
381 388
381 318
381 362
381 356
381 341
381 318
381 318
381 318
381 594
382 354
382 408
382 397
382 318
382 395
382 377
382 396
382 359
382 404
382 357
382 318
383 321
383 305
383 360
383 313
383 350
383 345
383 356
383 370
383 316
383 293
383 374
383 357
383 297
383 362
383 382
383 318
383 302
383 397
383 373
383 297
383 347
383 318
383 397
383 329
384 357
384 301
384 380
384 318
384 356
384 326
384 302
384 309
385 304
385 313
385 357
385 317
385 318
385 336
385 307
385 344
385 404
385 364
386 356
386 332
386 395
386 337
386 400
386 369
386 383
386 388
386 332
386 305
386 295
386 384
386 576
387 388
387 349
387 385
387 400
387 356
388 378
388 389
388 356
388 297
388 381
388 292
388 388
388 305
388 318
388 356
388 356
388 294
388 383
388 396
388 356
388 385
388 354
388 373
388 396
388 361
388 381
388 318
388 388
388 318
388 396
388 405
388 325
388 369
388 365
388 312
388 302
388 356
388 318
388 298
388 387
388 370
388 318
388 356
388 405
388 332
388 341
388 349
388 357
388 310
388 347
388 300
388 321
388 463
388 438
388 583
389 320
389 344
389 301
389 373
389 312
389 381
389 318
389 381
389 332
389 411
389 376
389 356
389 350
389 313
389 389
389 401
389 317
389 378
389 374
389 674
390 353
390 388
390 345
390 406
390 679
391 356
391 396
391 302
391 318
391 320
391 349
391 347
392 356
392 318
392 376
392 324
392 355
392 318
394 333
394 354
394 318
394 384
394 372
395 411
395 297
395 318
395 339
395 410
395 373
395 350
395 406
395 373
395 335
395 307
395 342
396 363
396 326
396 354
396 318
396 301
396 380
396 361
396 356
396 381
396 314
396 379
396 356
396 342
396 331
396 388
396 318
396 365
396 375
396 324
396 366
396 299
396 378
396 318
396 325
396 301
396 305
396 297
396 356
396 400
396 326
396 378
396 410
396 356
397 347
397 373
397 354
397 323
397 324
397 309
397 365
397 389
397 396
397 369
397 410
397 297
397 409
397 335
397 328
397 294
397 362
397 396
397 342
397 599
398 318
398 296
398 357
399 312
399 349
399 342
399 302
400 303
400 382
400 297
400 356
400 369
400 302
400 346
400 305
400 370
400 311
400 336
400 374
400 330
400 369
400 305
400 385
400 373
400 345
400 572
401 389
401 318
401 678
402 374
402 356
402 313
403 318
404 318
404 313
404 407
404 355
404 318
404 315
404 371
404 298
404 356
404 305
404 388
404 356
404 604
405 375
405 376
405 315
406 380
406 381
406 370
406 383
406 381
406 355
406 356
406 388
406 331
406 347
406 354
406 302
406 356
406 325
406 356
406 669
407 372
407 396
407 305
407 318
407 396
407 333
407 388
407 347
407 334
407 312
407 326
407 388
407 354
407 347
407 387
407 297
407 321
407 369
407 362
407 356
408 391
408 362
408 296
408 347
408 389
408 356
408 320
409 404
409 349
409 383
410 318
410 344
410 388
410 375
410 373
410 378
410 318
410 305
410 297
410 388
410 316
410 329
410 369
410 307
410 426
411 400
411 374
411 388
411 356
411 310
411 372
411 318
411 318
411 318
411 318
411 377
411 493
412 437
412 535
412 463
412 530
413 437
413 418
413 478
413 426
413 463
413 447
413 458
413 521
413 505
413 607
414 481
414 453
414 533
414 501
414 580
415 426
415 473
415 500
415 501
415 518
415 420
415 510
415 505
415 477
415 437
415 525
415 431
415 551
415 448
415 427
415 493
415 458
415 495
415 419
415 505
415 419
415 426
415 564
415 426
415 431
415 464
415 598
415 577
415 661
415 666
416 426
416 570
417 441
417 530
417 535
417 427
418 452
418 510
418 524
418 530
418 473
418 438
418 551
419 457
419 426
419 473
419 564
419 510
419 487
419 532
419 437
419 549
419 420
419 460
419 454
419 570
419 484
419 416
419 524
419 441
419 460
419 533
419 530
419 545
419 415
419 454
419 518
419 419
419 525
419 561
419 512
419 491
419 447
419 454
419 427
419 441
419 484
419 535
419 413
419 568
419 549
419 556
419 554
419 523
419 513
419 463
419 557
419 413
419 454
419 535
419 437
419 449
419 480
419 530
419 426
420 528
420 568
420 478
420 445
420 484
420 426
420 422
420 530
420 530
420 541
420 530
420 426
420 530
420 494
420 512
420 478
420 532
420 500
420 458
420 430
421 455
421 554
421 447
421 489
421 567
421 512
421 438
421 545
421 564
421 532
421 426
421 604
421 580
421 592
421 664
422 462
422 521
422 439
422 465
422 485
422 568
422 554
422 518
422 462
422 554
422 561
422 453
422 415
422 440
422 590
422 588
422 584
422 577
422 592
423 551
423 500
423 426
423 564
423 542
423 499
423 453
423 417
423 443
423 453
423 453
423 577
424 475
424 473
424 464
424 455
424 439
424 437
424 568
424 421
424 570
424 422
424 445
424 460
424 513
424 463
424 527
424 570
424 530
424 419
424 503
424 531
424 463
424 500
424 447
424 530
424 445
424 580
424 584
425 421
425 487
425 530
425 505
425 530
425 480
425 520
425 423
425 445
425 596
426 552
426 414
426 549
426 429
426 500
426 530
426 473
426 568
426 495
426 512
426 480
426 463
426 499
426 476
426 530
426 454
426 530
426 427
426 455
426 468
426 564
426 490
426 462
426 421
426 484
426 419
426 528
426 530
426 426
426 532
426 422
426 521
426 512
426 429
426 438
426 439
426 564
426 462
426 566
426 462
426 547
426 417
426 570
426 484
426 500
426 490
426 525
426 482
426 428
426 570
426 547
426 469
426 467
426 527
426 570
426 512
426 426
426 546
426 449
426 551
426 489
426 474
426 554
426 547
426 566
426 564
426 543
426 426
426 514
426 426
426 460
426 425
426 428
426 532
426 467
426 427
426 424
426 541
426 473
426 490
426 483
426 533
426 465
426 561
426 568
426 510
426 564
426 530
426 451
426 454
426 489
426 553
426 500
426 447
426 501
426 429
426 483
426 500
426 493
426 500
426 493
426 499
426 510
426 495
426 543
426 552
426 513
426 453
426 413
426 554
426 533
426 460
426 473
426 419
426 426
426 419
426 554
426 419
426 478
426 478
426 445
426 528
426 500
426 427
426 435
426 454
426 530
426 427
426 426
426 552
426 518
426 437
426 451
426 439
426 554
426 419
426 426
426 424
426 447
426 458
426 455
426 426
426 420
426 427
426 578
426 591
426 599
426 577
426 605
426 580
426 599
426 576
426 580
426 663
426 666
426 666
427 500
427 495
427 519
427 462
427 523
427 541
427 454
427 472
427 535
427 464
427 549
427 464
427 570
427 451
427 463
427 523
427 478
427 437
427 455
427 428
427 530
427 541
427 536
427 505
427 445
427 500
427 421
427 438
427 556
427 478
427 554
427 583
427 576
427 665
427 666
428 455
428 545
428 454
428 439
428 530
428 464
428 453
428 582
428 661
428 661
429 563
429 564
429 454
429 474
429 535
429 426
429 518
429 500
429 484
429 447
429 533
429 413
429 561
429 482
429 473
429 482
429 455
429 551
429 568
429 500
429 551
429 552
429 439
429 549
429 525
429 458
429 426
429 441
429 455
429 512
429 589
429 580
429 576
429 663
429 661
430 489
430 569
430 570
430 426
430 570
430 576
431 426
431 530
431 459
431 455
431 474
431 547
431 427
431 426
431 488
431 551
431 591
432 561
432 530
432 554
432 661
433 438
433 530
433 455
433 469
433 451
433 454
433 566
433 532
433 426
433 530
433 455
433 419
433 533
433 500
434 480
434 525
434 519
434 608
435 512
435 421
435 437
435 518
435 433
435 463
435 494
435 666
435 661
436 427
436 530
436 426
436 455
436 536
437 429
437 471
437 570
437 415
437 451
437 556
437 466
437 525
437 533
437 505
437 454
437 412
437 510
437 438
437 497
437 509
437 425
437 530
437 458
437 535
437 505
437 530
437 506
437 518
437 426
437 556
437 447
437 454
437 564
437 510
437 445
437 495
437 437
437 458
437 412
437 510
437 431
437 541
437 454
437 438
437 541
437 595
437 588
437 584
437 607
438 484
438 445
438 525
438 419
438 489
438 433
438 429
438 514
438 532
438 549
438 489
438 438
438 484
438 463
438 433
438 556
438 561
438 541
438 453
438 427
438 455
438 531
438 426
438 457
438 506
438 434
438 518
438 437
438 568
438 421
438 443
438 439
438 452
438 426
438 440
438 487
438 445
438 491
438 570
438 458
438 476
438 427
438 582
438 608
438 591
438 580
438 666
439 545
439 530
439 532
439 451
439 426
439 518
439 532
439 570
439 553
439 505
439 438
439 570
439 471
439 510
439 566
439 476
439 415
439 464
439 493
439 440
439 500
439 513
439 532
439 538
439 426
439 440
439 478
439 416
439 665
440 444
440 426
440 565
440 453
440 535
440 454
440 493
440 562
440 561
440 541
440 568
440 495
440 447
440 462
440 518
440 445
440 451
440 450
440 500
440 478
440 512
440 570
440 500
440 527
440 454
440 426
440 427
440 500
440 603
440 599
440 608
440 577
440 576
440 661
441 439
441 564
441 493
441 487
441 545
441 592
441 580
441 599
442 419
442 419
442 453
442 533
442 499
442 433
442 463
442 523
443 568
443 423
443 455
443 455
443 426
443 530
443 469
443 440
443 518
443 512
443 500
443 437
443 570
443 454
443 457
443 502
443 452
443 666
444 451
444 454
444 454
444 454
444 454
444 506
444 501
444 444
444 512
444 460
445 501
445 566
445 460
445 420
445 501
445 484
445 455
445 422
445 528
445 530
445 501
445 556
445 413
445 568
445 500
445 532
445 506
445 429
445 429
445 429
445 454
445 530
445 505
445 427
445 453
445 438
445 537
445 427
445 437
445 545
445 426
445 487
445 577
446 424
446 460
446 530
446 438
446 561
446 564
446 437
446 484
446 601
447 454
447 454
447 530
447 420
447 473
447 437
447 426
447 570
447 427
447 458
447 495
447 419
447 413
447 426
447 556
447 494
447 549
447 562
447 567
447 543
447 454
447 588
447 605
447 589
448 462
448 426
448 470
449 666
450 426
450 568
450 433
450 510
450 455
450 454
450 518
450 598
451 523
451 463
451 426
451 512
451 423
451 510
451 464
451 432
451 426
451 421
451 424
451 556
451 470
451 551
451 433
451 449
451 478
451 472
451 428
451 530
451 571
451 534
451 474
451 422
451 543
451 599
451 585
451 666
451 666
452 569
452 568
452 500
452 527
452 508
452 543
452 528
452 484
452 452
452 499
452 536
452 424
452 608
453 549
453 530
453 451
453 438
453 564
453 499
453 426
453 500
453 419
453 549
453 433
453 551
453 415
453 426
453 500
453 501
453 512
453 500
453 429
453 545
453 530
453 458
453 499
453 487
453 550
453 588
453 589
454 454
454 422
454 454
454 454
454 501
454 487
454 545
454 422
454 426
454 458
454 439
454 487
454 547
454 553
454 499
454 427
454 518
454 419
454 532
454 518
454 505
454 473
454 419
454 513
454 438
454 515
454 478
454 567
454 426
454 500
454 532
454 459
454 533
454 493
454 453
454 426
454 530
454 546
454 426
454 438
454 415
454 419
454 525
454 499
454 426
454 445
454 493
454 530
454 455
454 437
454 427
454 554
454 455
454 529
454 425
454 510
454 543
454 561
454 499
454 506
454 427
454 419
454 541
454 419
454 446
454 437
454 442
454 440
454 453
454 439
454 455
454 458
454 530
454 561
454 440
454 493
454 422
454 542
454 464
454 518
454 561
454 473
454 426
454 533
454 415
454 536
454 513
454 591
454 599
454 590
454 582
454 591
454 596
454 580
454 588
454 663
455 454
455 561
455 510
455 501
455 454
455 426
455 521
455 452
455 421
455 484
455 463
455 439
455 458
455 455
455 528
455 503
455 500
455 445
455 455
455 426
455 493
455 415
455 541
455 472
455 431
455 420
455 440
455 440
455 418
455 455
455 513
455 453
455 422
455 476
455 447
455 455
455 460
455 500
455 487
455 427
455 554
455 530
455 501
455 507
455 525
455 454
455 443
455 543
455 502
455 473
455 486
455 454
455 530
455 486
455 558
455 535
455 530
455 464
455 489
455 583
455 576
455 608
455 660
455 666
455 666
456 547
456 427
456 568
456 535
456 536
456 526
457 454
457 422
457 426
457 419
457 463
457 440
457 566
457 532
457 541
457 429
457 544
457 438
457 445
457 606
457 592
458 500
458 551
458 554
458 549
458 536
458 419
458 559
458 458
458 455
458 500
458 454
458 458
458 453
458 451
458 485
458 551
458 556
458 570
458 437
458 438
458 426
458 447
458 457
458 506
458 532
458 500
458 530
458 511
458 426
458 563
458 423
458 523
458 530
458 454
458 463
458 494
458 427
458 551
458 491
458 530
458 601
458 608
458 587
458 592
458 661
459 536
459 427
459 543
459 600
460 559
460 512
460 426
460 429
460 487
460 524
460 427
460 501
460 561
460 455
460 455
460 421
460 493
460 451
460 559
460 541
460 485
460 479
460 418
460 493
460 512
460 505
460 481
460 426
460 535
460 438
460 478
460 455
460 545
460 580
460 577
460 666
461 518
461 513
461 438
461 454
461 520
462 506
462 512
462 503
462 509
462 484
462 518
462 440
462 478
462 549
462 605
463 532
463 444
463 521
463 503
463 458
463 564
463 478
463 554
463 426
463 501
463 518
463 554
463 422
463 445
463 440
463 478
463 528
463 554
463 510
463 605
463 661
464 568
464 454
464 453
464 445
464 507
464 437
464 493
464 415
464 457
464 415
464 503
464 453
464 447
464 438
464 426
464 520
464 429
464 500
464 501
464 560
464 509
464 554
464 541
464 500
464 425
464 489
464 478
464 426
464 486
464 493
464 591
464 580
464 591
464 660
465 560
465 514
465 440
465 489
465 530
465 474
466 499
466 450
467 422
467 426
467 426
467 532
467 447
467 471
467 426
467 523
467 476
467 513
467 510
467 536
467 541
468 527
469 499
469 500
470 501
470 531
470 424
470 551
470 482
470 561
471 528
471 446
471 510
471 549
471 551
471 454
471 570
471 419
471 515
471 530
471 484
471 530
471 665
472 541
472 419
472 524
473 487
473 441
473 500
473 453
473 426
473 499
473 439
473 549
473 480
473 484
473 419
473 493
473 463
473 453
473 487
473 500
473 500
473 599
473 666
474 453
474 541
474 509
474 563
474 419
474 534
474 454
474 415
474 452
474 480
474 550
474 608
476 490
476 493
476 437
476 455
476 522
476 478
476 430
477 488
477 427
478 415
478 563
478 419
478 429
478 454
478 509
478 549
478 426
478 424
478 426
478 522
478 535
478 562
478 536
478 498
478 460
478 487
478 427
478 532
478 415
478 530
478 427
478 559
478 519
478 476
478 570
478 530
478 456
478 474
478 551
478 510
478 453
478 464
478 500
478 426
478 549
478 591
478 666
479 500
479 439
479 451
479 471
479 608
480 526
480 487
480 500
480 426
480 440
480 522
480 419
480 462
480 564
480 438
480 434
480 568
480 420
480 564
480 566
481 454
481 499
481 451
481 500
481 419
481 472
481 474
481 427
481 537
481 663
482 438
482 501
482 424
482 415
482 421
482 517
482 511
482 590
483 532
483 547
483 429
483 429
483 454
483 570
483 484
483 565
483 420
483 482
483 429
483 457
483 568
483 433
483 501
483 464
483 463
483 427
483 462
483 553
483 533
483 586
483 580
483 586
484 568
484 570
484 551
484 547
484 454
484 415
484 458
484 564
484 473
484 426
484 568
484 450
484 454
484 423
484 441
484 484
484 426
484 512
484 523
484 537
484 454
484 520
484 495
484 432
484 454
484 500
484 543
484 455
484 541
484 532
484 501
484 551
484 494
484 501
484 469
484 460
484 589
485 505
485 421
485 500
485 525
486 454
486 566
486 463
487 549
487 551
487 437
487 500
487 455
487 551
487 495
487 451
487 445
487 570
487 561
487 442
487 500
487 453
487 580
487 608
487 590
488 448
488 438
488 447
488 438
488 426
488 460
488 551
489 564
489 426
489 448
489 508
489 540
489 463
489 422
489 547
489 426
489 426
489 505
489 426
489 553
489 499
489 544
489 429
489 466
489 456
489 524
490 514
490 489
490 452
491 458
491 554
491 530
492 427
492 570
492 484
492 455
492 500
492 592
492 663
493 437
493 545
493 564
493 568
493 570
493 460
493 570
493 530
493 476
493 509
493 465
493 441
493 566
493 467
493 487
493 435
493 426
493 553
493 445
493 554
493 474
493 557
493 419
493 494
493 530
493 414
493 484
493 426
493 506
493 568
493 419
493 567
493 429
493 535
493 454
493 444
493 480
493 463
493 551
493 455
493 469
493 580
493 600
493 576
494 458
494 455
494 569
494 512
494 453
494 568
494 540
494 473
494 533
494 590
494 661
495 440
495 542
495 508
495 532
495 570
495 514
495 598
496 540
497 564
497 420
497 561
497 500
498 452
498 500
498 493
498 530
499 500
499 438
499 424
499 433
499 518
499 465
499 463
499 530
499 530
499 426
499 568
499 464
499 513
499 525
499 426
499 426
499 545
499 422
499 447
499 454
499 583
499 608
499 576
499 598
499 608
499 588
499 591
499 588
499 580
500 551
500 420
500 530
500 521
500 523
500 425
500 426
500 438
500 454
500 530
500 433
500 456
500 518
500 430
500 496
500 493
500 455
500 530
500 530
500 438
500 570
500 554
500 523
500 427
500 564
500 482
500 518
500 545
500 455
500 419
500 447
500 429
500 438
500 530
500 419
500 426
500 458
500 440
500 499
500 532
500 500
500 499
500 458
500 530
500 495
500 419
500 442
500 427
500 530
500 536
500 484
500 568
500 454
500 415
500 473
500 420
500 428
500 458
500 429
500 420
500 505
500 460
500 530
500 478
500 511
500 482
500 554
500 445
500 426
500 418
500 433
500 427
500 566
500 484
500 415
500 568
500 500
500 549
500 426
500 500
500 437
500 429
500 450
500 496
500 458
500 438
500 458
500 541
500 429
500 447
500 433
500 577
500 599
500 590
500 589
500 608
500 605
500 666
500 661
500 665
501 546
501 478
501 554
501 437
501 570
501 570
501 452
501 455
501 413
501 426
501 553
501 454
501 421
501 535
501 521
501 530
501 447
501 479
501 454
501 556
501 439
501 438
501 568
501 482
501 478
501 483
501 532
501 478
501 530
501 426
501 426
501 477
501 500
501 588
501 583
501 590
501 580
501 608
502 453
502 426
502 458
502 529
502 570
502 512
503 549
503 500
503 512
503 500
503 523
503 512
503 476
503 454
503 530
504 452
504 418
504 568
504 577
505 432
505 455
505 561
505 422
505 501
505 500
505 500
505 535
505 537
505 518
505 478
505 500
505 570
505 533
505 486
505 489
505 460
505 530
505 533
505 551
505 451
505 451
505 426
505 590
505 588
505 591
506 458
506 455
506 480
506 429
506 500
506 497
506 484
506 551
506 438
506 481
506 501
506 474
506 480
506 553
506 532
506 442
506 543
506 501
506 577
506 580
506 576
507 426
507 510
508 537
508 437
508 506
508 521
508 452
508 532
508 421
509 525
509 488
509 495
509 510
509 499
509 423
509 497
509 489
509 454
509 505
509 458
509 415
509 590
510 445
510 494
510 518
510 504
510 457
510 451
510 426
510 422
510 535
510 541
510 518
510 426
510 477
510 570
510 419
510 426
510 551
510 532
510 480
510 478
510 426
510 487
510 513
510 426
510 530
510 439
510 454
510 589
511 445
511 551
511 419
512 426
512 565
512 439
512 507
512 570
512 426
512 561
512 532
512 549
512 438
512 549
512 480
512 427
512 569
512 565
512 509
512 463
512 525
512 454
512 455
512 500
512 479
512 506
512 476
512 510
512 521
512 426
512 426
512 491
512 442
512 569
512 451
512 426
512 554
512 455
512 589
513 501
513 464
513 482
513 552
513 545
513 479
513 448
513 426
513 453
513 424
513 437
513 422
513 523
513 438
513 444
513 510
513 447
514 455
514 438
514 433
514 415
514 426
514 536
514 488
514 471
515 563
515 499
516 512
516 547
516 480
516 478
516 518
517 454
517 560
517 460
517 437
518 422
518 455
518 484
518 545
518 501
518 561
518 482
518 440
518 484
518 561
518 462
518 499
518 549
518 445
518 493
518 420
518 426
518 450
518 478
518 478
518 443
518 513
518 467
518 420
518 582
519 484
519 433
519 426
519 453
519 580
519 608
519 577
520 449
520 530
520 419
520 601
521 478
521 433
521 530
521 570
521 421
521 565
521 530
521 532
521 551
521 424
521 510
521 484
521 426
521 532
521 500
521 418
521 530
521 530
521 564
521 510
521 428
521 666
522 423
522 533
522 515
522 426
522 455
522 555
523 426
523 480
523 472
523 426
523 500
523 500
523 482
523 535
523 499
523 462
523 512
523 453
523 554
523 560
523 439
523 608
524 521
524 454
524 454
524 505
524 590
524 594
524 584
525 512
525 429
525 500
525 484
525 512
525 424
525 454
525 510
525 563
525 418
525 437
525 440
525 420
525 487
525 419
525 524
525 500
525 426
525 512
525 473
525 500
525 459
525 455
525 524
525 426
525 467
525 580
525 576
525 588
525 666
526 419
526 543
526 454
526 525
527 452
527 427
527 440
527 454
527 454
527 418
527 500
528 413
528 454
528 493
528 516
528 532
528 495
528 512
528 426
528 570
528 537
528 431
528 439
528 454
528 568
528 454
528 438
529 414
529 484
529 415
529 600
530 568
530 500
530 478
530 556
530 440
530 493
530 521
530 419
530 525
530 528
530 524
530 427
530 421
530 454
530 532
530 523
530 484
530 532
530 426
530 484
530 457
530 426
530 530
530 525
530 437
530 511
530 549
530 460
530 427
530 426
530 530
530 433
530 500
530 426
530 439
530 455
530 557
530 414
530 460
530 512
530 525
530 532
530 429
530 423
530 424
530 438
530 448
530 464
530 443
530 524
530 493
530 454
530 439
530 426
530 495
530 502
530 541
530 454
530 438
530 487
530 454
530 446
530 551
530 447
530 426
530 426
530 484
530 515
530 512
530 455
530 434
530 509
530 419
530 419
530 466
530 463
530 518
530 465
530 453
530 500
530 499
530 427
530 532
530 564
530 489
530 499
530 531
530 530
530 429
530 500
530 493
530 533
530 478
530 449
530 556
530 487
530 478
530 426
530 422
530 439
530 435
530 466
530 473
530 439
530 524
530 419
530 580
530 608
530 608
530 599
530 576
530 584
530 576
530 597
530 579
530 590
531 445
531 423
531 570
531 523
531 599
532 445
532 531
532 443
532 543
532 525
532 424
532 535
532 495
532 498
532 426
532 463
532 500
532 528
532 458
532 503
532 471
532 437
532 540
532 500
532 412
532 500
532 500
532 464
532 568
532 424
532 546
532 499
532 580
532 594
533 463
533 527
533 471
533 473
533 455
533 537
533 433
533 455
533 554
533 536
533 478
533 427
533 454
533 534
533 533
533 454
533 525
533 474
533 496
533 425
533 415
533 518
533 460
533 444
533 522
533 508
533 561
533 608
533 576
533 576
533 599
533 592
533 608
534 570
535 556
535 505
535 570
535 463
535 541
535 445
535 554
535 467
535 503
535 423
535 525
535 426
535 447
535 443
535 509
535 500
535 444
535 568
535 427
535 509
535 513
535 455
535 493
535 554
535 590
535 608
536 528
536 426
536 500
536 543
536 513
536 523
536 551
536 554
536 530
536 451
536 446
536 661
537 564
537 454
537 435
537 487
537 426
537 454
537 426
537 424
537 589
538 562
538 500
538 464
538 584
539 487
539 423
539 455
539 564
539 419
539 661
540 523
540 437
540 556
540 439
540 568
540 518
540 416
540 446
540 447
540 570
540 505
540 429
540 535
541 552
541 443
541 444
541 547
541 493
541 426
541 547
541 541
541 417
541 517
541 505
541 458
541 480
541 512
541 440
541 464
541 454
541 535
541 426
541 563
541 549
541 535
541 500
541 427
541 576
542 489
542 497
542 568
542 454
542 419
542 458
543 506
543 424
543 500
543 545
543 426
543 493
543 424
543 455
543 533
543 501
543 597
544 563
544 530
544 413
545 505
545 440
545 422
545 460
545 530
545 562
545 564
545 604
545 608
546 450
546 512
546 666
547 518
547 505
547 489
547 438
547 426
547 542
547 427
547 481
547 458
547 564
547 458
547 608
547 581
547 589
548 455
548 449
548 533
548 426
549 460
549 532
549 442
549 447
549 536
549 535
549 530
549 500
549 556
549 419
549 494
549 426
549 437
549 454
549 467
549 415
549 458
549 426
549 521
549 426
549 532
550 564
550 487
550 443
551 530
551 464
551 512
551 484
551 426
551 457
551 482
551 447
551 570
551 422
551 478
551 462
551 500
551 455
551 534
551 500
551 501
551 525
551 474
551 454
551 597
551 580
551 608
551 661
551 666
552 570
552 563
552 424
552 506
552 463
552 554
552 594
553 419
553 546
553 514
553 512
553 425
554 437
554 521
554 464
554 570
554 454
554 493
554 454
554 564
554 455
554 419
554 569
554 570
554 532
554 440
554 419
554 462
554 554
554 530
554 484
554 463
554 419
554 551
554 457
554 568
554 455
554 500
554 438
554 439
554 422
554 426
554 505
554 567
554 530
554 426
554 564
554 437
554 663
555 424
555 561
556 467
556 489
556 473
556 580
556 660
557 439
557 484
557 474
557 570
557 558
558 440
558 568
559 426
559 499
559 499
559 478
559 484
559 551
559 441
560 487
560 525
560 608
561 503
561 500
561 532
561 518
561 455
561 532
561 530
561 460
561 427
561 454
561 505
561 525
561 548
561 415
561 454
561 421
561 553
561 493
561 530
561 524
561 535
561 570
561 541
561 461
561 576
561 579
561 580
561 608
561 599
562 454
562 591
562 577
563 427
563 541
563 533
563 416
563 525
563 454
563 598
564 568
564 426
564 525
564 487
564 421
564 524
564 412
564 536
564 485
564 459
564 525
564 471
564 458
564 560
564 439
564 549
564 439
564 458
564 437
564 545
564 428
564 500
564 441
564 445
564 425
564 439
564 570
564 580
564 599
565 533
565 445
566 512
566 454
566 458
566 420
566 454
566 561
566 571
566 536
566 580
566 581
567 545
567 566
567 595
568 500
568 431
568 457
568 541
568 554
568 511
568 541
568 455
568 423
568 415
568 530
568 543
568 500
568 426
568 493
568 500
568 554
568 521
568 476
568 570
568 426
568 512
568 533
568 506
568 426
568 535
568 426
568 445
568 438
568 438
568 554
568 551
568 426
568 541
568 451
568 426
568 506
568 454
568 462
568 447
568 505
568 483
568 452
568 474
568 532
568 463
568 454
568 478
568 429
568 582
568 608
568 580
568 608
568 589
568 580
568 584
568 576
568 580
568 587
568 608
568 584
568 666
569 420
569 426
569 506
569 530
569 510
569 445
569 570
569 415
569 545
569 543
569 554
570 455
570 554
570 419
570 439
570 426
570 570
570 426
570 456
570 453
570 446
570 426
570 455
570 478
570 512
570 532
570 426
570 429
570 454
570 515
570 454
570 551
570 429
570 568
570 450
570 500
570 426
570 518
570 494
570 500
570 425
570 532
570 462
570 480
570 464
570 565
570 568
570 447
570 566
570 528
570 554
570 473
570 500
570 425
570 438
570 564
570 437
570 525
570 561
570 447
570 454
570 512
570 571
570 529
570 505
570 501
570 455
570 576
570 580
570 608
571 460
571 499
571 505
571 426
572 574
572 574
572 574
572 573
573 574
573 572
573 575
573 574
574 574
574 574
574 574
574 574
574 574
574 574
574 573
574 574
574 574
574 574
575 572
575 572
575 574
575 574
575 574
575 574
575 574
576 581
576 608
576 585
576 608
576 589
576 576
576 608
576 606
576 599
576 595
576 608
576 595
576 580
576 593
576 583
576 583
576 605
576 592
576 588
576 608
576 590
576 584
576 599
576 595
576 595
576 588
576 597
576 660
577 580
577 599
577 583
577 576
577 576
577 608
577 584
577 608
577 605
577 603
577 577
577 576
577 599
577 608
577 583
577 598
577 589
577 576
577 595
577 576
577 576
577 590
577 594
577 588
577 589
577 594
577 608
577 577
577 577
577 583
577 600
577 576
577 595
577 588
577 589
577 581
577 605
577 580
578 593
578 605
578 594
578 576
579 608
579 588
579 590
580 589
580 608
580 590
580 581
580 599
580 586
580 608
580 594
580 607
580 580
580 580
580 608
580 606
580 576
580 608
580 577
580 608
580 576
580 591
580 577
580 580
580 591
580 588
580 584
580 579
580 577
580 608
580 588
580 576
580 601
580 598
580 580
580 589
580 580
580 601
580 595
580 601
580 576
580 590
580 605
580 588
580 584
580 576
580 584
580 589
580 576
580 580
580 577
580 608
580 588
580 605
580 602
580 580
580 599
580 576
581 589
581 608
581 601
582 576
582 591
582 588
582 580
582 583
582 589
582 580
582 605
582 608
582 580
583 599
583 576
583 607
583 599
583 577
583 608
583 601
583 579
583 607
583 598
583 590
583 592
583 588
583 580
584 603
584 606
584 602
584 580
584 576
584 588
585 605
585 592
585 605
585 608
585 576
585 580
585 577
585 600
586 580
586 608
586 581
586 601
586 601
586 580
588 577
588 576
588 597
588 608
588 588
588 576
588 591
588 589
588 588
588 582
588 577
588 600
588 594
588 608
588 605
588 594
588 585
588 588
589 605
589 600
589 580
589 576
589 582
589 576
589 580
589 602
589 584
589 590
589 598
589 606
589 579
589 576
589 588
589 589
589 589
589 576
589 608
589 608
589 591
589 590
589 594
589 590
589 661
590 608
590 593
590 591
590 602
590 576
590 589
590 577
590 600
590 577
590 580
590 577
590 579
590 589
590 580
590 597
590 590
590 684
591 590
591 605
591 590
592 591
592 577
592 591
592 588
592 591
592 601
592 593
592 601
592 608
592 583
592 599
592 580
593 581
593 592
593 576
594 582
594 580
594 605
594 576
594 589
594 599
594 601
595 590
595 589
595 584
595 580
595 605
595 580
595 589
595 577
595 603
596 577
597 590
597 580
597 595
597 589
597 592
597 608
597 591
597 599
597 593
597 582
597 582
597 580
597 586
597 576
598 589
598 580
598 583
598 588
598 589
598 576
598 580
598 589
598 576
599 600
599 598
599 576
599 577
599 608
599 608
599 580
599 580
599 606
599 586
599 576
599 600
599 595
599 576
599 580
599 608
599 608
599 588
599 608
599 580
599 579
599 590
599 608
599 589
599 605
599 608
599 583
599 594
599 608
600 594
600 587
600 580
600 590
600 580
600 576
600 600
600 592
600 608
601 590
601 589
601 599
601 576
601 588
601 580
601 589
601 602
601 592
602 580
602 576
602 592
602 606
603 588
603 588
603 583
603 608
603 594
604 592
604 608
604 576
604 608
605 576
605 591
605 589
605 589
605 590
605 602
606 580
606 576
607 591
608 600
608 608
608 591
608 585
608 592
608 580
608 588
608 608
608 605
608 594
608 580
608 606
608 589
608 576
608 608
608 603
608 580
608 588
608 580
608 596
608 583
608 602
608 608
608 577
608 601
608 590
608 608
608 608
608 580
608 584
608 580
608 584
608 603
608 580
608 580
608 589
608 583
608 596
608 580
608 594
608 588
608 576
608 577
608 588
608 596
608 589
608 589
608 595
608 580
608 576
608 608
608 590
608 597
609 654
609 648
609 616
609 649
609 643
610 628
610 628
611 649
611 643
611 633
611 636
611 655
611 651
611 634
612 622
612 659
612 620
612 649
612 651
612 649
612 649
613 653
613 648
613 623
613 650
613 627
613 614
613 644
613 636
613 618
613 643
614 643
614 653
614 613
614 650
614 654
615 629
615 617
615 635
615 626
616 613
616 617
616 659
616 642
616 631
616 656
616 633
616 653
616 617
616 649
616 631
616 678
617 659
617 627
617 643
617 627
617 646
617 612
617 649
617 636
617 622
617 609
617 613
617 628
617 643
617 653
617 659
617 625
617 654
617 643
617 626
617 647
617 646
617 644
617 628
617 639
617 620
617 633
617 627
617 634
617 627
617 617
617 634
617 622
618 634
618 633
618 653
618 649
618 648
618 628
619 634
619 643
619 628
619 615
619 653
620 637
620 643
620 643
620 643
620 634
620 653
620 658
620 642
620 629
620 644
620 659
620 644
620 653
620 617
620 617
620 654
620 644
620 648
620 649
620 628
620 618
620 642
620 617
620 617
620 617
620 676
622 649
622 637
622 614
622 650
622 644
622 626
622 628
622 613
622 617
622 638
622 636
622 636
623 617
623 640
623 617
623 620
623 617
623 655
623 659
624 621
624 614
624 649
624 628
624 649
624 629
624 617
624 624
624 643
624 653
624 649
624 647
624 618
624 649
624 633
624 630
624 627
624 617
625 653
626 620
626 625
626 616
626 628
627 612
627 650
627 620
627 643
627 613
627 649
627 620
627 651
627 625
627 627
627 653
627 659
627 619
627 650
627 681
628 643
628 640
628 612
628 636
628 654
628 654
628 615
628 624
628 640
628 643
628 655
628 654
628 642
628 627
628 636
628 609
628 641
628 647
628 628
628 636
628 649
628 648
628 659
628 634
628 653
628 650
628 649
628 628
628 620
628 647
628 633
628 659
628 651
628 649
628 644
628 648
628 627
628 646
628 653
628 617
628 620
628 648
628 617
628 676
629 627
629 655
629 625
629 617
629 617
629 633
629 618
629 648
629 634
629 647
629 634
630 629
630 649
630 644
631 628
631 637
631 629
631 624
631 631
631 649
631 634
631 628
632 649
632 636
632 618
632 620
633 628
633 638
633 613
633 627
633 634
633 659
633 654
633 643
633 676
634 639
634 649
634 639
634 615
634 646
634 632
634 648
634 628
634 649
634 624
634 634
634 633
634 642
634 613
634 649
634 643
634 638
634 613
634 656
634 615
634 638
634 624
634 659
634 649
634 634
634 625
634 642
634 647
634 628
634 655
634 649
634 639
634 621
634 626
634 655
634 634
634 643
634 649
635 653
635 616
635 638
635 646
635 624
635 683
636 638
636 649
636 653
636 643
636 653
636 617
636 649
636 643
636 628
636 625
636 617
636 647
636 642
636 659
636 620
636 649
636 636
636 617
636 646
636 609
636 659
636 638
636 642
637 620
637 629
637 615
637 648
637 658
637 642
637 632
637 627
637 659
637 649
637 659
637 634
638 653
638 659
638 638
638 644
638 614
638 649
638 659
638 616
638 627
639 622
639 640
639 649
639 639
639 646
640 628
640 644
640 654
640 630
640 634
641 620
641 617
641 644
641 649
642 655
642 643
642 643
642 634
642 614
642 659
642 649
642 629
642 648
642 643
642 643
642 659
642 627
642 613
642 643
642 618
642 656
642 635
642 649
642 643
642 659
642 684
642 673
643 633
643 629
643 623
643 659
643 642
643 651
643 613
643 612
643 656
643 642
643 637
643 624
643 627
643 654
643 649
643 628
643 617
643 653
643 643
643 646
643 613
643 617
643 628
643 655
643 638
643 647
643 646
643 649
643 628
643 628
643 644
643 617
643 659
643 635
644 643
644 634
644 658
644 659
644 628
644 649
644 611
644 654
644 643
644 643
644 628
644 655
644 626
644 624
644 632
644 659
644 626
644 652
644 620
644 639
644 645
644 628
644 615
644 618
644 619
644 617
645 628
645 637
645 625
645 649
645 648
646 653
646 659
646 644
646 644
646 636
646 659
646 659
646 648
646 653
646 656
646 646
646 659
646 620
646 676
646 682
647 653
647 636
647 634
647 634
647 644
647 649
647 649
647 651
647 659
647 649
647 651
647 654
647 646
647 656
647 623
647 642
647 676
648 636
648 643
648 649
648 620
648 636
648 653
648 617
648 653
648 628
648 659
648 615
648 649
648 620
648 628
648 641
648 628
648 643
648 642
649 659
649 653
649 649
649 634
649 636
649 633
649 648
649 612
649 652
649 612
649 653
649 649
649 653
649 636
649 635
649 649
649 659
649 636
649 628
649 649
649 620
649 653
649 642
649 655
649 615
649 617
649 659
649 649
649 649
649 626
649 613
649 642
649 659
649 659
649 634
649 643
649 638
649 649
649 636
649 649
649 635
649 653
649 649
649 632
649 659
649 659
649 659
649 629
649 649
649 642
649 655
649 654
649 649
649 648
649 649
649 635
649 654
649 613
649 611
649 648
649 634
649 617
649 646
649 634
649 611
649 628
649 649
649 659
649 667
650 628
650 658
650 621
650 624
650 659
650 653
650 644
651 634
651 628
651 643
651 620
652 639
652 643
652 633
652 617
652 642
652 649
653 650
653 644
653 648
653 655
653 648
653 659
653 611
653 634
653 647
653 624
653 644
653 646
653 620
653 636
653 617
653 643
653 653
653 624
653 654
653 629
653 659
653 646
653 627
653 653
653 657
653 627
653 643
653 611
653 641
653 627
653 635
653 659
653 648
654 620
654 632
654 654
654 618
654 643
654 649
654 617
654 620
654 637
655 631
655 625
655 642
655 653
655 644
655 636
655 628
655 643
655 659
655 647
655 643
655 644
656 649
656 641
657 643
657 627
657 634
658 633
658 634
658 637
659 616
659 624
659 655
659 636
659 637
659 649
659 636
659 646
659 620
659 634
659 644
659 628
659 654
659 628
659 654
659 648
659 638
659 649
659 617
659 642
659 617
659 628
659 653
659 659
659 658
659 643
659 658
659 655
659 632
659 629
659 617
659 617
659 625
659 618
659 643
660 666
660 663
661 661
661 666
661 665
661 666
661 661
661 663
661 661
661 665
661 666
661 665
662 661
662 663
662 660
663 666
663 661
663 666
663 665
663 661
663 661
663 666
663 665
663 663
663 663
664 663
664 661
665 665
665 661
665 661
665 663
665 666
666 666
666 663
666 661
666 665
666 663
666 660
666 661
666 666
666 661
666 663
666 665
666 663
666 660
666 661
667 677
667 683
667 681
667 677
667 675
668 683
668 685
669 683
669 670
669 680
669 676
670 680
670 669
670 683
671 676
671 677
671 678
671 676
672 674
672 681
672 677
673 676
673 669
674 676
674 677
674 683
674 683
675 677
675 683
675 683
676 677
676 673
676 683
676 679
676 683
676 683
676 679
676 677
676 676
676 683
676 680
676 680
676 683
676 675
676 673
676 676
676 674
676 669
676 673
676 673
676 670
677 676
677 676
677 677
677 676
677 678
677 683
677 683
678 683
678 675
678 670
678 676
678 682
678 672
678 676
678 685
679 683
679 685
679 678
679 683
679 684
680 683
681 669
681 669
681 683
682 682
682 683
682 667
682 683
682 675
682 677
682 678
683 671
683 677
683 683
683 679
683 676
683 677
683 677
683 683
683 683
683 676
683 667
683 678
683 670
683 676
683 677
683 681
683 676
683 679
683 685
683 683
683 683
683 680
683 676
683 676
683 680
683 676
683 683
683 684
683 669
683 683
683 683
683 674
683 685
683 667
683 682
683 683
683 678
684 679
684 675
684 669
684 673
684 669
685 683
685 671