0 20
0 35
0 34
0 49
0 28
0 46
0 50
0 3
0 0
0 19
0 32
0 5
0 7
0 6
0 36
0 31
0 14
0 17
0 32
0 42
0 13
0 24
0 11
0 33
0 45
0 13
0 43
0 34
0 31
0 31
0 39
0 6
0 35
0 26
1 6
1 31
1 31
1 35
1 19
1 0
1 35
1 30
2 8
2 31
2 30
2 12
2 0
2 35
2 35
2 12
2 46
2 45
2 31
2 40
2 4
2 19
2 35
2 3
2 27
2 33
2 212
2 211
3 9
3 19
3 2
3 40
3 31
3 26
3 45
3 24
3 29
3 34
3 27
3 7
3 211
3 511
4 29
4 35
4 27
5 42
6 26
6 0
6 20
6 20
6 46
6 2
6 45
6 2
6 25
6 25
6 35
6 19
6 9
6 35
6 15
7 31
7 3
7 19
7 26
7 19
7 35
7 50
7 19
7 29
7 47
7 12
8 16
8 35
8 33
8 31
9 49
9 36
9 3
9 32
9 19
9 32
9 19
9 35
9 18
9 45
9 19
9 31
9 34
9 4
9 32
10 20
10 19
10 1
10 45
10 43
10 27
10 44
10 32
10 16
10 50
10 19
11 33
11 47
11 39
11 6
11 23
11 31
12 35
12 27
12 3
12 0
12 21
12 49
12 21
12 43
12 23
12 19
12 201
13 35
13 19
14 2
14 19
15 16
15 1
15 13
15 45
15 35
15 28
15 42
15 31
15 32
15 43
15 10
15 40
15 31
15 595
16 35
16 31
16 19
16 10
16 2
16 12
16 18
16 5
17 6
17 19
17 37
18 31
18 6
18 46
18 43
18 33
18 45
18 29
18 33
19 27
19 35
19 24
19 19
19 47
19 24
19 28
19 12
19 46
19 24
19 7
19 3
19 47
19 3
19 35
19 19
19 16
19 45
19 19
19 37
19 25
19 24
19 35
19 15
19 19
19 13
19 3
19 27
19 16
19 46
19 2
19 39
19 4
19 8
19 19
19 37
19 4
19 10
19 19
19 12
19 20
19 37
19 33
19 24
19 36
19 19
19 35
19 34
19 20
19 31
19 19
19 47
19 9
19 15
19 20
19 35
19 33
19 15
19 6
19 45
19 19
19 50
19 19
19 2
19 1
19 47
19 48
19 19
19 31
20 25
20 33
20 33
20 35
20 45
20 35
20 15
20 19
20 19
20 49
20 45
20 19
20 32
20 19
20 20
20 49
20 37
20 47
20 30
20 43
20 6
20 49
20 45
20 37
20 2
20 31
20 30
20 31
20 30
20 210
21 19
21 26
21 28
22 6
23 35
23 31
23 0
23 20
23 200
24 48
24 43
24 19
24 28
24 43
24 19
24 24
24 19
24 33
24 47
24 20
24 27
24 20
24 0
24 3
24 43
24 1
24 43
24 17
24 18
25 44
25 24
25 0
25 40
25 6
25 35
25 27
26 8
26 1
26 19
26 31
26 35
26 45
26 27
26 19
26 25
26 26
26 40
26 24
26 15
26 20
26 26
26 30
26 15
27 35
27 6
27 27
27 16
27 45
27 19
27 17
27 35
27 32
27 6
27 20
27 12
27 33
27 6
27 19
27 35
27 10
27 43
27 47
27 30
28 43
28 33
28 19
28 19
28 35
28 28
28 14
28 32
28 16
28 27
28 19
28 27
28 20
28 19
28 42
28 0
28 37
28 30
28 3
28 47
28 197
29 30
29 19
29 0
29 35
29 19
29 7
29 43
29 47
29 32
30 46
30 31
30 19
30 49
31 43
31 3
31 1
31 36
31 42
31 37
31 7
31 34
31 20
31 19
31 23
31 27
31 19
31 23
31 27
31 16
31 19
31 35
31 16
31 24
31 23
31 45
31 9
31 27
31 46
31 33
31 47
31 3
31 34
31 44
31 35
31 45
31 28
31 25
31 19
31 3
31 35
31 37
31 33
31 15
31 35
31 3
31 20
31 206
32 35
32 37
32 47
32 24
32 26
32 43
32 12
32 9
32 35
32 8
32 19
32 33
32 31
32 49
32 29
32 200
33 10
33 48
33 47
33 1
33 46
33 45
33 33
33 5
33 31
33 19
33 50
33 31
33 19
33 10
33 28
33 37
33 14
33 2
33 32
33 35
33 16
33 39
33 26
33 43
33 31
33 25
33 27
33 19
33 19
34 45
34 30
34 30
34 31
34 47
34 19
34 29
34 602
35 0
35 43
35 34
35 45
35 42
35 47
35 6
35 32
35 35
35 12
35 20
35 35
35 43
35 47
35 10
35 19
35 20
35 19
35 19
35 2
35 32
35 42
35 8
35 19
35 24
35 38
35 3
35 49
35 35
35 31
35 43
35 35
35 35
35 24
35 23
35 27
35 35
35 7
35 10
35 20
35 28
35 2
35 46
35 19
35 39
35 49
35 20
35 31
35 27
35 47
35 6
35 31
35 1
35 16
35 19
35 563
36 10
37 45
37 6
37 26
37 21
37 19
37 31
37 20
38 50
38 35
38 49
38 16
38 19
39 31
39 19
39 35
39 8
40 19
40 32
40 40
40 31
40 47
40 215
42 0
42 31
42 16
42 8
42 8
43 20
43 45
43 0
43 0
43 31
43 20
43 19
43 12
43 31
43 45
43 13
43 13
43 19
43 9
43 26
43 39
43 35
43 2
43 41
43 27
43 19
43 43
43 33
43 32
43 45
43 19
43 29
43 12
43 210
44 47
44 6
44 43
45 40
45 9
45 35
45 25
45 45
45 6
45 9
45 0
45 19
45 24
45 33
45 0
45 21
45 24
45 50
45 47
45 11
45 10
45 43
45 3
46 37
46 31
46 33
46 20
46 32
47 19
47 18
47 5
47 26
47 35
47 19
47 38
47 43
47 43
47 20
47 43
47 14
47 20
47 32
47 19
47 47
47 27
47 33
47 47
47 35
47 33
48 15
48 35
48 15
49 26
49 19
49 2
49 19
49 7
49 24
49 35
49 38
49 29
49 25
49 31
50 35
50 15
50 35
50 42
50 31
50 19
50 9
50 28
50 16
50 31
50 49
50 25
50 28
50 26
50 214
51 179
51 112
51 89
51 103
51 89
51 184
51 88
51 178
51 81
51 89
51 64
51 169
51 68
51 107
51 54
51 158
51 121
51 133
51 120
51 79
51 141
51 68
51 68
51 221
51 266
51 335
51 333
51 293
51 484
51 652
52 78
52 157
52 152
52 82
52 163
52 133
52 62
52 338
52 672
53 92
53 129
53 156
53 87
53 167
53 53
53 87
53 165
53 89
53 103
53 362
53 381
53 493
53 491
53 646
54 80
54 151
54 159
54 69
54 163
54 133
54 137
54 154
54 162
54 158
54 158
54 160
54 165
54 107
54 181
54 54
54 85
54 180
54 137
54 114
54 129
54 75
54 103
54 172
54 103
54 81
54 129
54 112
54 181
54 87
54 63
54 103
54 179
54 79
54 63
54 81
54 161
54 73
54 81
54 164
54 120
54 101
54 179
54 134
54 90
54 172
54 147
54 164
54 162
54 193
54 54
54 136
54 63
54 170
54 57
54 112
54 97
54 173
54 120
54 252
54 217
54 234
54 262
54 262
54 258
54 259
54 260
54 278
54 277
54 372
54 396
54 376
54 285
54 281
54 318
54 308
54 391
54 359
54 370
54 340
54 366
54 313
54 320
54 371
54 432
54 424
54 430
54 438
54 429
54 438
54 461
54 466
54 428
54 428
54 468
54 408
54 483
54 489
54 516
54 496
54 495
54 489
54 487
54 482
54 671
54 676
54 678
54 674
54 685
54 685
54 660
55 66
55 114
55 161
55 158
55 159
55 59
55 321
55 503
56 71
56 141
56 172
56 63
56 129
56 161
56 113
56 104
56 191
56 180
56 152
56 81
56 165
56 139
56 74
56 53
56 116
56 97
56 152
56 171
56 112
56 56
56 60
56 83
56 65
56 131
56 89
56 112
56 89
56 266
56 258
56 385
56 398
56 359
56 338
56 375
56 349
56 371
56 393
56 381
56 284
56 452
56 449
56 457
56 517
56 482
56 480
56 491
56 509
56 499
56 481
56 654
56 679
56 685
56 675
56 674
57 190
57 76
57 166
57 183
57 76
57 145
57 136
57 119
57 112
57 52
57 92
57 81
57 81
57 120
57 231
57 314
57 297
57 505
57 607
57 587
57 647
57 658
58 152
58 184
59 133
59 120
59 112
59 118
59 112
59 165
59 86
59 162
59 74
59 220
59 222
59 314
59 338
59 368
59 307
59 318
59 302
59 674
60 114
60 141
60 118
60 145
60 82
60 72
60 162
60 131
60 95
60 153
60 64
60 183
60 112
60 82
60 113
60 129
60 190
60 60
60 143
60 81
60 87
60 132
60 97
60 178
60 133
60 82
60 116
60 118
60 54
60 172
60 121
60 257
60 226
60 266
60 259
60 262
60 349
60 396
60 377
60 364
60 467
60 428
60 473
60 483
60 485
60 666
61 163
61 157
61 272
61 382
61 307
61 672
62 146
62 161
62 178
62 89
62 85
62 114
62 161
62 57
62 128
62 53
62 53
62 88
62 162
62 79
62 74
62 112
62 72
62 247
62 252
62 237
62 264
62 264
62 364
62 364
62 368
62 442
62 499
62 646
62 655
62 649
62 677
63 79
63 81
63 78
63 158
63 97
63 139
63 138
63 157
63 86
63 56
63 159
63 191
63 89
63 81
63 75
63 68
63 154
63 120
63 112
63 104
63 83
63 118
63 180
63 130
63 128
63 167
63 158
63 88
63 117
63 114
63 60
63 68
63 131
63 56
63 97
63 120
63 53
63 81
63 178
63 89
63 62
63 94
63 159
63 258
63 259
63 269
63 328
63 337
63 382
63 318
63 381
63 315
63 354
63 370
63 354
63 344
63 287
63 370
63 287
63 320
63 285
63 289
63 318
63 442
63 430
63 430
63 517
63 498
63 495
63 480
63 487
63 495
63 489
63 483
63 483
63 480
63 491
63 491
63 487
63 484
63 482
63 483
63 611
63 655
63 654
63 679
63 685
63 677
63 681
64 134
64 152
64 116
64 79
64 143
64 180
64 96
64 101
64 74
64 112
64 51
64 162
64 139
64 112
64 262
64 383
64 384
64 361
64 324
64 361
64 391
64 454
64 473
64 509
64 495
64 676
65 73
65 64
65 174
65 116
65 119
65 243
65 318
65 399
65 672
65 660
66 52
66 97
66 63
66 128
66 97
66 149
66 138
66 77
66 81
66 85
66 143
66 181
66 260
66 510
67 112
67 60
67 186
67 92
67 89
67 245
67 232
67 370
67 373
67 457
67 437
67 672
68 89
68 89
68 120
68 146
68 196
68 117
68 158
68 69
68 80
68 56
68 129
68 183
68 88
68 234
68 297
68 316
68 350
68 415
68 421
68 432
68 517
68 487
68 677
68 674
69 167
69 135
69 56
69 112
69 233
70 216
70 391
70 420
71 112
71 56
71 112
71 112
71 172
71 172
71 129
71 54
71 117
71 81
71 259
71 356
71 432
71 512
71 501
71 681
72 53
72 112
72 158
72 51
72 56
72 108
72 165
72 162
72 112
72 154
72 167
72 158
72 153
72 56
72 114
72 159
72 91
72 182
72 136
72 158
72 78
72 120
72 88
72 152
72 62
72 97
72 138
72 146
72 158
72 117
72 62
72 83
72 86
72 160
72 102
72 133
72 64
72 133
72 249
72 248
72 268
72 270
72 264
72 277
72 382
72 386
72 352
72 324
72 370
72 330
72 339
72 370
72 387
72 360
72 297
72 372
72 451
72 430
72 430
72 489
72 516
72 498
72 483
72 510
72 620
72 602
72 652
72 658
72 668
72 674
72 662
73 170
73 75
73 131
73 372
73 658
74 143
74 132
74 163
74 112
74 51
74 191
74 62
74 54
74 164
74 116
74 185
74 62
74 147
74 273
74 289
74 364
74 430
74 437
74 517
74 509
74 652
74 652
75 60
75 165
75 143
75 118
75 72
75 160
75 85
75 85
75 85
75 170
75 157
75 89
75 81
75 149
75 234
75 264
75 264
75 395
75 376
75 301
75 318
75 284
75 450
75 491
75 516
75 659
75 658
75 664
76 130
76 187
76 128
76 146
76 85
76 266
76 258
76 468
76 468
76 655
77 112
77 53
77 132
77 172
77 79
77 68
77 89
77 270
77 311
77 544
77 674
77 660
78 105
78 178
78 135
78 81
78 179
78 170
78 89
78 70
78 136
78 88
78 131
78 86
78 124
78 122
78 218
78 264
78 269
78 318
78 376
78 301
78 317
78 360
78 362
78 355
78 301
78 403
78 677
79 112
79 125
79 186
79 103
79 181
79 89
79 158
79 143
79 62
79 63
79 92
79 194
79 81
79 141
79 147
79 176
79 164
79 81
79 146
79 97
79 132
79 81
79 167
79 229
79 250
79 383
79 370
79 382
79 311
79 398
79 372
79 395
79 422
79 446
79 490
79 476
79 674
79 662
80 89
80 139
80 112
80 107
80 89
80 89
80 85
80 81
80 112
80 89
80 182
80 164
80 143
80 112
80 170
80 265
80 266
80 378
80 287
80 352
80 348
80 311
80 486
80 683
81 156
81 112
81 54
81 173
81 89
81 88
81 191
81 60
81 68
81 89
81 158
81 54
81 75
81 171
81 122
81 119
81 103
81 129
81 180
81 161
81 112
81 180
81 194
81 118
81 142
81 116
81 103
81 173
81 112
81 85
81 112
81 54
81 62
81 120
81 166
81 172
81 133
81 127
81 141
81 184
81 88
81 177
81 87
81 89
81 73
81 118
81 112
81 88
81 59
81 62
81 156
81 63
81 184
81 159
81 63
81 89
81 139
81 172
81 125
81 220
81 234
81 238
81 267
81 262
81 262
81 260
81 278
81 281
81 311
81 372
81 340
81 284
81 342
81 337
81 357
81 292
81 320
81 353
81 320
81 337
81 323
81 378
81 337
81 349
81 320
81 299
81 320
81 337
81 462
81 470
81 428
81 472
81 455
81 493
81 491
81 489
81 483
81 483
81 487
81 652
81 650
81 655
81 658
81 674
81 658
81 670
81 674
81 677
81 671
81 683
82 188
82 133
82 152
82 60
82 112
82 145
82 112
82 61
82 179
82 60
82 150
82 188
82 120
82 63
82 129
82 134
82 132
82 109
82 112
82 112
82 139
82 129
82 88
82 133
82 182
82 81
82 158
82 113
82 176
82 146
82 81
82 252
82 233
82 259
82 393
82 370
82 313
82 345
82 374
82 337
82 318
82 394
82 340
82 459
82 454
82 465
82 436
82 495
82 516
82 495
82 498
82 483
82 510
82 492
82 664
82 679
83 89
83 158
83 132
83 75
83 158
83 133
83 54
83 182
83 72
83 64
83 131
83 142
83 97
83 220
83 392
83 292
83 372
83 311
83 309
83 342
83 415
83 403
83 503
83 483
83 480
83 501
83 679
83 679
84 81
84 113
84 82
84 53
84 82
84 129
84 164
84 133
84 82
84 393
84 381
84 470
84 516
85 59
85 172
85 81
85 158
85 85
85 63
85 85
85 116
85 94
85 125
85 112
85 183
85 112
85 89
85 81
85 162
85 132
85 79
85 89
85 64
85 88
85 89
85 187
85 112
85 114
85 67
85 81
85 97
85 54
85 114
85 153
85 97
85 133
85 366
85 397
85 307
85 343
85 396
85 287
85 366
85 288
85 372
85 428
85 439
85 462
85 436
85 421
85 454
85 511
85 484
85 492
85 492
85 646
85 644
85 681
85 679
85 658
85 666
85 672
85 662
85 685
85 669
86 133
86 89
86 88
86 85
86 364
86 468
86 484
86 510
86 643
86 655
86 674
86 674
87 103
87 72
87 118
87 67
87 79
87 91
87 138
87 172
87 154
87 81
87 167
87 81
87 71
87 103
87 112
87 271
87 266
87 318
87 371
87 391
87 502
87 674
88 89
88 130
88 112
88 180
88 109
88 162
88 114
88 72
88 62
88 114
88 89
88 101
88 172
88 54
88 143
88 142
88 81
88 158
88 60
88 142
88 118
88 129
88 165
88 54
88 60
88 89
88 134
88 112
88 180
88 117
88 66
88 134
88 76
88 188
88 161
88 133
88 112
88 89
88 112
88 174
88 172
88 134
88 172
88 112
88 141
88 74
88 243
88 242
88 251
88 259
88 264
88 258
88 269
88 262
88 372
88 364
88 398
88 352
88 311
88 285
88 308
88 309
88 349
88 301
88 284
88 287
88 372
88 406
88 430
88 419
88 493
88 489
88 510
88 490
88 473
88 493
88 517
88 652
88 680
88 679
88 669
88 674
88 672
89 147
89 66
89 56
89 120
89 128
89 89
89 126
89 161
89 112
89 128
89 120
89 103
89 53
89 85
89 112
89 162
89 54
89 63
89 113
89 118
89 63
89 125
89 147
89 122
89 63
89 109
89 92
89 79
89 82
89 112
89 89
89 141
89 89
89 169
89 137
89 161
89 101
89 159
89 51
89 63
89 85
89 114
89 174
89 62
89 89
89 174
89 89
89 87
89 60
89 141
89 89
89 89
89 131
89 57
89 104
89 162
89 143
89 101
89 121
89 180
89 67
89 79
89 134
89 182
89 81
89 54
89 112
89 158
89 106
89 154
89 157
89 170
89 170
89 113
89 101
89 103
89 103
89 154
89 89
89 172
89 172
89 114
89 152
89 170
89 179
89 89
89 122
89 60
89 114
89 89
89 158
89 146
89 141
89 112
89 81
89 75
89 114
89 83
89 120
89 161
89 97
89 157
89 77
89 112
89 56
89 133
89 112
89 182
89 63
89 81
89 87
89 103
89 133
89 158
89 56
89 72
89 158
89 88
89 167
89 81
89 89
89 54
89 216
89 252
89 236
89 219
89 220
89 262
89 266
89 259
89 260
89 270
89 267
89 273
89 389
89 352
89 364
89 284
89 337
89 321
89 318
89 372
89 393
89 398
89 334
89 299
89 287
89 285
89 318
89 297
89 354
89 371
89 283
89 287
89 331
89 332
89 337
89 336
89 322
89 281
89 461
89 430
89 404
89 450
89 411
89 428
89 425
89 420
89 429
89 516
89 480
89 509
89 487
89 505
89 483
89 498
89 516
89 473
89 487
89 517
89 480
89 473
89 491
89 491
89 473
89 487
89 500
89 491
89 509
89 652
89 652
89 655
89 646
89 647
89 685
89 668
89 674
89 674
89 674
90 89
90 181
90 64
90 89
90 264
90 263
90 278
91 181
91 232
91 302
91 318
91 652
91 661
91 666
91 678
92 134
92 183
92 165
92 133
92 147
92 129
92 54
92 65
92 82
92 82
92 129
92 118
92 179
92 157
92 235
92 264
92 264
92 275
92 320
92 334
92 368
92 391
92 293
92 299
92 450
92 453
92 495
92 512
92 473
92 493
92 660
92 667
92 678
92 665
92 679
93 71
93 165
93 107
93 112
93 112
93 220
93 314
93 352
93 484
94 81
94 54
94 165
94 107
94 73
94 82
94 133
94 287
94 320
94 674
95 141
95 87
95 120
95 51
95 262
96 88
96 68
96 174
96 89
96 85
96 191
96 260
96 318
96 660
97 125
97 147
97 112
97 54
97 89
97 63
97 134
97 101
97 152
97 89
97 129
97 159
97 148
97 165
97 85
97 175
97 52
97 157
97 83
97 146
97 114
97 118
97 103
97 80
97 112
97 133
97 116
97 220
97 240
97 272
97 260
97 272
97 278
97 382
97 382
97 317
97 297
97 351
97 280
97 356
97 384
97 455
97 457
97 474
97 503
97 491
97 661
97 671
97 683
97 685
97 658
97 673
98 129
98 112
98 134
98 178
98 112
98 262
98 357
98 366
98 430
98 486
99 88
99 136
99 56
99 133
99 264
99 272
99 274
99 337
99 516
100 80
100 311
100 487
100 673
101 179
101 136
101 118
101 129
101 179
101 121
101 169
101 164
101 106
101 141
101 78
101 89
101 193
101 68
101 88
101 143
101 54
101 141
101 151
101 115
101 118
101 71
101 101
101 93
101 112
101 133
101 172
101 51
101 62
101 131
101 128
101 325
101 302
101 391
101 301
101 353
101 329
101 499
101 661
102 134
102 191
102 112
102 170
102 370
103 89
103 191
103 76
103 147
103 153
103 83
103 117
103 149
103 89
103 147
103 152
103 89
103 93
103 115
103 72
103 158
103 54
103 118
103 133
103 153
103 89
103 89
103 154
103 234
103 269
103 387
103 334
103 305
103 293
103 356
103 328
103 309
103 337
103 377
103 452
103 483
103 485
103 492
103 654
103 649
103 669
103 672
103 664
104 80
104 183
104 114
104 161
104 182
104 120
104 73
104 114
104 169
104 85
104 143
104 153
104 219
104 393
104 447
104 672
104 661
104 664
104 674
105 89
105 124
105 131
105 133
105 297
105 287
105 652
106 112
106 89
106 307
107 74
107 118
107 151
107 72
107 75
107 101
107 81
107 165
107 153
107 112
107 185
107 101
107 129
107 124
107 260
107 269
107 335
107 311
107 391
107 356
107 361
107 311
107 467
107 422
107 419
107 496
107 647
107 655
107 674
107 666
107 683
108 179
108 180
108 60
108 66
109 112
109 60
109 82
109 171
109 117
109 124
109 139
109 86
109 75
109 85
109 85
109 284
109 334
109 478
109 662
110 89
110 172
110 163
110 366
111 112
111 133
111 161
111 323
112 81
112 89
112 157
112 141
112 89
112 164
112 152
112 141
112 182
112 81
112 158
112 114
112 89
112 85
112 147
112 68
112 112
112 89
112 167
112 51
112 54
112 193
112 153
112 118
112 112
112 65
112 55
112 141
112 165
112 87
112 87
112 172
112 66
112 103
112 152
112 89
112 139
112 167
112 133
112 77
112 97
112 116
112 89
112 79
112 179
112 133
112 67
112 59
112 103
112 81
112 131
112 80
112 81
112 114
112 62
112 88
112 166
112 137
112 112
112 193
112 180
112 100
112 188
112 133
112 191
112 74
112 63
112 98
112 56
112 54
112 184
112 133
112 98
112 133
112 63
112 107
112 143
112 178
112 94
112 179
112 114
112 162
112 170
112 162
112 56
112 114
112 191
112 89
112 143
112 64
112 56
112 172
112 170
112 63
112 85
112 54
112 114
112 54
112 54
112 114
112 144
112 129
112 147
112 63
112 120
112 182
112 72
112 97
112 182
112 180
112 172
112 250
112 234
112 242
112 268
112 271
112 262
112 263
112 263
112 371
112 336
112 392
112 368
112 359
112 335
112 287
112 356
112 297
112 340
112 372
112 331
112 337
112 338
112 307
112 378
112 334
112 317
112 363
112 356
112 318
112 397
112 372
112 293
112 287
112 379
112 337
112 382
112 337
112 372
112 289
112 323
112 294
112 376
112 453
112 453
112 429
112 421
112 467
112 432
112 440
112 465
112 457
112 410
112 430
112 495
112 498
112 484
112 494
112 473
112 500
112 491
112 478
112 478
112 493
112 483
112 484
112 636
112 531
112 636
112 647
112 654
112 645
112 652
112 648
112 681
112 675
112 671
112 659
112 662
112 674
112 677
112 671
112 685
112 672
113 112
113 81
113 82
113 65
113 112
113 129
113 112
113 82
113 161
113 128
113 153
113 118
113 219
113 273
113 309
113 297
113 320
113 314
113 353
113 381
113 370
113 284
113 674
113 674
114 72
114 56
114 141
114 129
114 154
114 120
114 57
114 95
114 63
114 136
114 112
114 113
114 82
114 114
114 153
114 56
114 79
114 63
114 101
114 162
114 108
114 80
114 81
114 160
114 101
114 165
114 86
114 75
114 79
114 118
114 124
114 180
114 118
114 72
114 91
114 103
114 113
114 120
114 89
114 78
114 97
114 116
114 89
114 133
114 151
114 119
114 63
114 89
114 68
114 112
114 181
114 153
114 165
114 178
114 172
114 143
114 179
114 114
114 54
114 112
114 120
114 112
114 159
114 125
114 143
114 182
114 147
114 161
114 57
114 165
114 70
114 75
114 83
114 139
114 63
114 158
114 193
114 118
114 133
114 217
114 241
114 249
114 220
114 266
114 266
114 340
114 283
114 368
114 375
114 309
114 301
114 346
114 284
114 318
114 358
114 386
114 292
114 409
114 427
114 447
114 489
114 491
114 517
114 501
114 496
114 510
114 652
114 654
114 654
114 674
114 674
114 658
114 685
114 681
114 672
114 677
115 89
115 172
115 87
115 489
116 113
116 133
116 84
116 132
116 89
116 152
116 180
116 64
116 147
116 162
116 268
116 308
116 372
116 301
116 434
116 493
116 484
116 685
117 174
117 92
117 112
117 56
117 112
117 153
117 149
117 83
117 112
117 89
117 68
117 85
117 195
117 158
117 114
117 112
117 99
117 104
117 146
117 92
117 78
117 63
117 183
117 125
117 117
117 183
117 56
117 89
117 186
117 79
117 116
117 266
117 302
117 293
117 311
117 304
117 382
117 366
117 314
117 499
117 482
117 654
118 165
118 124
118 72
118 182
118 79
118 63
118 89
118 133
118 164
118 185
118 172
118 146
118 141
118 85
118 81
118 80
118 79
118 81
118 165
118 104
118 168
118 167
118 152
118 56
118 138
118 134
118 188
118 139
118 62
118 89
118 112
118 85
118 167
118 81
118 120
118 165
118 54
118 83
118 52
118 158
118 98
118 161
118 103
118 250
118 258
118 263
118 314
118 311
118 287
118 368
118 318
118 289
118 325
118 281
118 335
118 364
118 297
118 317
118 311
118 311
118 285
118 372
118 446
118 457
118 461
118 412
118 446
118 453
118 473
118 493
118 483
118 498
118 655
118 681
118 674
118 675
118 666
119 167
119 124
119 164
119 72
119 183
119 273
119 287
119 360
119 496
119 489
119 677
119 661
120 144
120 191
120 56
120 112
120 112
120 67
120 104
120 54
120 63
120 172
120 113
120 75
120 134
120 113
120 191
120 153
120 100
120 80
120 106
120 57
120 120
120 193
120 120
120 72
120 77
120 157
120 94
120 178
120 83
120 89
120 81
120 118
120 180
120 148
120 108
120 117
120 185
120 65
120 112
120 63
120 240
120 259
120 265
120 267
120 266
120 318
120 309
120 340
120 323
120 282
120 381
120 360
120 355
120 311
120 434
120 487
120 491
120 652
120 654
120 645
120 685
120 662
120 677
120 674
120 682
120 657
120 674
121 112
121 172
121 118
121 143
121 133
121 88
121 89
121 180
121 53
121 72
121 118
121 216
121 372
121 314
121 364
121 311
121 455
121 492
121 662
121 683
121 674
122 118
122 85
122 158
122 103
122 54
122 158
122 158
122 112
122 185
122 185
122 118
122 234
122 266
122 354
122 429
122 468
122 674
122 662
123 89
123 98
123 220
123 471
124 136
124 86
124 98
124 161
124 63
124 85
124 153
124 71
124 116
124 107
124 60
124 216
124 292
124 361
124 468
124 496
124 658
124 674
125 114
125 154
125 153
125 118
125 163
125 116
125 266
125 320
125 372
125 457
125 428
125 514
126 54
126 88
126 103
126 165
126 364
127 154
127 70
127 169
127 266
127 312
127 325
127 460
127 444
128 78
128 89
128 89
128 64
128 189
128 85
128 179
128 236
128 336
128 328
128 336
129 161
129 131
129 51
129 118
129 133
129 81
129 112
129 62
129 170
129 168
129 159
129 54
129 159
129 183
129 90
129 112
129 75
129 78
129 153
129 63
129 178
129 65
129 54
129 64
129 158
129 97
129 81
129 161
129 81
129 92
129 109
129 180
129 85
129 74
129 153
129 196
129 112
129 114
129 116
129 147
129 153
129 219
129 234
129 253
129 272
129 263
129 266
129 273
129 273
129 357
129 287
129 370
129 328
129 354
129 325
129 383
129 349
129 366
129 371
129 336
129 311
129 284
129 391
129 430
129 458
129 402
129 438
129 493
129 478
129 516
129 510
129 510
129 612
129 647
129 674
129 658
129 669
129 661
130 63
130 133
130 74
130 191
130 169
130 172
130 116
130 56
130 172
130 65
130 58
130 237
130 321
130 356
130 469
130 473
131 146
131 129
131 143
131 154
131 101
131 131
131 81
131 158
131 162
131 51
131 103
131 112
131 170
131 112
131 60
131 56
131 163
131 191
131 82
131 182
131 170
131 81
131 259
131 277
131 371
131 335
131 362
131 334
131 305
131 468
131 435
131 468
131 490
131 521
131 654
132 143
132 81
132 85
132 81
132 179
132 139
132 164
132 112
132 141
132 145
132 147
132 112
132 63
132 82
132 163
132 143
132 368
132 396
132 483
132 510
132 483
132 656
132 671
133 125
133 147
133 162
133 79
133 171
133 179
133 172
133 182
133 101
133 141
133 141
133 56
133 191
133 133
133 56
133 78
133 81
133 129
133 153
133 163
133 183
133 176
133 54
133 83
133 125
133 117
133 56
133 54
133 131
133 97
133 85
133 118
133 172
133 142
133 103
133 148
133 72
133 180
133 72
133 118
133 117
133 99
133 117
133 112
133 89
133 134
133 158
133 112
133 98
133 161
133 89
133 147
133 146
133 89
133 63
133 83
133 170
133 153
133 89
133 183
133 146
133 89
133 112
133 89
133 81
133 172
133 83
133 135
133 72
133 187
133 114
133 133
133 120
133 62
133 75
133 224
133 259
133 266
133 393
133 396
133 313
133 356
133 318
133 311
133 287
133 297
133 372
133 318
133 389
133 441
133 457
133 468
133 457
133 411
133 491
133 490
133 500
133 491
133 473
133 473
133 646
133 651
133 654
133 674
133 672
133 659
133 674
133 674
133 674
133 675
134 183
134 54
134 55
134 72
134 194
134 194
134 180
134 78
134 185
134 112
134 157
134 169
134 72
134 57
134 112
134 54
134 146
134 82
134 114
134 177
134 96
134 113
134 118
134 158
134 121
134 238
134 314
134 300
134 325
134 356
134 372
134 428
134 454
134 432
134 489
134 502
134 667
134 674
134 680
135 89
135 152
135 153
135 120
135 153
135 158
135 251
135 313
135 376
135 678
135 674
135 674
136 129
136 180
136 138
136 157
136 112
136 97
136 391
136 539
137 88
137 95
137 468
137 646
138 118
138 152
138 164
138 133
138 63
138 182
138 92
138 339
138 430
138 482
138 669
138 668
139 170
139 133
139 178
139 147
139 82
139 137
139 116
139 134
139 152
139 172
139 139
139 120
139 142
139 112
139 63
139 178
139 225
139 262
139 370
139 289
139 432
139 461
139 517
140 143
140 162
140 362
140 512
141 79
141 153
141 78
141 179
141 72
141 154
141 81
141 112
141 187
141 117
141 89
141 120
141 75
141 116
141 168
141 104
141 152
141 112
141 54
141 118
141 89
141 134
141 159
141 52
141 117
141 158
141 153
141 249
141 237
141 267
141 271
141 278
141 286
141 354
141 311
141 337
141 377
141 355
141 293
141 318
141 290
141 372
141 376
141 314
141 389
141 384
141 349
141 364
141 327
141 403
141 437
141 465
141 484
141 492
141 485
141 489
141 661
141 674
141 662
142 153
142 89
142 133
142 88
142 85
142 82
142 80
142 189
142 114
142 120
142 129
142 143
142 174
142 218
142 278
142 361
142 323
142 311
142 293
142 386
142 421
142 636
142 670
142 684
143 85
143 151
143 114
143 96
143 141
143 72
143 88
143 157
143 120
143 112
143 75
143 134
143 127
143 126
143 180
143 170
143 183
143 55
143 165
143 159
143 139
143 89
143 81
143 63
143 81
143 158
143 89
143 103
143 134
143 158
143 54
143 112
143 133
143 137
143 107
143 97
143 85
143 88
143 73
143 268
143 259
143 269
143 324
143 318
143 391
143 366
143 389
143 311
143 284
143 383
143 301
143 370
143 293
143 337
143 337
143 502
143 480
143 475
143 634
143 685
143 661
143 664
144 180
144 145
144 158
144 89
144 89
144 271
144 360
144 468
145 169
145 135
145 114
145 63
145 180
145 113
145 141
145 430
145 502
145 654
146 179
146 188
146 88
146 63
146 80
146 180
146 109
146 89
146 135
146 82
146 114
146 103
146 135
146 82
146 92
146 178
146 112
146 239
146 335
146 332
146 297
146 362
146 335
146 396
146 481
146 517
146 615
146 673
146 658
147 182
147 85
147 100
147 164
147 181
147 81
147 81
147 114
147 56
147 167
147 114
147 54
147 194
147 68
147 62
147 180
147 78
147 148
147 120
147 102
147 64
147 54
147 81
147 161
147 120
147 57
147 133
147 146
147 89
147 89
147 76
147 54
147 108
147 54
147 85
147 68
147 235
147 264
147 311
147 281
147 345
147 281
147 469
147 433
147 495
147 483
147 509
147 495
147 473
147 512
147 647
147 672
147 660
147 685
148 145
148 56
148 78
148 54
148 139
148 141
148 180
148 81
148 75
148 54
148 184
148 157
148 63
148 271
148 338
148 287
148 487
149 112
149 143
149 74
149 269
149 260
149 387
149 328
150 92
150 118
150 685
151 112
151 131
151 141
151 72
151 171
151 236
151 253
151 269
151 260
151 396
151 368
151 440
151 517
151 674
152 89
152 147
152 156
152 141
152 103
152 133
152 63
152 112
152 67
152 68
152 180
152 88
152 172
152 134
152 103
152 89
152 89
152 115
152 162
152 53
152 269
152 274
152 274
152 386
152 364
152 370
152 349
152 288
152 318
152 293
152 297
152 428
152 440
152 498
152 509
152 667
152 674
152 680
153 103
153 80
153 53
153 158
153 148
153 131
153 155
153 158
153 62
153 89
153 155
153 112
153 54
153 60
153 103
153 85
153 117
153 54
153 129
153 114
153 112
153 120
153 173
153 78
153 67
153 132
153 165
153 118
153 80
153 100
153 192
153 254
153 264
153 266
153 355
153 281
153 351
153 366
153 377
153 323
153 337
153 356
153 382
153 428
153 440
153 406
153 443
153 462
153 457
153 483
153 479
153 516
153 483
153 652
153 674
154 163
154 81
154 54
154 99
154 114
154 89
154 60
154 114
154 63
154 63
154 127
154 157
154 129
154 82
154 56
154 133
154 236
154 259
154 272
154 287
154 337
154 366
154 356
154 287
154 359
154 337
154 602
154 655
154 658
154 672
154 674
155 125
155 88
155 381
155 672
156 112
156 147
156 181
156 152
156 154
156 107
156 56
156 153
156 113
156 130
156 72
156 234
156 264
156 370
156 312
156 398
156 430
156 498
156 674
157 178
157 135
157 124
157 72
157 88
157 112
157 157
157 103
157 79
157 79
157 167
157 109
157 161
157 81
157 85
157 143
157 89
157 249
157 244
157 266
157 266
157 262
157 318
157 284
157 375
157 424
157 472
157 500
157 659
158 88
158 79
158 72
158 152
158 127
158 118
158 165
158 68
158 143
158 133
158 51
158 196
158 82
158 138
158 72
158 143
158 53
158 112
158 113
158 159
158 123
158 129
158 87
158 118
158 80
158 158
158 126
158 113
158 75
158 89
158 81
158 67
158 55
158 136
158 114
158 99
158 112
158 81
158 157
158 179
158 103
158 59
158 147
158 131
158 144
158 146
158 112
158 53
158 220
158 252
158 266
158 262
158 266
158 356
158 391
158 328
158 370
158 292
158 301
158 328
158 364
158 381
158 287
158 305
158 300
158 430
158 460
158 447
158 428
158 480
158 493
158 487
158 506
158 473
158 489
158 474
158 577
158 654
158 672
158 681
158 673
158 683
158 672
158 674
159 89
159 81
159 112
159 145
159 80
159 89
159 80
159 193
159 51
159 170
159 151
159 314
159 348
159 439
159 468
159 484
159 517
159 685
160 62
160 63
160 103
160 251
160 323
161 133
161 118
161 185
161 120
161 158
161 129
161 54
161 129
161 102
161 133
161 82
161 112
161 184
161 91
161 55
161 183
161 156
161 82
161 266
161 259
161 285
161 311
161 396
161 329
161 285
161 334
161 428
161 487
161 477
161 491
161 681
161 674
162 112
162 75
162 64
162 165
162 166
162 133
162 134
162 128
162 134
162 112
162 82
162 54
162 137
162 133
162 101
162 85
162 112
162 118
162 64
162 101
162 165
162 117
162 193
162 273
162 338
162 311
162 334
162 297
162 311
162 323
162 341
162 362
162 311
162 310
162 294
162 489
162 489
162 654
162 668
163 118
163 112
163 81
163 101
163 113
163 180
163 122
163 89
163 76
163 103
163 143
163 54
163 139
163 112
163 54
163 277
163 364
163 325
163 375
163 381
163 364
163 470
163 505
163 660
164 80
164 112
164 143
164 133
164 124
164 134
164 118
164 165
164 152
164 154
164 398
164 287
164 674
164 671
165 159
165 67
165 66
165 118
165 63
165 147
165 76
165 71
165 171
165 101
165 183
165 161
165 170
165 103
165 182
165 54
165 60
165 89
165 129
165 156
165 120
165 54
165 86
165 89
165 146
165 153
165 170
165 118
165 259
165 264
165 267
165 260
165 277
165 314
165 318
165 393
165 294
165 356
165 286
165 309
165 337
165 372
165 398
165 356
165 329
165 375
165 447
165 416
165 454
165 430
165 501
165 483
165 655
165 651
165 653
165 681
165 681
165 674
165 679
165 662
166 158
166 89
166 162
166 161
166 89
166 79
166 313
166 370
166 497
166 685
167 62
167 95
167 106
167 143
167 134
167 268
167 264
167 297
167 473
167 483
167 655
168 85
168 293
168 411
169 134
169 129
169 98
169 163
169 75
169 162
169 180
169 81
169 65
169 116
169 342
169 516
169 477
169 484
169 584
169 685
170 72
170 104
170 89
170 88
170 63
170 56
170 158
170 258
170 309
170 396
170 675
170 658
170 677
171 52
171 54
171 139
171 138
171 54
171 162
171 73
171 179
171 60
171 129
171 311
171 486
172 191
172 147
172 190
172 53
172 112
172 172
172 178
172 112
172 156
172 76
172 94
172 143
172 158
172 133
172 56
172 138
172 171
172 114
172 173
172 129
172 158
172 88
172 172
172 112
172 180
172 182
172 179
172 89
172 133
172 129
172 181
172 112
172 172
172 118
172 53
172 113
172 116
172 143
172 78
172 81
172 57
172 235
172 264
172 259
172 273
172 370
172 281
172 318
172 314
172 356
172 298
172 284
172 386
172 318
172 320
172 335
172 368
172 492
172 505
172 502
172 483
172 656
172 674
172 669
172 658
172 672
173 115
173 100
173 88
173 131
173 193
173 162
173 154
173 133
173 368
173 354
173 481
173 628
174 139
174 60
174 154
174 103
174 158
174 112
174 133
174 112
174 189
174 252
174 293
174 353
174 340
174 305
174 483
174 674
175 129
175 112
175 125
175 91
175 72
175 112
175 81
175 269
175 487
176 112
176 81
176 97
176 391
176 461
176 669
177 133
177 153
177 318
177 460
177 678
178 81
178 133
178 105
178 129
178 120
178 165
178 94
178 81
178 182
178 85
178 89
178 249
178 279
178 311
178 453
178 473
178 484
178 652
179 89
179 79
179 81
179 121
179 114
179 87
179 81
179 172
179 63
179 56
179 57
179 141
179 179
179 56
179 216
179 232
179 252
179 335
179 368
179 397
179 307
179 293
179 359
179 430
179 498
179 487
179 492
179 654
179 681
179 679
180 121
180 162
180 147
180 117
180 153
180 71
180 54
180 80
180 107
180 81
180 60
180 65
180 103
180 63
180 89
180 184
180 107
180 103
180 158
180 220
180 266
180 269
180 265
180 307
180 291
180 326
180 450
180 487
180 517
180 483
180 655
180 662
180 658
180 681
181 60
181 175
181 179
181 111
181 81
181 99
181 88
181 80
181 183
181 270
181 273
181 311
181 312
181 396
181 381
181 318
181 454
181 505
181 511
181 654
182 79
182 124
182 114
182 89
182 94
182 63
182 170
182 63
182 72
182 107
182 138
182 161
182 63
182 168
182 112
182 54
182 63
182 81
182 267
182 258
182 325
182 320
182 298
182 457
182 450
182 453
182 489
182 505
182 487
182 660
183 179
183 89
183 89
183 143
183 183
183 162
183 114
183 147
183 183
183 259
183 279
183 370
183 364
183 302
183 287
183 451
183 433
183 487
183 493
183 656
183 666
184 157
184 112
184 89
184 67
184 136
184 111
184 163
184 273
184 376
184 309
185 112
185 172
185 139
185 72
185 79
185 72
185 54
185 74
185 188
185 87
185 172
185 364
185 296
185 430
185 499
185 507
185 503
185 655
185 662
185 684
185 674
186 81
186 116
186 120
186 181
186 53
186 63
186 81
186 60
186 273
186 374
186 298
186 487
186 483
187 74
187 188
187 120
187 133
187 153
187 124
187 89
187 235
187 259
187 394
187 675
188 59
188 81
188 83
188 99
188 189
188 72
188 381
188 287
188 284
188 471
188 492
188 671
189 82
189 112
189 129
189 57
189 87
189 166
189 222
189 320
189 337
189 288
190 89
190 163
190 83
190 113
190 170
190 54
190 89
190 56
190 117
190 334
191 66
191 185
191 83
191 89
191 62
191 77
191 65
191 144
191 133
191 144
191 112
191 54
191 56
191 63
191 85
191 258
191 366
191 328
191 289
191 309
191 509
191 487
191 648
191 667
193 181
193 92
193 67
193 175
193 162
193 117
193 133
193 147
193 114
193 55
193 60
193 184
193 120
193 264
193 372
193 368
193 327
193 455
193 449
193 483
193 480
193 473
193 647
193 654
193 646
193 675
194 54
194 136
194 218
194 311
194 301
195 194
195 158
195 54
195 135
195 318
196 157
196 139
196 91
196 133
196 284
196 349
197 200
197 207
197 214
197 197
197 201
197 568
199 202
199 213
199 214
199 214
199 213
199 197
199 519
200 206
200 214
200 214
200 214
200 211
200 214
200 212
200 214
200 211
200 208
200 214
200 576
200 636
202 207
202 206
202 208
202 197
203 214
203 212
203 203
203 602
204 214
204 200
204 214
204 199
204 205
204 602
205 206
205 200
205 205
205 214
205 206
205 207
206 200
206 215
206 210
206 212
206 212
206 200
206 214
206 199
206 212
206 199
206 215
206 199
206 606
207 204
207 197
207 201
207 202
207 205
207 205
207 202
207 207
208 202
208 202
208 197
208 602
208 620
209 205
209 200
209 214
209 214
209 200
210 205
210 200
210 197
210 200
210 200
211 214
211 212
211 210
211 205
211 579
211 521
212 204
212 214
212 211
212 200
212 209
212 204
212 201
212 207
212 206
212 202
212 200
212 567
213 205
213 207
214 214
214 210
214 214
214 199
214 199
214 211
214 206
214 214
214 211
214 205
214 208
214 208
214 214
214 214
214 214
214 199
214 212
214 214
214 213
214 214
214 212
214 206
214 208
214 206
214 214
214 210
214 210
214 208
214 214
214 213
214 485
214 552
215 214
215 214
215 212
215 198
215 200
215 199
215 364
216 229
216 218
216 227
216 242
216 234
216 223
216 238
216 235
216 234
216 217
216 247
216 255
216 227
216 216
216 234
216 260
216 262
216 393
216 361
216 384
216 311
216 372
216 403
216 428
216 437
216 480
216 486
217 234
217 253
217 256
217 257
217 237
217 247
217 234
217 234
217 262
217 318
217 281
217 428
217 652
218 247
218 235
218 234
218 234
218 253
218 245
218 350
218 299
218 325
218 510
218 498
219 226
219 220
219 255
219 239
219 257
219 256
219 223
219 257
219 229
219 223
219 227
219 280
219 332
219 476
219 663
219 666
220 217
220 220
220 240
220 245
220 233
220 234
220 234
220 256
220 234
220 225
220 251
220 241
220 219
220 248
220 255
220 220
220 240
220 219
220 221
220 255
220 268
220 258
220 278
220 360
220 337
220 314
220 365
220 360
220 457
220 675
220 674
220 681
220 666
221 256
221 252
221 223
221 217
221 229
221 237
221 235
221 257
221 233
221 252
221 233
221 237
221 234
221 257
221 252
221 253
221 254
221 241
221 221
221 253
221 234
221 226
221 223
221 235
221 218
221 252
221 238
221 219
221 241
221 240
221 260
221 273
221 382
221 438
221 508
221 663
222 249
222 233
222 223
222 234
222 234
222 226
222 234
222 269
222 457
222 469
222 430
222 435
223 247
223 254
223 257
223 235
223 248
223 250
223 216
223 258
223 366
223 372
223 442
224 234
224 241
224 249
224 234
224 241
224 237
224 251
224 234
224 216
224 361
224 426
225 233
225 228
225 243
225 248
225 220
225 241
225 250
225 249
225 257
225 249
225 257
225 238
225 239
225 227
225 256
225 337
225 314
225 478
225 498
225 502
225 674
226 250
226 251
226 217
226 249
226 252
226 223
226 231
226 337
226 337
226 364
226 417
226 509
226 658
226 674
227 216
227 234
227 235
227 216
227 221
227 250
227 222
227 253
227 218
227 233
227 236
227 269
227 278
227 351
227 384
227 297
227 422
227 399
227 481
227 501
228 256
228 248
228 257
228 234
228 285
228 408
229 220
229 220
229 219
229 237
229 216
229 241
229 252
229 256
229 249
229 227
229 245
229 234
229 253
229 287
229 411
229 480
229 480
229 511
230 234
230 234
230 224
230 220
230 311
230 323
230 413
230 482
231 223
231 243
232 239
232 245
232 244
232 234
232 216
232 234
232 248
232 219
232 278
232 287
232 335
233 246
233 221
233 219
233 221
233 230
233 226
233 250
233 234
233 249
233 221
233 256
233 234
233 234
233 269
233 259
233 276
233 315
233 293
233 375
233 287
233 428
233 672
234 249
234 234
234 247
234 234
234 227
234 247
234 252
234 220
234 217
234 226
234 257
234 253
234 235
234 245
234 226
234 234
234 236
234 232
234 216
234 230
234 223
234 237
234 225
234 217
234 221
234 242
234 249
234 220
234 234
234 248
234 220
234 234
234 244
234 237
234 252
234 240
234 235
234 220
234 256
234 240
234 243
234 233
234 221
234 242
234 253
234 257
234 257
234 237
234 241
234 221
234 221
234 271
234 268
234 266
234 328
234 307
234 361
234 368
234 324
234 396
234 355
234 337
234 311
234 393
234 311
234 311
234 391
234 298
234 337
234 414
234 422
234 409
234 457
234 446
234 438
234 430
234 483
234 487
234 493
234 683
234 674
234 675
234 666
235 217
235 221
235 225
235 216
235 217
235 238
235 256
235 233
235 221
235 248
235 234
235 264
235 264
235 269
235 432
236 227
236 229
236 245
236 229
236 234
236 234
236 220
236 216
236 240
236 234
236 234
236 239
236 233
236 227
236 220
236 250
236 237
236 220
236 227
236 225
236 231
236 235
236 266
236 302
236 339
236 451
236 681
237 220
237 237
237 233
237 249
237 222
237 251
237 243
237 234
237 221
237 225
237 253
237 253
237 234
237 219
237 234
237 248
237 245
237 250
237 230
237 218
237 234
237 264
237 262
237 318
237 428
237 491
237 569
237 672
238 221
238 216
238 253
238 240
238 216
238 229
238 274
239 226
239 293
240 218
240 216
240 232
240 234
240 235
240 234
240 398
240 297
240 337
240 327
240 453
240 425
240 498
240 674
240 665
241 234
241 254
241 248
241 223
241 246
241 229
241 233
241 240
241 249
241 253
241 266
241 276
241 299
241 483
241 567
242 225
242 233
242 255
242 224
242 328
242 370
242 346
243 235
243 238
243 233
243 234
243 234
243 234
243 249
243 234
243 268
243 391
243 301
244 223
244 239
244 256
244 248
245 234
245 253
245 255
245 252
245 246
245 221
245 227
245 220
245 219
245 252
245 225
245 238
245 222
245 242
245 238
245 268
245 273
245 273
245 288
245 391
245 287
245 376
245 434
245 442
245 650
246 255
247 252
247 227
247 232
247 216
247 251
247 221
247 252
247 227
247 234
247 220
247 241
247 234
247 234
247 221
247 398
247 469
247 491
247 674
248 233
248 252
248 242
248 240
248 216
248 225
248 250
248 233
248 253
248 229
248 226
248 237
248 225
248 216
248 227
248 234
248 416
248 451
248 466
248 647
249 234
249 255
249 234
249 251
249 234
249 217
249 233
249 225
249 234
249 254
249 255
249 252
249 233
249 272
249 270
249 337
249 338
249 457
249 452
249 490
249 665
250 249
250 234
250 221
250 220
250 247
250 241
250 234
250 253
250 247
250 256
250 217
250 255
250 219
250 234
250 221
250 221
250 249
250 258
250 269
250 270
250 273
250 284
250 356
250 454
250 412
250 655
250 666
251 253
251 247
251 248
251 245
251 250
251 398
251 337
251 466
251 515
251 483
252 256
252 235
252 237
252 219
252 234
252 253
252 234
252 225
252 238
252 234
252 227
252 248
252 233
252 268
252 266
252 264
252 311
252 359
252 372
252 434
252 399
252 655
253 235
253 253
253 245
253 220
253 219
253 253
253 220
253 235
253 235
253 247
253 216
253 223
253 220
253 234
253 234
253 234
253 233
253 250
253 259
253 264
253 314
253 352
253 391
253 459
253 487
253 652
253 674
253 678
254 236
254 247
254 222
254 247
254 255
254 227
254 220
254 222
254 275
254 364
255 224
255 256
255 219
255 234
255 249
255 245
255 229
255 256
255 251
255 259
255 273
255 273
255 287
255 453
255 674
256 233
256 257
256 234
256 253
256 237
256 236
256 216
256 221
256 235
256 220
256 219
256 221
256 233
256 250
256 268
256 301
256 430
256 409
257 234
257 216
257 234
257 234
257 233
257 253
257 234
257 234
257 236
257 228
257 220
257 247
257 395
257 293
257 579
257 666
258 272
258 268
258 269
258 262
258 269
258 266
258 262
258 266
258 269
258 266
258 270
258 260
258 266
258 271
258 266
258 264
258 263
258 259
258 270
258 271
258 270
258 258
258 267
258 262
258 262
258 260
258 278
258 273
258 275
258 282
258 356
258 334
258 393
259 262
259 259
259 258
259 262
259 258
259 264
259 266
259 264
259 269
259 269
259 262
259 264
259 270
259 266
259 258
259 269
259 262
259 264
259 272
259 262
259 264
259 264
259 266
259 262
259 258
259 259
259 266
259 258
259 266
259 269
259 263
259 264
259 267
259 259
259 264
259 269
259 259
259 266
259 268
259 262
259 260
259 266
259 294
259 337
259 302
259 391
259 287
259 426
259 436
259 652
259 679
259 672
259 658
260 266
260 269
260 260
260 272
260 266
260 266
260 258
260 259
260 266
260 262
260 264
260 258
260 266
260 258
260 266
260 262
260 267
260 260
260 272
260 264
260 269
260 266
260 260
260 259
260 266
260 269
260 260
260 259
260 259
260 259
260 266
260 269
260 270
260 271
260 266
260 259
260 264
260 341
260 291
260 282
260 650
261 262
261 337
262 259
262 272
262 269
262 260
262 260
262 268
262 266
262 258
262 271
262 267
262 268
262 266
262 266
262 264
262 271
262 269
262 260
262 258
262 262
262 262
262 268
262 263
262 266
262 270
262 258
262 272
262 264
262 269
262 264
262 261
262 263
262 260
262 267
262 266
262 274
262 395
262 310
262 323
262 307
262 287
263 267
263 262
263 259
263 272
263 258
263 268
263 269
263 268
263 258
263 262
263 392
264 260
264 259
264 258
264 260
264 260
264 262
264 262
264 272
264 260
264 258
264 262
264 260
264 269
264 259
264 264
264 266
264 259
264 264
264 266
264 258
264 262
264 271
264 263
264 263
264 272
264 269
264 271
264 264
264 259
264 259
264 262
264 270
264 259
264 266
264 266
264 305
264 360
264 292
264 683
264 684
265 262
265 258
265 271
265 264
265 259
265 266
265 262
265 258
265 369
265 308
265 335
266 267
266 260
266 266
266 269
266 269
266 272
266 266
266 259
266 259
266 262
266 260
266 271
266 264
266 264
266 262
266 264
266 267
266 269
266 264
266 262
266 259
266 266
266 270
266 258
266 259
266 265
266 266
266 258
266 269
266 262
266 262
266 271
266 264
266 264
266 258
266 269
266 268
266 264
266 272
266 268
266 266
266 268
266 266
266 266
266 264
266 272
266 270
266 262
266 268
266 262
266 260
266 264
266 271
266 265
266 264
266 270
266 266
266 267
266 259
266 272
266 264
266 258
266 259
266 279
266 273
266 293
266 309
266 368
266 387
266 391
266 391
266 325
266 336
266 366
267 259
267 264
267 266
267 266
267 272
267 262
267 269
267 270
267 266
267 266
267 269
267 266
267 334
268 264
268 259
268 266
268 266
268 258
268 269
268 269
268 266
268 270
268 264
268 259
268 266
268 266
268 260
268 264
268 262
268 259
268 302
268 305
269 262
269 262
269 266
269 268
269 264
269 264
269 264
269 259
269 264
269 269
269 258
269 264
269 269
269 264
269 262
269 269
269 262
269 271
269 266
269 259
269 268
269 270
269 258
269 259
269 258
269 259
269 266
269 266
269 270
269 259
269 272
269 269
269 259
269 269
269 268
269 269
269 269
269 269
269 273
269 350
269 311
269 349
269 378
269 447
269 446
269 530
270 272
270 266
270 266
270 271
270 266
270 268
270 264
270 260
270 269
270 258
270 264
270 266
270 264
270 263
270 259
270 262
270 355
270 396
270 311
270 314
270 482
271 269
271 266
271 271
271 266
271 259
271 260
271 269
271 269
271 262
271 259
271 268
271 272
271 266
271 269
271 262
271 267
272 262
272 266
272 269
272 263
272 264
272 272
272 266
272 258
272 260
272 260
272 258
272 271
272 287
272 381
272 660
272 674
273 279
273 278
273 279
273 278
273 276
273 278
273 273
273 273
273 279
273 278
273 278
273 278
273 274
273 277
273 273
273 273
273 276
273 273
273 278
273 278
273 273
273 275
273 278
273 279
273 273
273 273
273 274
273 274
273 277
273 273
273 273
273 278
273 274
273 340
273 384
273 353
273 337
273 364
273 372
273 364
273 376
273 364
273 293
273 307
273 391
273 371
273 318
273 335
273 383
273 493
273 483
273 669
273 662
273 658
274 278
274 276
274 273
274 278
274 273
274 277
274 279
274 273
274 278
274 273
274 279
274 274
274 278
274 276
274 273
274 273
274 274
274 273
274 275
274 274
274 278
274 398
274 317
274 364
274 349
274 398
274 353
274 325
274 318
274 396
274 398
274 284
274 327
274 338
274 304
274 446
274 512
274 484
274 679
274 674
275 278
275 274
275 273
275 273
275 279
275 273
275 360
275 664
276 273
276 273
276 273
276 274
276 276
276 278
276 277
276 297
276 396
276 298
276 666
277 278
277 278
277 273
277 278
277 277
277 274
277 277
277 275
277 384
277 364
277 301
277 388
277 283
277 301
277 451
277 478
277 480
277 652
278 279
278 273
278 277
278 278
278 277
278 274
278 279
278 273
278 273
278 273
278 274
278 274
278 381
278 398
278 311
278 337
278 355
278 281
278 444
278 399
278 499
278 475
278 683
279 274
279 274
279 276
279 274
279 277
279 273
279 273
279 277
279 278
279 278
279 273
279 277
279 278
279 364
279 396
279 368
279 338
279 338
279 482
280 372
280 318
280 372
280 372
280 302
280 323
280 517
281 311
281 389
281 360
281 398
281 368
281 284
281 318
281 372
281 376
281 337
281 339
281 335
281 311
281 349
281 318
281 430
281 467
281 501
281 480
281 589
281 652
281 652
281 645
281 674
281 658
282 284
282 318
282 381
282 284
282 308
282 376
282 291
282 346
282 362
282 395
282 399
282 437
283 337
283 396
283 302
283 335
283 360
283 377
283 290
283 381
283 314
283 373
283 373
283 426
283 516
283 674
284 395
284 353
284 307
284 372
284 313
284 370
284 382
284 368
284 302
284 318
284 338
284 364
284 360
284 338
284 311
284 338
284 368
284 398
284 339
284 378
284 360
284 384
284 394
284 297
284 442
284 485
284 495
284 509
284 649
284 655
284 654
284 645
285 314
285 372
285 293
285 394
285 281
285 302
285 336
285 398
285 395
285 460
285 451
285 454
285 674
286 371
286 285
286 384
286 398
286 393
286 311
286 320
286 358
286 323
286 462
286 480
287 311
287 359
287 366
287 372
287 360
287 319
287 368
287 390
287 297
287 313
287 335
287 349
287 388
287 370
287 367
287 311
287 370
287 282
287 364
287 396
287 340
287 311
287 376
287 390
287 370
287 299
287 370
287 356
287 372
287 396
287 309
287 309
287 472
287 517
287 493
287 495
287 507
287 493
287 655
288 284
288 359
288 370
288 453
288 424
289 310
289 396
289 337
289 311
289 323
289 440
289 509
289 474
289 481
289 480
289 655
290 314
290 318
290 364
290 395
290 393
290 337
290 284
290 453
290 489
290 491
290 483
291 295
291 314
291 349
291 311
292 311
292 393
292 338
292 383
292 337
292 337
292 292
292 350
292 326
292 340
292 328
292 301
292 349
292 314
292 320
292 367
293 317
293 357
293 320
293 301
293 328
293 318
293 293
293 335
293 395
293 311
293 355
293 322
293 391
293 311
293 333
293 332
293 300
293 318
293 318
293 353
293 313
293 366
293 335
293 376
293 468
293 503
293 483
293 647
294 378
294 366
296 372
296 281
296 372
296 309
296 391
296 292
296 307
296 328
296 472
296 430
296 411
296 674
297 328
297 311
297 368
297 299
297 287
297 285
297 314
297 353
297 396
297 311
297 396
297 287
297 297
297 366
297 375
297 358
297 297
297 364
297 332
297 318
297 337
297 297
297 360
297 366
297 453
297 427
297 431
297 645
297 645
297 685
297 674
297 685
297 660
298 311
298 297
298 307
298 311
298 655
299 318
299 289
299 381
299 492
300 388
300 311
300 482
301 313
301 385
301 368
301 281
301 299
301 392
301 334
301 287
301 311
301 318
301 281
301 361
301 356
301 335
301 311
301 318
301 341
301 360
301 352
301 454
301 459
301 468
301 453
301 478
301 473
302 314
302 373
302 323
302 337
302 372
302 364
302 386
302 311
302 342
302 362
302 302
302 408
302 470
302 487
302 487
302 501
302 496
302 652
303 337
303 495
304 372
304 311
304 301
304 298
304 428
304 509
305 364
305 373
305 311
305 297
305 327
305 323
305 297
305 317
305 293
305 300
305 314
305 308
305 448
305 674
306 313
306 390
306 396
306 390
306 339
306 308
306 324
306 491
306 666
307 391
307 289
307 370
307 355
307 311
307 325
307 353
307 337
307 293
307 382
307 668
307 674
307 674
308 293
308 292
308 318
308 313
308 384
308 395
308 339
308 499
308 501
308 664
308 658
309 353
309 359
309 356
309 318
309 372
309 336
309 349
309 299
309 337
309 282
309 293
309 392
309 370
309 484
309 491
309 483
309 503
309 646
310 301
310 364
310 334
310 340
310 336
310 391
310 347
310 311
310 364
310 355
310 405
310 645
311 354
311 349
311 384
311 393
311 383
311 296
311 339
311 297
311 301
311 301
311 352
311 324
311 311
311 377
311 337
311 396
311 314
311 281
311 392
311 347
311 307
311 324
311 308
311 281
311 311
311 357
311 393
311 398
311 340
311 296
311 305
311 323
311 371
311 293
311 281
311 373
311 284
311 398
311 301
311 332
311 287
311 334
311 342
311 370
311 337
311 372
311 364
311 391
311 307
311 338
311 281
311 365
311 366
311 353
311 393
311 293
311 370
311 284
311 287
311 309
311 323
311 352
311 364
311 396
311 378
311 337
311 323
311 337
311 362
311 353
311 353
311 284
311 334
311 311
311 353
311 285
311 287
311 376
311 460
311 428
311 466
311 484
311 473
311 510
311 490
311 489
311 493
311 509
311 654
311 652
311 655
311 655
311 674
311 674
311 679
311 674
311 679
311 679
311 674
312 337
312 352
312 515
313 339
313 368
313 374
313 332
313 318
313 311
313 311
313 311
313 297
313 468
313 428
313 439
313 493
314 368
314 297
314 302
314 287
314 336
314 292
314 303
314 307
314 297
314 308
314 393
314 311
314 331
314 372
314 311
314 337
314 284
314 398
314 317
314 281
314 338
314 377
314 396
314 455
314 457
314 441
314 464
314 483
314 505
314 501
314 651
314 647
314 681
315 372
315 337
315 391
316 385
317 287
317 280
317 356
317 366
317 353
317 281
317 309
317 339
317 332
317 655
318 337
318 318
318 396
318 364
318 393
318 398
318 287
318 306
318 368
318 356
318 323
318 287
318 385
318 386
318 293
318 293
318 337
318 285
318 311
318 311
318 306
318 376
318 297
318 363
318 315
318 336
318 287
318 337
318 303
318 311
318 352
318 312
318 292
318 343
318 356
318 355
318 320
318 337
318 297
318 371
318 368
318 308
318 309
318 394
318 315
318 357
318 305
318 320
318 364
318 470
318 453
318 428
318 465
318 458
318 430
318 466
318 465
318 483
318 483
318 483
318 478
318 505
318 498
318 505
318 510
318 509
318 476
318 649
318 652
318 646
318 652
318 654
318 652
318 685
318 674
318 671
318 658
319 313
319 364
319 313
320 368
320 355
320 297
320 318
320 393
320 339
320 398
320 311
320 293
320 302
320 363
320 398
320 281
320 332
320 355
320 284
320 314
320 341
320 387
320 417
320 418
321 337
322 297
322 378
322 293
322 293
322 292
322 500
322 674
322 664
323 336
323 309
323 284
323 357
323 323
323 396
323 320
323 341
323 293
323 311
323 336
323 396
323 344
323 368
323 348
323 368
323 370
323 399
323 516
323 652
324 341
324 287
324 361
324 301
324 426
324 468
324 466
324 458
324 517
325 297
325 309
325 352
325 356
325 385
325 337
325 338
325 356
325 500
325 487
325 517
325 645
325 643
325 676
325 672
326 356
326 311
326 289
326 364
326 356
326 287
326 393
326 337
326 345
327 385
327 366
327 335
327 430
327 432
327 498
328 376
328 381
328 366
328 386
328 338
328 378
328 281
328 375
328 311
328 354
328 337
328 396
328 361
328 353
328 370
328 330
328 307
328 357
328 302
328 318
328 471
328 471
328 457
328 489
328 503
328 505
328 672
328 674
329 311
329 318
329 337
329 370
329 378
329 376
329 325
329 292
329 318
329 461
329 482
329 495
330 281
330 362
330 364
330 375
330 334
330 320
330 399
331 372
331 340
331 399
331 517
331 658
332 302
332 339
332 334
332 311
332 386
332 370
332 315
332 356
332 344
332 305
332 320
332 430
332 517
333 395
333 281
334 325
334 311
334 319
334 334
334 301
334 297
334 395
334 323
334 285
334 337
334 292
334 287
334 428
334 517
334 511
334 655
334 652
334 658
335 389
335 360
335 356
335 318
335 354
335 328
335 370
335 340
335 314
335 392
335 393
335 318
335 349
335 308
335 457
335 441
335 482
335 674
336 297
336 349
336 356
336 314
336 287
336 372
336 286
336 349
336 294
336 364
336 286
336 374
336 368
336 318
336 323
336 361
336 447
336 459
336 450
336 499
336 678
336 657
337 309
337 285
337 297
337 336
337 315
337 360
337 311
337 384
337 352
337 395
337 382
337 352
337 287
337 398
337 284
337 320
337 286
337 308
337 335
337 394
337 340
337 305
337 324
337 350
337 382
337 337
337 319
337 395
337 364
337 378
337 311
337 301
337 282
337 383
337 385
337 378
337 353
337 375
337 337
337 368
337 366
337 388
337 334
337 370
337 326
337 311
337 346
337 352
337 437
337 450
337 491
337 498
337 505
337 498
337 652
337 645
337 649
337 683
337 658
337 667
337 674
338 311
338 335
338 307
338 331
338 286
338 329
338 311
338 330
338 297
338 301
338 373
338 396
338 297
338 398
338 361
338 320
338 339
338 319
338 319
338 387
338 398
338 297
338 437
338 498
338 649
339 371
339 296
339 363
339 311
339 318
339 394
339 360
339 382
339 398
339 323
339 461
339 403
339 437
339 470
339 668
339 672
339 658
339 661
339 685
340 289
340 379
340 281
340 312
340 352
340 340
340 386
340 318
340 378
340 370
340 314
340 355
340 359
340 428
340 422
340 503
340 489
340 509
340 493
340 654
340 646
340 677
341 445
341 480
342 370
342 391
342 376
342 389
342 328
342 295
342 325
342 314
342 674
343 311
343 337
343 382
343 294
343 311
343 426
343 516
344 334
344 284
344 398
344 328
344 319
344 473
345 393
345 386
346 366
346 417
347 320
347 293
347 375
347 337
347 314
348 328
348 350
348 293
349 366
349 354
349 361
349 293
349 311
349 311
349 318
349 318
349 395
349 281
349 391
349 285
349 337
349 334
349 391
349 356
349 305
349 311
349 293
349 512
349 498
349 509
349 648
349 666
350 311
350 361
350 366
350 292
350 281
350 685
351 307
351 311
351 353
351 311
351 510
351 678
352 340
352 355
352 322
352 314
352 393
352 384
352 302
352 292
352 372
352 315
352 335
352 328
352 289
352 337
352 470
352 447
352 655
352 654
352 652
352 675
352 683
353 357
353 378
353 287
353 311
353 335
353 386
353 320
353 370
353 359
353 342
353 355
353 289
353 320
353 324
353 443
353 460
353 516
354 305
354 282
354 391
354 372
354 314
354 289
354 290
354 335
354 359
354 428
354 515
354 489
354 685
354 671
355 334
355 284
355 318
355 381
355 357
355 391
355 353
355 381
355 396
355 457
355 503
355 517
355 501
355 679
355 674
355 685
356 354
356 361
356 311
356 295
356 282
356 364
356 366
356 396
356 310
356 355
356 292
356 309
356 337
356 356
356 372
356 311
356 317
356 364
356 281
356 359
356 337
356 370
356 366
356 393
356 356
356 370
356 335
356 290
356 396
356 299
356 332
356 383
356 297
356 285
356 453
356 457
356 411
356 428
356 473
356 491
356 492
356 655
356 655
356 672
356 664
356 668
357 378
357 387
357 284
357 383
357 386
357 363
357 314
357 352
357 659
357 674
358 352
358 484
358 480
359 325
359 366
359 284
359 332
359 373
359 386
359 305
359 455
360 359
360 357
360 290
360 325
360 287
360 398
360 283
360 364
360 320
360 379
360 332
360 293
360 327
360 359
360 318
360 301
360 391
360 331
360 318
360 423
360 517
360 674
360 658
360 681
361 289
361 307
361 308
361 307
361 307
361 318
361 348
361 386
361 284
361 307
361 338
361 372
361 292
361 317
361 372
361 335
361 293
361 471
361 496
361 501
361 674
361 658
361 672
362 287
362 311
362 318
362 375
362 311
362 309
362 358
362 395
362 331
362 473
362 602
363 297
363 384
363 349
363 398
363 327
363 306
363 382
363 356
363 318
363 337
363 444
364 317
364 318
364 304
364 360
364 325
364 287
364 287
364 398
364 282
364 302
364 364
364 311
364 378
364 311
364 372
364 305
364 282
364 330
364 348
364 355
364 391
364 297
364 328
364 293
364 302
364 360
364 305
364 372
364 320
364 437
364 428
364 473
364 491
364 659
365 294
365 362
365 372
365 307
365 685
366 336
366 337
366 332
366 356
366 301
366 309
366 281
366 297
366 303
366 301
366 286
366 292
366 359
366 483
366 515
366 474
366 517
366 512
366 505
367 301
367 329
367 396
367 293
367 353
367 443
367 486
367 498
367 681
368 361
368 297
368 372
368 340
368 381
368 318
368 297
368 381
368 311
368 284
368 356
368 393
368 382
368 318
368 380
368 311
368 382
368 295
368 346
368 385
368 302
368 311
368 311
368 382
368 311
368 328
368 354
368 301
368 464
368 468
368 447
368 470
368 473
368 492
368 645
368 655
368 670
369 301
369 372
370 340
370 305
370 392
370 391
370 337
370 364
370 317
370 313
370 307
370 337
370 353
370 350
370 346
370 341
370 380
370 299
370 368
370 299
370 349
370 299
370 353
370 287
370 422
370 428
370 482
370 496
370 517
370 483
370 622
370 650
370 666
370 662
370 672
370 674
371 364
371 376
371 293
371 328
371 290
371 369
371 284
371 510
371 674
372 338
372 391
372 352
372 354
372 353
372 376
372 368
372 371
372 393
372 391
372 311
372 325
372 367
372 361
372 314
372 391
372 286
372 293
372 353
372 314
372 340
372 287
372 370
372 382
372 398
372 323
372 398
372 357
372 382
372 311
372 309
372 322
372 458
372 432
372 495
372 517
372 505
372 484
372 483
372 658
372 672
373 345
373 360
373 311
373 430
374 381
374 372
374 372
374 378
374 366
374 356
375 329
375 337
375 317
375 393
375 318
375 396
375 659
376 375
376 356
376 340
376 372
376 311
376 349
376 337
376 352
376 314
376 318
376 292
376 320
376 395
376 349
376 361
376 377
376 361
376 308
376 344
376 376
376 483
376 496
376 493
376 679
377 299
377 354
377 311
377 337
377 298
377 353
377 385
377 368
377 683
377 667
378 337
378 314
378 323
378 334
378 306
378 323
378 322
378 382
378 285
378 330
378 318
378 371
379 314
379 297
379 516
380 378
380 297
380 372
380 414
380 444
381 350
381 321
381 338
381 337
381 318
381 398
381 311
381 337
381 364
381 349
381 349
381 323
381 292
381 311
381 332
381 293
381 355
381 383
381 345
381 355
381 301
381 398
381 468
381 474
382 360
382 373
382 387
382 360
382 352
382 360
382 295
382 364
382 307
382 282
382 363
382 320
382 374
382 359
382 457
383 308
383 371
383 287
383 391
383 297
383 393
383 361
383 360
383 371
383 468
383 491
384 315
384 297
384 337
384 289
384 387
384 398
384 287
384 293
384 340
384 364
384 372
384 297
384 307
384 307
384 289
384 301
384 318
384 427
384 460
384 483
384 495
384 489
384 671
385 297
385 338
385 378
385 299
385 293
385 288
385 655
386 352
386 395
386 315
386 318
386 287
386 311
386 328
386 366
386 364
386 386
386 351
386 292
386 336
386 437
386 483
386 498
386 510
386 685
387 311
387 378
387 287
387 510
387 483
388 370
388 376
388 685
389 343
389 320
389 310
389 329
389 354
390 375
390 336
390 369
390 297
390 318
390 337
390 320
390 384
390 430
390 477
390 674
391 309
391 287
391 359
391 307
391 339
391 386
391 318
391 287
391 352
391 289
391 370
391 383
391 356
391 311
391 398
391 391
391 383
391 328
391 318
391 400
391 480
391 664
391 672
391 666
391 658
392 311
392 372
392 355
392 370
392 335
392 364
392 395
392 300
393 352
393 332
393 314
393 379
393 338
393 391
393 353
393 366
393 336
393 307
393 361
393 346
393 301
393 298
393 305
393 301
393 509
393 660
394 337
394 302
394 361
394 313
394 391
394 305
394 356
394 370
394 372
394 500
394 645
395 335
395 297
395 372
395 297
395 366
395 354
395 368
395 311
395 323
395 335
395 330
395 284
395 437
395 514
395 510
396 323
396 391
396 334
396 359
396 287
396 311
396 353
396 318
396 307
396 303
396 311
396 360
396 311
396 284
396 335
396 392
396 364
396 309
396 370
396 326
396 319
396 389
396 378
396 364
396 432
396 450
396 470
396 435
396 510
396 674
396 660
397 386
397 280
397 437
397 476
397 483
397 652
397 659
398 298
398 356
398 302
398 360
398 359
398 385
398 318
398 398
398 516
398 480
398 484
398 483
398 498
398 483
398 645
398 654
398 683
399 442
399 461
399 455
399 428
399 409
399 430
399 430
399 460
399 440
399 411
399 406
399 415
399 428
399 447
399 430
399 447
399 428
399 493
400 457
400 450
400 434
400 450
400 428
400 457
400 399
400 450
401 448
401 467
402 443
402 428
402 428
403 403
403 428
403 454
403 403
403 471
403 449
403 472
403 426
403 443
403 446
403 471
403 408
403 467
404 411
404 436
404 434
404 450
405 443
405 454
405 471
405 424
405 646
406 402
406 458
406 432
406 430
406 448
406 467
406 423
406 437
406 418
406 475
406 475
406 666
407 470
407 403
407 472
407 426
407 452
407 449
408 467
408 470
408 399
408 442
408 466
408 430
408 457
408 484
408 652
409 448
409 446
409 428
409 433
409 432
409 418
409 443
409 440
409 424
409 415
409 442
409 446
409 439
409 430
409 465
409 467
409 421
409 460
409 667
410 432
410 414
410 457
410 418
411 454
411 457
411 429
411 418
411 430
411 440
411 460
411 409
411 443
411 421
411 468
411 452
411 450
412 465
412 461
412 440
412 472
412 430
412 461
412 430
412 471
412 452
413 468
414 430
414 414
414 428
414 422
414 446
414 468
414 402
414 429
414 437
414 453
414 511
414 666
415 466
415 405
415 467
415 430
415 441
415 472
415 468
415 430
415 460
415 447
415 418
415 428
415 427
416 430
416 408
416 453
416 409
417 430
417 408
417 457
417 468
417 440
417 432
417 451
417 470
417 437
417 470
417 468
417 413
418 440
418 453
418 451
418 470
418 451
418 430
418 428
418 452
418 430
418 514
418 652
418 658
419 468
419 430
419 470
419 453
419 428
419 430
420 403
420 471
420 426
421 444
421 434
421 430
421 424
421 457
421 430
421 445
421 457
421 451
421 415
421 460
421 451
421 418
421 452
422 425
422 430
422 428
422 470
422 452
422 412
422 441
422 528
423 449
423 438
423 431
423 428
424 434
424 425
424 470
424 433
424 429
424 428
424 449
424 460
424 437
424 424
424 454
424 428
424 455
424 457
424 399
425 458
425 441
425 430
425 430
425 428
425 418
425 428
425 403
425 446
425 425
425 446
425 432
425 516
425 643
426 454
426 440
426 436
426 462
426 468
426 436
426 443
426 427
426 399
426 467
426 414
426 428
426 430
426 430
426 429
426 452
426 430
426 446
426 449
426 462
426 498
426 505
427 466
427 435
427 417
427 457
427 437
427 430
427 447
427 430
427 460
427 404
428 450
428 451
428 454
428 460
428 468
428 460
428 430
428 460
428 434
428 457
428 410
428 428
428 434
428 471
428 461
428 434
428 408
428 428
428 444
428 423
428 461
428 467
428 471
428 437
428 430
428 446
428 430
428 453
428 415
428 434
428 428
428 442
428 428
428 463
428 428
428 423
428 449
428 455
428 414
428 440
428 430
428 437
428 436
428 440
428 452
428 459
428 428
428 472
428 453
428 472
428 414
428 401
428 421
428 437
428 430
428 440
428 471
428 457
428 399
428 436
428 425
428 461
428 402
428 447
428 417
428 428
428 417
428 448
428 443
428 467
428 411
428 454
428 417
428 465
428 442
428 439
428 418
428 447
428 461
428 483
428 495
428 516
428 658
429 447
429 422
429 416
429 460
429 403
429 424
429 434
429 437
429 434
429 406
429 443
429 434
429 470
429 510
430 448
430 435
430 434
430 428
430 454
430 457
430 410
430 443
430 408
430 421
430 448
430 422
430 440
430 409
430 467
430 441
430 462
430 432
430 429
430 399
430 426
430 460
430 442
430 430
430 468
430 457
430 434
430 451
430 413
430 408
430 428
430 441
430 432
430 471
430 440
430 430
430 424
430 450
430 428
430 438
430 426
430 455
430 408
430 455
430 456
430 417
430 464
430 428
430 460
430 434
430 441
430 467
430 421
430 417
430 441
430 430
430 438
430 409
430 408
430 470
430 444
430 449
430 468
430 412
430 432
430 419
430 457
430 429
430 429
430 427
430 438
430 474
430 473
430 483
430 506
430 500
430 620
430 654
430 651
430 679
430 684
431 449
431 468
431 428
431 428
431 454
431 443
431 428
431 426
431 450
432 424
432 440
432 437
432 415
432 417
432 403
432 459
432 426
432 453
432 432
432 426
432 417
432 434
432 430
432 400
432 430
432 440
432 430
432 417
432 415
432 468
432 406
432 472
432 438
432 434
432 450
432 502
433 471
433 461
433 484
434 439
434 405
434 417
434 454
434 419
434 446
434 434
434 470
434 455
434 453
434 409
434 409
434 442
434 452
434 468
435 451
435 466
435 470
435 468
435 447
436 428
436 411
436 450
436 438
436 455
436 430
436 453
436 417
436 430
436 420
436 422
436 452
436 428
436 399
436 450
436 421
436 467
436 428
436 488
436 655
437 471
437 465
437 468
437 408
437 428
437 466
437 457
437 408
437 460
437 472
437 399
437 454
437 457
437 455
437 465
437 447
437 432
437 407
437 412
437 428
437 472
437 467
437 430
437 470
437 468
437 416
437 516
437 586
438 429
438 437
438 448
438 468
438 457
438 430
438 452
438 427
438 441
438 466
438 406
438 465
438 440
438 432
438 432
438 432
438 465
438 467
438 442
438 430
438 421
438 418
438 412
438 412
438 408
438 447
438 480
438 489
438 655
438 659
439 428
439 409
439 434
439 668
440 468
440 405
440 455
440 461
440 466
440 419
440 401
440 443
440 426
440 454
440 471
440 436
440 428
440 446
440 430
440 406
441 446
441 426
441 437
441 424
441 432
441 406
441 428
441 422
441 480
442 408
442 454
442 430
442 428
442 428
442 430
442 470
442 451
442 460
442 414
442 400
442 434
442 440
442 454
442 454
442 443
442 441
442 487
442 648
443 430
443 426
443 417
443 417
443 462
443 403
443 455
443 442
443 430
443 437
443 417
443 469
443 450
443 468
443 460
443 418
443 457
443 421
443 411
443 468
443 409
443 455
443 441
443 422
443 446
443 409
444 416
444 443
444 460
444 430
444 428
444 428
444 429
444 462
444 460
444 507
445 435
445 464
445 461
445 462
445 471
446 428
446 467
446 437
446 457
446 409
446 446
446 434
446 467
446 437
446 421
446 438
446 462
446 433
446 448
446 455
446 428
446 457
446 467
446 430
446 399
447 438
447 459
447 460
447 430
447 442
447 415
447 438
447 444
447 428
447 399
447 441
447 430
447 458
447 444
447 661
448 454
448 576
449 412
449 438
449 404
449 412
449 402
449 442
449 438
450 443
450 437
450 430
450 464
450 467
450 408
450 425
450 471
450 438
450 442
450 430
450 428
450 462
450 517
450 649
451 436
451 454
451 436
451 408
451 459
451 428
451 422
451 429
451 456
451 468
451 651
452 440
452 417
452 414
452 437
452 459
452 432
452 436
452 406
452 434
452 417
452 428
452 426
452 442
452 430
452 458
452 455
452 423
452 422
452 509
453 433
453 466
453 466
453 457
453 428
453 422
453 452
453 424
453 443
453 444
453 432
453 457
453 440
453 462
453 462
453 460
453 430
453 421
453 424
453 469
453 438
453 468
453 405
453 468
453 424
453 468
453 667
454 440
454 430
454 430
454 430
454 432
454 421
454 428
454 430
454 468
454 434
454 430
454 445
454 403
454 652
455 399
455 445
455 436
455 445
455 409
455 457
455 436
455 468
455 399
455 471
455 461
455 442
455 457
456 428
456 433
457 432
457 446
457 467
457 430
457 399
457 414
457 447
457 421
457 437
457 455
457 428
457 471
457 455
457 465
457 471
457 436
457 430
457 439
457 411
457 438
457 428
457 438
457 470
457 428
457 470
457 472
457 442
457 453
457 447
457 430
457 472
457 421
457 428
457 430
457 455
457 447
457 468
457 496
457 659
458 428
458 467
458 457
458 459
458 461
458 516
458 483
459 426
460 428
460 430
460 449
460 416
460 409
460 461
460 468
460 457
460 457
460 468
460 446
460 432
460 457
460 459
460 440
460 430
460 457
460 428
460 454
460 464
460 428
460 444
460 428
460 430
460 455
460 493
460 656
461 440
461 409
461 423
461 414
461 417
461 409
461 461
461 432
461 467
461 470
461 428
461 441
461 454
461 448
461 418
461 439
461 454
461 415
461 462
461 457
461 430
461 486
461 505
462 462
462 430
462 422
462 458
462 445
462 428
462 407
462 483
462 493
463 443
463 443
463 420
463 451
463 452
463 435
463 456
463 430
463 466
464 422
464 428
464 464
464 428
464 440
464 438
464 643
465 452
465 403
465 455
465 430
465 461
465 471
465 454
465 409
465 429
465 441
465 413
465 484
466 470
466 438
466 472
466 449
466 412
466 438
466 467
466 428
466 417
467 434
467 467
467 430
467 428
467 433
467 452
467 428
467 411
467 457
467 451
467 411
467 471
467 417
467 434
467 457
467 462
467 428
467 403
467 436
467 428
467 422
467 409
467 468
467 467
467 468
467 421
467 461
467 451
468 430
468 442
468 452
468 415
468 460
468 430
468 457
468 430
468 438
468 471
468 437
468 467
468 430
468 444
468 400
468 436
468 437
468 430
468 431
468 470
468 417
468 466
468 440
468 437
468 440
468 447
468 440
468 465
468 430
468 404
468 420
468 430
468 446
468 422
468 457
468 471
468 416
468 491
468 654
469 460
469 430
469 443
469 438
470 452
470 461
470 455
470 430
470 399
470 417
470 428
470 417
470 468
470 447
470 407
470 458
470 462
470 409
470 455
470 449
470 554
471 430
471 451
471 432
471 460
471 468
471 402
471 440
471 450
471 436
471 447
471 450
471 483
472 434
472 421
472 455
472 457
472 444
472 417
472 440
472 466
472 424
472 440
472 446
473 473
473 511
473 483
473 507
473 484
473 498
473 487
473 474
473 511
473 499
473 492
473 509
473 487
473 483
473 498
473 486
473 485
473 487
473 473
473 507
473 516
473 516
473 502
473 485
473 555
473 602
473 662
473 674
473 666
473 674
473 666
474 516
474 517
474 517
474 491
474 498
474 495
474 474
474 498
474 636
474 532
475 478
475 510
475 517
476 480
476 491
476 517
476 483
476 490
476 484
476 492
476 602
476 636
477 505
477 497
477 509
478 516
478 487
478 501
478 487
478 478
478 484
478 520
478 655
478 674
479 517
479 568
480 503
480 482
480 477
480 502
480 496
480 474
480 493
480 492
480 489
480 473
480 607
480 651
480 650
481 514
481 486
481 509
481 511
481 487
481 496
481 510
482 479
482 506
482 494
482 487
482 498
482 489
482 478
482 517
482 509
482 490
482 498
482 483
482 491
482 517
482 485
482 507
482 495
482 487
482 474
482 491
482 510
482 503
482 510
482 633
482 655
482 664
482 658
482 685
482 685
483 510
483 495
483 490
483 493
483 509
483 495
483 492
483 489
483 503
483 481
483 486
483 481
483 482
483 517
483 480
483 501
483 500
483 505
483 503
483 480
483 494
483 484
483 480
483 495
483 487
483 473
483 509
483 509
483 483
483 516
483 491
483 501
483 490
483 510
483 487
483 483
483 516
483 517
483 477
483 483
483 473
483 483
483 516
483 501
483 482
483 482
483 480
483 484
483 517
483 516
483 503
483 482
483 510
483 503
483 510
483 483
483 487
483 509
483 516
483 510
483 478
483 490
483 485
483 487
483 510
483 481
483 496
483 495
483 476
483 646
483 644
483 670
483 658
483 685
483 674
483 674
483 671
484 514
484 480
484 489
484 512
484 506
484 483
484 505
484 510
484 483
484 483
484 505
484 473
484 510
484 507
484 483
484 487
484 546
484 659
484 685
484 681
485 493
485 507
485 493
485 510
485 474
485 481
485 483
485 514
485 473
485 516
485 493
485 517
485 659
485 660
486 517
486 517
486 483
486 493
487 483
487 502
487 489
487 496
487 503
487 480
487 505
487 516
487 508
487 493
487 481
487 503
487 490
487 517
487 512
487 509
487 517
487 489
487 489
487 486
487 511
487 489
487 493
487 483
487 491
487 491
487 510
487 487
487 482
487 493
487 473
487 493
487 474
487 518
487 654
487 681
488 493
489 473
489 474
489 498
489 510
489 498
489 483
489 491
489 483
489 491
489 482
489 483
489 516
489 502
489 510
489 494
489 498
489 489
489 542
489 674
490 483
490 490
490 482
490 517
490 492
490 487
490 504
490 517
490 613
490 672
491 486
491 483
491 512
491 517
491 482
491 510
491 511
491 517
491 485
491 517
491 483
491 517
491 484
491 483
491 513
491 517
491 482
491 482
491 636
491 633
491 674
491 668
492 489
492 481
492 506
492 483
492 476
492 482
492 482
492 517
492 516
492 517
492 620
492 563
492 674
493 506
493 480
493 491
493 517
493 502
493 484
493 491
493 482
493 516
493 503
493 487
493 491
493 474
493 483
493 481
493 483
493 484
493 506
493 484
493 487
493 483
493 473
493 512
493 510
493 483
493 485
493 510
493 602
493 566
493 654
493 661
493 671
493 683
493 672
493 674
493 674
493 674
494 517
494 483
494 487
494 487
495 491
495 480
495 495
495 495
495 483
495 516
495 517
495 510
495 517
495 473
495 517
495 490
495 482
495 652
495 685
495 666
495 685
495 674
495 662
495 664
496 516
496 496
496 514
496 483
496 502
496 517
496 498
496 487
496 473
496 494
496 474
496 491
496 505
496 487
496 517
496 474
496 503
496 483
496 578
496 582
496 674
497 509
497 559
498 516
498 502
498 483
498 485
498 501
498 484
498 491
498 473
498 498
498 501
498 473
498 489
498 509
498 473
498 637
498 602
498 675
499 487
499 487
499 487
499 493
499 510
499 672
500 483
500 483
500 674
500 674
501 485
501 474
501 480
501 474
501 501
501 491
501 484
501 473
501 479
501 517
501 483
501 484
501 510
501 493
501 480
501 597
501 586
501 679
502 510
502 485
502 484
502 493
502 477
502 477
502 492
502 483
502 502
502 493
503 474
503 510
503 484
503 490
503 510
503 487
503 498
503 611
503 649
504 511
504 507
505 516
505 483
505 509
505 483
505 483
505 503
505 503
505 494
505 491
505 493
505 509
505 583
505 579
505 667
505 679
506 498
506 493
506 478
506 491
506 474
506 498
506 473
506 501
506 510
506 487
506 599
507 490
507 476
507 498
507 492
507 473
509 489
509 493
509 491
509 517
509 484
509 489
509 506
509 498
509 483
509 483
509 493
509 474
509 483
509 484
509 509
509 510
509 674
509 674
509 685
510 507
510 491
510 495
510 480
510 502
510 474
510 516
510 483
510 487
510 480
510 483
510 517
510 509
510 489
510 493
510 481
510 493
510 483
510 492
510 493
510 483
510 487
510 610
510 668
510 674
511 487
511 494
511 487
512 498
512 484
512 516
512 508
512 483
512 645
513 509
513 491
513 478
514 482
514 517
514 510
514 491
514 505
514 498
515 482
515 498
515 491
515 493
515 517
516 495
516 510
516 473
516 480
516 498
516 483
516 493
516 483
516 509
516 498
516 480
516 476
516 482
516 507
516 479
516 483
516 480
516 504
516 478
516 506
516 579
516 668
516 674
516 674
516 660
517 517
517 489
517 486
517 509
517 473
517 505
517 507
517 502
517 516
517 474
517 483
517 495
517 501
517 489
517 483
517 473
517 483
517 510
517 510
517 493
517 491
517 517
517 646
517 674
517 658
517 667
518 579
518 636
518 602
518 553
518 544
518 564
518 550
518 555
518 617
518 602
518 636
518 636
518 523
518 625
518 625
518 632
518 574
518 547
518 521
518 546
518 602
518 625
518 623
518 636
519 633
519 606
519 536
519 602
519 538
520 562
520 518
520 602
520 605
520 549
520 593
520 532
520 564
520 542
520 542
520 611
520 538
520 613
520 534
520 521
520 526
520 610
520 602
520 602
520 602
520 518
520 637
520 530
521 615
521 539
521 561
521 636
521 602
521 524
521 642
521 582
521 579
521 544
521 563
521 567
521 553
521 544
521 561
521 618
521 586
521 521
521 583
521 539
521 573
521 584
521 633
521 636
521 636
521 632
521 524
521 614
521 636
521 538
521 526
521 529
521 633
521 633
521 602
521 536
521 636
521 628
521 554
521 568
521 640
521 621
521 672
521 685
522 602
523 598
523 602
523 602
523 577
523 625
523 530
523 628
524 538
524 627
524 527
524 588
524 600
524 638
524 632
524 521
524 579
524 598
524 577
525 602
525 621
525 528
525 605
525 598
526 593
526 634
526 597
526 538
526 543
526 638
526 602
526 613
526 636
526 637
526 587
526 621
526 637
527 597
527 598
527 552
527 526
527 608
527 539
527 558
527 606
527 584
527 602
527 676
528 543
528 636
528 567
528 579
528 526
528 562
528 602
528 553
528 607
528 561
528 602
528 627
528 534
529 605
529 530
529 541
529 530
529 579
529 539
529 613
529 619
529 636
529 521
529 518
529 526
530 636
530 597
530 579
530 625
530 521
530 620
530 599
530 539
530 582
530 636
530 598
530 602
530 621
531 559
531 636
531 595
531 562
532 606
532 603
532 601
532 545
532 538
532 595
532 602
532 539
532 636
533 602
533 553
533 636
533 628
533 553
533 538
533 549
533 606
534 564
534 602
534 564
534 546
534 548
534 538
534 539
535 636
535 589
535 546
536 561
536 636
536 598
537 594
537 532
537 605
537 579
537 609
537 563
537 582
537 528
537 577
537 602
538 627
538 578
538 559
538 539
538 559
538 630
538 636
538 564
538 520
538 628
538 576
538 602
538 579
538 625
538 616
538 602
538 602
538 543
538 542
539 518
539 589
539 620
539 577
539 597
539 564
539 521
539 542
539 632
539 586
539 544
539 602
539 559
539 526
539 636
539 602
539 561
539 598
539 625
539 602
539 633
539 602
539 618
539 624
539 602
539 602
539 636
539 573
539 534
539 636
539 602
539 582
539 523
539 537
539 636
539 564
539 672
540 524
540 621
540 620
540 602
540 636
540 542
540 602
541 523
541 579
541 546
541 598
541 613
541 561
541 546
541 625
541 674
542 546
542 584
542 602
542 606
542 528
542 561
542 622
542 563
542 628
542 526
542 543
542 590
542 574
542 529
542 577
542 636
542 554
542 557
543 602
543 595
543 633
543 633
543 569
543 593
543 593
543 602
543 593
543 625
543 539
543 539
543 602
543 597
543 535
543 636
544 625
544 627
544 580
544 528
544 598
544 618
544 544
544 602
544 568
544 636
544 579
545 627
545 597
545 523
545 620
545 641
545 539
545 562
546 615
546 636
546 581
546 624
546 610
546 611
546 579
546 583
546 563
546 582
546 617
546 636
546 596
546 625
546 579
546 579
546 519
546 551
546 604
546 601
546 598
546 615
546 543
546 582
546 598
546 611
546 529
546 597
546 658
547 636
547 636
547 636
547 586
547 539
547 520
548 602
548 636
548 539
548 546
548 568
548 586
549 604
549 627
549 543
549 574
549 529
549 537
549 538
549 636
549 562
549 564
549 559
549 521
549 636
549 553
549 608
549 579
549 641
549 684
550 589
550 611
550 561
550 520
550 524
550 558
551 521
551 590
551 544
551 620
551 539
551 602
552 529
552 611
552 602
552 570
552 524
552 598
552 630
552 522
552 632
552 543
552 549
552 602
552 554
552 564
552 606
552 602
552 674
553 553
553 595
553 636
553 579
553 626
553 524
553 640
553 602
553 628
553 549
553 639
553 518
553 553
553 636
553 570
553 602
553 553
553 602
553 520
554 610
554 636
554 578
554 602
554 620
554 568
554 554
555 585
555 551
555 602
555 625
555 621
555 571
555 625
555 633
555 636
555 610
555 636
555 546
555 672
556 543
556 570
556 614
556 543
556 602
556 562
556 602
556 577
556 640
557 579
557 555
557 539
557 625
558 598
558 585
558 672
559 522
559 633
559 631
559 593
559 633
559 526
559 552
559 585
559 539
559 568
559 595
559 623
559 605
559 520
559 602
559 539
560 560
561 539
561 579
561 611
561 527
561 637
561 530
561 582
561 602
561 580
561 603
561 526
561 577
561 585
562 544
562 636
562 638
562 519
562 623
562 577
563 530
563 593
563 550
563 546
563 520
563 520
563 602
563 576
563 632
563 569
563 531
563 612
563 636
563 558
563 620
563 618
563 546
563 602
563 616
563 552
563 602
563 636
564 539
564 636
564 575
564 601
564 528
564 540
564 552
564 589
564 553
564 601
564 628
564 518
564 538
565 566
565 636
565 611
565 522
565 602
566 562
566 606
566 563
566 622
566 602
566 602
566 619
566 561
566 636
567 604
567 518
567 545
567 622
567 674
568 641
568 616
568 579
568 579
568 606
568 580
568 620
568 627
568 620
568 539
568 564
568 521
568 602
568 580
568 585
568 633
568 583
568 530
568 627
568 595
568 666
569 633
569 568
569 546
569 555
569 632
569 670
570 625
570 636
570 559
570 572
570 611
570 579
570 520
570 611
570 636
570 602
570 542
570 545
571 577
571 559
571 549
571 518
571 624
571 537
572 602
572 636
572 539
573 528
573 593
573 593
574 598
574 636
574 565
575 636
576 575
576 578
576 582
576 536
576 631
576 567
576 630
576 522
576 521
576 550
576 576
576 602
576 521
576 636
576 575
576 580
576 620
576 543
577 521
577 562
577 602
577 542
577 639
577 602
577 636
577 621
577 567
577 593
577 628
577 538
577 539
577 544
577 602
577 612
577 544
577 521
577 636
577 559
577 520
577 603
577 602
577 579
577 602
577 636
578 636
578 630
578 552
578 563
578 636
578 625
578 556
578 602
578 627
578 612
578 522
578 546
578 597
578 559
579 628
579 568
579 559
579 524
579 589
579 549
579 552
579 563
579 636
579 602
579 626
579 636
579 628
579 602
579 565
579 577
579 627
579 526
579 605
579 604
579 530
579 589
579 621
579 537
579 636
579 602
579 636
579 552
579 587
579 615
579 636
579 602
579 568
579 546
579 641
579 625
579 549
579 593
579 553
579 585
579 683
580 546
580 602
580 637
580 602
580 628
580 521
580 580
580 599
580 540
580 544
580 525
580 602
580 637
580 602
580 599
580 541
581 559
581 625
581 611
581 546
581 668
582 625
582 602
582 632
582 528
582 609
582 589
582 607
582 559
582 553
582 552
582 632
582 636
582 564
582 602
582 635
583 602
583 620
583 630
583 611
583 636
583 553
583 634
584 602
584 621
584 625
584 616
584 634
584 636
584 521
584 567
584 552
584 642
585 637
585 569
585 625
585 636
585 601
585 641
586 602
586 630
586 616
586 597
586 632
586 577
586 583
587 602
587 597
587 568
587 624
587 530
587 518
587 620
587 568
588 526
589 604
589 558
589 622
589 566
589 611
590 553
590 622
590 539
590 616
590 555
590 627
590 552
590 595
590 526
590 602
590 562
590 618
590 605
590 634
590 573
590 634
591 633
591 537
591 625
591 586
591 556
591 555
591 600
591 621
591 636
591 602
591 530
591 633
591 554
591 599
591 533
592 518
592 602
593 636
593 636
593 518
593 546
593 628
593 526
593 561
593 611
593 598
593 559
593 520
593 636
593 602
593 633
593 539
593 563
593 598
593 622
593 542
593 579
593 564
593 546
593 518
594 578
594 587
594 557
594 616
594 530
594 636
595 598
595 569
595 598
595 602
595 602
595 538
595 523
595 603
595 579
595 568
595 585
595 631
595 593
595 597
596 568
596 588
596 531
597 636
597 636
597 546
597 577
597 636
597 553
597 547
597 579
597 579
597 582
597 542
597 595
598 579
598 577
598 594
598 579
598 602
598 637
598 575
598 621
598 633
598 586
598 561
598 577
598 636
598 566
598 601
598 529
598 636
598 590
598 616
598 636
598 602
598 539
598 559
598 537
598 640
598 570
598 546
598 600
598 602
599 542
599 546
599 568
599 561
599 624
599 539
599 598
599 637
599 596
599 633
599 543
599 611
599 539
599 561
599 602
599 563
599 620
600 622
600 555
600 611
600 577
601 626
601 602
601 636
601 572
601 546
601 555
601 593
601 625
601 582
601 518
601 543
601 589
601 625
602 552
602 535
602 606
602 553
602 604
602 622
602 542
602 611
602 636
602 589
602 602
602 520
602 563
602 518
602 630
602 581
602 602
602 636
602 638
602 621
602 590
602 632
602 541
602 554
602 539
602 627
602 636
602 636
602 639
602 536
602 525
602 620
602 631
602 636
602 552
602 583
602 602
602 636
602 602
602 604
602 598
602 602
602 534
602 552
602 544
602 602
602 583
602 578
602 552
602 620
602 618
602 597
602 602
602 630
602 636
602 527
602 568
602 640
602 550
602 568
602 602
602 602
602 589
602 602
602 627
602 642
602 579
602 521
602 601
602 637
602 524
602 569
602 527
602 546
602 538
602 538
602 601
602 573
602 605
602 518
602 624
602 539
602 601
602 602
602 519
602 627
602 602
602 620
602 533
602 546
602 579
602 540
602 642
602 549
602 543
602 606
602 642
602 582
602 520
602 532
602 557
602 543
602 578
602 578
602 560
602 611
602 524
602 617
602 576
602 518
602 568
602 521
602 518
602 541
602 602
602 579
602 601
602 598
602 621
602 625
602 598
602 608
602 519
602 637
602 636
602 578
602 563
602 616
602 636
602 540
602 602
602 592
602 602
602 633
602 620
602 539
602 618
602 521
602 597
602 595
602 628
602 556
602 611
602 578
602 602
602 602
602 620
602 573
602 642
602 558
602 579
602 526
602 595
602 538
602 630
602 546
602 570
602 602
602 593
602 528
602 562
602 565
602 539
602 569
602 593
602 636
602 521
602 577
602 678
603 632
603 563
603 615
603 538
603 602
604 554
604 637
604 611
604 542
604 636
604 636
604 546
604 606
604 632
604 636
605 521
605 588
605 611
605 577
605 602
605 538
605 633
605 568
605 562
605 588
606 552
606 642
606 554
606 594
606 528
606 610
606 579
606 577
606 533
606 530
606 628
606 631
606 561
606 614
606 636
606 602
606 579
606 563
606 611
607 602
607 593
607 558
607 579
607 602
608 636
608 628
608 625
608 559
608 598
608 561
608 636
608 542
608 527
608 627
608 593
609 561
609 636
609 599
610 636
610 582
610 539
610 614
610 559
611 632
611 528
611 570
611 593
611 570
611 597
611 585
611 549
611 636
611 636
611 605
611 602
611 602
611 636
611 579
611 603
611 521
611 632
611 586
611 521
611 602
611 554
611 602
611 544
611 562
611 602
611 539
611 602
611 525
611 562
611 602
611 554
611 636
611 553
612 625
612 532
612 564
612 565
612 582
612 536
612 553
612 606
612 530
612 594
613 556
613 626
613 636
613 563
614 590
614 602
614 520
615 638
615 585
615 639
615 578
615 564
615 607
615 634
615 543
615 622
616 567
616 625
616 584
616 577
616 575
616 585
617 593
617 549
617 530
617 537
617 636
617 521
617 558
617 553
617 633
617 528
617 601
618 598
618 602
618 526
618 602
618 602
618 561
618 624
618 636
618 611
618 622
618 550
618 520
619 568
619 583
619 602
619 529
619 552
620 585
620 539
620 546
620 636
620 519
620 539
620 560
620 604
620 590
620 556
620 564
620 623
620 569
620 639
620 627
620 602
620 520
620 537
620 574
620 611
620 521
620 628
620 543
620 539
620 555
620 553
620 562
620 539
620 522
620 585
620 552
620 532
620 570
620 602
620 636
620 557
620 577
620 640
620 662
621 542
621 537
621 579
621 620
621 546
621 625
622 632
622 620
622 518
622 640
622 602
622 568
622 613
622 602
623 636
623 602
623 579
624 529
624 637
624 552
624 569
624 636
625 577
625 625
625 625
625 522
625 578
625 526
625 589
625 626
625 641
625 607
625 631
625 520
625 606
625 539
625 620
625 529
625 568
625 538
625 617
625 559
625 551
625 518
625 530
625 589
625 599
625 579
625 636
625 549
625 636
625 598
625 593
625 636
625 602
625 534
625 569
625 572
626 583
626 602
626 574
626 539
626 553
626 577
627 560
627 564
627 577
627 602
627 636
627 602
627 627
627 636
627 520
627 530
627 614
627 559
627 627
627 620
627 622
627 624
627 636
627 572
627 563
627 577
627 598
627 620
627 518
628 637
628 636
628 518
628 567
628 555
628 632
628 562
628 586
628 602
629 533
629 582
630 519
630 562
630 626
630 628
630 552
631 578
631 598
631 531
631 546
631 551
631 593
631 520
631 561
631 603
631 625
631 548
632 633
632 636
632 518
632 526
632 569
632 602
632 636
632 620
632 553
632 611
632 525
632 579
632 602
632 579
632 602
633 611
633 526
633 627
633 537
633 546
633 546
633 616
633 577
633 593
633 524
633 636
633 612
633 561
633 544
633 582
633 576
634 636
634 636
634 593
634 523
634 579
634 636
635 602
635 523
635 537
636 566
636 539
636 584
636 521
636 636
636 569
636 624
636 593
636 552
636 611
636 539
636 628
636 557
636 527
636 625
636 560
636 632
636 554
636 534
636 584
636 552
636 610
636 576
636 585
636 636
636 602
636 555
636 520
636 538
636 518
636 602
636 570
636 639
636 559
636 563
636 597
636 627
636 521
636 625
636 577
636 598
636 602
636 630
636 539
636 625
636 524
636 636
636 606
636 602
636 638
636 539
636 538
636 563
636 532
636 583
636 598
636 636
636 589
636 564
636 561
636 568
636 632
636 526
636 598
636 636
636 616
636 625
636 587
636 598
636 553
636 609
636 620
636 582
636 639
636 598
636 578
636 544
636 539
636 623
636 625
636 534
636 634
636 559
636 564
636 593
636 566
636 621
636 570
636 521
636 549
636 545
636 602
636 546
636 635
636 559
636 523
636 579
636 636
636 580
636 521
636 526
636 602
636 519
636 523
636 640
636 521
636 606
636 542
636 593
636 607
636 636
636 620
636 526
636 568
636 580
636 611
636 625
636 625
636 579
636 663
637 586
637 602
637 576
637 520
637 631
637 604
637 636
637 556
637 602
637 598
637 593
637 605
637 617
637 558
637 633
637 631
637 521
637 553
637 577
638 596
638 620
638 538
638 602
638 568
638 555
638 529
638 602
638 602
638 520
639 620
639 602
640 636
640 602
640 553
640 577
641 602
641 636
641 585
641 554
641 568
642 623
642 602
642 602
642 549
642 604
642 627
642 605
642 547
642 636
643 655
644 652
645 646
645 654
645 650
645 655
646 649
646 652
646 655
646 648
646 649
646 645
647 655
647 655
647 645
647 655
647 646
647 645
647 646
647 658
648 645
648 655
648 646
648 652
649 655
649 654
649 650
649 647
650 643
650 646
650 654
650 652
650 662
651 649
651 654
652 649
652 649
652 656
652 647
652 655
652 656
652 654
652 655
652 654
652 654
652 648
652 645
652 645
652 643
652 655
652 654
653 647
654 653
654 654
654 652
654 647
654 645
654 645
654 655
654 650
654 654
654 654
654 650
654 648
655 648
655 652
655 647
655 651
655 649
655 648
655 649
655 646
655 646
655 655
655 655
655 655
655 652
655 654
655 651
655 652
655 655
655 651
655 650
655 653
655 654
656 652
656 654
656 646
656 654
656 652
656 654
658 658
658 671
658 658
658 658
658 674
658 683
658 674
658 658
658 664
658 674
658 668
658 658
658 682
658 671
658 669
658 683
658 681
658 674
658 673
658 674
658 674
658 668
658 685
658 677
658 682
658 664
658 668
658 658
658 664
658 664
658 678
658 674
658 669
658 680
658 671
658 659
658 672
658 685
658 677
658 679
659 674
659 671
659 666
659 681
659 674
659 674
659 662
659 678
659 659
659 660
659 674
659 683
659 672
660 678
660 658
660 671
660 669
660 664
660 685
660 667
660 674
660 672
660 685
660 681
660 670
661 673
661 674
661 683
661 683
661 669
661 682
661 668
661 667
661 685
661 659
661 678
661 673
661 677
661 671
662 666
662 674
662 658
662 660
662 685
662 668
662 664
662 669
662 674
662 674
662 685
662 667
662 669
662 658
662 666
662 674
662 674
662 667
662 661
662 676
663 674
663 666
663 674
663 674
664 685
664 677
664 668
664 670
664 675
664 685
664 673
664 662
664 661
665 685
665 681
665 657
665 677
666 677
666 664
666 669
666 662
666 674
666 685
666 674
666 679
666 677
667 668
667 679
667 665
667 679
667 668
667 669
667 665
667 685
668 674
668 674
668 674
668 674
668 678
668 679
668 658
668 674
668 667
668 658
668 675
669 670
669 674
669 685
669 679
669 658
669 677
669 680
669 658
669 678
669 685
669 674
669 674
669 661
670 674
670 666
670 677
670 666
670 660
670 671
671 666
671 674
671 674
671 674
671 662
671 674
671 669
671 674
671 683
671 674
671 674
671 659
671 674
671 671
671 674
671 674
671 681
671 658
671 674
671 674
671 666
672 674
672 671
672 674
672 674
672 661
672 662
672 672
672 662
672 658
672 663
672 674
672 671
672 672
672 674
672 657
672 672
672 661
672 680
672 670
673 677
673 665
673 685
673 672
673 665
674 685
674 671
674 685
674 658
674 658
674 668
674 685
674 668
674 668
674 666
674 668
674 674
674 672
674 664
674 674
674 674
674 659
674 668
674 671
674 670
674 670
674 661
674 674
674 674
674 674
674 673
674 683
674 658
674 679
674 674
674 682
674 658
674 672
674 685
674 674
674 685
674 672
674 672
674 658
674 671
674 661
674 679
674 674
674 677
674 672
674 658
674 674
674 674
674 658
674 666
674 662
674 671
674 666
674 672
674 670
674 685
674 672
674 663
674 662
674 674
674 674
674 659
674 662
674 685
674 660
674 675
674 674
674 672
674 672
674 661
674 674
674 662
674 666
674 672
674 668
674 672
674 667
674 664
674 674
674 672
674 683
674 666
674 681
674 666
674 667
675 658
675 668
675 666
675 667
675 672
676 662
676 661
676 674
676 671
677 667
677 674
677 674
677 671
677 674
677 674
677 683
677 670
677 658
677 674
677 660
677 658
677 674
678 674
678 674
678 663
678 664
679 681
679 664
679 672
679 672
679 679
679 671
679 674
679 674
679 674
679 669
679 661
679 662
679 659
679 661
680 669
680 667
680 670
680 685
680 658
681 666
682 674
682 669
683 663
683 658
683 674
683 667
683 665
683 679
683 660
683 658
683 677
683 674
683 661
683 685
683 674
683 674
683 659
683 672
684 672
685 674
685 674
685 670
685 663
685 661
685 672
685 674
685 667
685 681
685 667
685 667
685 658
685 667
685 674
685 661
685 658
685 677
685 674
685 674
685 671
685 674
685 674
685 670
685 674