0 27
0 0
0 42
0 50
0 67
0 2
0 12
0 48
0 67
0 31
0 97
0 377
2 17
2 36
2 32
3 6
3 50
3 51
3 18
3 63
3 40
3 20
3 33
3 67
3 43
3 39
3 16
3 47
3 50
3 830
4 26
5 48
5 41
5 6
5 48
5 16
5 380
6 42
6 8
6 45
6 8
6 20
6 39
6 48
6 41
6 36
6 67
6 51
6 30
6 58
6 27
6 23
6 16
6 42
6 26
6 54
6 33
6 61
6 58
6 29
6 67
6 3
6 67
6 19
6 20
6 38
6 48
6 908
6 978
7 61
7 23
7 36
7 35
7 29
8 8
8 61
8 27
8 65
8 69
8 32
8 3
8 32
8 16
8 17
8 19
8 51
8 25
8 55
8 6
8 67
8 39
8 25
8 35
8 29
8 29
8 43
8 45
8 36
8 75
8 103
8 114
8 953
9 36
9 40
9 43
9 48
9 63
9 75
10 19
10 35
10 29
10 56
10 24
10 6
11 50
11 39
11 48
11 31
11 8
11 33
12 17
12 23
12 58
12 6
12 50
12 25
12 42
12 19
12 38
12 43
12 48
12 60
12 34
12 29
12 20
12 50
12 8
12 36
12 30
12 8
12 31
12 58
12 41
12 26
12 41
12 66
12 31
12 33
12 41
12 113
12 1305
14 48
14 57
14 20
14 127
15 68
15 26
15 30
15 31
15 11
15 113
16 30
16 8
16 31
16 0
16 48
16 19
16 39
16 37
16 39
16 51
16 8
16 60
16 8
16 29
16 6
16 29
16 7
16 20
16 26
16 48
16 17
16 34
16 39
16 58
16 50
16 25
16 41
16 79
16 1443
17 42
17 2
17 27
17 34
17 45
17 24
17 20
17 6
17 61
17 24
17 0
17 13
17 29
17 49
17 67
17 3
17 20
17 51
18 68
19 8
19 19
19 11
19 27
19 67
19 56
19 8
19 58
19 6
19 51
19 49
19 48
19 45
20 51
20 31
20 54
20 31
20 33
20 51
20 8
20 45
20 22
20 20
20 61
20 64
20 42
20 16
20 27
20 33
20 45
20 16
20 58
20 58
20 25
20 50
20 51
20 19
20 24
20 24
20 50
20 33
20 24
20 39
20 6
20 6
20 67
20 16
20 12
20 17
20 33
20 31
20 10
20 31
20 58
20 58
20 29
20 8
20 39
20 45
20 24
20 29
20 54
20 24
20 36
20 35
20 16
20 61
20 31
20 50
20 57
20 27
20 33
20 35
20 12
20 58
20 39
20 41
20 23
20 43
20 29
20 27
20 12
20 48
20 48
20 50
20 29
20 37
20 34
20 29
20 48
20 63
20 714
20 865
20 927
20 1302
20 1296
20 1302
22 51
22 51
22 42
22 47
22 31
22 24
22 55
22 69
22 43
22 45
22 68
22 33
22 710
22 1443
23 35
23 44
23 35
23 61
23 61
23 29
24 67
24 35
24 3
24 33
24 61
24 6
24 6
24 20
24 42
24 58
24 42
24 39
24 9
24 51
24 8
24 31
24 35
24 58
24 20
24 20
24 8
25 0
25 20
25 68
25 68
25 36
25 31
25 67
25 39
25 12
25 39
25 12
25 68
25 34
25 862
25 980
25 1307
26 8
26 39
26 67
26 32
26 38
26 39
26 29
26 23
26 32
26 19
26 56
26 38
26 22
26 29
26 20
26 58
26 26
26 29
26 35
26 39
26 67
26 24
26 42
26 20
26 68
26 6
26 20
26 29
26 29
26 20
26 29
26 3
26 66
26 40
26 50
26 48
26 35
26 26
26 19
26 67
26 20
26 31
26 74
26 99
26 977
26 1437
27 12
27 42
27 3
27 12
27 51
27 60
27 48
27 43
27 44
27 0
27 57
27 20
27 20
27 16
28 67
29 30
29 61
29 40
29 32
29 17
29 45
29 35
29 16
29 50
29 33
29 48
29 59
29 16
29 30
29 26
29 67
29 22
29 63
29 39
29 31
29 26
29 29
29 42
29 22
29 38
29 51
29 50
29 12
29 35
29 26
29 50
29 51
29 20
29 15
29 26
29 5
29 44
29 929
30 61
30 61
30 64
30 39
30 24
30 35
30 48
30 1
30 27
30 47
30 20
30 48
30 36
30 39
30 43
30 16
30 58
30 20
30 59
30 42
30 40
30 58
30 58
30 19
30 943
30 1294
30 1294
31 51
31 56
31 49
31 38
31 67
31 8
31 48
31 66
31 30
31 17
31 29
31 58
31 43
31 26
31 41
31 6
31 33
31 20
31 61
31 0
31 24
31 42
31 31
31 20
31 39
32 20
32 56
32 35
32 48
32 38
32 67
32 22
32 1294
33 17
33 20
33 12
33 22
33 30
33 26
33 8
33 21
33 51
33 24
33 6
33 32
33 20
33 22
33 30
33 63
33 34
33 0
33 41
33 42
33 54
33 45
33 39
33 30
33 17
33 38
33 50
33 58
33 50
33 29
33 39
33 50
33 45
33 29
33 49
33 42
33 48
33 45
33 27
33 2
33 26
34 35
34 66
34 68
34 26
34 897
34 1307
35 57
35 45
35 20
35 17
35 50
35 27
35 30
35 51
35 43
35 27
35 53
35 23
35 8
35 12
35 45
35 30
35 33
35 41
35 33
35 45
35 36
35 58
35 23
35 33
35 33
35 66
35 33
35 50
35 61
35 14
35 32
35 16
35 31
35 29
35 24
35 42
35 35
35 20
35 42
35 54
36 30
36 44
36 61
36 31
36 57
36 61
36 56
36 35
36 68
36 12
36 68
36 50
36 6
36 50
37 22
37 42
37 29
37 43
37 6
37 20
37 63
37 106
38 53
38 39
38 61
38 56
38 6
38 50
38 27
38 67
38 25
38 41
38 7
38 34
38 67
38 27
38 50
38 8
38 61
38 54
38 12
38 19
38 113
38 471
39 8
39 24
39 26
39 8
39 19
39 20
39 0
39 30
39 12
39 29
39 39
39 20
39 39
39 16
39 61
39 55
39 45
39 30
39 33
39 31
39 14
39 67
39 25
39 65
39 26
39 20
39 39
39 6
39 27
39 61
39 6
39 38
39 33
39 28
39 68
39 20
39 27
39 50
39 9
39 15
39 81
39 1138
39 1436
40 0
40 42
40 63
40 63
40 30
40 35
40 35
40 27
40 20
40 67
40 17
40 1386
41 19
41 5
41 33
41 24
41 12
41 53
41 6
41 33
41 6
41 20
41 61
41 39
41 69
41 18
41 63
41 26
41 19
41 20
41 58
41 50
42 6
42 16
42 7
42 48
42 36
42 36
42 50
42 9
42 43
42 40
42 48
42 34
42 63
42 60
42 65
42 60
42 58
42 35
42 45
42 12
42 29
42 39
42 48
42 20
42 48
42 75
42 414
43 32
43 6
43 48
43 20
43 20
43 19
43 48
43 51
43 43
43 30
43 6
43 23
43 58
43 20
43 26
43 43
43 16
43 9
43 42
43 28
43 26
43 61
43 63
43 46
43 43
43 12
43 914
43 1337
44 29
44 0
44 35
44 6
44 52
44 39
44 29
44 60
44 5
44 12
44 62
45 35
45 39
45 8
45 8
45 6
45 59
45 16
45 20
45 23
45 67
45 45
45 20
45 27
45 67
45 36
45 41
45 3
45 5
45 38
45 12
45 37
46 33
46 59
46 10
47 20
47 61
48 58
48 7
48 50
48 64
48 66
48 32
48 67
48 43
48 29
48 51
48 67
48 23
48 49
48 61
48 29
48 6
48 6
48 38
48 1
48 51
48 0
48 58
48 51
48 6
48 40
48 29
48 48
48 55
48 16
48 45
48 40
48 48
48 39
48 67
48 20
48 67
48 25
48 38
48 43
48 57
48 12
48 25
48 68
48 33
48 33
48 42
48 35
48 24
48 27
48 50
48 19
48 16
48 45
48 12
48 59
48 113
48 127
48 368
49 48
50 48
50 33
50 41
50 6
50 33
50 20
50 45
50 6
50 57
50 48
50 56
50 15
50 29
50 67
50 51
50 67
50 11
50 67
50 50
50 26
50 49
50 33
50 8
50 20
50 29
50 16
50 40
50 20
50 24
50 26
50 67
50 30
50 50
50 42
50 79
51 19
51 24
51 58
51 16
51 29
51 67
51 51
51 23
51 61
51 40
51 10
51 20
51 10
51 3
51 20
51 6
51 20
51 63
51 34
51 35
51 914
52 43
54 43
54 34
54 26
54 1171
55 56
55 29
55 16
55 61
55 29
55 22
55 33
55 25
56 24
56 20
56 33
56 12
56 7
56 33
56 15
56 3
56 1294
57 30
57 20
57 3
57 20
58 35
58 24
58 36
58 37
58 61
58 48
58 58
58 17
58 45
58 42
58 20
58 30
58 26
58 3
58 61
58 16
58 33
58 5
58 42
58 41
58 17
58 39
58 22
58 45
58 6
58 18
58 36
58 46
58 50
58 33
58 44
58 54
58 5
58 27
58 11
58 1293
59 20
59 48
59 25
59 17
59 27
60 53
60 51
60 22
60 31
60 25
60 58
60 25
60 20
60 6
60 50
60 61
61 38
61 31
61 20
61 55
61 66
61 38
61 35
61 66
61 56
61 25
61 35
61 67
61 37
61 12
61 26
61 8
61 54
61 8
61 5
61 33
61 32
61 20
61 55
61 19
61 24
61 38
61 35
61 16
61 20
61 67
61 63
61 29
61 41
61 30
63 43
63 50
63 33
63 7
63 20
63 38
63 6
63 32
63 67
63 19
63 33
63 61
63 41
63 57
63 37
63 1304
64 31
64 33
64 24
64 58
64 33
64 48
65 38
65 58
65 48
65 16
66 33
66 67
66 50
66 31
66 51
66 66
66 38
66 6
66 8
66 66
66 945
67 33
67 33
67 2
67 50
67 6
67 29
67 39
67 33
67 6
67 40
67 3
67 67
67 43
67 45
67 29
67 30
67 17
67 44
67 6
67 35
67 61
67 57
67 48
67 68
67 31
67 16
67 20
67 27
67 66
67 51
67 58
67 69
67 38
67 27
67 33
67 67
67 29
67 30
67 63
67 60
67 48
67 58
67 26
67 41
67 41
67 25
67 20
67 407
67 914
68 20
68 8
68 1186
69 57
69 48
69 67
69 31
69 31
69 58
69 3
69 35
69 113
69 1389
70 88
70 70
70 111
70 113
70 70
70 83
70 113
70 103
70 70
70 75
70 70
70 109
70 113
70 87
70 74
70 101
70 115
70 85
70 95
70 85
70 88
70 82
70 113
70 80
70 104
70 113
70 94
70 71
70 70
70 95
70 103
70 106
70 127
70 126
70 95
70 72
70 84
70 368
70 518
71 87
71 104
71 87
71 127
71 114
71 88
71 84
71 113
71 119
71 120
71 114
71 169
71 381
71 387
72 106
73 105
73 94
73 88
73 78
73 113
73 896
74 93
74 100
74 95
74 71
74 112
74 111
74 273
75 113
75 82
75 71
75 100
75 112
75 112
75 99
75 109
75 110
75 70
75 70
75 95
75 109
75 88
75 109
75 94
75 116
75 93
76 109
77 71
77 113
78 121
78 118
78 73
78 113
78 113
78 121
79 114
79 88
79 83
79 98
79 109
79 79
79 83
79 115
79 126
79 85
79 99
79 103
79 103
79 89
79 91
79 94
79 118
79 82
79 109
79 83
79 70
79 113
79 88
79 71
79 113
79 118
79 70
79 118
79 106
79 502
79 941
80 80
80 70
80 106
80 82
80 90
80 87
80 127
80 95
80 111
80 79
80 98
80 95
80 120
80 95
80 113
80 83
80 70
80 74
80 103
80 95
80 103
80 978
80 898
81 78
81 88
81 79
81 923
82 94
82 113
82 104
82 109
82 121
82 88
82 113
82 113
82 127
82 79
82 127
82 113
82 940
83 109
83 106
83 92
83 80
83 80
83 71
84 127
84 88
84 120
84 87
84 103
84 113
84 71
84 88
84 97
84 84
84 102
84 74
84 103
84 84
84 115
84 113
84 103
85 83
85 112
85 79
85 80
85 95
85 79
85 94
85 70
85 92
85 70
85 71
86 76
86 88
86 114
86 83
86 103
86 114
86 102
86 95
86 111
86 91
87 112
87 90
87 92
87 75
87 78
87 103
87 113
87 70
87 88
87 73
87 106
87 80
87 95
88 85
88 73
88 102
88 106
88 100
88 113
88 70
88 79
88 126
88 88
88 71
88 113
88 95
88 93
88 116
88 90
88 127
88 114
88 103
88 113
88 117
88 109
88 103
88 74
88 95
88 92
88 109
88 127
88 82
88 102
88 88
88 73
88 85
88 84
88 106
88 103
88 103
88 95
88 127
88 91
88 71
88 103
88 127
88 70
88 367
89 103
89 106
89 92
89 371
89 678
90 95
90 88
90 85
90 111
90 70
90 73
90 86
90 70
90 103
90 113
90 79
90 113
90 109
90 114
90 1303
91 95
91 103
91 124
91 70
91 123
91 102
91 112
91 103
91 106
91 83
91 89
91 71
91 102
91 104
91 84
92 113
92 95
92 111
92 106
92 85
92 92
92 103
92 92
92 88
92 75
92 106
92 79
92 82
92 71
92 82
92 127
92 82
92 88
92 117
92 82
92 70
92 100
92 125
92 113
92 124
92 71
92 113
92 70
92 113
92 88
92 73
92 70
92 103
93 98
93 113
93 103
93 81
93 99
93 70
93 106
93 99
93 93
93 102
93 70
93 88
93 127
93 93
93 99
93 84
93 109
93 109
93 70
93 437
94 115
94 92
94 106
94 70
94 113
94 75
94 104
94 88
94 88
94 114
94 90
95 120
95 90
95 98
95 90
95 106
95 80
95 118
95 127
95 99
95 90
95 95
95 104
95 118
95 127
95 122
95 126
95 103
95 78
95 75
95 109
95 99
95 86
95 70
95 98
95 98
96 119
96 74
97 70
97 113
98 111
98 104
98 113
98 103
98 79
98 92
98 118
98 113
98 70
99 120
99 88
99 113
99 109
99 103
99 80
99 106
100 122
100 90
100 100
100 84
100 545
101 112
101 862
102 126
102 92
102 75
102 102
102 114
102 90
102 105
102 710
102 970
102 1034
103 116
103 86
103 113
103 111
103 88
103 87
103 74
103 86
103 110
103 79
103 106
103 126
103 111
103 113
103 80
103 93
103 71
103 103
103 90
103 106
103 119
103 98
103 75
103 113
103 90
103 92
103 73
103 918
104 79
104 125
104 80
104 78
104 119
104 113
104 117
104 70
104 109
104 103
105 118
105 115
105 88
105 104
106 82
106 120
106 106
106 96
106 81
106 126
106 71
106 109
106 103
106 92
106 70
106 113
106 91
106 95
106 79
106 112
106 127
106 82
106 112
106 84
106 122
106 127
106 92
106 93
106 71
106 73
106 169
107 88
107 103
108 104
109 91
109 75
109 100
109 96
109 92
109 75
109 83
109 70
109 103
109 127
109 106
109 127
109 79
109 120
109 114
109 88
109 80
109 116
109 113
109 532
109 967
110 85
110 90
110 103
111 122
111 112
111 84
111 109
111 106
111 93
111 104
111 113
111 117
112 109
112 90
112 127
112 80
112 75
112 86
112 91
112 127
112 102
112 113
112 109
112 113
112 86
112 678
112 750
113 73
113 87
113 79
113 100
113 82
113 71
113 113
113 92
113 88
113 103
113 86
113 113
113 127
113 127
113 79
113 103
113 88
113 112
113 70
113 93
113 113
113 104
113 123
113 91
113 91
113 103
113 106
113 87
113 113
113 88
113 88
113 95
113 83
113 79
113 94
113 70
113 109
113 86
113 106
113 114
113 95
113 115
113 106
113 84
113 102
113 79
113 127
113 113
113 127
113 106
113 79
113 103
113 112
113 95
113 109
113 113
113 113
113 80
113 115
113 83
113 102
113 172
113 381
113 896
113 898
113 930
114 97
114 117
114 113
114 91
114 75
114 80
114 92
114 103
114 113
114 103
114 86
114 93
114 81
114 113
114 95
114 125
114 117
114 79
114 113
114 104
114 930
114 918
115 88
115 109
115 92
115 89
115 86
115 70
115 71
115 113
115 1033
116 119
116 111
116 92
116 98
116 83
116 113
116 114
116 80
116 94
116 114
116 113
117 73
117 103
117 71
117 70
117 115
117 127
117 94
117 113
117 79
117 79
117 112
117 90
118 113
118 119
118 90
118 90
118 113
118 80
118 94
118 111
119 92
119 113
119 106
119 119
119 90
119 113
119 123
119 93
119 113
119 70
119 93
119 113
119 96
119 127
119 113
119 122
120 72
120 88
120 103
120 98
120 107
120 114
120 95
120 127
120 93
120 78
120 71
120 88
120 93
120 122
121 117
121 82
121 107
121 113
121 73
121 113
121 73
121 75
121 106
121 112
121 103
121 109
121 97
121 73
121 127
121 106
121 646
122 123
122 113
122 103
122 106
122 100
122 103
122 87
122 78
123 116
123 71
123 101
123 79
123 127
125 113
125 115
125 71
125 115
125 88
125 74
125 125
125 85
126 113
126 98
126 95
126 113
126 103
126 99
126 113
127 103
127 126
127 94
127 89
127 109
127 106
127 70
127 123
127 86
127 118
127 106
127 78
127 70
127 117
127 95
127 127
127 1443
129 159
129 134
129 142
129 140
129 168
130 172
130 161
130 168
130 153
130 162
130 159
130 169
130 168
130 144
130 169
130 132
130 132
130 168
130 147
130 169
130 131
130 165
130 171
130 176
130 808
131 169
131 130
131 159
131 173
131 168
131 154
131 152
131 167
131 134
131 129
131 168
131 154
131 148
131 137
131 146
131 131
131 170
131 153
131 773
131 909
132 149
132 144
132 169
132 138
132 165
132 173
132 131
132 169
132 163
132 154
133 130
133 140
133 173
133 155
133 139
133 149
133 150
133 399
134 155
134 133
134 146
134 147
134 169
134 154
135 137
135 129
135 169
135 132
135 132
135 137
135 154
135 141
135 159
135 154
136 134
136 137
136 166
136 135
136 135
136 159
136 186
137 153
137 154
137 152
137 131
137 139
137 135
137 165
137 154
137 163
137 168
137 133
137 133
138 162
138 169
139 146
139 171
139 168
139 138
139 130
139 172
139 154
139 366
140 154
140 154
140 146
140 167
140 170
140 154
140 168
140 161
140 147
140 169
140 168
140 154
140 137
140 169
140 168
140 169
140 376
140 397
141 168
141 149
141 171
141 146
141 170
141 161
141 139
141 168
142 130
142 158
142 129
142 139
142 147
142 169
142 154
142 147
142 154
142 168
142 131
142 157
142 169
142 144
143 163
143 135
143 139
143 160
143 152
143 169
143 154
144 154
144 169
144 130
145 168
145 173
145 154
146 166
146 142
146 156
146 154
146 154
146 133
146 142
146 129
146 153
146 154
146 131
146 146
146 154
146 130
146 169
146 166
146 154
146 170
146 169
146 163
146 137
146 168
146 154
146 168
146 154
146 142
146 131
146 185
146 372
147 154
147 132
147 145
147 147
147 170
147 137
147 161
147 154
147 169
147 132
147 162
147 159
147 170
147 130
148 146
148 131
148 149
148 142
149 159
149 165
149 147
149 173
149 132
149 140
149 154
149 129
149 153
149 153
149 132
149 169
149 156
149 172
149 168
149 165
149 133
149 135
149 533
150 165
150 169
150 139
151 165
151 137
151 146
151 135
152 133
152 160
152 154
153 148
153 166
153 146
153 130
153 168
153 157
153 146
153 159
153 169
153 141
153 169
153 154
153 146
154 146
154 169
154 146
154 169
154 154
154 162
154 130
154 169
154 169
154 147
154 136
154 141
154 154
154 131
154 131
154 169
154 169
154 154
154 173
154 170
154 154
154 150
154 159
154 154
154 168
154 134
154 141
154 160
154 141
154 170
154 137
154 159
154 162
154 154
154 168
154 159
154 169
154 161
154 169
154 140
154 136
154 160
154 149
154 140
154 165
154 170
154 154
154 142
154 141
154 140
154 132
154 169
154 154
154 130
154 165
154 168
154 149
154 154
154 169
154 169
154 178
154 358
154 376
154 378
154 687
155 154
155 171
155 171
155 173
155 168
155 169
155 134
155 371
156 169
156 129
156 139
156 153
156 149
156 142
157 163
157 154
157 154
157 154
157 138
157 159
157 159
157 157
158 169
158 153
159 165
159 140
159 170
159 131
159 169
159 132
159 157
159 143
159 171
159 169
159 149
159 138
159 154
159 154
160 144
160 146
160 153
160 170
160 149
160 128
160 154
160 165
160 176
161 153
161 131
161 131
161 154
161 168
161 166
161 149
161 140
161 166
161 964
162 131
162 146
162 154
162 168
162 165
162 146
162 135
162 147
162 139
162 173
162 146
162 170
162 142
162 378
163 139
163 168
164 147
164 163
164 152
164 157
164 154
164 154
165 133
165 149
165 169
165 152
165 146
165 154
165 169
165 172
165 131
165 168
165 134
165 168
165 146
165 170
165 139
165 169
165 130
165 137
166 173
166 154
166 144
166 171
166 168
166 146
166 168
166 169
166 135
166 158
167 128
167 173
167 165
167 160
167 170
167 173
167 168
167 146
168 169
168 136
168 139
168 131
168 135
168 154
168 142
168 129
168 168
168 154
168 142
168 131
168 173
168 157
168 169
168 166
168 162
168 154
168 168
168 131
168 159
168 154
168 146
168 132
168 166
168 137
168 146
168 168
168 169
168 169
168 153
168 154
168 153
168 169
168 168
168 164
168 167
168 171
168 134
168 146
168 169
168 169
168 154
168 131
168 135
168 157
168 169
168 162
168 131
168 132
168 160
168 169
168 149
168 142
168 165
168 168
168 154
168 184
168 372
168 1291
169 169
169 154
169 146
169 170
169 139
169 141
169 169
169 168
169 154
169 132
169 154
169 137
169 169
169 155
169 171
169 142
169 173
169 173
169 147
169 154
169 165
169 154
169 135
169 130
169 169
169 140
169 143
169 154
169 131
169 135
169 134
169 146
169 135
169 169
169 133
169 147
169 142
169 169
169 148
169 169
169 154
169 168
169 140
169 170
169 135
169 170
169 168
169 167
169 133
169 165
169 170
169 131
169 130
169 154
169 142
169 173
169 165
169 173
169 134
169 137
169 149
169 154
169 154
169 171
169 169
169 158
169 146
169 155
169 134
169 170
169 149
169 170
169 809
169 922
169 1059
169 1286
169 1289
170 168
170 154
170 144
170 154
170 162
170 170
170 155
170 168
170 134
170 168
170 140
170 147
170 148
170 160
170 133
170 140
170 133
170 142
170 148
170 154
170 169
170 134
171 170
171 153
171 139
171 153
171 164
171 822
172 145
172 157
172 154
172 147
172 159
172 384
173 155
173 165
173 131
173 154
173 149
173 166
173 140
173 146
173 154
173 131
173 170
173 134
173 132
173 154
173 168
173 169
173 136
173 134
173 131
173 154
173 298
174 175
174 181
174 196
174 175
174 196
174 176
174 181
174 181
174 183
174 197
175 189
175 177
175 185
175 176
175 175
175 185
175 189
175 191
175 189
175 179
175 177
175 189
175 196
175 185
175 813
176 196
176 185
176 186
176 197
176 196
176 184
176 184
176 175
176 190
176 184
176 174
176 181
176 184
176 196
176 176
176 189
176 175
176 196
176 192
176 184
176 196
176 178
176 195
176 189
177 178
178 196
178 178
178 196
178 191
178 176
178 181
178 196
179 196
180 186
180 187
180 176
180 191
180 191
180 193
180 181
180 191
180 191
180 184
180 175
180 176
180 239
181 174
181 175
181 198
181 181
181 196
181 197
181 176
181 196
181 179
181 176
181 189
181 175
182 190
183 180
183 185
183 815
184 187
184 184
184 176
184 191
184 191
184 175
184 184
184 197
184 181
184 185
184 184
184 176
184 181
184 196
184 185
184 178
184 186
184 375
184 538
185 193
185 189
185 184
185 178
185 196
185 185
185 176
185 192
185 178
185 180
185 181
186 176
186 187
186 187
186 186
186 177
186 183
186 191
186 176
186 191
186 196
187 187
187 196
187 176
187 197
187 326
188 186
188 185
188 195
188 176
188 176
188 188
188 175
188 482
189 198
189 198
189 181
189 196
189 194
189 198
189 191
189 193
189 175
190 177
190 181
191 176
191 184
191 196
191 196
191 175
191 183
191 187
191 181
191 184
191 177
191 188
191 176
191 187
191 176
192 196
192 198
192 191
192 174
193 196
193 181
193 176
193 178
193 196
193 180
193 186
193 181
193 196
194 193
194 187
195 191
195 175
195 197
196 180
196 181
196 193
196 188
196 181
196 198
196 174
196 174
196 196
196 196
196 196
196 190
196 180
196 196
196 191
196 174
196 175
196 190
196 181
196 175
196 177
196 184
196 176
196 178
196 180
196 183
196 176
196 180
196 193
196 176
196 186
196 198
196 181
196 189
196 186
196 1285
197 195
197 186
197 184
197 364
198 187
198 175
198 178
199 222
199 280
200 201
200 213
200 1008
201 235
202 302
202 258
202 206
203 210
203 206
204 268
204 221
204 507
205 240
206 222
206 314
206 255
206 273
206 209
206 287
206 268
207 216
207 237
207 232
207 258
207 288
207 266
207 280
207 221
207 222
207 228
207 284
207 293
207 274
207 325
207 201
207 284
207 206
207 205
207 287
207 206
207 266
207 250
207 306
207 240
207 202
207 268
207 266
207 297
207 716
207 918
207 1415
208 213
208 323
208 286
208 325
209 297
209 221
209 266
209 297
210 221
210 297
210 278
210 276
210 224
210 266
210 202
210 326
210 247
210 221
210 286
210 207
210 222
210 258
210 325
211 258
211 221
212 259
212 327
212 285
212 267
212 244
212 216
212 252
212 235
212 280
212 255
212 266
212 237
213 297
213 296
213 325
213 1325
214 259
214 284
214 285
214 306
214 201
215 221
216 287
218 221
219 259
219 209
219 210
220 221
221 297
221 222
221 314
221 250
221 250
221 207
221 276
221 206
221 222
221 210
221 221
221 319
221 247
221 307
221 213
221 252
221 284
221 221
221 284
221 244
221 298
221 271
221 231
221 202
221 290
221 275
221 258
221 303
221 268
221 268
221 207
221 297
221 284
221 276
221 271
221 258
221 208
221 325
221 303
221 309
221 221
221 207
221 212
221 267
221 308
221 284
221 284
221 253
221 222
221 284
221 274
221 317
221 258
221 266
221 314
221 213
221 330
221 287
221 250
221 250
221 284
221 261
221 221
221 258
221 284
221 980
221 990
221 1443
221 1441
222 251
222 297
222 245
222 304
222 251
222 222
222 214
222 250
222 314
222 266
222 207
222 285
222 300
222 217
222 209
222 245
222 258
222 237
222 303
222 258
222 287
222 314
222 208
222 303
222 228
222 213
222 206
222 226
222 227
222 365
222 1243
223 221
224 250
225 250
225 204
226 267
226 314
227 297
227 302
227 240
227 1045
227 1320
228 228
228 250
228 274
228 303
228 284
228 284
228 205
228 276
228 259
228 284
228 1325
229 228
229 276
229 207
230 221
231 221
231 222
231 214
231 272
231 221
231 1409
232 244
232 284
234 271
234 258
234 240
234 240
234 267
234 1234
235 284
235 284
235 284
235 322
235 303
235 284
235 327
235 271
235 206
235 854
237 200
237 258
238 258
238 284
238 210
238 1258
239 297
239 297
240 221
240 311
240 301
240 286
240 221
240 258
241 284
241 318
241 258
241 331
241 325
242 221
242 223
242 262
242 250
243 244
243 221
244 297
244 325
244 322
244 268
244 605
245 266
245 284
245 229
245 284
245 276
245 280
245 250
245 244
245 221
246 258
247 225
247 276
247 209
247 207
248 258
249 276
249 471
250 280
250 208
250 297
250 277
250 221
250 295
250 273
250 297
250 233
250 264
250 221
250 203
250 284
250 271
250 284
250 978
251 303
251 210
251 271
251 328
251 297
251 276
252 293
252 312
252 235
252 292
253 224
253 287
253 258
254 206
254 325
254 282
256 250
256 268
257 288
257 276
258 221
258 235
258 314
258 250
258 221
258 284
258 258
258 307
258 261
258 221
258 264
258 275
258 222
258 227
258 276
258 231
258 271
258 267
258 253
258 1203
258 1426
259 271
259 214
259 221
259 325
259 221
260 228
261 258
261 221
261 235
262 266
262 284
262 263
263 250
264 206
264 250
264 221
264 266
264 307
264 204
265 287
265 328
265 209
265 207
266 222
266 314
266 210
266 303
266 306
266 268
266 297
266 266
266 258
266 258
266 284
266 244
267 307
267 284
267 297
267 276
267 277
268 222
268 269
268 257
268 280
268 209
268 284
268 250
268 208
271 245
271 303
271 309
271 268
271 245
271 284
271 276
271 218
271 291
271 221
271 287
271 206
271 325
271 221
271 236
271 284
271 655
273 284
273 207
274 330
274 258
274 276
274 243
274 222
274 297
274 210
274 284
274 284
274 1304
275 245
275 280
275 261
275 221
275 266
275 330
275 276
275 221
275 270
276 264
276 228
276 315
276 307
276 292
276 229
276 303
276 228
276 258
276 286
276 209
276 271
276 284
276 314
276 221
276 285
276 250
276 222
276 258
276 284
276 221
277 240
278 206
278 305
279 235
279 298
279 325
280 284
280 222
280 279
280 250
280 307
280 210
280 250
280 1294
281 278
283 314
283 248
284 258
284 271
284 281
284 222
284 266
284 213
284 310
284 207
284 258
284 208
284 215
284 302
284 250
284 268
284 323
284 319
284 207
284 310
284 238
284 280
284 296
284 297
284 315
284 224
284 235
284 330
284 325
284 284
284 284
284 221
284 312
284 323
284 294
284 208
284 216
284 284
284 250
284 300
284 218
284 306
284 268
284 272
284 230
284 320
284 284
284 206
284 297
284 245
284 234
284 247
284 228
284 314
284 217
284 314
284 275
284 297
284 297
284 286
284 221
284 331
284 264
284 258
284 314
284 890
284 991
285 289
285 271
285 250
285 210
285 219
286 284
286 276
286 453
287 250
287 325
287 210
287 321
287 222
287 243
287 221
287 267
288 203
288 284
288 276
289 280
289 250
289 284
289 517
291 284
291 250
292 313
292 221
292 292
292 212
292 375
293 213
293 297
293 267
293 325
293 202
293 597
294 325
294 741
296 250
296 260
297 217
297 297
297 284
297 302
297 325
297 222
297 216
297 286
297 214
297 226
297 235
297 310
297 307
297 314
297 227
297 284
297 311
297 284
297 325
297 284
297 221
297 228
297 274
297 206
297 271
297 297
297 221
297 243
297 219
297 221
297 342
298 235
298 284
298 1325
299 261
300 325
300 250
300 221
300 297
300 245
300 204
301 325
302 284
302 284
302 262
302 284
302 271
302 327
302 1388
303 268
303 266
303 207
303 300
303 206
303 302
303 249
303 222
303 314
303 294
303 321
303 303
303 221
303 250
303 214
303 258
303 274
303 244
303 360
304 325
304 523
306 311
306 275
307 250
307 221
307 325
307 273
307 316
307 314
307 302
307 284
308 264
308 253
308 271
309 292
309 297
309 278
309 258
309 210
311 284
311 310
311 284
312 277
312 307
313 283
313 220
314 286
314 323
314 317
314 330
314 221
314 300
314 210
314 258
314 267
314 242
314 284
314 222
314 240
315 325
315 234
316 258
316 321
317 221
317 297
317 297
317 221
318 272
318 778
319 316
319 284
320 222
321 303
321 221
322 250
322 282
322 276
322 1154
323 276
323 276
323 284
325 314
325 256
325 207
325 227
325 258
325 207
325 261
325 297
325 218
325 217
325 270
325 284
325 252
325 320
325 241
325 221
325 1005
326 232
326 267
327 222
327 311
327 949
328 280
328 207
328 288
329 324
330 289
331 243
331 297
331 297
331 236
331 321
332 276
333 221
333 250
333 221
333 325
334 355
335 358
336 358
336 359
337 710
338 351
338 358
339 334
339 360
339 348
339 340
340 356
340 361
340 362
340 361
341 358
341 347
341 361
341 352
341 334
342 735
343 339
343 360
343 352
343 358
344 344
344 358
344 339
344 358
344 509
345 335
346 358
347 350
347 358
349 336
349 337
349 337
349 361
349 339
349 356
350 363
350 336
350 343
350 353
351 358
351 360
351 356
351 340
352 358
352 338
352 970
353 358
353 348
353 358
353 354
353 357
353 339
353 338
353 358
353 660
353 627
353 1005
353 1221
355 339
355 357
355 358
355 340
355 354
355 358
356 349
356 360
356 342
356 351
356 363
356 350
356 360
356 349
356 862
356 1008
357 358
357 358
357 335
357 352
358 337
358 338
358 335
358 358
358 353
358 339
358 357
358 358
358 358
358 354
358 341
358 361
358 363
358 361
358 340
358 361
358 349
358 711
358 655
358 719
358 754
359 353
360 355
360 339
360 353
360 358
360 360
360 353
360 358
360 356
360 353
360 361
360 358
360 339
360 648
360 711
361 350
361 358
361 358
361 340
361 359
361 347
361 354
361 361
361 732
362 352
362 355
363 1066
364 380
364 371
364 367
364 381
364 375
364 383
364 367
364 371
364 372
364 368
364 364
364 367
364 374
364 378
364 367
364 395
364 368
364 367
364 381
365 380
365 386
366 364
366 399
366 371
366 378
366 389
366 391
366 368
366 371
366 376
366 399
366 381
366 381
366 381
366 392
366 376
366 381
366 400
366 368
366 384
366 380
366 383
366 1233
366 1414
367 381
367 381
367 383
367 399
367 368
367 381
367 366
367 375
367 391
367 380
367 366
367 372
367 368
367 380
367 372
367 396
367 368
367 381
367 366
367 367
367 400
367 370
367 367
367 381
367 371
367 399
367 367
367 375
367 395
367 380
367 399
367 381
367 397
367 399
367 366
367 377
367 380
367 384
367 364
367 368
367 367
367 368
367 415
367 437
368 394
368 366
368 381
368 375
368 371
368 383
368 380
368 377
368 378
368 375
368 390
368 374
368 375
368 368
368 381
368 397
369 372
369 375
369 371
370 367
370 366
370 396
370 394
370 399
370 377
370 377
370 381
370 390
370 377
370 372
371 394
371 370
371 375
371 398
371 381
371 365
371 366
371 399
371 378
371 375
371 366
371 387
371 367
371 399
371 371
371 377
371 371
371 380
371 375
371 382
371 376
371 375
371 375
371 371
371 367
372 380
372 373
372 391
372 372
372 366
372 367
372 389
372 374
372 371
372 397
372 366
372 367
372 380
372 391
372 397
372 396
373 394
373 381
373 381
374 389
374 380
374 371
374 364
374 367
374 391
374 371
374 372
374 375
374 399
374 371
375 368
375 384
375 375
375 370
375 381
375 396
375 379
375 386
375 371
375 367
375 367
375 378
375 381
375 375
375 379
375 400
375 399
375 390
375 384
375 368
375 380
375 395
375 380
375 394
375 368
375 375
375 375
375 399
375 367
375 384
375 399
375 391
375 370
375 383
375 374
375 399
376 389
376 380
376 380
376 389
376 382
376 407
377 380
377 366
377 371
377 400
377 387
377 385
377 394
377 372
377 369
377 380
377 391
377 383
377 394
378 377
378 382
378 366
378 395
378 380
378 375
378 392
378 381
378 381
378 370
379 368
379 377
379 367
379 384
380 394
380 387
380 391
380 399
380 398
380 364
380 364
380 389
380 372
380 378
380 367
380 396
380 397
380 393
380 381
380 367
380 395
380 397
380 371
380 394
380 398
380 375
380 374
380 371
380 381
380 371
380 367
380 399
380 399
380 381
380 366
380 383
380 381
380 380
380 381
380 371
380 398
380 368
380 382
380 364
380 370
380 381
380 399
380 399
380 396
380 368
380 375
380 1218
381 375
381 381
381 394
381 375
381 381
381 392
381 367
381 391
381 399
381 381
381 371
381 381
381 381
381 380
381 399
381 375
381 385
381 390
381 367
381 399
381 381
381 399
381 399
381 382
381 381
381 374
381 376
381 368
381 374
381 386
381 368
381 377
381 375
381 396
381 383
381 364
381 380
381 364
381 399
381 381
381 371
381 372
381 390
381 387
381 372
381 364
381 381
381 390
381 381
381 380
381 380
381 375
381 367
381 383
381 394
381 384
381 395
381 383
381 375
381 380
381 365
381 441
382 371
382 381
382 367
382 380
382 384
382 395
382 369
383 387
383 374
383 387
383 395
383 391
383 364
383 381
383 387
383 384
383 375
383 389
383 368
383 371
383 371
383 449
383 1246
384 366
384 398
384 394
384 371
384 399
384 378
384 374
384 364
384 364
384 381
384 380
384 382
384 399
384 388
385 367
385 371
385 389
385 387
385 383
385 367
386 370
386 367
386 374
386 375
386 367
386 372
386 384
386 380
386 370
386 962
387 396
387 394
387 375
387 383
388 375
388 399
389 371
389 399
389 395
389 375
390 397
390 377
390 377
390 375
390 383
390 372
390 380
390 377
390 375
390 371
390 381
390 381
390 380
390 395
390 367
390 395
390 399
391 381
391 367
391 374
391 366
391 367
391 377
391 371
391 395
391 375
391 367
392 368
392 383
392 391
392 366
393 364
393 367
394 380
394 399
394 381
394 386
394 381
394 399
394 399
394 377
394 371
394 390
394 375
394 367
395 399
395 371
395 372
395 382
395 378
395 378
395 399
395 364
395 375
395 394
395 364
395 371
396 381
396 380
396 380
396 381
396 394
396 399
396 381
396 366
396 378
396 383
396 381
396 384
396 375
396 367
396 375
397 394
397 382
397 375
397 367
397 391
397 367
397 420
398 383
398 381
398 368
398 389
398 371
398 375
398 372
398 380
398 383
398 914
399 375
399 380
399 381
399 374
399 382
399 378
399 381
399 381
399 390
399 383
399 372
399 372
399 381
399 385
399 397
399 382
399 374
399 918
400 367
400 394
400 399
400 381
400 374
401 403
401 404
402 405
402 404
402 404
404 406
404 405
404 401
404 406
405 404
406 404
406 403
407 419
407 415
407 444
407 443
407 447
407 434
407 452
408 432
408 415
408 458
408 439
408 407
408 429
408 439
408 447
408 1454
409 432
410 408
411 441
411 458
411 452
412 456
413 442
414 415
414 423
415 435
415 439
415 424
415 415
415 427
415 411
415 424
415 437
415 415
415 415
415 434
415 407
415 439
415 407
415 432
415 436
415 454
415 442
415 410
415 442
415 415
415 407
415 438
415 447
415 437
415 440
415 412
415 415
415 415
415 421
415 665
415 962
415 1090
415 1443
415 1435
416 446
416 435
418 421
418 748
419 429
420 424
420 456
420 434
421 415
421 421
421 420
421 438
422 411
423 437
424 460
424 439
424 415
424 408
424 437
424 437
424 1344
425 441
425 440
425 429
425 442
426 408
426 1226
427 442
427 410
427 434
428 457
429 424
429 421
429 517
429 1302
430 440
431 437
431 415
432 415
432 456
432 422
434 437
434 416
434 421
434 450
434 459
434 415
434 451
434 455
434 410
434 412
434 454
435 432
435 440
435 446
435 415
436 429
437 464
437 412
437 435
437 440
437 429
437 429
437 424
437 461
437 454
437 420
437 418
437 474
439 420
439 569
440 452
440 440
440 415
440 507
441 415
441 461
441 435
442 415
442 459
443 964
444 456
445 416
445 412
445 1138
446 448
447 462
447 415
449 415
450 438
450 429
450 415
451 419
451 420
452 457
452 407
452 437
452 422
454 407
454 664
455 416
455 437
455 1003
456 462
457 435
457 408
457 420
458 414
460 412
462 420
462 432
462 407
462 434
462 415
462 780
464 434
464 415
465 415
465 407
466 500
466 513
466 493
466 527
466 532
467 513
467 471
467 874
467 1159
468 507
468 728
468 1136
469 517
469 471
469 538
469 961
469 990
469 1099
470 477
470 493
471 518
471 528
471 495
471 517
471 510
471 525
471 471
471 483
471 491
471 507
471 471
471 517
471 526
471 524
471 511
471 471
471 535
471 514
471 481
471 535
471 500
471 491
471 497
471 471
471 516
471 474
471 585
471 649
471 655
471 655
471 655
471 702
471 726
471 655
471 655
471 749
471 977
471 922
471 996
471 1051
471 1174
473 518
473 655
473 659
474 513
474 525
474 526
474 491
474 535
474 527
474 471
474 598
475 474
477 614
478 517
478 471
478 1443
478 1352
479 517
479 675
479 1232
480 510
480 474
480 535
480 1054
480 1055
481 522
481 481
481 471
481 471
481 970
482 490
482 505
482 471
482 471
482 535
482 518
483 469
483 525
484 526
484 507
484 471
484 517
484 471
484 471
484 535
484 471
484 508
484 711
484 943
484 1189
485 484
485 484
485 517
485 526
485 527
485 526
485 687
485 987
486 501
486 541
486 507
486 1056
487 471
487 533
487 655
487 1443
488 516
488 539
488 523
488 474
488 962
490 912
490 1163
491 466
491 480
491 541
491 484
491 513
491 471
491 471
491 538
491 475
491 697
491 674
491 688
491 655
491 897
491 996
491 1064
491 1210
492 488
493 497
493 507
493 524
493 536
493 500
493 759
493 1077
493 1241
494 518
496 732
498 481
499 517
499 525
500 507
500 474
500 484
500 481
502 507
502 475
503 471
504 519
504 491
504 520
504 507
504 953
505 471
505 517
505 466
505 471
506 513
506 471
506 495
507 500
507 493
507 493
507 524
507 471
507 471
507 513
507 490
507 517
507 512
507 730
507 861
507 1087
507 1089
509 540
509 712
509 763
510 507
511 521
513 491
513 486
513 488
513 489
513 522
513 471
513 505
513 484
513 524
513 466
513 611
513 655
513 825
513 914
513 946
513 985
513 1092
513 1140
513 1234
514 471
515 712
515 745
515 811
516 471
516 523
516 513
517 513
517 484
517 471
517 481
517 491
517 505
517 517
517 491
517 531
517 491
517 475
517 522
517 513
517 496
517 537
517 493
517 486
517 491
517 471
517 471
517 504
517 732
517 655
517 711
517 728
517 950
517 1439
518 507
518 469
518 507
518 474
518 507
518 471
518 513
518 655
518 660
518 897
518 1178
519 1136
520 471
520 728
521 478
525 491
525 469
526 526
526 517
526 538
526 471
526 497
526 517
526 516
526 471
526 471
526 725
526 664
526 951
527 505
528 504
529 1267
530 535
530 904
531 493
531 500
532 513
533 494
533 486
533 471
533 491
533 524
533 1258
534 500
534 493
534 490
535 517
535 469
535 491
535 471
535 524
535 476
535 748
535 922
536 507
536 466
538 471
538 538
538 479
538 469
538 505
538 517
538 668
538 1401
539 518
539 469
539 491
540 762
540 953
540 1135
541 513
541 480
541 500
541 502
541 471
541 472
541 471
541 1005
541 1389
542 545
542 545
542 583
542 545
542 588
543 545
544 569
545 545
545 580
545 549
545 587
545 572
545 545
545 593
545 545
545 551
545 578
545 583
545 545
545 545
545 544
545 590
545 593
545 587
545 566
545 553
545 545
545 545
545 545
545 557
545 545
545 545
545 545
545 545
545 545
545 590
545 567
545 566
545 545
545 545
545 586
545 544
545 572
545 545
545 590
545 556
545 579
545 557
545 592
545 545
545 545
545 579
545 545
545 582
545 574
545 543
545 587
545 545
545 545
545 571
545 579
545 545
545 545
545 571
545 545
545 545
545 545
546 545
547 573
550 551
551 545
551 573
551 566
551 545
551 575
551 577
551 542
553 545
554 551
554 574
554 545
555 569
555 545
555 591
556 544
556 576
556 545
557 545
558 567
559 556
559 545
559 545
559 545
560 592
561 545
561 555
562 571
562 545
564 594
565 558
566 545
566 565
566 586
567 545
567 545
568 585
568 586
569 588
572 545
572 586
572 572
572 573
572 545
572 562
572 586
572 594
572 545
572 544
572 545
572 542
572 586
572 544
572 571
572 561
572 546
572 583
572 575
573 545
573 591
573 578
575 585
575 1012
577 545
578 545
578 545
578 586
579 585
579 569
579 545
581 580
581 559
582 583
582 556
583 545
583 574
583 546
584 572
584 551
584 545
586 542
586 545
586 573
586 581
587 586
588 551
589 545
591 591
593 552
593 552
594 550
594 572
594 545
596 655
596 690
596 613
596 652
596 728
596 604
596 815
596 914
597 626
597 626
597 681
597 626
597 665
597 599
597 679
597 835
598 639
598 706
598 605
598 937
598 940
599 658
599 610
599 605
599 601
599 648
599 649
600 603
601 658
601 663
601 663
601 663
601 734
601 607
601 653
601 660
601 619
601 953
601 1099
602 701
602 663
604 684
604 647
605 629
605 732
605 663
605 695
605 601
605 690
605 632
605 727
605 597
605 655
605 607
605 711
606 690
607 681
607 655
607 601
607 663
607 655
608 639
608 658
608 663
608 611
608 726
608 702
608 614
608 655
609 658
609 693
609 667
609 703
609 597
609 635
609 649
611 714
611 622
611 681
611 697
611 690
611 609
611 671
611 730
611 732
611 655
611 655
612 732
612 665
612 703
612 728
612 948
613 655
613 665
614 722
614 632
614 665
614 687
614 663
614 655
614 711
614 972
614 897
615 703
615 638
615 720
615 601
615 648
616 684
616 710
617 622
618 670
618 665
619 725
619 697
619 692
619 692
619 689
619 670
619 678
619 735
619 684
619 609
620 655
620 655
620 711
620 655
621 684
621 648
621 655
622 655
622 601
622 680
622 663
622 701
622 668
622 665
622 703
622 620
622 732
622 655
622 701
622 922
622 1144
623 626
623 701
624 622
624 653
625 601
625 728
625 710
626 709
626 656
626 655
626 687
626 655
626 655
626 649
626 726
626 692
626 665
626 692
626 596
626 665
626 618
626 602
626 655
626 649
626 687
626 639
626 734
626 636
626 678
626 728
626 661
626 795
626 924
626 1065
626 1250
627 726
627 655
627 628
627 734
627 903
627 1012
628 655
628 736
628 655
628 646
628 655
628 714
628 605
628 626
628 654
628 695
628 626
628 612
629 678
629 732
630 690
630 649
632 665
632 673
632 670
632 690
632 678
632 681
632 724
632 706
633 709
633 660
633 709
633 680
633 665
633 605
634 635
635 655
635 697
636 598
636 628
637 599
637 665
637 673
637 596
637 656
638 598
638 599
638 711
638 734
638 597
638 671
638 714
638 656
638 914
639 678
639 622
639 665
639 649
639 648
640 692
640 722
640 712
640 655
640 649
640 711
640 668
640 653
640 634
640 655
640 683
640 901
641 703
641 622
641 671
641 741
641 830
643 724
644 698
644 689
644 697
644 865
645 614
645 719
645 655
645 655
645 663
645 732
646 605
646 640
647 699
647 622
647 655
647 631
647 728
647 681
647 709
647 711
647 655
648 716
648 730
648 655
648 728
648 735
648 655
648 699
648 657
648 621
648 626
648 655
648 655
648 703
649 620
649 626
649 658
649 727
649 660
649 655
649 710
649 670
649 710
649 677
649 681
649 626
649 655
649 655
649 649
649 684
649 655
649 658
649 663
649 638
649 649
649 728
649 680
649 715
649 702
649 655
649 639
649 775
649 1074
650 711
651 601
651 655
652 655
653 655
653 643
653 1174
654 659
654 695
654 679
654 663
655 655
655 599
655 668
655 732
655 655
655 627
655 670
655 728
655 732
655 626
655 714
655 631
655 668
655 732
655 674
655 714
655 728
655 728
655 648
655 687
655 737
655 689
655 632
655 714
655 671
655 732
655 655
655 616
655 657
655 655
655 660
655 728
655 668
655 734
655 732
655 665
655 710
655 622
655 655
655 703
655 655
655 649
655 714
655 668
655 626
655 705
655 655
655 681
655 656
655 614
655 689
655 678
655 611
655 645
655 698
655 655
655 605
655 682
655 655
655 665
655 619
655 607
655 664
655 670
655 663
655 684
655 678
655 640
655 655
655 626
655 669
655 655
655 647
655 724
655 605
655 630
655 634
655 678
655 633
655 655
655 639
655 655
655 687
655 687
655 611
655 657
655 655
655 657
655 613
655 655
655 697
655 631
655 645
655 639
655 626
655 732
655 623
655 655
655 736
655 644
655 648
655 601
655 640
655 723
655 681
655 658
655 641
655 665
655 665
655 668
655 681
655 668
655 668
655 657
655 656
655 663
655 663
655 613
655 655
655 655
655 655
655 660
655 655
655 651
655 649
655 655
655 726
655 690
655 626
655 619
655 678
655 681
655 672
655 658
655 655
655 705
655 662
655 665
655 767
655 797
655 794
655 794
655 980
655 925
655 919
655 979
655 972
655 989
655 1079
655 1059
655 1066
655 1067
655 1068
655 1064
655 1176
655 1135
655 1282
655 1391
656 671
656 728
656 686
656 720
656 728
656 624
656 697
656 663
656 732
656 728
656 702
656 622
656 728
657 619
657 655
657 663
657 714
657 681
657 649
657 655
657 684
657 678
657 663
657 660
657 665
657 660
657 922
657 1375
658 655
658 655
658 689
658 714
658 659
658 728
658 602
658 649
658 719
658 692
658 1090
658 1194
659 732
659 834
660 649
660 655
660 611
660 672
660 599
660 655
660 731
660 655
660 638
660 909
661 626
661 668
661 655
663 655
663 678
663 614
663 702
663 609
663 719
663 655
663 643
663 649
663 655
663 655
663 614
663 615
663 726
663 655
663 622
663 649
663 659
663 599
663 678
663 727
663 655
663 728
663 655
663 726
663 655
663 701
663 605
663 655
663 653
663 655
663 754
663 910
663 1135
663 1380
664 648
664 728
664 663
665 697
665 604
665 603
665 678
665 626
665 716
665 678
665 721
665 728
665 649
665 711
665 678
665 655
665 615
665 728
665 730
665 657
665 615
665 655
665 622
665 660
665 655
666 655
667 602
668 678
668 649
668 668
668 628
668 651
668 687
668 649
668 697
668 731
668 683
668 622
668 714
668 709
668 710
668 655
668 660
668 632
668 640
669 599
669 655
670 655
670 711
670 971
671 642
671 699
671 655
671 648
671 678
671 618
671 706
672 663
672 644
673 655
673 625
674 605
674 655
674 619
674 685
675 697
675 665
675 655
675 655
675 646
675 660
676 655
676 726
676 972
677 663
678 711
678 665
678 709
678 714
678 719
678 681
678 640
678 706
678 645
678 628
678 649
678 671
678 655
678 643
678 614
678 605
678 657
678 655
678 644
678 655
678 655
678 967
678 959
678 1094
679 665
680 719
680 901
681 681
681 692
681 703
681 714
681 655
681 712
681 599
681 638
681 678
681 616
681 778
681 972
681 1104
682 1172
683 709
683 701
683 671
683 681
683 676
683 734
683 728
683 611
683 711
683 701
683 678
683 625
683 663
683 964
684 655
684 599
684 663
684 734
684 615
685 668
685 649
685 678
685 709
686 638
686 922
687 605
687 710
687 655
687 655
687 711
687 655
688 626
689 655
689 703
689 718
689 655
689 692
690 702
690 599
690 655
690 660
690 596
690 727
690 660
691 614
691 678
691 734
692 734
692 662
692 609
692 732
692 617
692 625
692 714
692 655
692 673
692 624
692 655
692 734
692 663
692 906
693 726
693 655
693 649
693 665
694 655
694 711
694 734
694 655
695 660
695 695
695 655
695 647
695 666
695 732
695 703
696 663
696 612
696 702
696 683
696 797
697 699
697 678
697 655
697 667
697 656
697 631
697 655
697 707
698 655
698 1138
699 601
699 620
699 678
700 663
701 603
701 711
701 665
701 597
701 639
702 655
702 655
702 647
702 714
702 663
702 631
702 1445
703 653
703 663
703 681
703 648
703 601
703 709
704 655
704 660
705 697
707 655
707 881
708 668
709 691
709 714
709 732
709 695
709 714
709 718
709 678
709 683
709 679
709 648
709 660
710 631
710 640
710 600
710 717
710 609
710 711
710 597
710 664
710 657
710 728
710 655
710 655
710 671
710 649
710 660
710 922
711 655
711 697
711 623
711 601
711 728
711 605
711 678
711 730
711 663
711 711
711 649
711 632
711 663
711 605
711 634
711 611
711 648
711 660
711 694
711 683
711 730
711 655
711 655
711 678
711 655
711 697
711 655
711 794
711 830
711 939
711 1091
712 655
712 655
712 699
712 665
712 655
712 656
712 647
712 683
712 676
712 639
713 622
713 604
713 649
714 686
714 658
714 719
714 655
714 687
714 684
714 663
714 663
714 640
714 611
714 663
714 622
714 714
714 655
714 660
714 710
714 1064
714 1187
715 712
715 671
716 655
716 687
717 726
717 784
718 946
719 655
719 656
719 647
719 668
719 655
719 731
719 709
719 655
719 597
719 602
720 695
720 681
720 657
720 644
720 664
720 678
720 767
721 729
721 670
722 671
722 655
723 668
723 701
723 987
724 655
725 655
725 647
725 655
725 699
726 732
726 735
726 665
726 699
726 605
726 655
726 717
726 703
726 665
726 665
726 655
726 703
726 655
726 1270
727 678
727 678
727 656
727 979
728 653
728 655
728 648
728 599
728 626
728 605
728 714
728 649
728 663
728 622
728 714
728 736
728 726
728 625
728 655
728 732
728 712
728 702
728 620
728 678
728 688
728 687
728 663
728 648
728 720
728 622
728 655
728 655
728 668
728 668
728 728
728 655
728 683
728 655
728 672
728 767
728 980
728 1196
729 659
729 655
730 678
730 614
730 734
730 709
730 936
731 655
732 649
732 672
732 655
732 655
732 633
732 668
732 639
732 655
732 706
732 657
732 682
732 642
732 613
732 655
732 655
732 700
732 697
732 681
732 626
732 929
732 1204
732 1456
733 645
733 628
734 655
734 648
734 611
734 709
734 619
734 681
734 697
734 1386
735 631
735 711
735 649
735 636
735 681
735 655
735 637
736 626
737 644
737 628
737 657
737 655
737 794
738 784
738 741
738 741
738 776
738 774
738 774
739 745
739 774
739 753
739 781
739 941
740 779
741 758
741 760
741 754
741 768
742 768
742 784
742 745
742 740
742 794
742 784
742 914
742 918
743 794
743 776
743 980
743 970
743 1052
744 745
744 784
744 1101
745 796
745 792
745 754
745 744
745 792
745 792
745 767
745 792
745 784
745 792
745 785
745 739
745 784
745 897
745 947
746 762
746 749
746 776
746 962
747 757
748 794
748 773
748 756
748 796
748 784
748 794
748 738
748 794
748 794
748 771
748 750
748 784
748 780
748 755
748 742
748 794
748 768
748 950
748 922
748 1138
749 784
749 756
749 782
749 748
749 1120
749 1312
750 787
750 762
751 757
751 793
751 743
751 791
751 794
751 792
751 1366
752 798
752 786
752 794
753 794
753 762
753 929
754 782
754 767
754 792
754 750
754 792
754 789
754 773
754 784
754 785
754 970
755 792
755 748
755 782
755 783
755 906
756 738
756 781
756 794
757 767
757 789
757 776
757 761
757 762
757 773
757 784
757 941
757 1349
758 787
759 755
759 741
759 780
761 741
762 780
762 784
762 764
762 782
762 745
762 786
762 768
762 927
762 914
762 1003
763 758
763 907
764 785
764 754
764 776
764 757
764 762
764 768
764 925
764 929
765 797
765 784
765 1443
766 780
766 756
766 784
766 923
767 762
767 750
767 979
767 936
767 980
767 1053
767 1121
768 762
768 794
768 787
768 784
769 748
769 784
769 946
771 788
771 782
771 941
772 750
773 794
773 784
773 784
773 784
773 776
773 797
773 784
773 767
773 918
773 919
773 967
774 762
774 776
774 792
774 780
774 794
774 794
774 766
774 784
774 782
774 768
774 742
774 970
775 748
775 768
775 768
776 760
776 740
776 744
776 783
776 750
776 794
776 786
776 761
776 779
776 766
776 948
776 929
776 913
776 1057
777 747
777 751
777 780
777 754
777 750
777 896
777 1402
778 796
778 978
779 796
779 794
779 790
779 898
780 784
780 784
780 743
780 773
780 794
780 784
780 746
780 741
780 753
780 784
780 741
780 768
780 794
780 792
780 782
780 784
780 789
781 792
781 776
781 772
781 784
782 794
782 794
782 764
782 784
782 784
782 794
782 922
783 743
783 784
784 793
784 786
784 792
784 784
784 792
784 762
784 792
784 742
784 770
784 745
784 778
784 784
784 792
784 768
784 751
784 768
784 743
784 784
784 786
784 745
784 794
784 780
784 748
784 767
784 782
784 776
784 794
784 793
784 751
784 776
784 776
784 980
784 970
784 962
784 930
784 959
784 953
784 918
784 945
784 973
784 970
784 1077
784 1203
785 769
786 782
786 773
786 753
786 752
787 788
787 773
787 784
787 745
787 962
788 776
788 794
788 741
788 741
788 962
789 738
790 784
791 777
792 770
792 782
792 762
792 762
792 773
792 752
792 762
792 773
792 749
792 792
792 776
792 748
792 740
792 744
792 745
792 768
793 749
793 747
793 740
793 762
793 762
793 906
793 1023
793 1443
794 780
794 792
794 780
794 752
794 738
794 794
794 744
794 765
794 757
794 784
794 743
794 798
794 784
794 798
794 738
794 788
794 759
794 768
794 753
794 752
794 794
794 774
794 777
794 766
794 797
794 774
794 748
794 765
794 758
794 745
794 753
794 773
794 748
794 751
794 748
794 768
794 762
794 767
794 950
794 922
794 914
794 980
794 1212
795 784
795 755
796 762
796 784
796 782
797 784
797 919
798 776
798 780
798 794
798 762
798 919
799 814
800 809
800 825
800 844
800 811
800 837
800 845
801 837
801 802
801 828
802 813
802 843
802 830
802 822
802 822
802 809
802 825
802 822
803 837
803 809
803 819
803 820
804 800
804 843
804 833
804 847
805 799
805 808
808 809
809 813
809 822
809 809
809 824
809 847
809 809
809 809
809 801
809 824
809 825
809 972
810 813
810 831
810 1445
811 848
811 821
812 815
812 802
813 817
813 832
813 847
813 809
813 813
813 809
813 826
813 847
813 814
813 823
813 832
813 848
813 818
813 847
813 825
813 832
813 809
813 820
813 819
813 823
813 845
813 830
813 827
813 815
813 800
813 993
813 1237
814 847
815 825
815 819
815 820
816 847
817 817
819 835
819 813
819 834
819 845
819 828
819 799
819 826
819 813
819 807
819 823
819 813
819 809
819 813
819 1443
820 824
820 830
820 822
820 800
820 845
820 808
820 827
820 815
820 825
820 822
820 847
820 846
820 815
822 802
822 823
822 848
822 845
822 809
822 813
822 829
822 834
822 813
822 1234
823 837
823 816
823 809
823 810
823 822
823 825
823 827
823 996
825 820
825 845
825 834
825 819
825 820
825 831
825 824
825 827
825 1215
827 822
827 809
827 806
827 847
828 825
828 823
828 828
830 802
830 822
830 830
830 820
830 839
830 809
830 800
830 813
830 847
830 837
830 799
830 847
830 809
830 847
830 812
830 843
830 800
830 812
831 832
831 824
831 847
831 820
832 825
832 848
832 934
833 819
834 836
834 814
834 809
834 813
834 819
834 822
834 815
835 829
835 822
835 830
835 800
835 830
835 809
835 830
836 809
836 827
837 820
837 799
837 823
839 828
840 822
840 823
841 830
841 825
843 809
844 835
844 827
844 834
845 823
845 809
845 847
845 802
845 845
846 812
847 829
847 830
847 820
847 825
847 819
847 830
847 813
847 825
847 835
847 800
847 845
847 802
847 823
847 802
847 827
847 809
847 818
847 838
847 809
847 815
847 897
847 1228
848 836
848 840
849 860
849 878
849 865
850 878
850 855
850 862
850 865
850 852
850 869
850 894
850 869
850 877
851 878
851 892
852 865
853 883
854 885
854 887
854 867
854 888
854 887
854 875
854 894
854 858
854 856
854 887
854 878
854 894
854 866
854 895
855 859
855 894
855 892
855 855
855 881
856 875
856 863
856 867
856 869
856 894
856 878
856 881
856 894
856 1390
857 862
857 862
857 880
858 873
858 866
858 892
858 893
858 894
859 865
859 878
860 867
860 877
861 855
861 878
862 881
862 883
862 882
862 867
862 894
862 856
862 892
863 881
863 893
863 865
863 869
863 894
864 864
864 865
864 852
864 887
864 850
864 880
864 862
864 866
864 850
865 866
865 882
865 885
865 855
865 894
865 878
865 875
865 855
865 887
865 885
865 867
865 850
865 1065
866 869
866 881
866 888
866 881
866 857
866 881
866 890
866 867
866 866
866 864
866 875
866 860
867 857
867 865
867 881
867 887
867 878
867 875
867 869
867 878
867 866
867 881
867 894
867 878
867 850
867 895
867 865
867 865
868 886
868 862
869 894
869 887
869 887
869 865
869 854
869 889
869 862
869 878
869 863
869 855
869 894
870 894
870 887
871 875
871 850
873 894
873 883
873 894
873 884
873 888
873 894
873 856
873 867
873 879
873 878
873 881
874 862
874 878
874 858
875 859
875 877
875 891
875 856
875 870
875 864
875 890
875 876
875 881
875 891
876 865
876 867
876 892
876 878
876 894
876 894
876 866
877 873
877 873
877 887
877 858
877 864
878 865
878 869
878 894
878 878
878 893
878 878
878 858
878 864
878 856
878 853
878 878
878 854
878 893
878 889
878 873
878 894
878 850
878 889
878 850
878 894
878 869
878 858
878 881
878 881
878 850
878 858
878 888
878 888
878 892
878 882
878 894
878 864
879 869
881 887
881 855
881 859
881 854
881 861
881 859
881 867
881 868
881 885
881 863
881 879
881 856
881 855
881 867
881 875
881 894
881 887
881 878
881 888
881 878
882 892
882 850
883 863
883 895
883 889
883 885
883 860
883 855
884 881
884 893
884 890
885 894
885 852
885 894
885 887
885 884
886 864
887 865
887 888
887 885
887 894
887 878
887 862
887 865
887 881
887 893
887 887
887 865
887 852
887 885
887 856
887 875
887 865
887 885
887 856
887 887
888 872
888 888
888 894
888 894
888 876
888 873
888 884
888 865
889 883
889 894
889 887
889 893
890 894
890 894
890 881
891 867
892 867
892 867
892 865
893 854
893 887
893 869
893 894
893 881
893 881
893 887
894 877
894 854
894 894
894 870
894 860
894 878
894 873
894 865
894 856
894 862
894 893
894 864
894 894
894 855
894 870
894 852
894 851
894 874
894 862
894 894
894 873
894 873
894 862
894 869
894 862
894 887
894 877
894 877
894 881
894 894
894 850
894 854
894 864
894 869
895 881
895 867
896 897
896 919
896 943
896 959
896 918
896 901
896 953
896 939
896 902
896 903
896 919
896 980
896 979
896 915
896 916
896 930
896 970
896 919
896 953
896 978
896 969
897 972
897 973
897 918
897 922
897 980
897 903
897 945
897 917
897 914
897 919
897 930
897 979
897 897
897 914
897 939
897 947
897 932
897 952
897 949
897 948
897 924
897 972
897 979
897 933
897 938
897 896
897 897
897 947
897 935
897 929
897 946
897 926
897 914
897 914
897 924
897 953
897 903
897 972
897 912
897 923
897 918
897 927
897 914
897 967
897 897
897 943
897 897
897 922
897 953
897 896
897 919
897 950
897 972
897 915
897 914
897 942
897 914
897 976
897 939
897 943
897 943
897 918
897 934
897 955
897 897
897 907
897 897
897 942
897 921
897 922
897 916
898 953
898 918
898 949
898 958
898 970
898 901
898 936
898 897
898 978
898 938
898 939
898 917
898 924
899 900
899 914
899 922
899 922
900 918
900 977
900 980
900 970
900 959
900 922
900 922
900 953
900 953
901 918
901 922
901 919
901 914
901 929
901 897
901 915
901 914
901 972
901 918
901 922
901 953
901 953
901 918
902 918
902 962
902 919
903 926
903 940
903 923
903 898
903 970
903 972
903 936
903 922
903 897
903 949
903 897
903 926
903 918
903 947
903 981
903 902
903 897
903 946
903 953
903 946
903 945
903 922
904 918
904 961
904 936
904 953
904 914
904 914
904 929
904 946
904 896
904 927
904 900
904 914
904 918
904 1255
905 911
905 943
905 949
905 953
905 970
905 916
905 947
906 962
906 980
906 980
906 896
906 978
906 953
906 953
906 975
906 964
906 907
906 914
906 962
906 914
906 922
906 922
906 904
906 962
906 942
906 936
906 953
907 915
907 970
907 970
907 922
907 953
907 919
907 914
908 927
908 962
908 914
908 922
908 897
908 941
908 979
908 900
909 919
909 970
909 935
909 940
909 936
910 980
910 953
910 896
910 908
911 962
911 922
911 952
911 946
911 938
911 917
911 921
911 954
911 949
911 908
911 970
911 909
911 1057
911 1396
912 922
912 898
912 901
912 946
912 957
912 921
912 940
912 950
912 907
912 906
912 919
912 978
914 970
914 914
914 969
914 914
914 940
914 947
914 919
914 967
914 971
914 950
914 940
914 953
914 912
914 925
914 922
914 906
914 907
914 918
914 940
914 937
914 970
914 912
914 940
914 903
914 970
914 952
914 919
914 966
914 941
914 953
914 914
914 967
914 977
914 922
914 938
914 916
914 918
914 922
914 906
914 955
914 897
914 971
914 955
914 962
914 936
914 924
914 977
914 970
914 962
914 946
914 967
914 914
914 914
914 904
914 950
914 970
914 942
914 935
914 947
914 934
914 922
914 941
914 953
914 955
914 922
914 970
914 925
914 950
915 903
915 953
915 964
916 980
916 906
916 975
916 979
916 950
916 923
917 978
917 970
917 900
917 940
917 897
917 980
917 979
918 953
918 897
918 930
918 925
918 929
918 946
918 967
918 916
918 897
918 918
918 953
918 933
918 936
918 962
918 940
918 922
918 957
918 946
918 920
918 970
918 967
918 914
918 918
918 967
918 912
918 950
918 918
918 981
918 938
918 943
918 903
918 972
918 958
918 908
918 953
918 928
918 903
918 969
918 980
918 921
918 928
918 943
918 922
918 940
918 970
918 953
918 897
918 962
918 955
918 970
918 929
918 897
918 918
918 973
918 930
918 936
918 903
918 953
918 909
918 936
918 962
918 980
918 914
919 912
919 962
919 940
919 967
919 961
919 950
919 943
919 922
919 980
919 909
919 911
919 921
919 929
919 952
919 929
919 906
919 949
919 901
919 897
919 922
919 970
919 919
919 943
919 952
919 959
919 918
919 927
919 897
919 980
919 924
919 973
920 938
920 965
920 932
920 951
921 962
921 923
921 980
921 897
921 908
921 903
921 914
921 970
921 967
921 979
921 945
921 941
921 906
921 953
921 932
921 967
921 970
921 972
921 924
921 937
921 939
921 962
921 1084
921 1325
922 912
922 970
922 965
922 921
922 918
922 897
922 962
922 979
922 971
922 914
922 973
922 896
922 953
922 975
922 970
922 922
922 957
922 972
922 970
922 935
922 942
922 953
922 914
922 962
922 971
922 977
922 939
922 924
922 897
922 953
922 970
922 924
922 925
922 912
922 936
922 904
922 967
922 959
922 980
922 980
922 959
922 978
922 911
922 918
922 973
922 924
922 911
922 955
922 909
922 943
922 967
922 979
922 949
922 953
922 919
922 896
922 903
922 943
922 941
922 904
922 1334
923 932
923 906
923 947
923 897
923 934
923 970
923 914
923 902
923 979
923 976
923 977
924 943
924 919
924 967
924 909
924 977
924 900
924 977
924 908
924 940
924 967
924 972
924 956
925 922
925 908
925 972
925 918
925 919
925 972
925 914
925 938
925 921
925 937
925 953
925 918
926 970
926 953
926 962
926 967
927 972
927 955
927 946
927 977
927 922
927 925
928 918
928 919
928 914
928 926
928 922
929 953
929 918
929 953
929 967
929 980
929 934
929 919
929 902
929 943
929 977
929 980
929 970
929 946
929 962
929 972
929 918
929 903
929 918
929 953
929 970
929 949
929 953
929 940
929 914
929 919
929 967
929 940
929 918
929 912
929 918
929 953
929 914
930 929
930 936
930 942
930 958
930 977
930 962
930 953
930 922
930 940
930 970
930 925
930 924
930 978
931 943
932 935
932 970
932 921
932 935
932 941
932 919
932 918
932 918
932 979
932 918
932 947
932 980
933 918
933 970
934 897
934 926
934 918
934 908
934 972
934 912
934 904
934 957
935 953
935 926
935 935
935 940
935 918
935 922
935 969
935 980
935 902
935 972
935 957
935 962
935 911
935 906
935 959
935 905
935 897
935 914
935 965
935 1077
936 932
936 953
936 922
936 952
936 946
936 922
936 953
936 920
936 977
936 980
936 955
936 970
937 947
937 946
937 973
937 918
937 936
937 928
937 969
937 918
937 953
937 947
937 950
937 909
937 980
937 914
938 904
938 962
938 965
938 953
938 980
938 969
938 897
938 918
938 980
938 958
938 912
938 918
938 972
938 929
939 918
939 955
939 947
939 914
939 939
939 964
939 936
939 919
939 953
939 970
939 922
939 980
939 967
939 928
939 962
940 896
940 940
940 929
940 929
940 900
940 971
940 978
940 906
940 897
940 980
940 951
940 912
940 914
940 914
940 978
940 978
940 959
940 943
940 905
940 953
940 970
940 953
940 940
940 970
940 959
940 980
940 903
940 943
940 1180
941 904
941 940
941 919
941 943
941 970
941 903
941 946
941 953
941 918
941 926
941 971
941 980
941 922
941 922
941 915
941 962
941 907
941 914
941 953
941 897
941 907
941 949
941 959
941 922
941 939
941 896
941 970
941 897
941 929
941 896
941 953
941 918
942 962
942 929
942 897
942 919
942 912
942 970
942 922
942 981
942 897
942 943
943 949
943 966
943 922
943 906
943 906
943 967
943 957
943 953
943 970
943 979
943 905
943 962
943 930
943 927
943 936
943 920
943 929
943 957
943 924
943 914
943 950
943 905
943 914
943 922
943 939
943 904
943 922
944 904
944 951
945 903
945 922
945 932
945 967
945 980
945 929
945 967
945 922
945 922
946 922
946 923
946 980
946 947
946 936
946 972
946 920
946 909
946 903
946 936
946 928
946 955
946 911
946 942
946 977
946 1054
947 970
947 914
947 959
947 943
947 940
947 912
947 953
947 918
947 953
947 967
947 897
947 980
947 929
947 897
947 970
948 937
949 977
949 946
949 918
949 940
949 911
949 900
949 897
949 914
949 967
949 939
949 980
949 914
949 922
949 972
949 970
949 979
950 925
950 914
950 903
950 962
950 904
950 943
950 922
950 980
950 922
950 901
950 949
950 953
950 941
950 978
950 967
950 953
950 943
950 914
950 943
950 897
950 971
950 922
950 923
950 903
951 929
951 958
951 940
951 934
951 947
951 980
951 906
951 919
951 962
951 1177
952 943
952 923
952 901
952 953
952 967
952 906
952 959
952 930
952 899
952 897
952 918
952 980
953 970
953 953
953 943
953 948
953 980
953 980
953 914
953 904
953 971
953 980
953 949
953 940
953 897
953 914
953 971
953 914
953 896
953 897
953 964
953 921
953 908
953 907
953 946
953 900
953 932
953 897
953 924
953 936
953 935
953 940
953 897
953 937
953 980
953 980
953 913
953 949
953 914
953 922
953 922
953 972
953 918
953 970
953 971
953 953
953 930
953 914
953 943
953 967
953 914
953 959
953 952
953 909
953 918
953 979
953 972
953 905
953 964
953 957
953 940
953 980
953 959
953 912
953 940
953 929
953 908
953 918
953 978
953 943
953 970
953 962
953 978
953 953
953 937
953 903
953 923
953 957
953 900
953 971
953 901
953 914
953 973
953 978
953 953
953 930
953 940
953 921
953 962
953 980
953 896
953 911
953 980
953 909
953 953
953 938
953 919
953 1174
953 1443
955 953
955 922
955 922
955 923
955 943
955 960
957 971
957 922
957 908
957 904
957 909
957 941
957 906
957 909
957 980
957 971
957 1138
958 960
958 966
959 943
959 953
959 953
959 971
959 919
959 949
959 921
959 927
959 959
959 953
959 914
959 959
959 951
959 953
959 914
959 970
959 980
959 980
959 918
959 922
959 962
959 940
959 897
959 919
959 998
960 940
960 967
960 915
960 952
960 941
961 979
961 932
961 901
962 906
962 939
962 972
962 979
962 944
962 919
962 921
962 911
962 918
962 942
962 911
962 914
962 908
962 940
962 980
962 929
962 914
962 914
962 906
962 917
962 970
962 979
962 929
962 897
962 947
962 924
962 935
962 937
962 914
962 972
962 922
962 970
962 912
962 918
962 980
962 914
962 910
962 959
962 953
962 952
962 942
962 922
962 972
962 1170
963 935
964 919
964 909
964 940
964 897
964 940
965 949
965 904
965 946
965 967
965 918
965 926
965 978
965 962
965 933
965 926
966 957
966 968
967 919
967 918
967 980
967 979
967 912
967 936
967 914
967 980
967 925
967 905
967 972
967 919
967 950
967 935
967 940
967 900
967 914
967 901
967 970
967 904
967 960
967 897
967 929
967 940
967 972
967 973
967 953
967 929
967 932
967 925
967 912
967 979
967 1068
968 923
968 897
969 914
969 897
969 921
969 905
970 962
970 908
970 929
970 903
970 952
970 940
970 918
970 918
970 918
970 953
970 971
970 930
970 958
970 925
970 938
970 950
970 918
970 953
970 904
970 908
970 971
970 922
970 969
970 979
970 908
970 921
970 897
970 949
970 950
970 934
970 900
970 971
970 943
970 914
970 970
970 960
970 936
970 938
970 924
970 967
970 914
970 922
970 897
970 907
970 979
970 976
970 939
970 979
970 949
970 901
970 918
970 914
970 930
970 953
970 923
970 980
970 980
970 970
970 939
970 943
970 919
970 980
970 900
970 914
970 962
970 905
971 935
971 959
971 972
971 970
971 980
971 965
971 971
971 962
971 918
971 940
971 927
972 935
972 914
972 919
972 897
972 918
972 940
972 963
972 918
972 977
972 973
972 914
972 934
972 950
972 922
972 936
972 947
972 970
972 903
972 980
972 948
972 924
972 918
972 969
972 962
973 903
973 953
973 953
973 897
973 906
973 967
973 936
973 936
973 903
973 924
973 941
973 915
973 897
973 929
973 914
973 897
973 941
974 958
974 970
975 959
975 971
975 911
976 941
976 971
976 953
976 966
976 967
976 918
977 960
977 953
977 929
977 922
977 970
977 955
977 962
977 914
977 918
977 912
977 924
977 937
977 919
977 908
977 918
977 947
977 927
978 972
978 935
978 939
978 980
978 940
978 934
978 927
978 897
978 924
978 904
978 922
978 898
978 972
978 896
978 980
978 952
978 939
979 971
979 941
979 953
979 902
979 922
979 947
979 941
979 971
979 918
979 972
979 973
979 953
979 970
979 896
979 981
979 918
979 936
979 940
979 897
979 897
979 954
979 912
979 953
979 972
979 914
979 1208
980 953
980 979
980 905
980 953
980 953
980 897
980 914
980 948
980 918
980 980
980 960
980 920
980 917
980 950
980 970
980 950
980 914
980 927
980 962
980 970
980 914
980 903
980 914
980 970
980 918
980 906
980 970
980 914
980 970
980 900
980 950
980 953
980 929
980 897
980 914
980 903
980 914
980 953
980 953
980 981
980 947
980 922
980 962
980 949
980 909
980 906
980 943
980 918
980 962
980 922
980 922
980 916
980 980
980 918
980 957
980 947
980 903
980 970
980 912
980 969
980 897
980 922
980 943
980 904
980 1081
981 953
981 937
981 940
981 955
981 922
981 997
983 1009
983 1003
984 1020
984 1000
984 1000
984 1022
984 1069
984 1368
985 1009
985 996
985 1008
985 1005
985 1081
986 1023
986 992
986 1003
986 996
986 1022
987 985
987 1008
987 1008
987 996
987 1020
987 1003
987 1020
987 992
987 1003
987 996
987 1007
987 993
988 990
988 990
988 992
988 1021
989 1027
989 996
989 992
990 1008
990 993
990 1012
990 1020
990 990
990 996
990 994
990 1000
990 990
990 1025
990 1009
991 985
991 990
991 1007
991 996
991 1020
992 1012
992 992
992 1019
992 1005
992 1000
992 996
992 1005
992 996
992 1022
992 1012
993 1007
993 990
993 1005
993 1025
993 1005
993 1013
993 995
993 1014
993 1018
993 1002
993 993
993 985
993 990
994 1008
994 1443
995 1023
995 995
996 996
996 1009
996 986
996 996
996 1003
996 1019
996 1021
996 1000
996 1020
996 993
996 996
996 1012
996 998
997 996
997 1022
997 985
998 1025
998 998
999 1017
999 987
999 1024
999 989
999 1016
999 1020
1000 1008
1000 1001
1000 1005
1000 989
1000 990
1000 1020
1000 1015
1000 1003
1000 1005
1000 998
1001 992
1002 1005
1003 1012
1003 1021
1003 1007
1003 1003
1003 1020
1003 1012
1003 1020
1004 1002
1005 1022
1005 1022
1005 990
1005 1019
1005 996
1005 989
1005 1003
1005 993
1005 990
1007 1004
1007 1014
1007 990
1007 1020
1007 1013
1007 991
1007 989
1007 1008
1007 1020
1007 1191
1008 1022
1008 1012
1008 1017
1008 1027
1008 1019
1008 993
1008 992
1008 1020
1008 990
1008 1008
1008 1008
1008 1019
1008 1009
1008 1012
1008 1344
1009 1009
1009 1007
1009 998
1009 1017
1009 1003
1009 1020
1009 1443
1010 1008
1010 1009
1010 1005
1010 1005
1010 1005
1010 1186
1011 1009
1011 991
1011 990
1012 990
1012 1008
1012 1020
1012 990
1012 985
1012 1018
1012 1021
1012 1012
1012 1008
1012 995
1012 1054
1013 1000
1013 991
1014 1008
1014 996
1014 990
1015 990
1015 1022
1015 1020
1015 993
1015 991
1015 990
1016 989
1016 1009
1017 1009
1017 1024
1017 1022
1017 996
1017 1016
1017 986
1017 1000
1017 1062
1018 996
1018 996
1018 1020
1018 1005
1019 1001
1019 1019
1019 988
1019 1002
1019 1017
1019 996
1019 999
1020 1020
1020 1020
1020 1000
1020 990
1020 1014
1020 1012
1020 1025
1020 996
1020 989
1020 1026
1020 1022
1020 1008
1020 983
1020 983
1020 987
1020 994
1020 1007
1020 986
1020 988
1020 1026
1020 990
1020 1005
1020 1005
1020 996
1020 1015
1020 996
1020 1149
1020 1145
1021 988
1021 1020
1021 1008
1021 1019
1022 1024
1022 1017
1022 996
1022 993
1022 990
1022 1010
1022 987
1022 1015
1023 984
1023 1024
1023 1008
1023 990
1023 984
1024 997
1024 996
1024 1020
1024 1008
1025 996
1025 1020
1025 1397
1026 1026
1026 1005
1026 1012
1026 1000
1026 1024
1026 1016
1028 1035
1028 1028
1028 1040
1028 1034
1028 1042
1028 1033
1028 1034
1029 1029
1029 1035
1029 1041
1029 1033
1029 1041
1029 1029
1029 1035
1029 1034
1029 1032
1029 1034
1029 1037
1029 1034
1029 1035
1030 1034
1030 1033
1031 1028
1032 1035
1032 1042
1032 1035
1032 1033
1032 1042
1032 1035
1033 1033
1033 1033
1033 1031
1033 1033
1033 1033
1033 1042
1033 1029
1033 1035
1033 1028
1033 1036
1033 1035
1033 1040
1033 1030
1033 1029
1033 1039
1033 1032
1033 1038
1033 1035
1033 1035
1034 1041
1034 1035
1034 1032
1034 1032
1034 1033
1034 1033
1034 1035
1034 1034
1034 1042
1034 1034
1034 1042
1034 1040
1034 1033
1034 1042
1034 1034
1034 1035
1035 1039
1035 1033
1035 1033
1035 1034
1035 1030
1035 1029
1035 1030
1035 1032
1035 1042
1035 1040
1035 1028
1035 1034
1035 1033
1035 1032
1035 1034
1035 1029
1035 1034
1035 1031
1035 1033
1035 1035
1035 1035
1035 1443
1036 1035
1036 1041
1037 1028
1038 1035
1038 1030
1038 1029
1038 1029
1039 1034
1039 1035
1039 1030
1039 1031
1039 1029
1040 1033
1040 1034
1040 1038
1040 1033
1041 1028
1041 1035
1041 1040
1041 1032
1041 1042
1042 1029
1042 1029
1042 1032
1042 1033
1042 1029
1042 1034
1042 1041
1042 1042
1042 1032
1043 1043
1043 1043
1043 1043
1043 1046
1045 1046
1046 1043
1046 1043
1047 1043
1047 1043
1048 1077
1048 1054
1049 1059
1050 1058
1050 1054
1051 1064
1051 1064
1051 1074
1052 1089
1052 1066
1053 1059
1053 1057
1053 1103
1053 1066
1054 1065
1054 1075
1054 1054
1054 1064
1054 1105
1054 1068
1054 1057
1054 1057
1054 1068
1054 1069
1054 1260
1056 1107
1056 1059
1056 1055
1057 1087
1057 1076
1057 1074
1057 1074
1057 1068
1057 1102
1057 1054
1057 1066
1058 1059
1058 1069
1058 1101
1059 1054
1059 1090
1059 1090
1059 1097
1059 1068
1059 1110
1059 1081
1059 1077
1059 1099
1059 1062
1059 1057
1059 1078
1059 1059
1059 1097
1059 1089
1059 1064
1059 1074
1059 1064
1059 1075
1060 1056
1061 1054
1061 1057
1061 1102
1061 1059
1062 1068
1062 1077
1062 1066
1063 1074
1064 1078
1064 1074
1064 1079
1064 1090
1064 1068
1064 1085
1064 1074
1064 1081
1064 1089
1064 1331
1065 1110
1066 1090
1066 1066
1066 1093
1066 1075
1066 1059
1066 1088
1066 1094
1066 1074
1066 1059
1066 1059
1066 1068
1067 1074
1068 1085
1068 1074
1068 1054
1068 1074
1068 1066
1068 1077
1068 1050
1068 1108
1068 1059
1068 1066
1069 1096
1069 1076
1069 1057
1069 1053
1069 1091
1070 1096
1070 1064
1071 1074
1071 1066
1072 1071
1072 1054
1073 1064
1073 1066
1074 1090
1074 1059
1074 1051
1074 1093
1074 1054
1074 1108
1074 1057
1074 1064
1074 1057
1075 1068
1075 1049
1075 1049
1075 1074
1075 1054
1075 1057
1075 1172
1076 1104
1077 1098
1077 1074
1077 1090
1077 1066
1077 1064
1077 1090
1077 1051
1077 1059
1078 1070
1078 1089
1079 1064
1079 1077
1080 1081
1080 1081
1080 1091
1081 1054
1081 1087
1081 1050
1082 1073
1082 1049
1082 1066
1082 1068
1082 1333
1083 1105
1084 1059
1084 1104
1085 1097
1085 1093
1086 1068
1086 1059
1087 1105
1087 1145
1088 1057
1088 1074
1088 1059
1089 1105
1089 1059
1090 1068
1090 1063
1090 1075
1090 1084
1090 1066
1090 1050
1091 1059
1091 1090
1091 1059
1091 1060
1092 1059
1092 1054
1092 1069
1092 1068
1093 1104
1095 1069
1095 1075
1095 1053
1097 1059
1097 1106
1098 1091
1099 1059
1099 1072
1099 1067
1100 1064
1100 1075
1101 1057
1102 1074
1102 1059
1103 1095
1103 1084
1103 1066
1103 1077
1105 1072
1105 1105
1105 1075
1105 1067
1106 1105
1106 1065
1106 1064
1107 1105
1108 1108
1108 1090
1109 1103
1111 1133
1111 1132
1112 1133
1112 1111
1112 1112
1112 1116
1112 1121
1112 1132
1112 1129
1113 1130
1113 1133
1113 1133
1113 1125
1113 1117
1114 1132
1115 1133
1115 1117
1116 1132
1116 1130
1116 1318
1117 1115
1117 1133
1118 1127
1118 1118
1118 1118
1118 1129
1118 1111
1118 1131
1118 1216
1119 1134
1119 1124
1120 1118
1120 1134
1120 1125
1120 1118
1121 1119
1121 1119
1121 1123
1121 1132
1121 1133
1121 1133
1121 1133
1122 1125
1122 1121
1123 1119
1123 1132
1123 1112
1124 1132
1124 1121
1124 1120
1125 1134
1125 1123
1125 1132
1125 1124
1125 1132
1128 1131
1129 1114
1129 1124
1129 1124
1129 1130
1130 1133
1131 1114
1132 1118
1132 1133
1132 1112
1132 1132
1132 1118
1132 1115
1132 1121
1132 1132
1132 1125
1132 1132
1132 1121
1132 1132
1132 1121
1132 1129
1132 1134
1132 1133
1133 1115
1133 1118
1133 1133
1133 1134
1133 1112
1133 1132
1134 1121
1134 1125
1134 1120
1134 1123
1134 1133
1134 1118
1135 1142
1135 1163
1135 1172
1135 1164
1135 1155
1135 1172
1135 1155
1135 1172
1135 1138
1135 1174
1135 1171
1135 1175
1135 1155
1135 1155
1135 1167
1136 1148
1136 1177
1136 1174
1136 1164
1136 1172
1136 1155
1136 1171
1137 1180
1137 1136
1137 1187
1137 1142
1137 1162
1137 1135
1138 1179
1138 1186
1138 1168
1138 1163
1138 1144
1138 1171
1138 1189
1138 1138
1138 1172
1138 1135
1138 1180
1138 1155
1138 1188
1138 1138
1139 1180
1139 1151
1139 1167
1139 1172
1140 1149
1140 1145
1140 1163
1140 1138
1140 1167
1140 1165
1140 1175
1141 1186
1142 1177
1142 1143
1142 1174
1142 1155
1142 1144
1142 1190
1142 1185
1142 1135
1142 1180
1142 1143
1142 1172
1142 1171
1143 1171
1143 1135
1143 1156
1143 1138
1144 1140
1144 1155
1144 1139
1144 1191
1144 1155
1144 1172
1144 1172
1144 1143
1144 1155
1144 1162
1145 1144
1145 1167
1145 1181
1145 1144
1145 1180
1145 1171
1145 1155
1145 1171
1145 1174
1146 1144
1146 1155
1146 1171
1146 1140
1147 1171
1147 1192
1147 1185
1147 1172
1148 1174
1148 1138
1148 1174
1149 1174
1149 1179
1149 1188
1149 1191
1149 1389
1150 1145
1150 1138
1151 1155
1151 1155
1152 1185
1153 1135
1153 1168
1154 1143
1154 1180
1155 1135
1155 1168
1155 1187
1155 1171
1155 1152
1155 1165
1155 1138
1155 1136
1155 1165
1155 1144
1155 1160
1155 1135
1155 1188
1155 1140
1155 1186
1155 1135
1155 1153
1155 1140
1155 1343
1156 1163
1156 1145
1158 1139
1160 1138
1160 1155
1160 1186
1161 1174
1162 1135
1163 1163
1163 1147
1163 1174
1163 1155
1163 1180
1163 1167
1163 1136
1163 1137
1163 1138
1163 1143
1163 1155
1163 1145
1163 1174
1163 1166
1163 1145
1163 1174
1163 1135
1163 1179
1163 1174
1163 1170
1165 1172
1165 1179
1165 1155
1165 1136
1165 1190
1165 1135
1165 1163
1165 1139
1165 1187
1165 1180
1165 1139
1165 1135
1165 1135
1165 1379
1166 1146
1166 1180
1166 1174
1166 1138
1167 1187
1167 1154
1167 1174
1167 1144
1167 1138
1167 1149
1167 1175
1167 1144
1168 1177
1168 1163
1168 1187
1168 1181
1168 1142
1168 1163
1168 1186
1168 1163
1168 1163
1168 1162
1168 1176
1169 1139
1169 1144
1169 1155
1170 1155
1170 1165
1170 1163
1171 1171
1171 1138
1171 1138
1171 1141
1171 1138
1171 1187
1171 1149
1171 1138
1171 1172
1171 1174
1171 1139
1171 1139
1171 1163
1171 1148
1171 1168
1171 1135
1171 1167
1171 1138
1171 1191
1171 1144
1171 1167
1171 1172
1171 1172
1171 1174
1171 1172
1172 1180
1172 1172
1172 1168
1172 1188
1172 1185
1172 1162
1172 1146
1172 1172
1172 1171
1172 1145
1172 1142
1172 1168
1172 1165
1172 1180
1172 1186
1172 1185
1172 1159
1172 1142
1172 1138
1172 1186
1172 1135
1172 1165
1172 1187
1172 1151
1172 1185
1172 1145
1172 1168
1172 1138
1172 1145
1173 1188
1173 1171
1173 1172
1173 1155
1174 1162
1174 1171
1174 1172
1174 1175
1174 1165
1174 1171
1174 1181
1174 1174
1174 1147
1174 1186
1174 1188
1174 1175
1174 1165
1174 1186
1174 1178
1174 1139
1174 1163
1174 1171
1175 1169
1175 1180
1175 1163
1175 1165
1175 1177
1175 1163
1175 1145
1175 1167
1175 1135
1175 1191
1175 1139
1176 1190
1176 1177
1176 1148
1176 1175
1177 1181
1177 1155
1177 1171
1177 1164
1177 1177
1177 1158
1177 1171
1177 1179
1177 1146
1177 1140
1178 1149
1178 1163
1179 1142
1179 1142
1179 1145
1179 1163
1179 1138
1179 1135
1179 1163
1180 1138
1180 1185
1180 1175
1180 1161
1180 1149
1180 1172
1180 1180
1180 1180
1180 1164
1180 1139
1180 1188
1180 1160
1181 1143
1181 1154
1181 1142
1181 1142
1181 1155
1181 1143
1181 1163
1182 1186
1182 1163
1183 1147
1183 1176
1184 1136
1184 1171
1184 1186
1185 1138
1185 1165
1185 1180
1185 1171
1185 1180
1185 1145
1185 1187
1185 1135
1185 1179
1186 1186
1186 1179
1186 1135
1186 1183
1186 1191
1186 1163
1186 1163
1186 1186
1186 1135
1186 1145
1186 1147
1187 1146
1187 1139
1187 1175
1187 1168
1187 1138
1187 1172
1187 1180
1187 1162
1187 1177
1187 1187
1187 1147
1187 1139
1187 1175
1187 1145
1187 1147
1187 1167
1187 1138
1187 1441
1188 1142
1188 1183
1188 1150
1188 1156
1188 1175
1188 1161
1188 1175
1188 1143
1189 1164
1189 1186
1189 1163
1189 1185
1190 1187
1191 1167
1191 1155
1191 1171
1191 1191
1191 1135
1191 1174
1192 1180
1193 1194
1193 1198
1193 1194
1194 1194
1194 1194
1194 1195
1194 1193
1194 1194
1196 1194
1196 1194
1196 1201
1197 1194
1197 1200
1197 1199
1198 1194
1200 1200
1200 1194
1200 1197
1201 1194
1201 1199
1203 1234
1203 1207
1204 1207
1204 1249
1204 1207
1204 1254
1204 1215
1204 1223
1205 1223
1205 1249
1206 1256
1207 1234
1207 1235
1207 1220
1207 1216
1207 1258
1207 1237
1207 1243
1207 1234
1207 1220
1207 1210
1207 1234
1207 1250
1207 1234
1207 1250
1207 1234
1207 1234
1207 1234
1207 1430
1209 1225
1209 1210
1210 1260
1210 1221
1210 1207
1210 1237
1210 1260
1210 1208
1210 1216
1210 1204
1210 1234
1210 1234
1210 1257
1210 1204
1210 1252
1210 1212
1210 1259
1210 1234
1210 1207
1210 1216
1210 1217
1210 1241
1210 1221
1210 1207
1210 1256
1210 1212
1210 1234
1210 1237
1210 1210
1211 1241
1211 1216
1212 1234
1212 1208
1212 1208
1212 1222
1214 1249
1215 1235
1216 1221
1216 1255
1216 1224
1216 1220
1216 1237
1216 1212
1217 1260
1217 1210
1217 1257
1217 1234
1218 1260
1218 1220
1218 1204
1219 1250
1219 1234
1220 1207
1220 1261
1220 1241
1220 1246
1220 1234
1220 1235
1220 1207
1220 1221
1221 1250
1221 1207
1221 1233
1221 1210
1221 1248
1221 1245
1221 1244
1221 1234
1221 1227
1221 1443
1222 1210
1222 1221
1223 1237
1223 1207
1223 1237
1224 1230
1224 1249
1224 1210
1224 1250
1225 1237
1226 1248
1226 1217
1226 1220
1226 1234
1226 1221
1226 1223
1228 1234
1228 1241
1228 1233
1229 1233
1230 1260
1230 1207
1230 1210
1231 1396
1232 1256
1232 1232
1232 1237
1232 1221
1232 1207
1232 1234
1232 1234
1232 1241
1232 1210
1232 1234
1232 1260
1232 1241
1233 1233
1233 1220
1233 1235
1233 1236
1233 1259
1233 1234
1233 1213
1233 1234
1233 1260
1233 1220
1234 1222
1234 1210
1234 1256
1234 1233
1234 1207
1234 1209
1234 1256
1234 1248
1234 1243
1234 1256
1234 1234
1234 1234
1234 1213
1234 1260
1234 1234
1234 1257
1234 1220
1234 1230
1234 1210
1234 1220
1234 1234
1234 1218
1234 1224
1234 1255
1234 1226
1234 1241
1234 1220
1234 1234
1234 1234
1234 1210
1234 1216
1234 1234
1234 1261
1234 1232
1234 1233
1234 1259
1234 1207
1234 1234
1234 1260
1234 1244
1234 1221
1234 1261
1234 1222
1234 1208
1234 1208
1234 1204
1234 1213
1234 1226
1235 1224
1235 1234
1235 1207
1236 1258
1236 1234
1236 1212
1236 1207
1237 1233
1240 1216
1240 1241
1240 1234
1241 1207
1241 1235
1241 1234
1241 1261
1241 1234
1241 1228
1241 1218
1241 1220
1241 1234
1241 1258
1241 1234
1241 1210
1241 1220
1242 1223
1242 1234
1243 1244
1243 1226
1243 1206
1243 1237
1244 1204
1244 1226
1244 1256
1244 1250
1244 1256
1244 1212
1245 1234
1246 1207
1246 1223
1246 1216
1247 1234
1247 1233
1247 1260
1249 1212
1249 1218
1249 1204
1249 1247
1249 1234
1249 1249
1249 1207
1249 1234
1250 1212
1251 1237
1251 1237
1251 1250
1251 1234
1252 1454
1254 1212
1254 1210
1255 1234
1255 1207
1256 1210
1256 1234
1256 1234
1256 1260
1256 1227
1256 1262
1256 1256
1256 1233
1256 1233
1256 1443
1257 1237
1257 1220
1257 1249
1258 1237
1258 1256
1258 1233
1258 1210
1258 1244
1258 1218
1259 1232
1259 1241
1259 1202
1260 1207
1260 1261
1260 1212
1260 1203
1260 1228
1260 1233
1260 1206
1260 1223
1260 1207
1260 1234
1260 1207
1260 1231
1260 1216
1260 1205
1260 1234
1260 1234
1260 1234
1260 1232
1261 1231
1261 1210
1261 1236
1262 1260
1262 1234
1263 1271
1263 1271
1263 1264
1263 1278
1264 1279
1264 1268
1264 1278
1265 1271
1265 1267
1265 1279
1267 1275
1267 1270
1267 1270
1267 1267
1268 1266
1268 1270
1268 1270
1268 1276
1268 1279
1268 1273
1268 1273
1269 1267
1269 1279
1270 1279
1270 1270
1270 1279
1270 1268
1270 1278
1270 1270
1270 1279
1270 1270
1270 1275
1270 1278
1270 1278
1270 1270
1271 1267
1272 1272
1273 1278
1273 1278
1274 1279
1274 1279
1275 1278
1276 1279
1276 1279
1276 1279
1276 1271
1276 1278
1276 1278
1276 1278
1277 1265
1277 1264
1278 1279
1278 1267
1278 1278
1278 1265
1278 1267
1278 1279
1278 1274
1278 1270
1278 1268
1278 1268
1278 1265
1279 1268
1279 1278
1279 1270
1279 1266
1279 1275
1279 1275
1279 1274
1279 1271
1279 1267
1279 1269
1279 1275
1279 1279
1279 1271
1279 1279
1279 1272
1279 1269
1279 1279
1279 1278
1279 1271
1279 1271
1280 1285
1280 1284
1281 1286
1282 1285
1282 1292
1282 1283
1282 1282
1282 1290
1282 1285
1282 1291
1282 1282
1282 1282
1282 1282
1282 1287
1282 1292
1282 1291
1282 1288
1282 1288
1282 1282
1282 1285
1282 1287
1282 1287
1282 1290
1283 1282
1283 1289
1283 1282
1283 1282
1283 1289
1283 1283
1283 1287
1283 1290
1284 1286
1284 1290
1284 1280
1284 1292
1284 1285
1285 1290
1285 1290
1285 1287
1285 1282
1285 1289
1285 1291
1285 1290
1285 1284
1285 1292
1286 1282
1287 1280
1287 1285
1287 1289
1288 1292
1288 1285
1289 1292
1289 1282
1289 1288
1289 1285
1289 1291
1290 1290
1290 1283
1290 1280
1290 1282
1290 1290
1290 1289
1290 1289
1290 1291
1290 1284
1290 1373
1291 1290
1291 1283
1291 1282
1292 1284
1292 1282
1292 1282
1293 1293
1293 1315
1293 1310
1293 1310
1293 1294
1293 1294
1293 1303
1294 1293
1294 1295
1294 1302
1294 1316
1294 1294
1294 1295
1294 1306
1294 1303
1294 1296
1294 1302
1294 1305
1294 1312
1294 1303
1294 1304
1294 1293
1294 1302
1294 1295
1294 1294
1294 1309
1294 1389
1295 1294
1295 1294
1295 1312
1295 1296
1295 1296
1295 1316
1295 1293
1295 1315
1295 1294
1295 1308
1295 1302
1295 1315
1295 1308
1295 1294
1295 1310
1295 1293
1295 1305
1295 1293
1296 1293
1296 1298
1296 1316
1296 1294
1296 1294
1296 1309
1296 1312
1296 1309
1296 1300
1296 1310
1296 1316
1297 1315
1297 1296
1298 1300
1299 1312
1299 1315
1299 1315
1300 1300
1300 1294
1300 1308
1300 1302
1300 1294
1300 1315
1301 1303
1301 1304
1302 1309
1302 1306
1302 1295
1302 1315
1302 1310
1302 1310
1302 1303
1302 1305
1302 1302
1302 1304
1302 1316
1303 1294
1303 1294
1303 1311
1303 1303
1303 1309
1303 1312
1304 1315
1304 1295
1304 1306
1304 1294
1304 1302
1304 1304
1305 1294
1305 1315
1305 1307
1305 1307
1305 1303
1306 1296
1306 1309
1306 1310
1306 1294
1306 1296
1307 1306
1307 1310
1307 1301
1307 1309
1307 1304
1308 1293
1308 1313
1308 1294
1308 1303
1308 1294
1309 1316
1309 1304
1309 1299
1309 1301
1309 1296
1309 1295
1309 1293
1309 1294
1309 1310
1309 1298
1309 1309
1309 1295
1309 1297
1309 1304
1310 1295
1310 1310
1310 1309
1310 1307
1310 1312
1310 1302
1310 1294
1311 1294
1311 1302
1312 1294
1312 1294
1312 1302
1312 1310
1312 1315
1312 1306
1313 1294
1313 1314
1313 1293
1313 1294
1314 1294
1314 1294
1315 1306
1315 1293
1315 1310
1315 1308
1315 1304
1315 1306
1315 1315
1315 1303
1315 1294
1315 1309
1315 1302
1315 1293
1315 1293
1316 1315
1316 1305
1316 1299
1316 1309
1316 1309
1316 1315
1316 1294
1317 1443
1318 1421
1318 1389
1319 1385
1320 1320
1320 1443
1321 1429
1322 1450
1323 1369
1323 1391
1324 1327
1324 1443
1324 1368
1325 1350
1325 1443
1325 1337
1325 1443
1325 1404
1325 1366
1325 1443
1325 1436
1325 1362
1325 1421
1326 1453
1326 1396
1327 1395
1327 1325
1330 1443
1330 1443
1330 1443
1331 1452
1332 1443
1334 1391
1335 1441
1337 1404
1337 1329
1337 1416
1337 1332
1338 1349
1339 1443
1339 1412
1340 1322
1341 1443
1345 1443
1347 1421
1348 1400
1349 1333
1349 1349
1349 1340
1349 1332
1350 1390
1350 1425
1351 1443
1352 1345
1352 1332
1354 1369
1354 1381
1355 1443
1356 1443
1357 1454
1358 1414
1360 1331
1360 1390
1360 1450
1361 1358
1363 1396
1363 1445
1364 1459
1364 1443
1365 1336
1367 1443
1367 1383
1369 1443
1370 1459
1370 1418
1371 1443
1371 1363
1371 1396
1373 1453
1373 1416
1374 1443
1375 1338
1376 1448
1376 1441
1377 1443
1377 1443
1378 1443
1378 1381
1379 1423
1379 1373
1381 1404
1381 1365
1381 1325
1381 1349
1383 1451
1383 1333
1385 1345
1385 1389
1386 1443
1386 1430
1386 1443
1386 1347
1389 1390
1389 1443
1389 1370
1389 1387
1389 1443
1389 1408
1389 1325
1389 1459
1389 1343
1389 1362
1390 1456
1390 1358
1390 1413
1391 1368
1391 1345
1391 1332
1391 1417
1391 1404
1391 1443
1391 1443
1392 1451
1393 1410
1395 1421
1396 1391
1396 1373
1398 1329
1399 1417
1399 1337
1400 1364
1401 1426
1403 1345
1403 1443
1404 1443
1404 1375
1404 1368
1404 1443
1404 1443
1404 1440
1404 1345
1404 1443
1404 1416
1406 1404
1407 1391
1407 1445
1408 1443
1409 1391
1409 1331
1409 1454
1410 1349
1410 1441
1410 1337
1411 1333
1412 1384
1413 1438
1414 1443
1415 1380
1415 1349
1416 1443
1417 1325
1417 1432
1419 1422
1419 1330
1419 1348
1419 1324
1420 1423
1421 1443
1421 1421
1421 1432
1421 1455
1421 1443
1421 1435
1423 1443
1423 1443
1424 1373
1425 1443
1425 1421
1425 1443
1425 1383
1426 1396
1426 1365
1427 1441
1427 1389
1430 1428
1432 1416
1433 1443
1433 1404
1433 1376
1436 1377
1437 1324
1438 1325
1438 1394
1439 1389
1439 1405
1440 1451
1440 1443
1441 1443
1441 1443
1441 1455
1441 1357
1441 1421
1442 1348
1443 1406
1443 1428
1443 1341
1443 1427
1443 1455
1443 1325
1443 1421
1443 1421
1443 1345
1443 1417
1443 1450
1443 1389
1443 1458
1443 1386
1443 1393
1443 1443
1443 1450
1443 1325
1443 1443
1443 1424
1443 1456
1443 1406
1443 1421
1443 1443
1443 1433
1443 1393
1443 1400
1443 1422
1443 1404
1443 1405
1443 1443
1443 1443
1443 1443
1443 1443
1443 1330
1443 1388
1443 1443
1443 1325
1443 1443
1443 1443
1443 1398
1443 1459
1443 1334
1443 1325
1443 1358
1443 1443
1443 1443
1443 1408
1443 1443
1443 1382
1443 1451
1443 1421
1443 1443
1443 1391
1443 1421
1443 1329
1443 1418
1443 1396
1443 1458
1443 1368
1443 1356
1443 1451
1443 1419
1443 1443
1443 1377
1443 1331
1443 1372
1443 1442
1443 1383
1443 1404
1443 1373
1443 1319
1444 1443
1444 1422
1444 1389
1445 1389
1445 1443
1445 1443
1445 1451
1447 1363
1448 1443
1448 1331
1448 1455
1448 1443
1449 1325
1450 1421
1450 1443
1450 1396
1450 1413
1450 1396
1450 1451
1451 1438
1453 1337
1454 1443
1454 1389
1454 1427
1455 1361
1455 1358
1455 1443
1459 1390
1459 1440
1460 1463
1460 1463
1460 1461
1461 1463
1462 1460
1462 1463
1463 1461
1463 1462
1463 1462
1463 1460
1463 1463