0 36
0 61
0 59
0 69
0 59
0 46
0 36
0 36
0 43
0 55
0 980
1 54
1 24
1 50
1 24
1 18
1 33
1 29
1 46
1 54
1 57
1 34
1 42
1 59
1 33
1 17
1 53
1 80
1 870
1 925
1 1316
2 53
2 15
2 25
3 52
3 19
3 51
3 59
3 4
3 35
3 57
3 24
3 40
3 52
3 59
3 57
3 54
3 23
3 20
3 34
3 15
3 45
3 25
3 68
3 35
3 57
3 96
3 121
3 1341
4 48
4 48
4 52
4 1
4 55
4 47
4 20
4 54
4 42
4 54
4 34
4 20
4 38
4 26
5 3
5 51
5 58
5 9
5 52
5 52
5 41
5 45
5 27
5 25
5 58
5 52
5 37
5 32
5 27
5 13
5 13
5 25
5 55
5 1
5 52
5 59
5 69
5 7
5 35
5 55
5 42
5 30
5 46
5 58
5 21
5 36
5 30
5 61
5 23
5 80
5 806
6 54
6 18
6 42
6 31
6 13
6 36
6 58
6 16
6 7
6 40
7 61
7 44
7 36
7 18
7 42
7 55
7 14
7 57
7 57
7 55
7 59
7 39
7 61
7 37
7 7
7 46
7 25
7 33
7 1
7 4
7 69
7 52
7 59
7 45
7 42
7 35
7 59
7 3
7 29
7 42
7 43
7 16
7 853
8 50
8 58
8 7
8 12
8 23
8 41
8 24
9 62
9 42
9 36
9 30
9 10
9 18
9 36
9 44
9 42
9 53
9 7
9 23
9 7
9 49
9 1314
10 32
10 41
10 59
10 27
10 47
10 31
10 40
10 45
10 45
10 36
11 50
11 127
12 40
12 52
12 55
12 34
12 3
12 36
12 30
12 39
12 66
12 1427
13 36
13 52
13 17
13 55
13 55
13 0
13 58
13 61
13 45
13 27
13 55
13 59
14 36
14 25
14 7
14 57
14 61
14 56
14 15
14 3
14 50
14 18
14 54
14 55
14 69
14 45
14 37
14 60
14 12
14 24
14 52
14 65
15 38
15 22
15 30
15 1
15 7
15 32
15 57
15 36
15 1
15 1
15 10
15 45
15 56
15 57
15 20
15 14
15 59
15 18
15 55
15 10
15 53
15 37
15 1319
15 1419
16 55
16 25
16 59
16 54
16 42
17 9
17 33
17 43
17 36
17 46
17 9
17 4
17 31
18 46
18 14
18 55
18 50
18 35
18 27
18 59
18 61
18 46
18 2
18 50
18 52
18 24
18 1
18 46
18 60
18 42
18 65
18 56
18 4
18 45
18 1
18 1
19 5
19 32
19 3
19 40
19 7
19 37
19 12
19 9
19 54
19 10
19 35
19 64
19 52
19 30
19 61
19 36
19 16
19 41
19 398
20 58
20 17
20 18
20 7
20 46
20 42
20 60
20 24
20 5
20 14
20 39
20 61
20 31
20 17
20 67
20 27
20 30
21 58
21 1
21 10
21 52
21 36
21 49
21 8
21 36
21 17
21 33
21 1304
22 13
22 45
22 7
22 46
22 45
23 52
23 29
23 36
23 14
23 40
23 32
23 20
23 35
23 31
23 9
23 21
23 898
24 25
24 36
24 61
24 35
24 24
24 66
24 7
24 44
24 1
24 22
24 61
24 60
24 7
24 50
24 40
24 24
24 60
24 1
24 43
25 15
25 3
25 40
25 13
25 14
25 55
25 36
25 59
25 8
25 18
25 40
25 12
25 37
25 46
25 19
25 15
25 15
25 39
25 62
25 1
25 47
25 160
26 33
26 50
26 59
26 53
26 58
26 41
26 8
26 56
27 59
27 53
27 7
27 18
27 57
27 59
27 15
27 51
27 4
27 32
27 35
27 23
27 59
27 52
27 59
28 5
28 34
28 40
28 24
28 8
28 20
28 45
28 3
28 29
28 25
28 28
28 55
28 56
28 55
28 94
29 5
29 40
29 0
29 36
29 9
29 7
29 1317
30 21
30 39
30 51
30 38
30 21
30 36
30 14
30 7
30 14
30 36
30 44
30 48
30 18
30 0
30 41
30 25
30 61
30 3
30 1
30 1
30 96
31 45
31 55
31 44
31 40
31 52
31 49
31 43
32 15
32 25
32 24
32 22
32 36
32 10
32 36
32 19
32 33
32 26
32 56
32 52
32 5
33 36
33 51
33 6
33 58
33 24
33 5
33 37
33 12
33 42
33 52
33 41
33 37
33 37
33 5
33 36
33 7
33 46
33 24
33 58
33 119
34 15
34 6
34 52
34 29
34 35
34 11
34 42
34 46
34 15
34 45
34 60
34 57
34 123
34 467
35 13
35 35
35 10
35 5
35 42
35 47
35 32
35 49
35 40
35 9
35 50
35 24
35 11
35 55
35 36
35 30
35 5
35 39
35 55
35 40
35 31
35 36
36 59
36 51
36 53
36 1
36 14
36 55
36 40
36 39
36 46
36 20
36 53
36 40
36 68
36 36
36 15
36 48
36 59
36 55
36 4
36 23
36 7
36 50
36 59
36 68
36 62
36 36
36 68
36 7
36 36
36 1
36 7
36 7
36 47
36 6
36 24
36 20
36 15
36 14
36 53
36 16
36 78
36 400
36 900
36 1297
37 18
37 3
37 36
37 54
37 52
37 49
37 13
37 45
37 5
37 52
37 55
37 15
37 45
37 12
37 54
37 976
38 59
38 35
39 48
39 43
39 5
39 10
39 24
39 3
39 61
39 60
39 43
39 56
39 44
39 41
39 46
39 54
39 25
39 48
39 26
39 18
39 59
39 36
40 30
40 59
40 50
40 10
40 40
40 54
40 65
40 62
40 4
40 14
40 24
40 42
40 61
40 3
40 46
40 22
40 52
40 59
40 45
40 61
40 47
40 1
40 59
40 52
40 28
40 61
40 55
40 1170
41 15
41 39
41 40
41 3
41 30
41 69
41 21
41 46
41 21
41 8
41 47
41 55
41 61
41 57
42 39
42 46
42 5
42 24
42 54
42 65
42 3
42 55
42 42
42 19
42 32
42 45
42 55
42 18
42 66
42 51
42 19
42 41
42 19
42 6
42 66
42 5
42 1161
42 1160
43 40
43 4
43 42
43 15
43 5
43 45
43 3
43 37
43 9
43 50
43 26
43 53
43 53
43 57
43 27
43 53
43 68
43 50
43 37
43 117
43 911
43 950
43 942
43 1307
44 52
44 21
44 15
44 20
44 69
44 28
44 46
44 69
44 56
44 54
44 116
45 56
45 55
45 59
45 9
45 5
45 7
45 51
45 19
45 52
45 5
45 41
45 55
45 33
45 19
45 25
45 51
45 5
45 45
45 47
45 18
45 52
45 37
45 50
45 30
45 55
45 12
45 44
45 10
45 35
45 1307
46 39
46 14
46 58
46 52
46 27
46 23
46 15
46 62
46 60
46 40
46 42
46 57
46 13
46 61
46 39
46 59
46 50
46 59
46 57
46 19
46 37
46 44
46 14
46 59
46 7
46 30
46 39
46 36
46 39
46 42
46 9
46 14
46 61
46 41
46 115
46 88
46 91
46 909
46 1440
47 17
47 40
47 68
47 18
47 1
47 15
47 40
47 42
47 6
47 42
47 54
47 1362
48 68
48 38
48 7
48 45
48 60
48 55
48 17
49 21
49 14
49 52
50 42
50 53
50 33
50 7
50 36
50 68
50 36
50 52
50 55
50 46
50 47
50 36
50 60
50 36
50 23
50 23
50 59
50 25
50 18
50 51
50 42
50 8
50 52
50 4
50 739
51 1
51 7
51 56
51 59
51 41
51 36
51 1
51 40
51 502
51 924
51 1362
52 30
52 45
52 57
52 51
52 55
52 25
52 26
52 5
52 4
52 5
52 58
52 30
52 22
52 51
52 36
52 46
52 55
52 31
52 36
52 5
52 5
52 5
52 68
52 50
52 59
52 33
52 68
52 30
52 34
52 35
52 0
52 50
52 54
52 24
52 57
52 5
52 24
52 47
52 45
52 23
52 14
52 41
52 52
52 123
52 945
52 960
52 1319
52 1302
52 1351
53 1
53 43
53 59
53 59
53 30
53 43
53 83
53 83
53 965
54 61
54 52
54 7
54 41
54 45
54 61
54 25
54 25
54 13
54 5
54 46
54 32
54 55
54 5
54 52
54 52
54 15
54 50
54 51
54 15
54 54
54 15
54 36
54 45
54 1134
55 59
55 55
55 52
55 28
55 46
55 24
55 69
55 58
55 61
55 9
55 52
55 45
55 14
55 8
55 8
55 1
55 22
55 40
55 48
55 33
55 41
55 61
55 61
55 30
55 9
55 9
55 64
55 55
55 57
55 36
55 15
55 58
55 55
55 26
55 54
55 25
55 45
55 4
55 6
55 29
55 37
55 15
55 0
55 1308
55 1304
56 47
56 46
56 65
56 5
56 36
56 57
56 33
56 58
56 37
56 28
56 32
56 36
56 37
57 39
57 7
57 5
57 57
57 42
57 45
57 40
57 50
57 31
57 24
57 35
57 50
57 4
57 30
57 46
57 7
57 15
57 48
57 52
57 29
57 42
57 68
57 4
57 28
57 33
57 49
57 46
57 33
57 44
57 61
57 1
57 19
57 24
57 48
58 46
58 36
58 60
58 43
58 17
58 31
58 61
58 40
58 5
58 56
58 50
58 7
58 32
58 24
58 45
58 51
58 15
58 55
58 50
58 375
59 15
59 24
59 9
59 23
59 38
59 42
59 56
59 7
59 50
59 5
59 45
59 43
59 2
59 40
59 47
59 9
59 47
59 68
59 57
59 15
59 32
59 43
59 36
59 56
59 46
59 21
59 55
59 1
59 48
59 45
59 10
59 28
59 40
59 435
60 40
60 36
60 30
60 44
60 14
60 5
60 55
60 15
61 55
61 8
61 22
61 19
61 30
61 57
61 54
61 67
61 30
61 50
61 32
61 36
61 46
61 58
61 46
61 9
61 5
61 691
61 1084
62 28
62 36
62 61
62 40
62 19
62 52
62 19
62 15
64 46
64 41
64 52
65 68
65 0
65 50
65 69
65 64
66 54
66 33
66 5
66 7
66 24
66 91
67 51
67 45
67 55
68 37
68 59
68 52
68 42
68 41
68 54
68 55
68 58
68 69
68 8
68 9
68 42
68 42
68 3
68 1032
69 56
69 50
69 42
69 39
69 36
69 52
69 7
69 5
70 95
70 75
70 108
70 72
70 102
70 77
71 72
71 85
71 72
71 83
71 116
71 97
71 940
72 80
72 76
72 107
72 96
72 110
72 107
72 90
72 115
72 76
72 117
72 88
72 80
72 116
72 86
72 118
72 905
73 87
73 106
73 78
73 115
74 111
74 76
74 77
74 96
74 101
74 77
74 76
74 93
74 123
74 115
74 115
74 76
74 84
74 85
74 107
74 116
74 85
74 86
74 117
74 90
74 79
74 80
75 117
75 115
75 120
75 116
75 79
75 81
75 88
75 88
75 87
75 78
75 81
75 123
75 98
75 125
75 125
75 76
75 90
75 121
75 643
76 97
76 78
76 122
76 115
76 126
76 99
76 78
76 78
76 94
76 103
76 122
76 78
76 121
76 84
76 110
76 116
76 90
76 119
76 93
76 106
76 97
76 98
76 90
76 112
76 648
76 1044
76 1116
77 91
77 76
77 91
77 121
77 102
77 77
77 110
77 70
77 90
77 108
77 75
77 76
77 75
77 109
77 97
77 127
77 78
77 118
77 116
77 77
77 100
77 112
77 90
77 72
77 125
77 94
77 88
77 94
77 123
77 85
77 111
77 111
77 125
77 150
77 389
78 123
78 80
78 78
78 76
78 102
78 72
78 80
78 115
78 75
78 98
78 75
79 111
79 91
79 76
79 111
79 77
80 126
80 74
80 98
80 94
80 88
80 70
80 125
80 94
80 81
80 85
80 123
80 120
80 101
80 91
80 105
80 115
80 75
80 101
80 90
80 85
80 107
80 115
80 133
81 83
81 120
81 115
81 106
81 115
81 72
81 115
81 107
81 79
81 82
81 72
81 125
81 120
81 102
81 109
81 98
82 77
82 86
82 99
82 76
83 78
83 70
83 76
83 115
83 102
83 123
83 124
83 76
83 86
83 94
84 74
84 79
84 98
84 78
84 101
84 91
84 77
84 110
84 115
84 76
84 81
84 117
84 380
85 84
85 116
85 99
85 76
85 108
85 98
86 122
86 97
86 98
86 105
86 121
86 108
86 102
86 127
87 115
87 86
87 125
87 102
87 75
87 71
87 86
87 76
87 107
87 924
87 1224
88 113
88 120
88 95
88 111
88 90
88 99
88 84
88 98
88 96
88 104
88 74
88 70
88 107
88 102
88 115
88 76
88 72
88 76
88 117
88 81
88 114
88 97
88 78
88 81
88 121
88 118
88 95
88 78
88 85
88 125
88 117
88 110
88 945
89 116
89 109
90 86
90 99
90 72
90 84
90 75
90 90
90 123
90 98
90 116
90 105
90 96
90 97
90 75
90 79
90 116
90 84
90 97
90 105
90 115
90 127
90 112
90 389
90 878
91 83
91 76
91 82
91 121
91 74
91 115
91 75
91 94
91 116
92 74
92 104
92 98
93 91
93 117
93 106
93 80
94 118
94 92
94 97
94 98
94 90
94 70
94 84
94 78
94 80
94 125
94 97
94 75
94 108
94 105
94 125
94 348
94 423
94 945
95 114
95 104
95 77
95 95
95 112
95 99
95 111
95 104
95 116
95 90
95 91
95 111
95 72
96 77
96 111
96 122
96 78
96 125
96 85
96 71
96 1144
97 86
97 83
97 96
97 80
97 110
97 74
97 120
97 86
97 123
97 521
97 1031
98 93
98 84
98 90
98 90
98 96
98 99
98 94
98 74
98 118
98 125
98 111
98 113
98 99
98 112
98 99
98 95
98 86
98 94
98 567
99 126
99 97
99 80
99 112
99 91
99 116
99 72
99 83
99 95
99 90
99 76
99 91
99 97
99 77
99 118
99 945
100 74
100 76
100 85
100 166
101 78
101 84
101 80
101 113
101 107
101 114
101 76
101 90
102 94
102 94
102 126
102 123
102 108
102 80
102 84
102 83
102 92
102 91
102 108
102 123
103 116
103 76
103 88
103 77
103 97
103 80
104 83
104 110
104 108
104 76
105 71
105 104
105 92
105 90
106 120
106 80
106 81
106 98
106 84
106 118
106 102
106 86
106 75
106 106
106 77
106 125
106 88
106 74
106 107
106 78
106 77
106 83
106 112
106 111
107 114
107 101
107 86
107 114
107 87
107 90
107 78
107 121
107 126
107 74
107 78
107 125
107 90
107 92
107 95
107 113
107 81
107 84
107 121
107 127
107 106
107 106
107 77
107 108
107 82
107 76
107 513
107 955
107 1438
108 80
108 109
108 83
108 88
108 110
108 110
108 109
108 115
108 125
108 97
108 83
108 108
108 199
108 375
109 106
109 78
109 78
109 110
109 121
109 97
109 88
109 116
109 101
109 109
110 80
110 115
110 125
110 112
110 75
110 75
110 123
110 94
110 86
110 94
110 121
110 101
110 117
110 117
110 121
110 77
110 125
110 80
110 98
110 125
110 767
110 843
110 909
111 126
111 91
111 110
111 97
111 81
111 86
111 102
111 76
111 85
111 127
111 87
112 125
112 121
112 108
112 93
112 125
112 75
112 104
112 106
112 113
112 98
112 127
112 118
112 115
112 107
112 107
112 126
113 88
113 88
113 115
113 102
113 80
113 110
113 111
113 78
113 75
114 115
114 125
114 75
114 77
114 109
114 99
114 381
115 81
115 107
115 78
115 81
115 109
115 119
115 88
115 74
115 122
115 94
115 91
115 94
115 88
115 99
115 123
115 88
115 109
115 107
115 86
115 247
115 523
116 86
116 83
116 90
116 94
116 121
116 94
116 77
116 71
116 82
116 88
116 90
116 70
116 96
116 96
116 84
116 127
116 77
116 374
116 990
117 86
117 115
117 126
117 90
117 96
117 121
117 105
117 121
117 123
117 101
117 85
117 75
117 929
117 909
118 80
118 116
118 95
118 80
118 87
118 101
118 111
118 109
118 107
118 74
119 121
119 71
119 126
119 91
119 108
119 108
119 107
119 99
119 76
119 1314
120 101
120 88
120 104
120 75
120 70
120 99
120 106
120 94
120 81
120 77
120 97
120 603
120 926
121 92
121 75
121 116
121 112
121 81
121 94
121 75
121 75
121 108
121 99
121 74
121 118
121 103
121 83
121 78
121 76
121 915
122 86
122 122
122 102
122 95
122 118
122 88
122 88
122 89
122 108
122 88
122 117
122 95
122 102
122 694
123 86
123 71
123 119
123 78
123 80
123 106
123 115
123 111
123 70
123 88
123 71
123 87
123 90
123 78
123 115
123 96
123 99
123 898
123 910
124 83
124 102
124 97
124 110
125 107
125 88
125 94
125 94
125 111
125 104
125 99
125 122
125 99
125 91
125 74
125 70
125 99
125 77
125 95
125 74
125 76
125 72
125 102
125 111
125 123
125 81
125 110
125 95
125 102
125 85
125 76
125 115
125 99
125 104
125 76
125 81
125 121
125 120
125 70
125 106
125 74
125 76
126 115
126 75
126 121
126 70
126 109
126 110
126 94
126 100
127 110
127 125
127 94
127 103
127 125
127 115
127 79
127 77
127 101
128 145
128 145
128 173
128 150
128 163
128 167
128 141
128 163
128 158
128 169
128 144
128 138
128 129
128 129
128 154
128 166
128 166
128 142
128 128
128 155
128 140
128 161
128 158
128 151
128 166
128 166
128 150
128 150
128 130
128 172
128 171
128 161
128 154
128 146
128 933
129 160
129 160
129 149
129 128
129 129
129 149
129 173
129 163
129 166
129 149
129 164
129 163
129 150
129 156
129 132
129 161
129 170
129 131
129 149
129 139
129 151
129 145
129 142
129 151
129 173
129 170
129 152
129 167
129 161
129 165
129 153
129 381
129 392
129 667
129 1319
129 1418
130 155
130 167
130 155
130 170
130 149
130 149
130 154
130 192
131 158
131 161
131 154
131 166
131 137
131 132
131 160
131 156
131 157
131 154
131 134
131 140
131 173
131 151
131 379
131 769
132 169
132 162
132 133
132 149
132 138
132 129
132 141
132 134
132 142
132 164
132 131
132 128
132 376
132 1290
133 172
133 164
133 154
134 140
134 129
134 158
134 148
134 173
134 173
134 148
134 161
134 167
134 371
135 152
135 130
136 155
136 145
136 154
136 132
137 141
137 132
137 158
137 146
137 190
138 159
138 173
138 135
138 165
138 145
138 163
138 142
138 150
138 156
138 148
138 167
138 160
138 146
138 164
138 150
138 150
138 154
138 129
138 150
138 166
138 173
138 130
139 151
139 171
139 136
139 157
140 129
140 128
140 159
140 131
140 172
140 131
140 161
140 155
140 160
140 173
140 383
141 133
141 161
141 135
141 148
141 148
141 154
141 128
141 166
141 151
141 131
141 132
141 154
141 146
141 165
141 164
141 509
142 150
142 161
142 164
142 141
142 129
142 167
142 163
142 166
142 130
142 158
142 159
143 149
143 145
143 828
144 159
144 160
144 164
144 156
145 150
145 163
145 138
145 154
145 172
145 152
145 164
145 156
145 145
145 173
145 138
145 160
145 162
145 165
145 163
145 146
145 129
145 131
145 131
145 131
145 142
146 172
146 169
146 159
146 133
146 164
146 136
146 173
146 150
146 167
146 173
146 1031
147 150
147 131
147 173
147 162
147 169
147 154
148 150
148 155
148 155
148 172
148 161
148 146
148 143
148 168
148 173
148 135
149 131
149 134
149 138
149 173
149 144
149 163
149 128
149 129
149 156
149 142
149 169
149 130
149 162
149 166
149 155
149 150
149 167
149 183
149 1154
150 142
150 128
150 170
150 172
150 163
150 141
150 158
150 155
150 150
150 151
150 166
150 150
150 167
150 155
150 135
150 150
150 166
150 167
150 148
150 129
150 166
150 164
150 143
150 164
150 143
150 166
150 144
150 138
150 164
150 164
150 172
150 169
150 158
150 167
150 154
150 162
150 155
150 162
150 143
150 172
150 142
150 146
150 145
150 150
150 151
150 159
150 169
150 149
150 192
150 1054
151 172
151 148
151 149
151 129
151 132
151 159
151 128
151 141
151 134
151 131
151 154
151 149
152 166
152 167
152 131
152 129
152 164
152 133
152 138
152 151
152 158
152 164
154 128
154 134
154 170
154 165
154 129
154 165
154 133
154 130
154 141
154 145
154 160
154 173
154 150
154 129
154 163
154 167
154 172
154 143
154 129
154 133
154 170
154 133
154 141
154 128
154 161
154 145
154 392
154 925
154 945
155 133
155 170
155 159
155 150
155 163
155 168
155 141
155 167
155 173
155 158
155 150
155 156
155 152
155 190
156 159
156 156
156 155
156 172
156 147
157 154
157 145
157 128
157 156
157 141
157 167
157 169
158 144
158 155
158 165
158 166
158 172
158 160
158 150
158 131
158 139
158 161
158 157
158 162
158 158
158 159
158 140
158 137
158 166
158 134
158 169
158 149
158 154
158 392
159 170
159 158
159 135
159 146
159 142
159 159
159 154
160 142
160 160
160 128
160 154
160 148
160 148
160 131
160 160
160 165
160 165
160 151
160 150
160 169
160 166
160 149
160 137
160 141
160 155
160 132
160 129
160 149
160 132
160 169
160 150
160 138
160 129
160 145
160 145
160 134
160 162
160 128
160 166
160 159
160 337
160 1286
161 162
161 146
161 165
161 142
161 149
162 150
162 150
162 172
162 134
162 131
162 129
162 158
162 159
162 146
162 160
162 154
162 154
162 165
162 150
162 164
162 140
162 161
162 145
162 160
162 129
162 1284
163 164
163 145
163 161
163 142
163 149
163 154
163 165
163 152
163 129
163 163
163 132
163 169
163 154
163 134
163 373
164 169
164 131
164 142
164 156
164 171
164 128
164 128
164 162
164 149
164 155
164 149
164 142
164 160
164 155
164 151
164 167
165 142
165 129
165 146
165 165
165 167
165 148
165 167
165 128
165 148
165 132
165 150
165 167
165 137
165 147
165 400
166 159
166 148
166 146
166 150
166 129
166 150
166 145
166 141
166 142
166 139
166 152
166 150
166 155
166 332
167 129
167 163
167 138
167 131
167 160
167 160
167 152
167 146
167 138
167 161
167 130
167 145
167 167
167 151
167 169
167 166
167 173
167 160
167 163
167 172
167 152
167 170
168 142
168 138
168 154
168 163
168 146
169 142
169 158
169 164
169 166
169 159
169 129
169 134
169 150
170 147
170 132
170 150
170 137
170 156
170 141
170 159
170 128
170 172
170 136
170 366
171 137
171 160
171 145
171 150
172 155
172 138
172 131
172 134
172 150
172 160
172 160
172 154
172 145
172 150
172 158
172 178
172 842
173 150
173 142
173 158
173 162
173 162
173 151
173 150
173 155
173 128
173 159
173 129
173 142
173 162
173 128
173 579
173 818
174 190
174 182
174 174
174 193
174 188
174 186
174 176
174 187
174 180
174 184
174 691
175 388
176 192
176 193
176 191
176 199
176 174
176 182
176 815
176 1015
177 187
177 192
177 190
177 178
178 192
178 198
178 192
178 183
178 191
178 183
178 182
178 196
178 194
178 182
178 183
178 1307
179 180
179 196
179 183
179 192
179 182
179 189
179 192
179 199
179 182
179 182
179 513
180 182
180 179
180 199
180 182
180 199
180 199
180 191
180 174
180 891
180 915
181 195
181 183
181 188
181 194
181 176
182 198
182 175
182 188
182 193
182 192
182 199
182 183
182 174
182 191
182 187
182 184
182 188
182 182
182 491
183 181
183 181
183 192
183 186
183 176
183 199
183 175
183 192
183 184
183 199
183 195
183 174
183 192
183 180
183 180
183 178
183 183
183 192
184 189
184 176
184 187
184 183
184 182
184 182
184 186
184 178
184 185
184 200
184 182
184 194
185 180
185 178
186 180
186 197
187 199
187 183
187 192
187 187
187 191
187 192
187 176
187 199
187 194
187 196
187 782
188 191
188 195
188 194
188 179
188 197
188 188
188 188
188 178
188 181
188 176
188 193
188 194
189 191
189 182
190 185
190 184
190 192
190 196
190 176
190 321
190 202
190 1354
191 183
191 190
191 174
191 192
191 188
191 188
191 184
191 188
191 820
192 178
192 183
192 176
192 199
192 178
192 178
192 194
192 183
192 191
192 185
192 188
192 199
192 196
192 548
193 175
193 180
193 199
193 197
193 193
193 192
193 192
193 177
193 199
193 191
193 199
193 194
194 193
194 193
194 199
194 180
194 194
194 190
194 188
194 193
194 184
194 197
194 182
194 182
194 188
194 182
194 182
194 199
195 179
195 179
195 193
195 194
195 182
196 199
196 194
196 174
196 194
197 199
197 182
197 196
197 180
197 178
197 1047
197 1292
198 200
198 182
198 197
198 194
199 182
199 184
199 189
199 179
199 183
199 184
199 192
199 188
199 189
199 192
199 199
199 190
199 176
199 182
199 199
199 192
199 182
199 199
199 185
199 181
199 377
199 418
199 1235
200 187
201 263
201 216
201 202
202 304
202 293
202 298
202 215
202 299
202 300
202 298
202 298
202 247
202 234
202 272
202 293
202 294
202 279
202 211
202 299
202 247
202 208
202 233
202 296
202 247
202 251
202 214
202 301
203 306
203 316
203 202
203 267
203 281
203 220
203 231
203 319
203 247
204 298
205 299
206 251
207 232
207 223
208 292
208 284
208 233
208 264
208 219
208 248
208 247
208 267
208 318
208 307
208 301
208 234
208 293
208 292
208 323
208 248
208 291
208 208
208 247
208 248
208 247
208 329
208 234
208 237
208 223
208 202
208 250
208 207
208 282
208 245
208 209
208 852
208 1438
209 231
209 1197
210 208
210 301
210 234
210 265
211 266
211 241
211 322
211 307
211 214
211 300
211 248
211 234
211 282
211 210
211 1411
212 309
213 287
213 291
213 242
213 282
213 247
213 316
213 323
214 211
214 307
214 226
214 223
215 322
215 323
215 265
215 307
215 202
215 243
215 312
215 321
215 202
215 300
215 241
215 650
216 302
216 223
216 208
217 323
217 202
218 247
218 300
218 329
219 291
220 265
220 202
220 247
220 249
220 287
220 220
220 220
220 304
220 284
221 323
221 232
222 247
222 291
222 282
222 208
223 208
223 288
223 233
223 281
223 1211
224 319
224 215
225 320
226 237
226 267
226 236
226 270
226 320
226 202
226 437
227 309
227 262
227 217
228 234
228 203
230 272
230 307
231 287
231 304
231 202
231 235
231 311
232 249
232 316
232 250
233 329
233 203
233 222
233 316
233 307
233 206
233 267
233 287
233 264
233 309
234 232
234 334
234 265
234 235
234 237
234 292
234 316
234 208
234 231
234 232
234 269
234 223
234 287
234 318
234 291
234 311
234 208
234 247
234 302
234 292
234 307
234 232
234 315
234 304
234 510
235 247
235 234
235 257
235 291
235 329
236 248
236 247
236 332
236 1009
237 216
237 322
237 277
237 329
237 252
237 202
237 208
237 211
237 247
237 250
237 250
237 236
237 306
237 220
237 255
237 237
237 223
237 250
237 300
237 208
237 256
238 316
238 282
239 241
241 221
241 234
241 279
241 309
241 308
242 316
242 279
243 203
244 299
244 202
245 202
245 237
245 208
245 246
245 306
245 287
245 215
247 282
247 234
247 234
247 211
247 220
247 220
247 269
247 284
247 265
248 235
248 241
248 307
248 320
248 262
248 257
248 297
248 469
248 765
248 804
249 1050
250 220
250 300
250 277
250 201
250 255
250 247
250 223
250 216
250 304
250 234
250 267
250 302
250 247
250 286
250 997
251 239
251 234
251 232
251 235
251 297
251 320
251 280
252 323
252 282
253 241
253 296
253 309
253 292
254 233
254 322
254 237
254 1008
255 290
255 293
255 301
255 302
255 265
255 234
255 306
255 322
255 256
255 245
255 302
255 323
255 944
256 203
256 215
256 300
256 226
256 293
257 208
257 309
258 285
259 282
259 234
261 319
261 291
261 237
262 291
262 208
262 274
262 307
263 284
263 226
264 282
264 241
264 289
264 248
264 293
264 224
264 929
265 294
265 281
265 225
265 250
265 1354
266 315
266 220
266 316
266 234
266 1436
267 289
267 292
267 291
267 248
267 203
267 282
267 202
267 237
267 335
267 296
267 281
267 202
267 282
267 332
267 320
267 330
267 248
267 1375
269 214
270 202
270 277
270 307
270 288
270 284
272 277
272 215
272 304
272 247
272 307
272 208
272 323
272 264
273 208
273 240
273 209
274 214
274 234
274 289
274 304
274 255
275 234
275 324
275 253
275 220
275 233
276 307
276 233
276 329
276 250
276 231
276 1460
277 246
277 268
277 307
277 223
277 293
277 211
277 237
277 746
277 1213
279 307
279 300
280 319
281 208
281 237
281 208
282 236
282 319
282 302
282 321
282 210
282 202
282 257
282 237
282 302
282 299
282 226
282 316
282 302
282 282
282 208
282 223
282 234
282 294
282 234
282 250
282 320
283 267
284 308
284 272
285 300
285 215
286 277
286 301
286 217
286 267
286 309
286 305
286 1267
287 294
287 301
287 247
287 289
287 211
287 300
287 203
287 267
287 320
287 307
288 223
288 202
288 299
288 329
288 247
288 214
288 222
288 235
289 208
289 322
289 202
289 291
289 223
289 208
289 208
289 289
289 233
289 223
289 216
289 1317
290 208
290 301
291 248
291 301
291 289
291 287
291 223
291 323
291 208
291 233
292 226
292 304
292 213
292 245
292 226
292 250
292 282
292 326
292 215
292 276
293 299
293 208
293 215
293 277
293 302
293 320
293 264
293 220
293 264
293 1451
293 1454
294 276
294 276
295 302
295 321
296 275
296 282
296 250
296 286
296 236
297 307
297 264
297 293
297 265
297 315
297 220
297 279
297 301
297 258
297 302
297 907
298 334
298 203
298 234
298 306
298 332
298 250
298 234
298 250
298 293
298 234
298 305
298 223
299 304
299 202
299 1309
300 302
300 307
300 236
300 209
301 309
301 215
301 311
301 234
301 309
301 329
301 298
301 255
301 307
301 323
301 307
301 223
301 215
301 208
301 302
301 298
301 250
301 282
301 1237
302 234
302 248
302 289
302 304
302 234
302 304
302 307
302 292
302 302
302 243
302 318
302 282
302 249
302 282
302 233
304 202
304 231
304 316
304 319
304 306
304 282
304 223
304 292
304 312
304 234
304 208
304 240
304 220
304 208
304 299
304 203
304 221
304 266
304 364
304 400
304 929
305 220
305 304
306 302
306 240
306 274
306 235
306 208
306 514
307 208
307 237
307 223
307 296
307 282
307 284
307 279
307 248
307 234
307 333
307 309
307 250
307 301
307 316
308 302
308 249
308 322
308 203
308 293
308 223
308 304
309 265
309 248
309 282
309 253
309 220
309 268
309 329
309 248
309 277
309 307
309 267
309 234
309 253
309 220
309 320
309 321
309 250
311 251
311 202
311 267
314 281
314 1242
315 251
315 282
316 208
316 226
316 208
316 237
316 272
316 286
316 300
317 320
317 236
317 203
317 247
318 233
318 319
318 249
318 300
318 309
318 300
318 291
318 650
318 874
318 1420
319 254
319 234
320 329
320 208
320 300
320 282
320 300
320 302
320 299
320 208
320 307
321 255
321 727
322 289
322 298
322 299
322 309
322 272
322 307
322 329
322 282
322 293
322 315
322 346
322 656
323 282
323 302
323 300
323 211
323 208
324 256
324 216
324 298
324 237
325 301
326 317
326 202
326 294
326 256
327 301
327 1026
328 234
328 292
328 285
328 209
328 210
329 307
329 319
329 267
329 299
329 283
329 255
329 202
329 242
329 202
329 236
329 261
329 223
329 282
329 211
329 224
329 322
329 1438
330 272
330 255
331 250
332 329
332 216
333 304
333 208
333 382
334 1119
335 304
335 301
337 348
337 343
337 362
338 351
338 352
338 351
338 361
338 348
338 351
338 351
338 1351
339 351
339 343
340 345
340 357
340 354
340 351
340 340
340 345
340 351
340 351
340 361
340 363
340 342
340 341
340 351
340 886
341 356
343 348
343 338
343 338
343 739
344 351
344 348
344 351
344 346
344 357
345 337
345 361
346 349
346 358
346 336
346 586
346 635
346 1226
347 336
347 352
347 709
348 351
348 336
348 358
348 358
348 360
348 338
348 352
348 347
348 339
348 364
348 361
348 355
348 959
350 352
350 348
350 352
350 343
351 361
351 340
351 348
351 346
351 350
351 346
351 360
351 354
351 361
351 594
351 632
351 745
352 340
352 365
352 343
352 365
352 364
352 363
352 362
353 667
354 352
354 351
354 342
354 668
355 336
355 348
355 338
356 348
356 358
357 338
358 340
358 363
358 736
359 344
359 336
360 338
360 358
360 341
360 538
360 595
361 348
361 343
361 359
361 338
361 723
361 1001
361 1096
362 352
362 357
362 352
362 997
363 363
363 347
363 363
363 341
364 336
364 352
364 346
364 354
364 339
364 361
364 348
364 355
365 340
365 365
365 350
365 352
365 361
366 366
366 395
366 372
366 369
366 373
366 371
366 374
366 393
366 398
366 385
366 402
366 400
366 366
366 382
366 375
366 393
366 378
367 376
367 387
367 379
367 381
368 383
369 399
369 372
369 371
369 393
369 374
369 394
369 390
369 388
369 400
369 395
369 383
370 391
370 379
370 391
370 375
370 392
370 391
371 400
371 371
371 380
371 381
371 387
371 400
371 373
371 379
371 401
371 402
371 391
371 390
371 392
371 382
371 380
371 395
371 402
371 400
372 382
372 399
372 379
372 397
372 398
372 381
372 377
372 395
372 382
372 392
372 372
372 381
372 374
372 389
372 391
372 373
372 391
372 369
372 400
372 370
372 416
373 400
373 369
373 382
373 392
373 380
373 369
373 373
373 400
373 402
373 392
373 381
373 383
373 392
373 394
373 393
373 415
374 376
374 393
374 375
374 375
374 366
374 377
374 376
374 379
374 381
374 377
374 373
374 393
374 400
375 395
375 376
375 400
375 383
375 376
375 366
375 382
375 382
375 378
375 394
375 400
375 381
375 400
375 402
375 969
375 1378
376 397
376 400
376 392
376 369
376 395
376 389
376 366
376 400
376 391
376 389
376 383
376 402
376 372
376 375
376 393
376 389
376 1214
377 392
377 393
377 400
377 382
377 390
377 369
377 400
377 374
377 373
377 391
378 402
378 374
378 399
378 389
379 369
379 380
379 376
379 393
379 377
379 380
379 366
379 400
379 400
379 379
379 382
379 397
379 401
379 369
379 1104
380 402
380 392
380 402
380 397
380 380
380 366
380 401
380 394
380 375
380 389
380 381
380 394
380 380
380 373
380 385
380 372
381 385
381 400
381 397
381 400
381 380
381 393
381 388
381 395
381 379
381 376
381 385
381 369
381 369
381 400
381 395
381 390
381 402
381 373
381 388
381 380
381 391
381 379
381 383
381 390
381 368
381 395
381 395
381 393
381 376
381 383
381 1029
382 377
382 369
382 384
382 400
382 372
382 372
382 392
382 395
382 400
382 387
382 381
382 381
382 387
382 382
382 367
382 372
382 385
382 392
382 386
382 376
382 379
383 369
383 387
383 383
383 400
383 380
383 389
383 371
383 382
383 400
383 389
383 366
383 386
383 391
383 377
383 400
384 373
384 379
384 389
384 366
385 382
385 399
385 390
385 375
385 375
385 398
385 372
385 375
385 383
385 400
385 383
385 388
385 381
385 388
385 402
385 373
386 390
386 379
386 395
386 389
386 379
386 401
386 686
387 389
387 385
387 375
387 387
387 381
387 388
387 380
387 393
387 393
387 397
387 382
387 372
388 389
388 382
388 387
388 366
388 382
388 390
388 387
388 373
388 389
388 377
388 377
388 397
388 425
389 391
389 379
389 394
389 377
389 398
389 395
389 395
389 397
389 376
389 377
389 373
389 380
389 393
389 395
389 402
389 374
389 1037
390 388
390 371
390 401
390 389
390 369
390 370
390 390
390 388
390 392
390 458
391 397
391 370
391 381
391 368
391 372
391 385
391 400
391 400
391 389
391 376
391 401
391 399
391 389
392 372
392 373
392 372
392 383
392 382
392 372
392 395
392 381
392 394
392 369
392 379
392 381
392 394
392 366
392 400
392 387
392 381
392 400
392 382
392 371
392 381
392 395
392 382
392 917
393 380
393 373
393 381
393 374
393 371
393 374
393 400
393 400
393 381
393 392
393 400
393 387
393 402
394 388
394 380
394 400
394 366
394 383
395 392
395 382
395 372
395 393
395 375
395 381
395 382
395 382
395 371
395 400
395 386
395 381
395 385
395 398
395 382
395 375
396 380
397 402
397 391
397 383
397 401
397 372
397 373
397 393
397 397
397 372
397 397
397 388
397 380
397 400
397 381
397 387
397 370
397 380
397 400
397 390
398 372
398 394
398 397
398 402
398 389
398 369
398 402
399 402
399 400
399 386
399 433
400 381
400 400
400 400
400 402
400 379
400 388
400 395
400 397
400 395
400 397
400 371
400 392
400 386
400 390
400 379
400 382
400 400
400 381
400 387
400 402
400 393
400 371
400 368
400 369
400 382
400 381
400 382
400 402
400 388
400 393
400 381
400 400
400 384
400 374
400 400
400 382
400 391
400 374
400 401
400 371
400 397
400 385
400 381
400 400
400 402
400 395
400 949
400 1258
400 1294
401 374
401 380
401 371
401 380
401 393
401 402
401 374
401 392
401 377
401 372
401 387
401 374
401 371
401 374
401 376
402 388
402 382
402 389
402 371
402 388
402 369
402 395
402 392
402 400
402 400
402 400
402 381
402 389
402 371
402 401
402 378
402 381
402 387
402 372
402 378
402 381
402 397
402 367
402 367
402 380
402 387
402 387
402 401
402 381
402 400
402 411
402 523
402 546
402 891
403 408
404 405
405 406
405 406
406 407
406 405
407 404
407 404
407 407
407 405
407 587
408 403
408 403
409 445
409 463
409 411
410 421
411 431
411 428
411 428
411 755
412 412
412 426
412 432
412 466
412 458
413 453
413 425
414 443
415 424
415 420
415 412
415 1044
417 432
417 419
417 439
418 457
418 463
418 421
418 450
418 494
419 463
419 445
419 461
419 440
419 450
419 433
419 448
419 418
419 411
419 418
419 448
419 428
419 457
419 416
419 419
419 417
419 869
420 456
421 447
421 409
421 439
421 428
421 439
421 415
421 430
421 421
421 1368
422 463
422 410
422 435
422 426
422 440
422 415
422 798
422 1114
423 428
423 409
423 453
423 443
423 921
424 464
424 422
424 497
424 1461
425 418
425 452
425 449
425 555
426 448
426 432
426 428
426 424
426 445
426 449
426 683
426 1005
427 414
428 412
428 414
428 428
428 445
428 457
428 513
431 467
431 445
431 434
431 455
432 419
432 458
432 423
432 437
432 419
432 463
434 411
434 422
434 419
434 445
434 449
435 412
435 417
435 424
435 1317
436 447
436 1286
436 1341
437 422
437 428
437 409
439 429
441 428
442 436
442 447
442 423
443 453
443 418
443 431
444 463
445 426
445 446
445 1185
445 1429
446 418
446 445
447 419
447 1276
448 428
448 436
448 1116
449 467
449 426
449 427
449 411
449 425
450 419
450 463
450 425
450 439
452 423
452 418
452 421
452 981
453 447
453 410
453 423
454 423
454 453
455 419
455 430
455 448
455 419
457 424
457 411
457 425
457 417
457 1227
458 442
458 434
458 418
458 439
458 431
458 451
462 446
463 449
463 431
464 439
464 428
464 448
464 417
465 461
465 443
465 455
465 456
467 452
467 431
467 453
467 946
468 510
468 1190
469 508
469 494
469 532
469 469
469 531
469 535
469 494
469 505
469 506
469 522
469 469
469 531
469 505
469 719
469 924
469 1011
469 1007
469 1190
469 1324
470 537
470 901
471 469
471 526
471 536
471 522
472 481
474 481
474 491
474 524
474 494
474 489
474 533
474 518
474 601
474 601
475 1390
476 515
476 492
476 709
477 510
477 481
477 532
477 524
477 497
477 525
477 497
477 470
477 1017
478 494
478 513
478 481
478 898
478 1222
480 553
480 1189
481 477
481 904
483 513
483 521
483 509
483 524
483 532
483 594
483 1015
484 478
487 513
487 525
487 530
488 483
488 535
489 487
489 537
489 527
489 491
489 476
489 474
489 517
489 516
489 514
489 516
489 535
489 495
489 737
490 533
490 490
490 470
490 492
490 1184
490 1464
491 524
491 513
491 477
491 681
491 666
491 635
491 1002
491 1035
491 1359
492 493
492 513
492 500
492 499
492 469
492 475
492 489
492 527
492 500
492 634
492 1084
493 528
493 532
493 492
493 637
493 925
494 494
494 514
494 505
494 469
494 784
494 906
494 929
494 1206
495 525
495 764
495 1118
496 514
496 533
497 489
497 489
497 519
497 478
497 926
497 1115
497 1085
497 1167
498 525
498 533
498 489
498 531
500 517
500 531
501 535
501 525
501 497
501 777
501 1087
501 1158
502 479
502 1071
503 531
503 489
503 1078
504 516
505 513
505 536
505 528
505 469
505 607
505 838
506 494
506 535
506 649
508 519
508 508
508 525
508 510
508 483
508 469
508 524
508 501
508 494
508 505
508 489
508 522
508 686
508 670
509 1336
510 489
510 474
511 513
511 501
511 858
512 522
512 489
513 474
513 469
513 525
513 501
513 514
513 484
513 513
513 500
513 527
513 525
513 534
513 477
513 714
513 650
513 639
513 741
513 919
513 1225
514 497
514 469
514 666
514 705
514 643
514 1304
515 533
515 1075
516 534
516 474
517 522
517 481
517 493
517 469
517 481
517 535
517 525
517 971
517 950
517 950
517 1221
518 517
518 1362
519 526
521 497
521 510
521 706
521 650
522 526
522 493
522 483
522 915
522 990
524 498
524 483
524 511
524 523
524 687
524 709
524 924
525 474
525 508
525 528
525 524
525 474
525 510
525 508
525 525
525 488
525 532
525 491
525 477
525 650
525 1414
526 500
526 528
526 610
527 977
528 486
528 513
528 528
528 532
528 947
528 1184
529 528
529 513
529 505
529 482
529 512
529 1280
530 513
530 532
530 517
530 635
530 666
531 524
531 513
531 536
531 507
531 514
531 482
531 501
531 489
531 525
531 475
531 532
531 673
531 642
531 673
532 533
532 490
532 481
532 524
532 498
532 509
532 522
532 516
532 531
532 523
533 470
533 516
534 724
535 489
535 527
535 517
535 484
535 609
535 604
535 898
535 1097
536 496
536 511
536 1218
536 1213
537 1145
538 819
539 546
539 566
539 548
540 562
541 573
541 560
541 545
542 553
542 541
542 552
542 591
543 570
543 567
543 588
543 575
543 586
544 582
544 541
545 539
545 578
545 581
546 554
546 571
546 563
546 567
547 577
548 592
548 565
548 582
548 583
548 1043
548 1391
549 554
549 588
549 543
551 540
551 586
551 572
552 542
552 566
552 578
554 583
554 586
554 589
554 587
554 569
555 558
555 592
555 563
555 557
556 554
556 573
557 555
557 567
557 574
557 565
558 546
558 567
558 587
558 611
559 548
559 566
559 573
560 566
560 579
560 577
560 592
561 548
561 539
562 586
562 582
562 589
562 539
562 542
563 582
563 558
563 543
563 572
563 543
563 542
565 540
565 569
565 546
566 569
566 586
566 574
566 1021
567 554
567 557
567 586
567 567
567 582
567 580
567 589
567 559
568 581
569 546
569 567
569 564
569 1095
572 567
572 548
572 567
572 578
572 548
572 915
573 581
573 548
574 557
574 574
574 565
575 546
575 1148
577 548
577 554
578 574
578 565
579 565
579 543
579 586
579 539
579 1280
580 583
580 578
580 548
580 539
580 590
580 548
581 577
581 539
581 566
582 569
582 567
582 584
583 563
583 592
583 546
584 566
584 573
584 578
585 554
585 555
585 588
586 587
586 563
586 585
586 539
586 548
586 566
586 563
587 583
587 573
587 542
588 555
588 557
588 568
588 577
588 551
589 563
589 588
591 569
592 557
592 555
592 589
592 563
592 591
592 555
592 555
592 547
593 612
593 709
593 602
594 628
594 649
594 724
594 724
594 652
594 632
594 673
595 667
595 649
595 662
595 693
595 673
595 603
595 637
595 634
595 718
595 661
595 642
595 649
595 604
595 603
596 659
596 682
596 641
596 705
597 650
597 708
597 644
597 693
597 733
597 635
597 637
597 595
597 686
597 706
597 756
598 690
598 710
598 601
598 661
598 724
598 740
598 926
598 1084
599 726
600 648
600 683
600 898
601 725
601 632
601 693
601 695
601 628
601 667
601 629
601 613
601 645
601 649
601 965
602 706
602 709
603 645
603 723
603 685
603 710
603 613
603 704
603 637
603 706
603 693
603 719
603 907
603 1088
603 1278
604 615
604 672
605 671
605 603
605 707
605 632
605 730
605 686
605 643
607 690
608 598
608 637
608 686
608 627
608 664
608 726
608 595
608 666
608 676
608 667
608 602
608 765
610 712
610 688
610 689
610 642
610 706
610 595
610 729
610 648
610 673
611 650
611 726
611 691
611 737
612 642
612 643
612 624
612 690
612 686
612 739
612 1077
613 656
613 634
613 623
614 649
614 666
614 674
614 642
614 770
614 933
615 733
617 672
617 595
617 720
617 865
618 617
618 632
619 953
620 627
620 636
622 693
622 641
622 693
624 640
624 693
624 690
624 632
624 686
624 648
625 632
625 608
625 618
625 672
625 672
625 610
626 639
626 739
627 682
627 691
627 706
627 666
627 706
627 612
627 608
627 645
627 642
627 642
627 690
627 603
627 603
628 732
628 675
628 705
628 661
628 667
628 688
628 649
628 704
629 638
630 639
630 966
631 685
631 666
631 649
631 710
631 672
631 672
631 651
631 739
631 603
631 1064
632 652
632 626
632 649
632 612
632 635
632 729
632 636
632 632
632 729
632 637
632 643
632 724
632 687
632 603
632 667
632 603
632 649
632 730
632 806
632 924
632 954
632 915
633 612
633 701
633 605
633 665
633 1106
634 636
634 644
634 947
635 667
635 736
635 739
635 690
635 637
635 632
635 724
635 739
635 698
635 660
635 629
635 624
635 718
635 724
635 731
635 611
635 637
635 677
635 700
635 739
635 734
635 1043
635 1160
635 1307
636 685
636 626
636 710
636 598
636 676
636 736
636 772
636 1103
637 639
637 596
637 689
637 694
637 676
637 629
637 693
637 702
637 643
637 637
637 706
637 594
637 598
637 603
637 737
637 648
637 595
637 709
637 660
637 751
637 815
637 906
638 635
638 720
638 718
638 713
638 643
638 1160
639 738
639 731
639 709
639 608
639 643
639 633
639 648
639 637
639 661
639 645
639 743
640 727
640 677
640 705
640 627
640 683
640 687
640 737
640 652
641 662
641 723
641 639
641 631
642 690
642 666
642 632
642 601
642 677
642 667
642 601
642 675
642 645
642 628
642 739
642 733
642 656
642 636
642 679
642 642
642 733
642 682
642 655
642 738
642 900
643 716
643 672
643 649
643 594
643 664
643 724
643 601
643 729
643 675
643 635
643 733
643 612
643 661
643 667
643 826
643 1004
643 1057
644 721
644 626
644 1401
645 700
645 632
645 739
645 708
645 656
648 714
648 734
648 650
648 632
648 643
648 690
648 637
648 690
648 601
648 628
648 691
648 683
648 713
648 666
648 656
648 694
648 738
648 649
648 666
648 649
648 690
648 705
648 642
648 621
648 597
648 667
648 727
648 719
648 607
648 697
648 637
648 636
648 683
648 709
648 617
648 650
648 642
648 659
648 712
648 731
648 637
648 770
648 961
648 925
649 640
649 690
649 733
649 650
649 685
649 710
649 675
649 720
649 636
649 666
649 730
649 640
649 709
649 650
649 724
649 690
649 720
649 726
649 668
649 650
649 724
649 678
649 649
649 614
649 1140
649 1182
650 660
650 722
650 692
650 709
650 619
650 650
650 722
650 684
650 709
650 664
650 665
650 649
650 624
650 689
650 637
650 706
650 627
650 648
650 640
650 642
650 690
650 627
650 656
650 662
650 729
650 639
650 730
650 614
650 724
650 775
650 965
650 1084
651 659
651 611
651 690
651 687
651 691
651 667
651 953
652 634
652 732
652 730
652 707
652 637
652 700
652 625
652 643
654 635
654 727
654 614
654 664
654 731
654 691
655 689
655 642
655 697
655 676
655 631
655 683
655 802
656 635
657 670
657 716
657 703
658 638
658 598
658 700
659 649
659 648
659 672
659 661
659 635
659 644
659 738
659 625
659 1214
660 597
660 616
660 706
661 656
661 718
661 667
661 637
661 717
661 666
661 739
661 600
661 767
661 1137
662 690
662 709
663 690
664 645
664 716
664 722
664 666
664 676
664 614
664 950
665 643
665 690
665 690
665 605
665 724
665 676
665 705
665 714
665 648
665 727
665 737
665 739
666 722
666 667
666 693
666 706
666 724
666 659
666 596
666 645
666 727
666 667
666 686
666 700
666 727
666 640
666 710
666 630
666 644
666 596
666 656
666 643
666 690
666 693
666 778
666 906
666 903
666 975
666 1205
667 595
667 690
667 709
667 694
667 724
667 605
667 664
667 708
667 635
667 739
667 697
667 617
667 772
667 946
667 1176
667 1286
668 617
668 608
668 719
668 739
668 648
668 630
668 637
668 636
668 649
668 649
668 844
668 985
671 681
671 691
671 675
671 643
671 643
672 615
672 648
672 739
672 644
672 725
672 691
672 727
672 617
672 612
672 617
672 659
672 685
672 709
672 698
672 739
672 958
673 667
673 709
673 595
673 729
674 724
674 687
675 739
675 650
675 687
675 724
675 700
675 1084
676 635
676 690
676 698
676 698
676 706
676 624
676 713
676 724
676 627
676 690
676 652
676 701
676 710
676 1077
677 607
677 610
677 625
678 649
678 739
678 628
678 642
678 690
679 601
679 611
679 637
680 681
681 720
681 637
681 706
682 661
682 697
682 671
682 724
682 698
682 649
682 718
682 675
682 1079
683 640
683 627
683 642
683 668
683 695
683 709
683 726
683 675
683 723
683 731
683 730
683 1184
684 625
684 690
685 666
685 724
685 643
685 678
685 629
685 673
685 710
685 729
685 608
685 678
685 694
685 690
685 693
686 619
686 637
686 697
686 717
686 901
686 984
687 722
687 700
687 682
687 737
687 708
687 630
687 642
687 655
687 795
688 705
688 724
688 693
688 733
688 955
688 1422
689 723
689 714
689 692
690 643
690 691
690 709
690 608
690 702
690 648
690 614
690 694
690 739
690 720
690 690
690 729
690 627
690 659
690 636
690 697
690 687
690 659
690 687
690 742
690 755
690 1027
690 1001
691 722
691 667
691 738
691 702
691 672
691 719
691 628
691 673
691 759
691 1084
691 1230
692 635
692 668
692 632
692 620
692 632
692 648
693 635
693 709
693 727
693 667
693 705
693 675
693 644
693 645
693 601
693 639
693 655
693 692
693 668
693 731
693 657
693 677
693 703
693 1072
694 693
694 650
694 671
694 637
694 945
694 1455
695 643
695 617
695 729
695 710
695 714
695 706
695 637
697 643
697 665
697 648
697 731
697 665
697 693
697 691
698 667
698 633
698 690
698 738
698 684
698 637
698 632
698 706
698 666
698 637
698 1152
698 1455
699 709
700 643
700 612
700 687
700 672
700 643
700 712
701 643
701 1357
702 724
702 729
702 690
702 642
702 727
702 719
702 682
702 666
702 739
702 612
702 1099
703 709
703 673
705 693
705 672
705 664
705 650
705 714
705 963
706 729
706 691
706 685
706 683
706 642
706 668
706 739
706 733
706 665
706 637
706 686
706 656
706 620
706 690
706 739
706 942
708 641
708 710
708 608
708 657
708 640
708 649
709 685
709 658
709 650
709 690
709 665
709 721
709 643
709 678
709 729
709 739
709 683
709 628
709 655
709 643
709 727
709 597
709 648
709 617
709 962
710 686
710 668
710 739
710 642
710 650
710 697
710 967
710 945
711 651
712 675
712 664
712 596
712 723
713 631
713 726
713 738
714 696
714 702
714 700
714 702
714 724
714 645
714 597
714 694
714 723
714 615
714 700
714 648
715 664
715 648
716 714
716 612
716 719
716 666
716 654
716 693
716 970
717 601
717 611
717 642
718 708
718 606
718 724
718 648
719 729
719 596
719 655
719 676
719 709
719 719
719 650
719 602
720 662
720 636
720 649
720 685
720 739
721 709
721 659
721 689
721 606
722 678
722 639
722 718
722 724
722 690
722 666
723 648
723 639
723 700
723 950
724 645
724 694
724 613
724 665
724 676
724 667
724 701
724 651
724 611
724 619
724 672
724 688
724 727
724 709
724 714
724 709
724 955
724 1077
725 706
725 694
725 635
725 692
725 673
726 727
726 636
726 661
726 635
726 631
726 664
726 686
726 594
726 650
727 691
727 680
727 727
727 700
727 672
727 709
727 637
727 640
727 668
727 642
727 617
727 650
729 613
729 659
729 697
729 638
729 642
729 625
729 620
730 693
730 675
730 636
730 614
730 643
731 605
731 724
731 701
731 719
731 723
731 685
731 687
731 625
731 643
731 700
731 686
731 1354
732 687
732 709
732 664
732 924
733 603
733 603
733 632
733 668
733 593
733 690
734 691
734 724
734 635
734 717
736 652
736 632
736 738
736 705
737 629
737 649
737 636
737 702
737 685
737 649
737 1200
738 615
738 640
738 721
738 672
739 724
739 685
739 703
739 730
739 637
739 650
739 724
739 726
739 649
739 640
739 687
739 627
739 628
739 648
739 722
739 682
739 708
739 635
739 666
739 672
739 651
739 702
739 693
739 713
739 632
739 595
739 689
739 667
739 598
739 638
739 709
739 672
739 642
739 860
739 1097
740 780
740 765
740 742
740 973
741 790
741 745
742 741
742 758
742 777
742 799
742 748
742 779
742 764
742 787
742 754
742 784
742 763
742 758
742 760
742 772
742 931
742 1085
742 1233
743 770
743 766
743 889
743 963
743 1071
744 796
744 975
744 945
745 742
745 793
745 751
745 788
745 746
745 770
745 770
745 775
745 762
745 757
745 762
745 770
745 767
745 778
745 770
745 973
745 950
745 1130
746 750
746 758
746 785
746 763
746 749
746 965
746 1087
747 747
747 772
747 797
747 742
747 783
747 754
747 940
748 779
748 768
748 765
748 778
748 750
748 763
748 939
749 760
749 762
749 754
749 770
749 770
749 795
749 770
749 767
749 779
749 756
749 781
749 779
749 744
749 911
750 762
750 771
750 743
751 762
751 755
751 745
751 796
751 770
751 770
751 946
751 965
751 909
752 787
752 759
752 770
752 762
752 764
752 752
752 776
752 768
752 748
752 933
754 770
754 752
754 790
754 1435
755 767
755 759
755 769
755 751
755 749
755 766
755 784
755 749
755 764
755 938
755 1292
756 787
756 777
756 745
756 787
756 753
756 745
756 755
756 911
757 787
757 767
757 776
757 752
757 793
757 764
757 770
757 778
757 938
757 1438
758 769
758 747
758 747
758 762
758 781
758 766
758 767
758 971
758 928
759 749
759 795
759 763
759 760
759 807
759 899
759 944
759 1056
760 752
761 746
761 772
761 758
761 900
762 756
762 760
762 778
762 796
762 745
762 756
762 757
762 762
762 754
762 785
762 777
762 782
762 1001
763 787
763 766
763 749
763 785
763 792
763 742
763 767
763 762
763 959
763 963
763 1036
764 787
764 777
764 762
764 778
764 793
764 755
764 944
764 982
764 977
765 787
765 770
765 755
765 755
765 776
765 772
765 788
765 767
765 1084
766 757
766 798
766 764
766 746
766 1123
767 742
767 745
767 785
767 779
767 778
767 778
767 770
767 745
767 777
767 785
767 787
767 770
767 776
767 752
767 798
767 937
767 900
768 781
768 775
769 743
769 752
770 772
770 781
770 742
770 740
770 770
770 795
770 763
770 778
770 787
770 755
770 782
770 767
770 787
770 747
770 743
770 928
770 929
770 976
770 909
770 909
770 924
770 915
770 1300
772 741
772 791
772 752
772 749
772 765
772 765
772 796
772 752
772 754
772 775
772 772
772 788
772 781
772 767
772 785
772 787
772 766
772 787
772 772
772 907
773 751
775 745
775 787
775 762
775 754
775 776
775 782
775 779
775 926
775 935
775 944
776 756
776 782
776 758
776 747
776 765
776 749
776 785
776 909
777 740
777 776
777 757
777 751
777 764
777 755
777 777
777 915
777 900
777 984
778 783
778 772
778 768
778 788
778 763
778 755
778 764
778 777
778 795
778 766
778 767
778 770
778 746
778 772
778 751
778 782
778 752
778 1050
779 769
779 767
779 787
779 772
779 1171
781 763
781 760
781 764
781 777
781 748
781 941
781 942
781 905
782 745
782 751
782 751
782 782
782 766
782 1332
783 777
784 768
784 787
784 763
784 1403
785 778
785 777
785 798
785 763
785 751
785 775
785 775
785 766
785 755
785 765
785 977
785 944
786 778
786 757
787 798
787 777
787 772
787 751
787 762
787 772
787 799
787 752
787 899
787 929
788 759
788 1277
789 787
790 787
790 757
790 790
790 778
790 769
791 794
791 961
793 776
794 772
795 770
795 752
795 778
795 764
795 767
795 787
795 909
796 784
796 745
796 747
796 795
797 768
799 772
800 770
801 815
801 834
802 845
804 843
804 821
804 839
804 817
804 839
804 837
804 803
804 832
804 839
804 837
804 839
805 834
805 830
806 833
806 813
806 828
806 830
806 804
806 822
806 813
806 839
806 812
806 806
806 814
806 806
806 909
806 1256
807 841
809 834
809 815
809 813
810 846
810 803
810 823
811 832
811 831
811 804
812 815
812 846
812 832
813 818
813 844
813 810
813 846
813 844
814 839
814 821
814 818
814 831
814 812
814 1022
815 830
815 801
815 843
815 832
818 825
818 836
818 804
818 806
818 840
818 839
818 834
818 812
818 841
818 804
818 832
818 845
818 819
818 806
818 806
818 819
818 834
818 809
818 920
819 821
819 814
819 831
819 824
819 821
819 827
819 837
821 806
821 813
821 828
821 806
821 832
821 835
821 808
821 835
821 844
821 841
821 876
822 830
822 837
822 822
822 835
822 832
822 822
822 831
822 834
822 850
822 819
824 834
824 827
824 847
824 843
824 850
825 832
825 839
825 810
825 831
825 804
825 1117
826 816
826 806
826 805
827 827
827 839
827 844
827 849
827 814
827 1260
828 839
828 845
828 830
828 818
828 810
828 814
828 822
828 837
829 806
830 810
830 834
830 832
830 818
830 827
831 825
831 830
831 841
831 828
831 804
831 821
831 835
831 839
831 1448
832 819
832 815
832 819
832 839
832 801
832 804
833 828
834 814
834 806
834 850
834 845
835 828
835 815
836 850
836 1021
837 822
837 830
837 821
837 819
837 821
837 839
837 847
838 829
838 815
839 822
839 824
839 831
839 822
839 819
839 824
839 830
839 850
839 830
839 834
840 843
841 827
841 836
841 814
841 850
841 828
842 835
842 825
843 814
844 841
844 829
844 843
844 839
844 835
844 815
844 826
844 1222
845 827
845 818
845 806
845 806
845 822
845 827
845 1248
846 806
846 837
846 828
846 850
846 818
846 834
846 822
846 819
846 846
846 812
847 849
847 834
847 827
848 827
848 831
849 846
849 837
850 811
850 847
850 846
850 966
850 1054
850 1345
851 856
851 895
851 861
851 883
851 880
851 870
851 865
851 896
851 892
852 853
852 856
852 853
852 857
852 852
852 865
853 895
853 853
853 885
853 892
853 896
854 876
856 857
856 857
856 877
856 876
856 861
856 856
856 861
856 889
856 891
856 879
856 1213
857 870
857 890
857 870
857 865
857 883
857 880
857 877
857 869
857 873
857 865
857 861
857 876
857 856
858 876
858 858
858 860
858 878
858 857
858 873
858 857
858 870
858 883
859 883
859 889
859 876
859 892
859 879
859 876
859 890
859 883
859 881
859 888
859 931
860 886
860 856
860 861
860 1464
861 861
861 851
861 884
861 858
861 856
861 856
861 856
861 891
861 869
861 868
861 861
861 893
861 853
861 865
861 857
861 856
861 880
861 858
861 861
861 861
863 851
864 852
864 856
864 878
864 892
864 865
864 859
864 883
864 858
864 856
864 853
864 880
864 870
864 877
865 881
865 881
865 861
865 880
865 865
865 867
865 887
865 857
865 881
865 891
865 862
865 865
865 883
865 865
865 871
865 858
865 881
865 856
866 881
866 869
867 890
867 890
868 889
868 882
869 869
869 891
869 881
869 888
869 888
869 852
869 889
869 861
869 856
869 891
869 880
869 865
869 858
869 869
870 876
870 883
870 875
870 870
870 853
870 856
870 892
870 852
870 881
870 891
870 865
870 857
870 865
870 888
870 874
870 866
870 861
873 891
873 863
873 896
873 876
873 870
873 868
873 863
873 863
873 880
874 890
874 864
874 870
874 870
874 896
875 853
875 865
875 859
875 878
875 855
875 859
875 857
875 865
875 893
875 869
875 865
876 881
876 862
876 883
876 888
876 889
876 857
876 877
876 870
876 879
876 873
876 883
876 881
876 851
876 881
877 875
877 877
877 881
877 896
877 859
877 873
877 857
877 884
877 891
878 875
878 859
878 875
878 865
878 856
878 858
878 892
879 861
879 860
880 888
880 884
880 876
880 889
880 891
880 889
880 895
880 891
880 891
880 865
880 865
880 876
880 857
880 858
880 1050
881 874
881 890
881 870
881 865
881 864
881 878
881 878
881 1320
882 857
882 891
882 852
882 891
882 896
883 859
883 857
883 857
883 861
883 870
883 875
883 872
883 890
883 890
883 881
884 889
884 865
884 880
885 853
885 893
885 857
886 851
886 857
886 886
886 875
887 869
887 860
887 890
887 865
887 874
887 861
887 890
888 864
888 869
888 886
888 851
888 864
888 897
888 861
889 894
889 873
889 884
889 864
889 855
889 873
889 852
889 891
889 869
889 874
889 889
889 1189
890 865
890 890
890 885
890 876
890 896
890 870
890 873
890 852
890 861
891 881
891 875
891 861
891 851
891 888
891 856
891 857
891 865
891 858
891 865
891 896
891 879
891 1110
892 857
892 859
892 860
892 888
893 851
893 869
893 869
893 895
893 856
893 993
894 870
894 851
894 861
896 891
896 890
896 864
896 851
896 888
897 881
898 950
898 958
898 950
898 940
898 931
898 944
898 910
898 919
898 967
898 909
898 944
898 959
898 924
898 929
898 966
898 984
898 924
898 945
898 898
898 950
898 914
898 900
898 966
898 924
898 961
898 981
898 973
898 913
898 931
898 971
898 941
898 898
898 982
898 929
898 944
898 925
898 900
898 978
898 962
898 914
898 903
898 976
898 945
898 905
898 959
898 950
898 912
898 964
898 965
898 944
898 938
898 928
898 950
898 899
898 935
898 953
898 909
898 1089
899 945
899 971
899 920
899 965
899 907
899 947
899 971
899 909
899 955
899 960
899 929
899 953
900 947
900 915
900 944
900 902
900 906
900 917
900 921
900 958
900 910
900 931
900 972
900 950
900 914
900 900
900 965
900 1329
901 959
901 978
901 909
901 983
901 909
901 958
901 944
901 946
901 981
901 973
901 926
901 953
901 906
901 965
901 1144
902 902
902 949
902 959
902 977
902 911
902 904
902 929
902 961
902 967
902 953
902 944
902 977
902 965
902 1017
902 1097
903 906
903 960
903 950
903 959
903 952
903 915
903 946
904 973
904 907
904 924
904 945
904 959
904 942
904 958
904 924
904 952
904 945
904 935
904 905
904 955
904 940
904 948
904 909
904 926
904 978
904 941
904 966
904 949
904 945
904 915
904 945
904 965
904 907
904 930
904 1161
904 1185
905 979
905 961
905 929
905 921
905 942
905 961
905 959
905 901
905 963
905 985
905 919
905 912
906 947
906 931
906 936
906 899
906 966
906 981
906 978
906 931
906 963
906 940
906 946
906 938
906 935
906 959
906 945
906 946
906 938
906 967
906 955
906 944
906 972
906 965
906 911
906 966
906 944
906 934
906 942
906 953
907 911
907 971
907 929
907 924
907 909
907 909
907 922
907 953
907 985
907 944
907 919
907 945
907 924
907 940
907 985
907 920
907 967
907 973
907 931
907 1093
909 971
909 976
909 898
909 906
909 965
909 898
909 981
909 970
909 970
909 921
909 974
909 966
909 965
909 918
909 970
909 955
909 983
909 967
909 984
909 901
909 909
909 931
909 944
909 960
909 940
909 938
909 952
909 970
909 977
909 935
909 945
909 929
909 943
909 947
909 909
909 966
909 953
909 985
909 948
909 984
909 961
910 945
910 950
910 931
910 945
910 970
910 953
910 940
910 965
910 898
910 964
911 975
911 943
911 944
911 960
911 963
911 945
911 907
911 909
911 952
911 909
911 963
911 921
911 924
911 944
911 952
911 923
911 924
912 982
912 926
912 914
912 974
912 915
912 946
912 950
912 914
913 905
913 973
913 913
913 929
913 947
913 978
914 950
914 938
914 981
914 929
914 950
914 899
914 974
914 945
914 944
914 961
914 946
915 945
915 946
915 974
915 902
915 945
915 971
915 925
915 965
915 950
915 907
915 950
915 913
915 964
915 915
915 971
916 949
917 959
917 945
918 963
918 983
918 949
918 971
918 965
918 898
918 902
918 948
918 950
918 931
918 898
918 935
918 945
918 938
918 970
919 949
919 919
919 928
919 902
919 917
919 973
919 983
919 972
919 921
919 914
919 909
919 961
919 921
919 949
919 965
919 907
919 946
919 954
919 909
920 966
920 959
920 959
920 961
920 902
920 959
920 982
920 944
920 926
920 935
920 958
920 1055
921 946
921 913
921 973
921 910
921 968
921 974
921 960
921 907
921 955
921 928
921 967
921 932
922 903
922 971
922 924
922 906
922 898
922 965
922 931
922 924
922 961
922 939
923 971
924 972
924 950
924 935
924 965
924 898
924 983
924 911
924 909
924 928
924 942
924 950
924 951
924 935
924 907
924 937
924 972
924 904
924 946
924 960
924 950
924 983
924 920
924 956
924 976
924 971
924 960
924 985
924 950
924 907
924 985
924 907
924 928
924 982
924 925
924 968
924 901
924 898
924 930
924 931
924 965
924 984
924 967
924 931
924 925
924 909
924 898
924 930
924 906
924 934
924 911
924 1002
925 958
925 944
925 958
925 906
925 952
925 973
925 979
925 905
925 953
925 966
925 904
925 925
925 970
925 955
925 898
925 929
925 907
925 969
925 965
925 952
925 977
926 936
926 931
926 898
926 926
926 903
926 967
926 935
926 899
926 920
926 931
926 906
926 910
926 978
926 937
926 978
926 965
926 961
926 966
926 973
927 966
927 924
927 906
927 985
927 903
928 946
928 984
928 930
928 929
928 925
928 926
928 972
928 945
928 921
928 973
928 909
928 934
928 899
928 909
928 909
928 914
928 921
928 905
928 985
928 904
928 909
928 972
928 966
928 900
928 982
928 985
928 955
928 964
928 924
929 961
929 921
929 950
929 945
929 946
929 980
929 911
929 906
929 961
929 929
929 950
929 931
929 923
929 966
929 971
929 944
929 965
929 931
929 961
929 975
929 906
929 918
929 902
929 982
929 914
929 947
929 980
929 924
929 900
929 909
929 929
929 981
929 926
929 933
929 965
929 964
929 940
929 909
929 978
929 929
929 921
929 960
929 898
929 983
929 926
929 924
929 900
929 929
929 902
929 944
929 907
930 938
930 938
930 952
930 938
930 945
930 982
930 931
930 966
930 942
930 980
930 946
930 933
930 928
930 945
930 981
930 929
931 909
931 952
931 945
931 903
931 924
931 950
931 926
931 945
931 928
931 924
931 936
931 946
931 959
931 904
931 904
931 909
931 964
931 907
931 983
931 942
931 940
931 959
931 979
931 904
931 967
931 903
931 926
931 902
931 963
931 925
933 931
933 983
933 945
933 943
934 950
934 940
934 922
934 931
934 907
934 979
934 946
934 981
934 898
934 915
934 945
934 945
935 924
935 940
935 909
935 898
935 938
935 961
935 909
935 965
935 929
935 924
935 949
935 955
935 906
935 944
935 898
935 947
935 945
935 902
935 921
935 899
935 904
935 924
935 915
935 898
935 973
935 938
935 965
935 904
935 928
935 945
935 920
935 1405
936 939
936 906
936 902
936 915
936 955
936 950
936 982
936 907
938 918
938 959
938 964
938 909
938 981
938 906
938 924
938 942
938 975
938 975
938 931
938 900
938 945
938 909
938 940
938 946
938 900
938 973
938 947
938 914
938 931
938 984
938 963
938 909
938 924
938 921
938 950
938 961
938 945
938 975
938 950
938 909
938 928
938 962
938 978
938 906
938 940
938 971
938 920
938 902
938 924
938 924
938 920
938 1349
939 966
939 945
939 925
939 964
939 929
939 952
939 965
939 945
940 945
940 900
940 938
940 977
940 940
940 929
940 977
940 965
940 976
940 963
940 903
940 898
940 906
940 1200
941 953
941 914
941 904
941 977
941 925
941 907
941 940
941 950
941 1106
942 944
942 938
942 965
942 950
942 970
942 973
942 933
942 959
942 973
942 902
942 900
942 945
942 902
942 898
942 934
942 947
943 945
943 945
943 971
943 944
943 966
943 960
943 909
944 958
944 946
944 984
944 942
944 946
944 953
944 970
944 970
944 927
944 929
944 985
944 898
944 907
944 902
944 944
944 973
944 906
944 960
944 903
944 945
944 929
944 924
944 928
944 898
944 904
944 925
944 958
944 904
944 973
944 931
944 970
944 961
944 972
944 942
944 938
945 934
945 958
945 930
945 926
945 930
945 955
945 961
945 929
945 950
945 907
945 931
945 965
945 984
945 904
945 931
945 919
945 928
945 918
945 930
945 930
945 946
945 984
945 935
945 966
945 966
945 899
945 950
945 971
945 907
945 942
945 919
945 920
945 928
945 948
945 950
945 928
945 950
945 914
945 909
945 982
945 929
945 914
945 935
945 912
945 948
945 961
945 944
945 952
945 937
945 945
945 930
945 901
945 946
945 909
945 958
945 935
945 946
945 909
945 960
945 978
945 924
945 924
945 1190
946 959
946 926
946 946
946 915
946 976
946 906
946 965
946 944
946 930
946 943
946 924
946 952
946 931
946 977
946 933
946 940
946 961
946 971
946 907
946 924
946 935
946 924
946 899
946 955
946 915
946 914
946 950
946 921
946 929
946 911
947 947
947 949
947 914
947 921
947 926
947 907
947 929
948 949
948 898
949 918
949 925
949 950
949 925
949 973
949 955
949 981
949 921
949 929
949 982
949 973
949 965
949 982
949 898
949 981
949 914
949 909
949 925
949 971
950 924
950 934
950 942
950 944
950 902
950 925
950 909
950 961
950 956
950 944
950 945
950 931
950 910
950 919
950 936
950 960
950 945
950 944
950 941
950 961
950 973
950 931
950 929
950 983
950 938
950 946
950 935
950 935
950 985
950 928
950 939
950 898
950 958
950 946
950 909
950 985
950 898
951 965
951 974
951 924
952 930
952 946
952 977
952 961
952 904
952 971
952 955
952 978
952 909
952 985
952 949
953 954
953 898
953 965
953 978
953 931
953 950
953 981
953 950
953 966
953 934
953 971
953 944
953 909
953 932
953 975
953 965
954 966
954 946
954 914
954 914
954 919
955 911
955 926
955 958
955 945
955 963
955 944
955 930
955 900
956 904
957 966
957 1114
958 950
958 954
958 929
958 950
958 944
958 977
958 898
958 959
958 944
958 972
958 898
958 944
958 984
958 929
958 945
958 958
958 953
958 904
958 940
958 925
958 909
958 919
958 961
959 926
959 898
959 950
959 959
959 965
959 944
959 924
959 930
959 959
959 955
959 981
959 982
959 945
959 905
959 955
959 907
959 978
959 945
959 985
959 973
959 929
959 915
959 961
959 973
959 959
959 924
959 920
959 966
959 920
959 898
959 971
959 915
959 959
959 923
959 945
959 966
959 979
959 919
959 1213
960 936
960 949
960 924
960 930
960 949
960 909
960 902
960 959
960 929
960 898
960 929
961 965
961 907
961 904
961 928
961 926
961 920
961 945
961 945
961 926
961 965
961 922
961 964
961 922
961 915
961 963
961 907
961 904
961 950
961 926
961 966
961 930
961 960
961 974
961 945
961 961
961 945
961 898
961 923
961 965
961 929
961 899
961 918
961 1129
961 1193
962 905
962 930
962 966
963 950
963 929
963 934
963 919
963 964
963 946
963 958
963 968
963 902
963 977
963 909
963 972
963 936
963 973
963 940
963 945
963 961
963 899
963 929
963 927
964 963
964 972
964 968
964 976
964 976
964 908
964 962
964 945
964 984
964 915
964 927
964 950
964 950
964 911
964 931
964 962
964 1403
965 985
965 945
965 966
965 947
965 934
965 955
965 911
965 919
965 924
965 915
965 979
965 898
965 981
965 953
965 964
965 942
965 950
965 915
965 980
965 929
965 966
965 924
965 915
965 902
965 928
965 922
965 938
965 928
965 970
965 965
965 929
965 951
965 921
966 931
966 935
966 919
966 944
966 898
966 899
966 902
966 958
966 939
966 929
966 959
966 982
967 966
967 909
967 929
967 928
967 920
967 928
967 977
968 971
968 928
968 921
968 969
968 944
968 953
968 945
968 901
969 955
969 968
969 920
970 945
970 973
970 929
970 934
970 931
970 918
970 929
970 978
970 985
970 946
970 905
970 934
971 941
971 919
971 949
971 935
971 938
971 978
971 950
971 924
971 963
971 909
971 930
971 975
971 905
971 933
971 965
971 964
971 907
971 931
972 985
972 944
972 959
972 959
972 961
972 950
972 933
972 982
972 929
972 945
972 909
972 915
972 929
972 960
972 973
972 905
972 950
972 910
972 956
973 980
973 915
973 915
973 965
973 976
973 924
973 944
973 901
973 970
973 899
973 965
973 947
973 966
973 900
973 945
973 946
973 966
973 965
973 898
973 953
973 965
973 919
973 929
973 956
973 945
973 961
974 945
974 945
974 964
974 965
974 944
974 961
974 1329
975 900
975 918
975 968
975 919
975 907
975 948
975 951
975 970
975 909
975 945
975 928
975 913
975 952
976 906
976 946
976 924
976 941
976 942
976 976
976 949
977 958
977 972
977 915
977 904
977 906
977 963
977 967
977 918
977 973
977 982
978 929
978 973
978 945
978 931
978 985
978 907
978 971
978 929
978 929
978 945
978 904
978 909
978 945
978 933
978 898
978 907
979 926
979 911
979 977
979 929
979 965
980 929
981 930
981 958
981 970
981 965
981 913
981 907
981 921
981 961
981 898
981 909
981 903
981 910
981 940
981 929
981 931
981 924
981 942
981 942
981 1052
982 931
982 945
982 929
982 950
982 978
982 940
982 938
982 958
982 940
982 945
982 904
983 915
983 972
983 971
983 926
983 929
983 924
983 984
983 949
983 898
983 950
983 929
983 928
983 977
983 978
984 970
984 946
984 929
984 945
984 929
984 909
984 934
984 900
984 973
984 983
984 924
984 959
984 901
984 928
984 955
984 959
984 968
984 904
984 950
985 911
985 934
985 985
985 910
985 929
985 982
985 959
985 930
985 976
985 938
985 904
985 985
985 946
985 915
985 905
985 929
985 983
985 953
986 1023
986 1026
986 1025
987 993
987 995
987 1029
987 1007
987 1066
989 1007
989 1003
989 1005
989 1018
989 989
989 1023
989 1007
989 1023
989 1440
990 1026
990 1011
990 1021
990 1007
990 998
990 1015
990 986
990 990
990 995
990 1019
990 991
990 1104
990 1329
991 1026
991 1014
991 1029
991 995
991 1004
991 995
991 1007
991 999
991 995
991 1027
991 997
991 995
991 1022
991 1176
991 1199
992 1026
992 992
992 1023
992 1007
992 993
992 1004
993 997
993 993
993 1001
993 991
993 995
993 1006
993 1020
993 1001
993 1022
993 990
993 1192
994 994
995 1001
995 991
995 999
995 1027
995 992
995 990
995 1020
995 990
995 992
995 998
995 1015
995 1006
995 990
995 989
995 1020
996 1006
996 993
997 1018
997 999
997 1006
997 997
997 998
997 1018
997 1018
997 1007
997 989
997 1001
997 995
997 1030
997 1011
997 986
997 1061
997 1464
998 991
998 1030
998 991
998 1027
998 999
998 1002
999 1011
999 999
999 997
999 1026
999 1007
999 1007
999 1013
999 1029
999 1003
999 1026
1000 1003
1000 992
1000 999
1000 1027
1000 991
1000 1007
1000 1017
1000 1018
1000 1002
1001 991
1001 989
1001 991
1001 986
1001 998
1001 1011
1001 1012
1001 1013
1001 1021
1001 1026
1002 1003
1002 997
1002 993
1002 1012
1002 992
1002 1010
1002 1024
1002 1002
1002 1012
1002 1003
1002 1462
1003 997
1003 1007
1003 1148
1004 999
1004 1018
1004 991
1004 1026
1004 1015
1004 1022
1004 1013
1004 988
1004 986
1004 992
1004 1002
1004 989
1005 995
1006 1007
1006 991
1006 999
1006 998
1007 990
1007 1002
1007 1024
1007 999
1007 1026
1007 1002
1007 989
1007 1002
1007 1001
1007 1013
1007 1041
1011 997
1011 1030
1011 995
1011 1007
1011 1000
1011 995
1011 1027
1011 993
1011 1007
1011 1006
1011 991
1011 1030
1011 990
1011 1001
1011 1445
1012 992
1012 995
1013 990
1014 1002
1014 990
1015 1007
1015 1026
1015 1002
1015 1028
1015 1007
1016 995
1016 1011
1017 1007
1017 997
1017 1006
1017 1030
1017 1003
1018 1027
1018 1018
1018 1012
1018 1012
1018 1026
1018 1012
1019 993
1019 991
1019 1026
1020 1000
1020 991
1020 986
1021 1007
1021 990
1021 987
1021 1018
1021 997
1021 1000
1021 1018
1021 987
1021 993
1021 987
1021 1006
1021 995
1021 991
1021 1429
1022 1018
1022 989
1022 986
1022 1026
1023 1297
1024 1022
1024 1004
1024 995
1026 990
1026 1012
1026 1014
1026 992
1026 1011
1026 986
1026 1030
1026 991
1026 995
1026 989
1026 1002
1026 1002
1026 987
1026 995
1026 1004
1026 995
1026 1026
1027 1006
1027 1023
1027 1012
1027 991
1027 999
1027 995
1027 1002
1027 991
1028 1021
1029 1012
1029 1026
1029 1020
1029 990
1029 991
1029 1073
1030 992
1030 1026
1030 997
1030 990
1030 1002
1031 1040
1031 1046
1031 1031
1031 1047
1031 1040
1032 1035
1032 1040
1032 1037
1032 1036
1032 1031
1032 1046
1032 1044
1032 1036
1032 1393
1033 1036
1033 1042
1033 1040
1033 1035
1033 1033
1033 1031
1033 1031
1033 1046
1034 1041
1034 1040
1034 1037
1034 1036
1034 1036
1034 1034
1035 1036
1035 1041
1035 1039
1036 1032
1036 1040
1036 1036
1036 1041
1036 1047
1036 1046
1037 1036
1037 1041
1037 1044
1037 1039
1037 1046
1037 1047
1037 1044
1037 1037
1037 1045
1037 1031
1038 1044
1038 1037
1038 1031
1039 1041
1039 1040
1039 1036
1039 1032
1039 1039
1039 1046
1039 1239
1040 1040
1040 1040
1040 1032
1040 1039
1040 1040
1040 1032
1040 1039
1040 1046
1040 1046
1040 1038
1041 1036
1041 1032
1041 1039
1041 1044
1041 1043
1041 1041
1041 1040
1041 1044
1041 1045
1041 1046
1042 1032
1043 1037
1043 1032
1043 1046
1043 1039
1043 1036
1044 1039
1044 1039
1044 1032
1044 1044
1044 1038
1044 1032
1044 1046
1044 1045
1044 1037
1044 1041
1044 1447
1045 1039
1045 1045
1045 1043
1045 1040
1045 1038
1045 1037
1045 1031
1045 1033
1045 1037
1046 1031
1046 1033
1046 1046
1046 1033
1046 1037
1046 1036
1046 1047
1046 1041
1046 1039
1046 1034
1046 1045
1046 1045
1046 1035
1047 1033
1047 1042
1047 1042
1048 1052
1049 1052
1049 1052
1049 1048
1049 1050
1049 1195
1051 1051
1051 1050
1052 1052
1052 1051
1053 1087
1053 1056
1053 1055
1053 1095
1054 1077
1054 1098
1054 1097
1054 1095
1054 1427
1055 1058
1055 1091
1055 1084
1055 1103
1055 1109
1055 1084
1055 1066
1055 1055
1055 1072
1055 1088
1055 1068
1056 1055
1056 1064
1056 1073
1056 1106
1056 1067
1057 1106
1057 1102
1057 1055
1058 1102
1058 1110
1058 1104
1059 1110
1059 1055
1060 1060
1060 1056
1060 1062
1061 1104
1061 1066
1061 1075
1061 1113
1061 1087
1061 1087
1061 1056
1061 1073
1061 1110
1062 1088
1063 1106
1063 1106
1063 1084
1064 1074
1064 1097
1064 1112
1066 1060
1066 1106
1066 1087
1067 1075
1067 1106
1067 1102
1067 1106
1067 1112
1068 1096
1068 1053
1069 1053
1069 1067
1069 1070
1069 1091
1069 1069
1070 1102
1070 1085
1070 1073
1071 1095
1071 1099
1071 1055
1071 1063
1071 1094
1071 1103
1071 1103
1071 1106
1071 1206
1072 1057
1072 1056
1072 1095
1072 1084
1072 1065
1073 1055
1073 1088
1073 1068
1074 1074
1074 1084
1074 1075
1074 1102
1074 1060
1074 1110
1074 1087
1075 1058
1075 1097
1075 1091
1077 1061
1077 1088
1078 1102
1078 1072
1078 1195
1082 1093
1083 1061
1084 1055
1084 1088
1084 1113
1084 1103
1084 1062
1084 1106
1084 1061
1084 1064
1084 1113
1085 1084
1086 1055
1087 1071
1087 1106
1087 1060
1087 1115
1087 1106
1087 1055
1087 1209
1088 1085
1088 1072
1088 1078
1088 1092
1088 1088
1088 1081
1088 1089
1089 1073
1090 1054
1090 1064
1090 1115
1091 1113
1091 1084
1091 1106
1091 1110
1092 1071
1093 1111
1093 1056
1093 1093
1093 1081
1095 1066
1095 1089
1095 1097
1097 1063
1097 1112
1097 1053
1097 1102
1097 1061
1097 1110
1097 1073
1097 1061
1097 1338
1099 1055
1099 1110
1099 1061
1100 1104
1101 1083
1101 1093
1101 1053
1102 1060
1102 1103
1102 1103
1103 1098
1103 1078
1103 1104
1103 1088
1103 1088
1103 1090
1103 1055
1103 1082
1103 1160
1104 1110
1104 1075
1104 1109
1105 1058
1105 1102
1105 1071
1106 1072
1106 1066
1106 1099
1106 1084
1106 1106
1106 1066
1106 1061
1106 1055
1106 1061
1106 1099
1106 1106
1106 1088
1106 1092
1106 1091
1106 1100
1107 1104
1107 1064
1108 1077
1109 1084
1109 1066
1109 1055
1109 1053
1110 1067
1110 1103
1110 1109
1110 1106
1111 1073
1112 1055
1112 1055
1112 1108
1112 1071
1114 1060
1114 1068
1116 1139
1116 1117
1116 1116
1116 1116
1116 1116
1116 1123
1116 1130
1116 1116
1116 1119
1116 1133
1116 1116
1116 1130
1116 1126
1116 1137
1116 1130
1116 1130
1116 1116
1116 1116
1116 1117
1116 1125
1116 1116
1116 1139
1116 1135
1116 1125
1116 1133
1116 1116
1116 1122
1116 1140
1116 1227
1117 1130
1117 1130
1117 1116
1117 1122
1117 1116
1118 1333
1119 1133
1119 1123
1121 1137
1122 1131
1122 1130
1123 1126
1123 1130
1125 1130
1125 1116
1125 1126
1125 1128
1125 1116
1125 1116
1125 1122
1125 1137
1126 1117
1126 1123
1128 1122
1128 1135
1128 1130
1128 1121
1129 1134
1129 1134
1130 1139
1130 1122
1130 1122
1130 1126
1130 1130
1130 1125
1130 1116
1130 1116
1130 1126
1130 1116
1130 1133
1130 1130
1131 1130
1131 1125
1131 1130
1131 1121
1132 1134
1133 1130
1133 1116
1134 1137
1134 1125
1134 1122
1135 1116
1136 1116
1137 1128
1137 1125
1137 1116
1137 1130
1137 1116
1137 1130
1137 1116
1138 1130
1139 1130
1140 1159
1140 1172
1140 1148
1140 1192
1140 1189
1140 1143
1140 1156
1140 1184
1140 1184
1140 1170
1140 1188
1140 1190
1140 1152
1140 1184
1140 1153
1140 1145
1140 1168
1140 1161
1140 1191
1140 1160
1140 1144
1140 1173
1140 1160
1140 1438
1141 1143
1141 1156
1141 1189
1141 1145
1142 1162
1142 1191
1142 1143
1142 1154
1143 1156
1143 1189
1143 1160
1143 1157
1143 1160
1143 1189
1143 1148
1143 1159
1143 1145
1143 1189
1143 1189
1143 1144
1143 1144
1143 1189
1143 1182
1143 1171
1143 1161
1143 1147
1143 1192
1143 1148
1143 1140
1144 1177
1144 1189
1144 1149
1144 1157
1144 1159
1144 1145
1144 1182
1144 1167
1144 1190
1144 1156
1144 1158
1144 1143
1144 1145
1144 1171
1144 1189
1144 1159
1144 1143
1144 1158
1144 1172
1144 1140
1144 1189
1144 1171
1144 1154
1144 1197
1145 1192
1145 1189
1145 1141
1145 1197
1145 1143
1145 1156
1145 1167
1145 1189
1145 1171
1145 1143
1145 1160
1145 1170
1145 1184
1145 1171
1145 1143
1146 1145
1146 1176
1146 1167
1147 1166
1147 1178
1147 1143
1147 1171
1147 1193
1147 1170
1148 1188
1148 1156
1148 1157
1148 1154
1148 1189
1148 1150
1148 1158
1148 1140
1148 1140
1148 1152
1148 1145
1148 1157
1150 1140
1150 1140
1150 1156
1150 1172
1150 1160
1150 1188
1152 1148
1152 1192
1152 1158
1152 1148
1152 1143
1153 1170
1153 1192
1153 1162
1153 1144
1153 1190
1153 1171
1153 1143
1154 1169
1154 1185
1155 1188
1155 1153
1155 1160
1155 1150
1155 1160
1155 1261
1156 1157
1156 1148
1156 1158
1156 1143
1156 1155
1156 1143
1156 1145
1156 1178
1156 1152
1156 1147
1157 1146
1157 1189
1157 1147
1157 1167
1157 1157
1157 1140
1157 1401
1157 1405
1158 1176
1158 1182
1158 1152
1158 1181
1158 1170
1158 1143
1158 1145
1158 1189
1158 1147
1158 1162
1158 1190
1158 1144
1158 1189
1158 1143
1159 1189
1159 1182
1159 1150
1159 1180
1159 1148
1159 1145
1159 1145
1159 1180
1159 1140
1159 1193
1159 1157
1159 1155
1159 1144
1159 1184
1160 1171
1160 1152
1160 1143
1160 1174
1160 1177
1160 1152
1160 1147
1160 1183
1160 1159
1160 1189
1160 1145
1161 1152
1161 1140
1161 1182
1161 1145
1161 1153
1162 1144
1162 1146
1162 1191
1162 1171
1162 1184
1162 1150
1162 1158
1162 1140
1162 1144
1162 1169
1163 1144
1163 1145
1163 1168
1163 1162
1163 1140
1163 1189
1163 1152
1164 1153
1164 1190
1166 1182
1166 1179
1166 1156
1166 1195
1166 1156
1167 1170
1167 1182
1167 1181
1167 1159
1168 1156
1168 1169
1168 1167
1168 1171
1169 1158
1169 1184
1169 1169
1170 1158
1170 1151
1170 1172
1170 1185
1171 1191
1171 1184
1171 1167
1171 1144
1171 1143
1171 1189
1171 1153
1171 1161
1171 1172
1171 1189
1171 1192
1171 1173
1171 1189
1171 1155
1171 1170
1172 1185
1172 1195
1172 1172
1172 1149
1172 1140
1172 1191
1172 1158
1172 1171
1172 1144
1172 1150
1173 1179
1173 1141
1176 1193
1176 1190
1176 1152
1177 1143
1177 1182
1177 1144
1177 1144
1177 1189
1178 1196
1179 1143
1179 1188
1179 1148
1179 1188
1180 1140
1180 1318
1181 1187
1181 1170
1181 1179
1181 1178
1181 1152
1182 1189
1182 1173
1182 1145
1182 1189
1182 1163
1182 1181
1182 1140
1182 1140
1182 1156
1182 1177
1182 1147
1182 1182
1182 1140
1182 1197
1182 1185
1182 1140
1182 1160
1182 1192
1183 1189
1184 1191
1184 1144
1184 1144
1184 1177
1184 1184
1184 1156
1184 1184
1184 1184
1184 1140
1184 1143
1184 1184
1184 1188
1184 1148
1184 1189
1184 1150
1184 1143
1184 1149
1184 1148
1185 1195
1185 1148
1185 1143
1185 1143
1185 1145
1185 1170
1185 1163
1185 1181
1185 1142
1185 1163
1185 1158
1185 1160
1185 1179
1186 1160
1186 1189
1188 1183
1188 1185
1188 1158
1188 1173
1189 1167
1189 1190
1189 1142
1189 1141
1189 1143
1189 1155
1189 1140
1189 1170
1189 1190
1189 1180
1189 1150
1189 1156
1189 1189
1189 1156
1189 1150
1190 1176
1190 1167
1190 1184
1190 1165
1190 1190
1190 1156
1190 1189
1190 1190
1190 1157
1190 1182
1190 1171
1190 1157
1190 1145
1190 1153
1190 1141
1190 1383
1191 1144
1191 1158
1191 1182
1191 1156
1191 1189
1192 1160
1192 1149
1192 1158
1192 1149
1192 1147
1193 1193
1193 1140
1193 1158
1193 1142
1193 1153
1193 1170
1193 1184
1193 1184
1193 1167
1193 1159
1193 1188
1193 1140
1195 1143
1195 1162
1195 1159
1195 1144
1195 1140
1196 1144
1196 1149
1198 1206
1199 1206
1199 1200
1200 1198
1200 1340
1201 1199
1203 1204
1203 1201
1203 1205
1204 1205
1204 1205
1204 1199
1205 1201
1205 1203
1205 1198
1205 1198
1205 1200
1205 1201
1205 1201
1205 1205
1206 1201
1208 1236
1208 1250
1208 1253
1209 1236
1210 1261
1211 1239
1211 1227
1211 1260
1211 1234
1211 1212
1212 1256
1212 1253
1212 1229
1212 1250
1212 1235
1212 1229
1212 1263
1212 1218
1212 1263
1212 1229
1212 1255
1212 1253
1212 1209
1212 1264
1212 1232
1212 1211
1212 1212
1212 1263
1212 1233
1212 1208
1212 1260
1212 1253
1212 1229
1212 1224
1212 1251
1212 1215
1212 1261
1212 1236
1212 1213
1212 1403
1213 1258
1213 1245
1213 1253
1213 1224
1213 1249
1213 1235
1213 1232
1213 1253
1213 1275
1213 1377
1214 1208
1214 1226
1214 1225
1214 1248
1214 1255
1214 1235
1214 1256
1214 1234
1214 1221
1214 1250
1215 1249
1215 1212
1215 1253
1215 1211
1215 1233
1215 1253
1215 1246
1215 1231
1215 1248
1217 1214
1218 1249
1218 1232
1218 1263
1219 1236
1220 1255
1220 1236
1221 1218
1221 1260
1221 1245
1221 1264
1221 1255
1221 1253
1221 1253
1221 1230
1221 1232
1221 1253
1221 1375
1222 1244
1222 1217
1222 1259
1222 1250
1222 1213
1222 1257
1222 1233
1222 1236
1224 1215
1224 1213
1224 1223
1224 1227
1224 1229
1224 1247
1225 1235
1225 1229
1225 1220
1225 1242
1225 1248
1225 1221
1226 1212
1226 1232
1226 1253
1226 1261
1227 1234
1227 1218
1227 1244
1227 1242
1227 1235
1227 1235
1227 1234
1228 1208
1228 1438
1229 1227
1229 1232
1229 1241
1229 1218
1229 1256
1229 1253
1229 1209
1229 1227
1229 1227
1229 1225
1229 1304
1230 1253
1230 1242
1231 1255
1231 1258
1231 1218
1232 1240
1232 1249
1232 1235
1232 1221
1232 1237
1233 1211
1233 1249
1233 1226
1233 1213
1233 1250
1233 1226
1233 1256
1233 1221
1233 1215
1233 1235
1233 1243
1233 1229
1233 1213
1234 1212
1234 1217
1234 1233
1234 1237
1234 1218
1234 1233
1235 1230
1235 1256
1235 1262
1235 1246
1235 1261
1235 1357
1236 1224
1237 1241
1237 1215
1237 1234
1237 1258
1239 1263
1240 1226
1240 1226
1241 1264
1241 1248
1241 1208
1241 1224
1242 1231
1242 1224
1242 1213
1242 1248
1243 1208
1244 1212
1244 1224
1244 1233
1244 1212
1244 1214
1244 1260
1244 1263
1244 1221
1244 1235
1245 1233
1245 1212
1245 1227
1245 1241
1245 1258
1245 1221
1245 1216
1248 1214
1248 1263
1248 1227
1248 1210
1248 1214
1248 1253
1248 1251
1249 1248
1249 1237
1250 1242
1250 1209
1250 1244
1250 1212
1250 1239
1250 1212
1250 1221
1250 1212
1250 1248
1250 1229
1250 1248
1250 1208
1251 1242
1251 1256
1251 1242
1251 1245
1251 1224
1251 1261
1252 1214
1252 1221
1252 1213
1253 1228
1253 1218
1253 1232
1253 1247
1253 1226
1253 1222
1253 1245
1253 1237
1253 1211
1253 1213
1253 1249
1253 1227
1253 1260
1253 1237
1254 1214
1255 1212
1255 1213
1256 1244
1256 1224
1256 1241
1256 1227
1257 1255
1257 1235
1257 1223
1257 1258
1258 1208
1258 1242
1258 1250
1258 1208
1258 1213
1258 1233
1258 1232
1258 1255
1259 1253
1259 1212
1259 1214
1260 1231
1260 1248
1260 1212
1260 1212
1260 1224
1260 1229
1260 1222
1260 1242
1260 1211
1260 1228
1260 1212
1260 1242
1261 1235
1261 1241
1261 1243
1261 1224
1262 1211
1263 1242
1263 1213
1263 1260
1263 1262
1263 1211
1263 1214
1263 1224
1263 1212
1263 1245
1264 1242
1264 1242
1264 1210
1264 1260
1264 1208
1265 1272
1265 1272
1265 1268
1265 1265
1265 1265
1265 1269
1267 1270
1267 1271
1267 1268
1267 1269
1268 1278
1268 1268
1268 1270
1268 1272
1268 1265
1268 1276
1268 1275
1268 1265
1268 1272
1268 1267
1269 1277
1269 1268
1269 1277
1269 1274
1269 1281
1269 1274
1269 1271
1270 1269
1270 1278
1270 1265
1271 1272
1271 1276
1271 1268
1271 1269
1271 1277
1271 1280
1271 1272
1271 1272
1271 1268
1271 1265
1271 1281
1272 1268
1272 1277
1272 1269
1272 1280
1272 1269
1272 1278
1272 1267
1272 1275
1272 1280
1272 1268
1272 1268
1272 1269
1272 1279
1273 1270
1274 1265
1274 1277
1275 1272
1275 1265
1275 1272
1275 1268
1275 1266
1276 1271
1276 1276
1276 1279
1276 1281
1277 1268
1277 1268
1277 1269
1277 1277
1278 1272
1278 1271
1278 1280
1278 1272
1278 1268
1279 1281
1279 1272
1280 1281
1280 1270
1281 1271
1281 1268
1281 1267
1282 1292
1283 1284
1284 1284
1284 1284
1284 1284
1284 1290
1284 1284
1284 1292
1284 1292
1284 1293
1284 1292
1284 1284
1284 1284
1284 1292
1284 1290
1284 1284
1285 1292
1285 1284
1286 1284
1286 1286
1286 1286
1286 1284
1286 1292
1286 1292
1286 1292
1286 1284
1286 1284
1288 1286
1288 1284
1290 1284
1290 1286
1290 1292
1290 1290
1290 1285
1290 1293
1290 1290
1290 1284
1290 1284
1290 1292
1291 1290
1292 1292
1292 1292
1292 1293
1292 1292
1292 1286
1292 1286
1292 1292
1292 1284
1292 1286
1292 1292
1292 1284
1292 1292
1292 1293
1292 1290
1292 1284
1292 1292
1292 1293
1292 1286
1292 1292
1292 1292
1292 1292
1292 1293
1292 1294
1292 1286
1292 1438
1293 1286
1293 1293
1293 1286
1293 1292
1293 1284
1293 1293
1294 1284
1296 1316
1296 1304
1296 1307
1296 1317
1297 1304
1297 1302
1297 1304
1297 1296
1297 1316
1299 1307
1299 1295
1299 1304
1299 1305
1299 1304
1300 1318
1301 1316
1302 1302
1302 1317
1302 1310
1302 1305
1302 1317
1302 1304
1302 1316
1302 1302
1302 1307
1302 1302
1302 1305
1302 1318
1302 1315
1302 1319
1302 1304
1302 1318
1302 1311
1302 1302
1302 1308
1302 1319
1302 1314
1302 1314
1303 1316
1303 1297
1304 1297
1304 1305
1304 1318
1304 1319
1304 1314
1304 1306
1304 1318
1304 1312
1304 1305
1304 1305
1304 1318
1304 1318
1305 1297
1305 1304
1305 1302
1305 1319
1305 1302
1305 1316
1305 1297
1305 1304
1305 1297
1305 1307
1305 1316
1305 1302
1305 1311
1305 1308
1305 1305
1305 1308
1305 1319
1306 1305
1307 1310
1307 1297
1307 1304
1307 1317
1307 1308
1307 1302
1307 1305
1307 1314
1307 1317
1307 1317
1307 1297
1308 1297
1308 1308
1308 1316
1308 1302
1308 1311
1308 1307
1310 1298
1310 1304
1311 1317
1311 1318
1311 1304
1311 1311
1311 1297
1311 1302
1311 1314
1311 1309
1311 1305
1313 1296
1314 1302
1314 1302
1314 1309
1314 1304
1314 1316
1314 1319
1314 1296
1314 1317
1315 1308
1316 1307
1316 1305
1316 1305
1316 1298
1316 1305
1316 1317
1316 1317
1316 1316
1316 1305
1316 1297
1316 1299
1316 1314
1316 1296
1316 1305
1316 1319
1316 1317
1316 1296
1317 1316
1317 1305
1317 1317
1317 1296
1317 1316
1317 1317
1317 1296
1317 1314
1317 1298
1317 1304
1317 1305
1317 1302
1317 1305
1317 1304
1317 1297
1317 1314
1317 1317
1318 1307
1318 1304
1318 1297
1318 1297
1318 1314
1318 1314
1318 1319
1318 1304
1318 1302
1318 1304
1318 1314
1318 1303
1318 1300
1318 1302
1318 1300
1318 1311
1318 1307
1318 1312
1318 1305
1319 1311
1319 1314
1319 1316
1319 1297
1319 1305
1319 1308
1319 1318
1319 1400
1320 1372
1320 1336
1320 1371
1320 1371
1320 1329
1320 1343
1321 1354
1322 1345
1324 1392
1325 1364
1325 1346
1325 1367
1325 1378
1326 1324
1327 1326
1328 1346
1328 1403
1329 1345
1329 1322
1329 1352
1329 1400
1330 1345
1331 1410
1331 1431
1332 1378
1332 1438
1332 1438
1333 1320
1333 1438
1334 1401
1334 1379
1334 1390
1335 1426
1335 1376
1335 1332
1335 1421
1336 1377
1336 1417
1336 1392
1338 1398
1338 1391
1340 1446
1340 1367
1340 1367
1341 1364
1341 1407
1341 1351
1343 1329
1345 1377
1345 1374
1345 1391
1345 1357
1346 1365
1346 1364
1347 1385
1348 1396
1348 1424
1348 1394
1349 1438
1350 1342
1350 1431
1350 1400
1351 1442
1351 1347
1351 1383
1352 1337
1352 1378
1352 1440
1352 1376
1352 1347
1353 1462
1354 1398
1354 1438
1354 1438
1354 1331
1354 1462
1354 1439
1354 1333
1354 1430
1354 1364
1354 1376
1355 1367
1356 1438
1356 1320
1356 1438
1357 1386
1357 1361
1358 1432
1359 1400
1360 1345
1360 1356
1361 1354
1361 1335
1361 1424
1361 1428
1362 1438
1362 1406
1362 1345
1362 1384
1362 1378
1362 1440
1364 1338
1364 1397
1364 1345
1364 1391
1367 1425
1367 1380
1367 1368
1368 1329
1369 1332
1371 1427
1371 1375
1371 1388
1371 1429
1371 1462
1371 1427
1371 1391
1371 1322
1372 1327
1374 1377
1374 1394
1375 1398
1375 1453
1375 1403
1375 1431
1376 1328
1376 1367
1377 1345
1377 1453
1377 1350
1378 1453
1378 1438
1378 1414
1378 1364
1378 1408
1378 1346
1378 1333
1378 1332
1378 1454
1378 1320
1378 1327
1378 1422
1378 1419
1379 1378
1380 1454
1380 1377
1380 1394
1381 1411
1381 1454
1383 1372
1383 1356
1383 1344
1384 1371
1385 1385
1385 1325
1387 1452
1387 1351
1387 1363
1388 1451
1389 1417
1389 1397
1390 1399
1390 1363
1390 1427
1392 1424
1393 1369
1393 1352
1393 1329
1393 1329
1394 1455
1394 1414
1394 1399
1394 1423
1394 1426
1398 1364
1398 1322
1399 1450
1399 1377
1399 1438
1399 1453
1399 1332
1400 1364
1400 1365
1400 1406
1400 1324
1400 1357
1400 1400
1402 1438
1403 1323
1403 1460
1403 1357
1403 1438
1404 1436
1404 1432
1405 1375
1405 1344
1405 1341
1405 1373
1406 1321
1406 1419
1406 1320
1407 1356
1409 1378
1414 1357
1414 1344
1414 1414
1414 1442
1415 1371
1415 1459
1416 1409
1417 1378
1417 1347
1419 1345
1419 1352
1419 1349
1420 1409
1423 1376
1425 1441
1426 1362
1426 1439
1427 1406
1427 1451
1427 1453
1427 1367
1427 1394
1428 1334
1429 1394
1430 1398
1430 1367
1430 1334
1430 1438
1430 1370
1430 1367
1430 1368
1430 1417
1432 1438
1432 1460
1436 1378
1437 1334
1438 1332
1438 1450
1438 1427
1438 1401
1438 1361
1438 1378
1438 1387
1438 1460
1438 1438
1438 1349
1438 1339
1438 1406
1438 1330
1438 1388
1438 1325
1438 1354
1439 1430
1439 1427
1440 1352
1440 1438
1440 1351
1440 1367
1440 1438
1440 1454
1440 1347
1441 1324
1443 1390
1444 1354
1445 1371
1446 1427
1447 1455
1448 1440
1448 1322
1449 1462
1449 1389
1449 1339
1450 1362
1451 1357
1451 1354
1451 1354
1452 1349
1452 1350
1452 1392
1452 1320
1453 1333
1453 1393
1453 1435
1454 1337
1454 1324
1454 1377
1454 1390
1454 1373
1455 1369
1456 1378
1456 1327
1458 1377
1459 1451
1459 1407
1460 1445
1460 1326
1460 1441
1460 1340
1460 1333
1461 1424
1461 1350
1462 1439
1463 1464
1463 1463
1464 1464
1464 1466
1465 1465
1465 1466
1465 1464
1466 1463
1466 1464
1466 1464
1466 1465