0 1
0 23
0 31
0 4
0 6
1 31
1 29
1 19
1 32
1 5
1 8
1 19
1 19
1 27
1 4
2 29
2 8
3 21
3 3
3 31
3 31
3 23
3 3
3 5
3 29
3 27
3 4
3 3
3 4
3 551
4 6
4 22
4 4
4 31
4 15
4 4
4 21
4 21
4 5
4 19
4 6
4 21
4 12
4 9
4 16
4 23
4 19
4 5
4 31
4 18
4 11
4 4
4 4
4 23
4 30
4 11
4 6
4 21
4 19
4 4
4 27
4 30
4 16
4 12
4 31
4 4
4 5
4 32
4 31
4 5
4 4
4 0
4 21
4 5
4 29
4 14
4 13
4 1
4 19
4 21
4 5
4 8
4 18
4 19
4 27
4 30
4 23
4 23
4 12
4 16
4 23
4 27
4 19
4 19
4 27
4 27
4 27
4 16
4 55
4 425
4 564
4 545
5 15
5 18
5 30
5 20
5 27
5 16
5 19
5 33
5 30
5 16
5 5
5 13
5 4
5 32
5 21
5 3
5 23
5 31
5 8
6 30
6 6
6 29
6 5
6 23
6 19
6 6
6 5
6 31
6 19
6 18
6 4
6 1
6 21
6 12
6 4
6 24
6 14
6 32
7 3
7 19
7 8
7 31
7 31
7 12
7 24
7 18
7 9
7 31
7 183
7 714
8 23
8 19
8 16
8 27
8 7
8 31
8 19
8 29
8 31
8 19
8 31
9 27
9 20
9 20
9 19
9 24
9 18
10 29
11 2
11 19
11 22
11 18
11 4
11 30
11 16
11 21
11 20
11 4
11 0
11 19
11 24
11 6
11 558
11 712
12 19
12 6
12 19
12 5
12 21
12 11
12 13
12 4
12 27
12 4
12 21
12 4
12 50
13 19
13 8
13 8
13 27
13 23
13 20
13 29
13 4
13 23
13 11
13 4
13 4
13 31
13 3
13 12
13 31
13 8
13 37
13 544
14 16
14 30
14 4
14 8
14 16
14 16
15 8
15 16
15 8
15 13
15 12
15 31
16 19
16 27
16 14
16 30
16 16
16 1
16 4
16 16
16 4
16 19
16 7
16 6
16 30
16 27
16 23
16 23
16 31
16 4
16 6
16 18
16 2
16 31
16 31
16 30
16 11
16 6
16 0
16 23
16 40
16 226
16 710
17 18
18 11
18 6
18 5
18 2
18 32
18 18
18 5
18 18
18 20
18 3
18 19
18 24
18 27
18 4
18 31
18 4
18 7
18 6
18 19
18 18
18 33
18 6
18 23
19 14
19 33
19 19
19 4
19 23
19 21
19 4
19 23
19 2
19 1
19 20
19 27
19 27
19 21
19 4
19 24
19 8
19 12
19 23
19 5
19 23
19 4
19 29
19 19
19 21
19 8
19 6
19 11
19 4
19 31
19 11
19 18
19 37
19 521
19 710
20 23
20 23
20 31
20 23
20 16
20 16
20 23
20 31
20 7
20 18
20 23
20 226
21 12
21 23
21 16
21 5
21 27
21 16
21 4
21 24
21 19
21 31
21 4
21 2
21 1
21 7
21 16
21 30
21 23
21 14
21 33
21 16
21 6
21 21
21 23
21 7
21 289
22 4
22 4
22 4
22 23
22 32
22 1
22 5
22 23
22 16
22 19
22 8
22 33
22 31
22 5
22 31
23 31
23 32
23 32
23 19
23 6
23 20
23 4
23 19
23 27
23 27
23 18
23 6
23 31
23 22
23 3
23 19
23 18
23 22
23 19
23 12
23 6
23 8
23 19
23 1
23 23
23 23
23 21
23 6
23 31
23 4
23 23
23 29
23 8
23 23
23 18
23 23
23 23
23 11
23 16
23 18
23 23
23 23
23 5
23 32
23 4
23 24
23 21
23 23
23 23
23 4
23 23
23 30
23 27
23 47
23 60
23 656
23 710
24 13
24 13
24 23
24 25
24 31
24 31
24 16
24 19
24 558
25 16
25 23
25 5
25 31
26 11
27 19
27 23
27 4
27 21
27 18
27 16
27 16
27 19
27 12
27 13
27 14
27 4
27 5
27 27
27 16
27 5
27 21
27 27
27 31
27 27
27 4
27 14
27 23
27 29
27 19
27 13
27 13
27 4
27 31
27 39
28 33
28 28
28 16
28 30
29 6
29 27
29 11
29 18
29 31
29 16
29 4
29 19
29 31
29 31
29 39
29 226
30 11
30 20
30 27
30 23
30 0
30 18
30 5
30 23
30 12
30 32
30 18
30 518
31 7
31 20
31 4
31 5
31 14
31 8
31 23
31 28
31 24
31 31
31 27
31 16
31 20
31 31
31 5
31 12
31 7
31 18
31 15
31 30
31 27
31 32
31 19
31 29
31 21
31 8
31 19
31 18
31 13
31 20
31 12
31 18
31 20
31 4
32 5
32 31
32 23
32 27
32 29
32 4
32 23
32 13
32 13
32 2
32 16
32 19
32 4
32 23
32 7
32 4
32 4
32 9
32 20
32 30
32 23
32 32
32 24
33 4
33 32
33 5
33 4
33 23
33 6
33 12
33 16
33 718
34 62
34 57
34 58
34 62
34 45
34 55
34 37
34 559
35 55
35 50
35 62
35 51
35 47
35 62
35 41
35 62
35 37
35 44
35 62
35 49
35 558
36 50
37 55
37 60
37 55
37 57
37 62
37 54
37 45
37 55
37 40
37 62
37 61
37 56
37 37
37 58
37 58
37 62
37 62
37 47
37 49
37 51
37 35
37 45
37 46
37 44
37 43
37 44
37 40
37 50
37 61
37 53
37 37
37 55
37 34
37 55
37 51
37 558
38 47
38 51
39 39
39 51
39 50
39 58
39 44
40 50
40 57
40 40
40 37
40 52
40 200
41 55
41 37
41 51
41 50
41 59
41 44
41 37
41 40
41 35
41 62
41 62
41 55
41 49
41 50
41 411
42 44
43 62
43 37
43 47
43 47
44 37
44 50
44 60
44 59
44 52
44 55
44 62
44 51
44 51
44 62
44 60
44 37
44 59
44 47
44 49
44 43
44 34
44 51
44 40
44 62
44 55
44 50
44 58
45 51
45 52
46 59
47 44
47 55
47 62
47 62
47 61
47 34
47 41
47 56
47 41
47 58
47 47
47 34
47 53
47 41
47 34
47 62
47 57
47 62
47 62
47 37
48 51
49 59
49 47
49 44
49 62
49 44
49 62
49 60
49 49
49 60
49 49
49 62
49 44
49 62
49 50
49 35
49 62
49 60
50 53
50 47
50 49
50 44
50 50
50 44
50 52
50 62
50 62
50 35
50 37
50 35
50 60
50 51
50 51
50 49
50 52
50 50
50 60
50 51
50 62
50 37
50 62
50 37
50 58
50 60
50 59
50 44
50 49
50 50
50 61
50 62
50 60
50 49
51 50
51 60
51 44
51 49
51 62
51 52
51 55
51 44
51 35
51 57
51 44
51 53
51 62
51 59
51 62
51 35
51 55
51 50
51 62
51 62
51 62
51 37
51 525
52 50
52 35
52 49
52 52
52 51
52 49
52 46
52 60
52 40
52 44
52 50
52 58
52 194
52 189
52 525
53 59
53 45
53 57
53 34
53 41
53 55
54 44
54 58
54 51
54 37
54 523
55 49
55 58
55 58
55 62
55 50
55 62
55 41
55 37
55 34
55 61
55 50
55 58
55 37
55 55
55 37
55 59
55 51
55 37
55 51
55 51
55 56
56 41
56 62
56 34
56 50
57 58
57 35
57 58
57 50
57 588
58 62
58 49
58 62
58 58
58 330
59 54
59 57
59 35
59 61
59 40
59 44
59 37
59 61
59 53
59 41
59 62
59 62
59 62
59 50
59 58
59 37
59 53
59 58
59 54
60 37
60 44
60 55
60 58
60 62
60 34
60 62
60 52
60 58
60 62
60 55
60 51
60 49
60 50
60 39
60 62
60 58
60 44
61 34
61 58
61 37
61 50
61 57
61 50
61 62
61 62
62 37
62 35
62 61
62 37
62 47
62 50
62 50
62 55
62 44
62 40
62 37
62 51
62 51
62 51
62 37
62 58
62 55
62 38
62 50
62 60
62 47
62 49
62 62
62 37
62 38
62 37
62 58
62 57
62 45
62 62
62 39
62 55
62 55
62 37
62 51
62 57
62 49
62 35
62 37
62 39
62 35
62 60
62 50
62 37
62 58
62 61
62 35
62 49
62 59
62 45
62 44
62 40
62 59
62 58
62 47
62 37
62 47
62 54
62 82
62 375
62 522
64 84
64 68
64 86
64 84
64 86
65 84
65 65
65 80
65 86
65 73
65 84
65 86
65 82
65 81
65 67
65 73
65 71
65 86
65 84
65 68
65 84
65 74
65 84
65 77
65 84
65 66
65 86
65 84
65 82
65 84
65 84
65 84
66 83
66 78
66 65
66 84
67 69
67 83
67 84
67 86
67 86
67 84
67 96
68 67
68 68
68 74
68 75
68 65
68 73
68 68
68 68
68 75
68 80
68 86
68 66
68 83
69 75
69 86
69 81
69 84
69 69
69 76
69 86
70 86
70 70
70 84
70 84
71 71
71 86
71 86
71 76
71 83
71 82
71 78
71 86
71 69
71 65
71 86
72 86
74 86
74 86
74 65
74 78
74 68
74 65
74 84
74 65
74 77
74 74
74 86
74 78
74 84
75 82
75 66
75 86
75 75
75 83
75 85
75 75
75 83
75 85
75 86
75 86
75 65
75 74
75 78
75 74
75 75
75 82
75 86
75 479
75 533
76 83
76 84
76 85
76 77
76 83
76 75
76 705
77 70
77 65
77 75
77 82
77 86
77 83
77 69
77 86
77 83
78 71
78 84
78 65
80 70
80 70
80 70
80 86
80 64
80 86
80 84
80 65
80 86
80 83
80 84
80 84
80 94
80 189
82 77
82 70
82 84
82 86
82 71
82 75
82 86
82 67
82 86
82 75
82 70
82 84
82 80
83 84
83 84
83 86
83 81
83 71
83 83
83 65
83 65
83 82
83 86
83 70
83 84
83 83
83 83
83 98
84 84
84 84
84 83
84 75
84 75
84 83
84 75
84 84
84 86
84 84
84 86
84 84
84 67
84 68
84 73
84 84
84 74
84 82
84 80
84 84
84 86
84 86
84 80
84 84
84 84
84 65
84 84
84 80
84 65
84 84
84 69
84 84
84 68
84 86
84 86
84 84
84 83
84 65
84 76
84 84
84 68
84 86
84 86
84 73
84 68
84 69
84 65
84 76
84 84
84 64
84 86
84 77
84 70
84 86
84 75
84 75
84 65
84 69
84 78
84 84
84 86
84 68
84 189
84 199
85 65
85 86
85 86
85 84
85 189
86 84
86 77
86 86
86 86
86 74
86 71
86 86
86 86
86 82
86 77
86 70
86 75
86 69
86 84
86 71
86 80
86 86
86 86
86 69
86 76
86 86
86 71
86 68
86 78
86 76
86 84
86 64
86 84
86 83
86 67
86 84
86 80
86 84
86 76
86 64
86 86
86 84
86 84
86 86
86 84
86 84
86 86
86 86
86 84
86 71
86 83
86 68
86 86
86 82
86 65
86 83
86 68
86 84
86 65
86 84
86 65
86 65
86 86
86 86
86 69
86 84
86 82
86 70
86 68
86 84
86 189
87 90
88 91
88 197
89 91
90 90
90 91
90 90
90 96
90 98
90 96
90 96
90 99
90 91
90 98
90 88
90 98
90 90
90 94
90 96
90 96
90 96
90 91
90 90
90 96
90 99
90 99
90 88
90 99
91 96
91 91
91 94
91 95
91 95
91 96
91 91
91 96
91 90
91 98
91 91
91 94
91 98
91 91
91 91
91 99
91 91
92 95
94 96
94 96
94 91
94 96
94 90
94 90
94 99
94 98
94 99
94 98
94 99
94 91
94 96
96 94
96 98
96 94
96 91
96 98
96 99
96 87
96 100
96 98
96 99
96 98
96 91
96 96
96 98
96 90
96 96
96 98
96 99
96 99
96 99
96 99
96 171
97 96
98 90
98 90
98 96
98 90
98 94
98 96
98 99
98 99
98 100
98 96
99 99
99 91
99 96
99 94
99 94
99 98
99 99
99 94
99 96
99 96
99 94
99 99
99 90
99 487
100 91
100 93
100 96
100 90
100 98
100 96
100 94
100 319
101 110
101 107
101 112
101 112
101 104
102 104
102 114
102 106
102 106
102 107
102 109
102 114
104 108
104 105
104 109
104 425
105 109
106 106
106 114
106 106
106 107
106 119
106 321
106 410
106 433
107 109
108 106
109 106
109 109
109 106
109 112
109 109
109 106
109 102
109 112
110 112
111 109
111 102
111 109
111 104
112 111
112 114
112 109
112 112
112 105
112 109
112 112
112 113
112 104
112 106
112 114
112 109
112 408
113 107
113 107
114 114
114 114
114 112
114 114
114 106
114 104
114 106
114 107
114 107
114 580
116 149
116 146
116 171
118 121
118 126
119 171
119 168
119 171
119 174
119 177
120 156
121 157
121 177
121 181
121 142
121 332
122 177
122 153
123 153
123 179
124 130
124 142
125 172
125 166
126 163
127 174
127 153
127 169
127 149
127 146
127 120
127 179
127 160
127 168
127 148
127 136
127 142
127 163
127 146
127 171
127 149
127 154
127 150
129 127
130 151
130 144
130 160
130 136
130 171
130 180
130 116
130 127
130 134
130 127
130 130
130 171
132 136
132 153
132 142
132 174
132 130
133 141
134 318
134 452
135 166
135 127
135 126
136 171
136 166
136 130
136 165
136 146
136 168
136 142
136 171
136 153
136 142
136 163
136 171
139 142
139 139
139 139
139 165
139 180
139 151
139 165
139 171
139 142
139 139
139 171
139 177
139 159
139 122
139 136
139 226
139 515
142 130
142 171
142 146
142 133
142 171
142 172
142 171
142 127
142 139
142 182
142 130
142 171
142 172
142 121
142 130
143 130
143 129
143 171
144 122
144 171
144 171
144 171
144 157
144 146
144 171
144 121
146 129
146 171
146 171
146 153
146 120
146 180
146 134
146 174
146 160
146 145
146 171
147 171
147 578
147 712
148 149
149 149
149 165
149 151
149 130
149 153
149 177
149 181
149 127
149 127
149 171
149 148
149 142
149 180
150 156
150 171
150 683
151 160
152 171
152 139
153 171
153 171
153 166
153 153
153 158
153 182
153 140
153 172
153 139
153 143
153 132
153 139
153 411
154 127
154 127
154 146
154 174
154 172
154 142
154 144
155 153
155 157
155 142
155 149
155 177
155 169
155 172
155 153
155 171
156 171
157 166
157 181
157 139
157 172
157 156
158 166
158 128
160 171
160 130
161 181
161 180
161 150
161 166
161 172
161 132
161 157
161 130
161 149
162 123
163 149
163 182
163 127
163 171
163 123
163 149
163 171
165 116
165 171
165 149
165 172
165 139
165 146
165 163
166 177
166 169
166 523
167 142
168 180
168 144
170 180
171 149
171 171
171 123
171 179
171 180
171 153
171 153
171 152
171 157
171 171
171 161
171 171
171 171
171 161
171 182
171 136
171 153
171 122
171 172
171 171
171 176
171 116
171 116
171 174
171 153
171 160
171 171
171 153
171 177
171 152
171 174
171 165
171 177
171 153
171 139
171 171
171 144
171 171
171 153
171 160
171 177
171 165
171 122
171 127
171 130
171 142
171 165
171 171
171 132
171 171
171 171
171 136
171 182
171 136
171 182
171 127
171 177
171 132
171 180
171 132
171 172
171 171
171 174
171 180
171 180
171 153
171 132
171 127
171 131
171 163
171 171
171 175
171 180
171 149
171 139
171 139
171 255
171 226
171 226
171 226
171 558
171 573
171 683
172 180
172 117
172 144
172 139
172 153
172 171
172 171
172 171
172 174
172 153
172 179
172 153
172 171
172 165
173 161
174 179
174 173
174 181
174 122
174 116
174 139
174 189
175 158
175 176
176 172
176 171
176 179
177 154
177 171
177 162
177 127
177 171
179 153
179 144
179 171
179 122
179 161
179 174
179 171
179 130
179 135
179 169
179 171
179 378
180 146
180 153
180 127
180 172
180 178
180 146
180 142
181 144
181 171
181 177
182 159
182 171
182 171
182 165
182 142
182 166
182 134
182 166
182 172
182 119
182 171
183 189
183 194
184 200
184 188
184 184
184 188
184 188
184 189
184 188
184 198
184 197
184 189
184 193
184 185
184 188
184 194
184 189
184 193
184 189
184 184
184 199
184 194
184 194
185 184
185 184
185 196
185 188
185 185
185 186
185 188
185 188
186 193
186 189
186 193
186 199
186 188
186 184
187 199
187 189
187 188
187 188
188 189
188 189
188 192
188 188
188 193
188 187
188 186
188 194
188 186
188 188
188 185
188 193
188 187
188 184
188 187
188 184
188 194
188 187
188 193
188 193
188 197
188 196
188 194
188 185
188 189
188 193
188 188
188 194
188 193
188 183
188 194
188 188
188 186
188 188
188 188
188 194
188 185
188 197
188 188
188 188
188 184
188 185
188 192
188 188
188 188
188 199
188 193
188 184
188 185
188 188
188 193
188 297
188 683
189 200
189 186
189 197
189 184
189 188
189 188
189 189
189 185
189 189
189 189
189 194
189 186
189 188
189 188
189 183
189 193
189 200
189 197
189 189
189 194
189 193
189 184
189 190
189 189
189 197
189 189
189 188
189 189
189 184
189 184
189 200
189 189
189 189
189 194
189 187
189 191
189 194
189 193
189 193
189 189
189 184
190 195
190 188
190 188
190 189
190 188
190 189
190 194
190 194
190 194
190 194
191 189
191 192
191 200
191 188
191 199
191 188
191 185
191 189
191 184
191 189
191 200
191 188
192 190
192 188
192 187
192 194
192 194
193 193
193 191
193 189
193 193
193 193
193 197
193 196
193 194
193 188
193 189
193 184
193 188
193 189
193 187
193 191
193 184
193 189
193 197
193 184
193 193
193 193
193 197
194 189
194 189
194 194
194 191
194 193
194 189
194 199
194 199
194 189
194 197
194 189
194 188
194 193
194 188
194 194
194 198
194 187
194 188
194 188
194 189
194 194
194 188
194 188
194 196
194 189
194 198
194 193
194 197
194 194
194 189
194 184
194 190
194 194
194 184
194 187
194 188
194 188
194 194
194 194
194 300
195 189
196 189
196 197
196 185
196 199
196 189
196 193
197 194
197 194
197 191
197 192
197 199
197 189
197 191
197 200
197 200
197 189
197 189
197 558
198 188
198 194
199 194
199 189
199 185
199 194
199 199
199 189
199 197
199 199
199 184
199 194
199 193
199 200
199 189
200 194
200 287
202 226
202 203
203 226
204 256
204 226
204 226
204 226
210 201
210 226
210 212
211 226
211 238
212 226
212 255
212 235
213 226
213 226
214 226
219 242
220 258
220 237
220 203
220 420
221 272
223 262
223 212
224 226
224 226
225 226
225 255
225 545
226 256
226 226
226 255
226 235
226 235
226 271
226 226
226 226
226 226
226 202
226 255
226 226
226 226
226 242
226 226
226 226
226 249
226 242
226 226
226 253
226 203
226 235
226 269
226 242
226 226
226 270
226 231
226 207
226 228
226 226
226 226
226 215
226 220
226 255
226 203
226 251
226 226
226 253
226 226
226 226
226 226
226 226
226 226
226 270
226 226
226 226
226 253
226 242
226 203
226 253
226 238
226 252
226 226
226 253
226 250
226 226
226 226
226 226
226 235
226 220
226 213
226 226
226 226
226 226
226 226
226 226
226 205
226 235
226 250
226 226
226 274
226 297
226 345
226 444
226 466
226 462
226 538
226 685
228 225
228 235
231 226
231 638
232 339
234 226
234 226
235 261
235 226
235 253
235 226
235 496
237 238
238 235
243 265
243 204
243 243
243 221
243 226
243 209
245 235
248 243
250 255
251 264
251 268
251 322
252 226
253 235
254 260
254 202
254 226
254 226
254 226
255 226
255 226
255 226
255 237
255 226
255 235
255 226
255 254
255 226
255 667
257 267
257 226
257 578
258 254
258 242
260 226
260 255
261 226
261 253
262 203
263 226
263 574
265 223
267 226
268 226
269 428
269 657
270 269
271 206
271 226
273 278
275 297
275 288
278 288
278 278
278 297
279 275
279 284
279 288
279 282
280 297
280 288
281 276
281 286
281 279
281 279
281 295
281 297
281 301
281 341
282 297
282 297
282 297
282 299
282 300
283 281
285 299
285 288
285 278
286 291
286 286
287 301
287 297
291 444
292 282
293 297
294 287
295 301
296 295
296 282
296 275
296 296
297 279
297 280
297 297
297 297
297 296
297 291
297 275
297 301
297 288
297 282
297 278
297 295
297 296
297 300
297 297
297 297
297 297
297 297
297 297
297 301
297 296
297 296
297 300
297 297
297 297
297 275
297 300
297 290
297 287
297 297
297 297
297 297
297 297
297 273
297 447
297 558
299 294
299 278
299 296
300 274
300 299
300 301
302 304
302 332
302 337
302 332
305 345
306 394
310 399
312 332
313 332
313 321
313 348
314 330
314 318
315 316
315 330
315 330
315 330
316 335
316 348
316 311
318 330
318 337
318 332
318 573
318 568
319 345
321 332
321 328
321 330
321 330
321 330
321 330
321 346
321 444
321 399
321 643
321 683
323 332
323 330
323 584
324 318
324 330
325 330
325 348
325 345
325 330
325 444
327 334
328 330
328 316
328 337
329 315
330 332
330 330
330 315
330 337
330 322
330 315
330 334
330 330
330 330
330 316
330 332
330 335
330 321
330 330
330 335
330 335
330 321
330 345
330 312
330 321
330 332
330 337
330 336
330 330
330 337
330 345
330 345
330 334
330 435
330 444
330 436
330 413
330 375
330 457
330 552
330 534
330 529
330 548
330 654
330 648
332 334
332 330
332 332
332 332
332 332
332 320
332 323
332 330
332 345
332 340
332 330
332 328
332 345
332 329
332 345
332 326
332 330
332 332
332 308
332 315
332 341
332 332
332 330
332 332
332 313
332 330
332 332
332 330
332 332
332 444
332 428
332 375
332 429
332 420
332 390
332 468
332 558
332 524
332 605
332 632
333 345
333 332
333 321
333 558
334 307
334 330
334 347
334 332
334 606
335 315
335 337
335 486
336 334
336 330
336 378
336 608
337 336
337 330
337 330
337 444
337 595
337 674
339 321
339 330
339 330
339 332
340 332
342 332
343 337
344 345
345 332
345 345
345 306
345 332
345 330
345 338
345 345
345 332
345 339
345 454
345 554
345 558
345 663
346 304
348 330
348 328
348 321
348 332
348 432
349 373
350 373
350 352
351 372
351 370
353 373
354 358
354 373
354 359
354 357
354 350
355 354
356 370
356 372
356 363
356 356
356 363
356 366
356 365
356 360
356 373
357 373
357 359
357 367
358 363
358 363
359 354
359 373
359 358
359 370
359 373
359 363
360 353
361 359
362 373
363 373
363 363
363 373
363 371
363 373
363 373
363 363
363 352
363 357
366 370
368 372
369 373
370 373
370 373
370 363
370 356
370 359
370 373
371 373
371 373
372 358
372 373
372 370
372 373
372 366
372 362
372 362
373 373
373 358
373 373
373 359
373 352
373 373
373 350
373 373
373 372
373 372
373 372
373 362
373 373
373 373
373 361
373 373
374 372
374 373
375 411
375 444
375 375
375 391
375 399
375 375
375 441
375 375
375 444
375 391
375 429
375 434
375 375
375 424
375 444
375 411
375 411
375 393
375 424
375 389
375 435
375 410
375 444
375 375
375 401
375 403
375 387
375 429
375 387
375 390
375 420
375 377
375 440
375 387
375 395
375 409
375 387
375 411
375 410
375 444
375 435
375 410
375 440
375 393
375 429
375 444
375 375
375 408
375 425
375 441
375 444
375 387
375 444
375 427
375 387
375 411
375 466
375 462
375 538
375 522
375 558
375 614
375 610
375 614
375 601
376 430
376 424
376 387
377 440
378 432
378 411
378 444
378 420
378 399
378 375
378 375
378 444
378 380
378 378
378 375
378 387
378 375
378 403
378 433
378 442
378 426
378 379
380 375
380 376
380 438
380 444
380 375
380 432
380 399
380 432
380 410
380 380
380 430
380 540
381 412
381 375
383 390
383 411
383 432
383 444
383 411
385 428
385 375
385 391
385 424
385 444
385 410
385 413
385 387
385 408
385 438
387 420
387 413
387 375
387 444
387 397
387 396
387 420
387 410
387 399
387 433
387 375
387 375
387 426
387 375
387 432
387 429
387 410
387 444
387 389
387 387
387 399
387 375
387 411
387 444
387 410
387 411
387 440
387 399
387 375
387 410
387 385
387 378
387 411
387 375
389 400
389 444
389 411
389 432
390 375
390 397
390 387
390 378
390 425
390 440
390 387
390 380
390 387
390 387
390 525
391 425
391 440
391 444
391 444
391 375
391 396
391 393
391 432
393 375
394 383
394 420
394 648
395 444
395 432
395 444
395 444
395 390
395 424
395 410
396 389
396 444
396 377
396 399
396 432
396 399
396 441
396 399
397 424
397 444
398 399
398 444
398 387
399 411
399 410
399 375
399 375
399 444
399 429
399 378
399 375
399 432
399 444
399 440
399 439
399 420
399 378
399 375
399 432
399 442
399 399
399 563
399 579
399 656
400 418
400 413
400 535
405 378
405 385
405 375
406 428
406 387
407 432
407 551
409 444
409 387
409 444
409 409
409 431
409 378
409 420
410 387
410 393
410 404
410 410
410 383
410 399
410 432
410 375
410 411
410 398
410 390
410 422
410 444
410 434
410 425
410 375
410 410
410 396
410 378
410 375
411 415
411 441
411 399
411 420
411 411
411 375
411 385
411 420
411 410
411 435
411 375
411 375
411 389
411 377
411 388
411 444
411 429
411 396
411 432
411 432
411 387
411 435
411 432
411 444
411 418
411 390
411 432
411 387
411 477
411 659
412 425
413 427
413 441
413 434
413 432
413 375
413 554
414 413
414 443
415 528
416 444
417 411
417 375
417 399
417 444
417 443
417 410
417 432
417 375
417 544
418 375
419 411
419 387
420 424
420 387
420 428
420 444
420 439
420 375
420 399
420 385
420 399
420 444
420 444
420 435
420 539
422 390
422 444
422 432
423 387
424 380
424 444
424 411
424 400
424 410
424 431
424 432
424 418
424 375
424 375
424 375
424 514
424 657
425 399
425 422
425 408
426 429
426 387
426 398
426 391
427 375
427 466
428 432
429 420
429 399
429 440
429 421
429 389
429 420
429 429
429 420
429 489
430 400
430 375
430 375
431 407
431 406
432 380
432 432
432 400
432 410
432 432
432 389
432 411
432 375
432 425
432 378
432 444
432 444
432 410
432 444
432 411
432 393
432 444
432 378
432 396
432 391
432 432
432 429
432 432
432 426
432 391
432 410
432 387
432 432
432 375
432 375
432 393
432 393
432 447
432 455
432 535
432 601
432 690
433 433
433 387
433 442
433 424
433 447
434 432
435 429
435 375
435 375
435 425
435 444
435 417
435 380
435 444
435 444
435 427
436 433
439 444
440 375
440 393
440 392
440 411
440 411
440 396
440 645
441 375
441 416
441 426
441 444
441 380
441 375
441 434
441 411
442 444
442 420
442 387
442 408
442 420
442 411
442 601
443 381
443 376
444 420
444 411
444 425
444 444
444 387
444 387
444 390
444 398
444 425
444 391
444 441
444 403
444 406
444 378
444 399
444 410
444 444
444 420
444 387
444 375
444 413
444 432
444 387
444 444
444 444
444 375
444 387
444 444
444 378
444 375
444 380
444 411
444 420
444 411
444 380
444 429
444 415
444 383
444 375
444 387
444 387
444 390
444 440
444 391
444 420
444 385
444 375
444 375
444 444
444 391
444 410
444 431
444 380
444 425
444 434
444 411
444 425
444 417
444 375
444 411
444 387
444 443
444 375
444 444
444 413
444 390
444 387
444 444
444 424
444 461
444 529
444 548
444 533
444 558
444 558
445 461
445 468
446 464
446 454
447 452
447 610
448 468
450 468
451 455
451 472
451 454
451 466
451 521
452 447
452 454
452 464
452 455
452 551
452 625
453 468
453 462
453 471
453 454
453 445
454 468
454 447
454 454
454 452
454 466
454 454
454 468
454 457
454 458
454 460
454 445
454 472
454 452
454 460
454 464
454 451
454 466
454 521
454 563
455 451
455 463
455 468
455 466
455 454
455 457
455 452
456 458
456 460
456 461
456 471
456 467
456 558
456 602
456 683
457 460
457 449
457 468
457 446
457 534
458 464
458 457
458 468
459 464
459 472
459 466
460 455
460 466
460 454
460 464
460 468
460 454
460 470
460 455
460 531
460 548
461 456
461 464
462 471
462 468
462 468
462 468
462 457
462 454
462 471
462 555
462 533
463 466
463 472
463 472
463 455
463 466
463 557
463 544
464 464
464 472
464 458
464 462
464 446
464 454
464 464
464 468
464 456
464 447
464 466
464 462
464 563
464 558
464 526
465 455
465 452
465 472
465 558
466 464
466 457
466 464
466 464
466 457
466 472
467 468
468 456
468 466
468 456
468 449
468 468
468 469
468 450
468 468
468 466
468 455
468 446
468 446
468 468
468 463
468 464
468 472
468 458
468 460
468 472
468 445
468 453
468 468
468 461
468 469
468 524
468 550
468 543
468 561
468 552
468 556
468 544
468 558
469 467
470 460
470 450
470 454
470 457
470 456
470 468
470 446
471 456
471 455
471 457
471 464
471 463
472 468
472 460
472 468
472 470
472 464
472 464
472 451
472 464
472 454
472 454
472 468
472 472
472 463
472 447
472 472
472 524
472 558
472 548
473 479
474 477
474 483
474 490
474 492
474 489
474 489
474 477
474 495
474 680
475 493
475 492
475 492
475 474
475 479
476 493
476 479
476 481
476 481
476 492
476 481
476 474
476 473
477 477
477 477
477 476
477 491
477 489
477 476
477 476
477 474
477 484
477 489
477 489
477 477
478 477
479 477
479 477
479 489
479 492
479 489
479 476
479 584
480 476
480 481
481 479
481 477
481 480
481 489
481 481
481 479
481 481
481 479
481 490
482 479
483 487
484 492
484 476
486 484
486 477
487 483
487 479
487 489
487 497
487 481
489 489
489 497
489 477
489 477
489 479
489 497
489 486
489 489
489 489
489 490
489 480
489 484
489 481
489 489
489 484
489 483
489 476
489 492
489 483
489 477
489 496
490 476
491 490
492 476
492 483
492 474
492 477
492 477
492 492
492 495
492 489
492 488
492 489
492 474
492 474
492 558
495 481
495 489
495 671
496 481
496 489
496 477
496 489
497 489
497 489
497 491
498 498
498 499
498 512
498 510
498 510
498 499
498 517
498 516
498 504
498 505
498 520
498 498
499 518
499 501
499 499
499 504
499 507
499 518
499 515
499 503
499 512
499 512
499 499
499 510
499 499
499 501
499 518
499 518
500 505
501 510
501 498
501 505
501 510
502 510
503 505
503 512
503 509
503 505
504 510
504 512
504 505
504 498
504 506
504 510
504 506
504 512
504 512
504 512
505 510
505 499
505 507
505 517
505 509
505 507
505 499
505 506
506 503
506 509
507 518
507 515
507 516
507 499
507 499
507 510
508 511
509 499
509 499
509 514
509 500
509 511
509 499
509 517
509 511
509 500
509 498
510 514
510 510
510 512
510 517
510 512
510 504
510 505
510 511
510 512
510 498
510 509
510 512
510 516
510 510
510 510
510 517
510 512
510 506
511 515
511 518
511 510
511 510
511 505
511 511
511 510
511 507
511 513
511 518
511 510
512 518
512 504
512 498
512 505
512 509
512 517
512 505
512 509
512 508
512 499
512 510
512 512
512 499
512 498
512 512
512 513
512 498
512 512
513 516
514 499
515 511
515 511
515 511
515 510
515 510
515 515
515 508
515 517
516 512
516 508
516 511
516 509
516 516
516 516
516 500
517 510
517 509
517 510
517 510
517 509
517 498
517 510
517 510
518 512
518 511
518 498
518 499
518 505
518 510
518 517
519 515
519 500
519 511
519 510
519 510
520 498
520 503
521 553
521 564
521 542
521 543
521 548
521 553
521 548
521 531
521 551
521 552
521 533
521 533
521 558
521 555
521 556
521 538
521 554
521 558
521 563
521 558
521 556
521 529
521 525
522 548
522 548
522 526
522 547
522 542
522 548
522 521
522 548
522 524
522 552
522 542
522 521
522 553
522 550
523 544
523 558
523 554
523 550
523 533
523 544
523 540
523 548
523 533
523 525
523 546
523 558
523 523
523 558
523 558
523 533
523 521
524 538
524 559
524 558
524 533
524 529
524 555
524 564
524 558
524 557
524 546
524 552
524 548
524 524
524 542
524 524
524 533
524 535
524 564
524 551
525 548
525 548
525 561
525 564
525 544
525 555
525 555
525 521
525 533
525 536
525 558
525 548
525 524
526 521
526 531
526 533
526 558
526 542
526 521
526 525
526 524
526 541
528 540
528 558
528 548
528 556
528 559
529 521
529 560
529 530
529 541
529 557
529 548
529 536
529 561
529 552
529 558
529 555
529 544
529 561
529 523
529 531
529 548
530 521
530 548
530 556
530 552
530 558
530 533
530 542
530 546
531 524
531 558
531 555
531 559
531 548
531 545
531 524
531 564
531 529
531 524
531 553
531 536
531 546
531 526
532 531
532 533
533 551
533 552
533 534
533 560
533 533
533 559
533 558
533 554
533 544
533 540
533 540
533 548
533 531
533 544
533 555
533 542
533 559
533 528
534 558
534 561
534 521
534 558
534 557
534 548
534 558
534 551
534 531
534 548
534 555
534 538
534 555
534 548
534 531
534 558
534 523
534 560
534 522
534 530
534 558
534 533
534 521
534 558
534 564
534 542
534 547
534 539
534 548
534 547
534 557
534 533
535 564
535 530
535 558
535 525
535 548
535 534
535 542
535 548
536 564
536 538
536 545
536 526
538 558
538 558
538 564
538 534
538 558
538 538
538 533
538 552
538 548
538 548
538 545
539 563
539 550
539 548
539 548
539 542
539 533
539 534
539 558
539 547
539 533
539 521
539 561
539 539
539 547
539 521
539 521
540 558
540 525
540 524
540 521
540 523
540 538
540 542
540 521
540 558
540 539
540 533
540 534
540 564
541 563
541 552
541 564
541 558
542 561
542 535
542 557
542 552
542 528
542 522
542 541
542 521
542 524
542 524
542 524
542 548
542 534
542 552
542 548
543 549
543 552
544 533
544 537
544 554
544 558
544 538
544 545
544 533
544 533
544 521
544 552
545 524
545 525
545 527
545 535
545 530
545 533
545 533
545 548
545 558
545 555
545 524
545 533
545 558
545 558
545 557
545 525
545 564
545 548
545 558
546 558
546 522
546 524
546 557
546 533
546 564
546 558
546 554
546 555
546 546
546 540
546 605
547 554
547 528
547 529
547 558
547 556
547 564
547 534
547 558
547 523
547 545
548 558
548 563
548 549
548 563
548 557
548 558
548 558
548 558
548 552
548 548
548 540
548 540
548 545
548 558
548 555
548 558
548 542
548 552
548 550
548 548
548 558
548 541
548 521
548 559
548 558
548 523
548 542
548 534
548 529
548 551
548 558
548 548
548 552
548 556
548 558
548 542
548 548
548 532
548 554
548 560
548 525
548 533
548 548
548 558
548 552
548 551
548 563
548 561
548 524
548 533
548 548
548 561
548 564
548 529
548 533
548 558
548 521
548 533
548 548
548 524
548 534
548 564
548 557
548 548
548 525
548 524
548 535
548 534
548 545
548 558
548 548
548 558
548 521
548 552
548 557
548 522
548 558
548 531
548 538
548 525
548 558
548 525
548 548
548 606
549 552
549 530
550 523
550 555
550 564
550 545
550 542
550 551
550 538
550 558
550 545
550 564
550 563
550 564
550 529
551 545
551 552
551 548
551 561
551 523
551 525
551 563
551 564
551 555
551 558
551 558
551 523
551 525
551 521
551 534
551 543
552 564
552 533
552 535
552 524
552 533
552 558
552 555
552 538
552 548
552 524
552 558
552 538
552 552
552 558
552 558
552 534
552 557
552 559
552 526
552 548
553 548
553 558
553 563
553 548
553 558
553 560
553 554
554 533
554 541
554 525
554 548
554 544
554 534
554 558
554 521
554 548
554 554
554 545
554 556
554 550
554 552
554 529
554 556
554 558
554 558
555 561
555 551
555 523
555 550
555 542
555 523
555 521
555 558
555 558
555 522
555 563
555 558
555 550
555 557
555 542
555 539
555 561
556 521
556 558
556 523
556 563
556 547
556 534
556 554
556 557
556 558
556 521
556 524
556 521
556 522
556 542
557 558
557 556
557 548
557 561
557 557
557 534
557 535
557 534
557 524
557 547
557 523
557 539
557 549
557 555
557 531
557 555
557 564
557 525
557 548
557 548
557 548
557 554
557 552
557 534
558 529
558 553
558 548
558 558
558 555
558 548
558 564
558 555
558 546
558 559
558 534
558 523
558 529
558 558
558 556
558 558
558 563
558 548
558 548
558 556
558 546
558 557
558 554
558 535
558 521
558 538
558 523
558 558
558 558
558 548
558 528
558 558
558 533
558 546
558 521
558 525
558 554
558 558
558 521
558 525
558 522
558 544
558 561
558 525
558 545
558 521
558 552
558 548
558 524
558 548
558 548
558 524
558 525
558 558
558 523
558 532
558 561
558 548
558 551
558 555
558 534
558 522
558 558
558 531
558 555
558 558
558 536
558 544
558 521
558 558
558 555
558 539
558 561
558 558
558 555
558 554
558 522
558 558
558 564
558 548
558 533
558 533
558 524
558 544
558 521
558 558
558 539
558 548
558 548
558 525
558 521
558 548
558 523
558 548
558 526
558 558
558 525
558 531
558 559
558 557
558 547
558 555
558 533
558 552
558 550
558 535
558 552
558 548
558 558
558 554
558 558
558 542
558 548
558 542
558 558
558 557
558 534
558 560
558 548
558 558
558 564
558 548
558 548
558 564
558 545
558 523
558 548
558 558
558 655
558 657
559 564
559 548
559 558
559 548
559 540
559 548
560 558
560 552
560 521
561 542
561 558
561 524
561 558
561 558
561 564
561 539
561 556
561 548
561 558
563 545
563 547
563 558
563 548
563 548
563 531
563 558
563 525
563 544
563 542
563 559
563 533
564 524
564 526
564 523
564 558
564 548
564 545
564 533
564 525
564 558
564 547
564 523
564 552
564 529
564 542
564 556
564 526
564 521
564 558
564 558
564 558
564 557
565 580
565 580
565 578
565 579
565 565
565 579
565 575
567 573
568 565
568 584
568 584
568 573
568 573
571 578
571 584
571 573
571 578
571 572
571 579
571 583
571 565
571 584
571 568
571 568
572 573
573 578
573 573
573 579
573 583
573 579
573 578
573 565
573 584
574 583
574 583
574 577
574 568
574 578
574 584
574 574
574 584
574 573
574 584
574 578
574 578
574 584
574 577
575 578
575 574
575 584
575 565
575 637
576 584
577 583
577 571
577 583
577 583
578 573
578 578
578 578
578 583
578 568
578 571
578 573
578 573
578 583
578 582
578 571
578 578
578 583
578 578
578 578
578 580
578 577
578 582
578 574
578 581
578 574
578 571
578 573
578 584
578 574
578 582
578 582
578 584
578 582
579 574
579 573
579 584
579 565
579 571
579 571
579 583
579 571
580 565
580 578
580 582
582 577
582 584
582 566
582 580
582 584
582 574
582 582
582 584
583 582
583 579
583 584
583 565
583 578
583 573
584 565
584 578
584 565
584 571
584 573
584 582
584 584
584 577
584 582
584 584
584 576
584 574
584 565
584 574
584 575
584 601
585 588
585 588
585 590
585 588
585 586
585 588
586 586
586 588
586 590
586 588
586 588
586 588
586 590
586 589
586 590
586 586
586 588
586 591
586 586
586 588
586 586
586 590
586 589
586 586
586 590
588 586
588 588
588 586
588 589
588 586
588 588
588 586
588 590
588 590
588 586
588 586
589 585
589 586
589 586
589 588
589 586
589 586
590 587
590 588
590 590
590 588
590 586
590 588
590 590
590 590
590 590
590 586
590 586
590 586
590 586
591 590
591 586
592 593
593 593
593 593
593 593
594 603
595 603
595 601
595 601
595 603
595 617
595 616
595 595
595 616
595 608
595 601
596 615
596 613
596 606
597 614
598 616
599 608
599 595
601 616
601 601
601 614
601 616
601 607
601 616
601 602
601 601
601 606
601 605
601 595
601 601
601 596
601 601
601 611
601 601
601 609
602 606
602 614
602 601
602 617
603 610
604 603
605 611
605 595
605 614
606 595
606 601
606 615
606 614
608 615
608 598
609 601
609 601
610 614
610 616
611 601
614 595
614 601
614 601
614 603
614 597
614 616
614 611
615 601
615 612
615 611
615 601
615 603
616 601
616 601
616 601
616 617
616 606
616 595
616 595
616 604
616 601
616 608
616 601
616 617
616 606
616 601
616 595
616 614
617 601
617 601
617 614
617 601
617 616
618 621
618 621
618 620
620 621
620 618
620 621
621 624
621 619
621 621
621 619
621 623
621 627
621 621
621 618
621 623
621 623
621 621
621 629
621 629
621 620
621 624
621 629
622 621
622 624
623 621
624 622
624 621
624 629
625 625
625 623
625 621
625 621
625 618
625 623
625 629
625 623
626 621
627 620
627 623
629 629
629 625
629 622
629 624
629 621
630 648
630 648
630 632
630 632
631 643
631 652
632 657
632 657
632 643
632 648
632 654
632 640
632 648
632 639
632 640
632 649
632 648
632 648
632 633
632 649
632 632
632 647
632 639
632 632
634 657
634 648
636 654
637 657
637 657
637 649
637 648
638 648
638 645
638 648
638 657
638 648
638 648
638 636
638 648
638 640
638 637
639 643
640 657
640 647
643 652
643 648
643 653
643 657
643 656
643 648
643 638
643 656
643 657
643 657
643 652
644 648
644 656
645 638
645 638
645 632
645 655
645 638
645 643
645 645
645 645
645 657
645 654
645 649
647 656
647 632
647 654
648 649
648 652
648 649
648 657
648 648
648 657
648 640
648 630
648 639
648 648
648 657
648 638
648 630
648 652
648 643
648 632
648 657
648 635
648 648
648 654
648 645
648 632
648 637
648 632
648 653
648 648
648 649
648 657
648 638
648 652
648 654
648 656
649 647
649 648
649 632
649 643
649 648
650 648
650 657
651 655
651 641
652 643
652 648
652 643
652 656
652 655
652 654
652 648
652 648
652 632
652 631
653 657
654 648
654 640
654 657
654 645
654 648
654 645
654 654
654 657
654 637
654 654
654 654
654 648
654 648
654 641
654 654
654 654
654 655
654 648
654 642
654 654
654 657
654 643
655 643
655 657
655 648
656 648
656 654
656 648
656 657
656 654
656 642
656 657
657 648
657 648
657 638
657 645
657 657
657 657
657 657
657 643
657 657
657 648
657 648
657 634
657 654
657 631
657 632
657 654
657 640
657 654
657 630
657 657
657 656
657 648
657 630
657 657
657 632
657 632
657 651
657 649
657 648
657 648
657 657
657 654
657 654
657 657
657 654
657 655
657 632
657 649
657 636
657 648
657 656
657 643
658 645
658 657
659 660
660 660
660 660
660 660
660 661
661 659
662 660
662 661
662 660
662 661
663 690
663 685
663 683
663 675
663 667
663 679
663 683
663 683
663 683
663 692
663 663
663 667
663 683
663 683
663 690
664 683
664 673
664 668
665 683
666 673
666 683
666 666
666 688
667 673
667 683
667 688
667 683
667 664
667 683
667 683
669 683
670 683
670 683
670 682
670 688
670 671
670 663
670 683
671 666
671 666
671 667
671 683
672 674
673 670
673 683
673 683
673 663
674 679
675 674
675 679
675 683
677 673
678 683
679 686
679 683
679 683
679 683
679 683
679 689
680 683
680 663
680 663
680 673
680 682
681 683
681 682
681 683
683 677
683 692
683 683
683 683
683 671
683 670
683 690
683 671
683 670
683 674
683 673
683 688
683 663
683 690
683 690
683 680
683 683
683 663
683 683
683 683
683 683
683 690
683 679
683 692
683 663
683 686
683 692
683 666
683 671
683 683
683 663
683 683
683 683
683 675
683 666
683 683
683 680
683 691
683 663
683 672
684 683
685 691
685 690
685 663
686 683
686 677
686 664
686 672
686 663
686 663
686 670
686 667
686 667
686 680
686 683
686 666
687 692
687 683
687 682
687 683
687 673
688 683
688 675
689 683
689 681
690 668
690 683
690 683
690 683
690 683
690 683
691 683
692 667
692 663
692 666
692 663
692 684
692 692
692 668
693 695
693 700
693 700
693 700
693 700
694 700
694 700
694 700
695 700
695 700
697 697
697 700
697 700
697 700
698 699
698 700
698 693
698 700
699 700
699 693
699 700
699 700
699 695
700 700
700 700
700 700
700 700
700 697
700 700
700 700
700 700
700 700
700 700
700 698
700 695
700 700
700 700
700 698
700 700
700 700
700 700
701 703
701 706
702 705
702 704
703 701
704 706
704 704
704 703
704 702
704 705
704 704
704 704
704 706
704 704
704 704
704 703
704 704
705 706
705 706
705 706
706 704
706 702
706 704
706 701
706 706
706 706
706 704
706 705
706 702
706 705
706 704
706 705
706 704
706 704
706 704
707 710
708 714
708 711
709 717
709 716
709 710
709 712
709 714
710 715
710 718
710 714
710 709
710 716
710 712
710 715
710 716
710 715
710 712
710 716
710 712
710 716
710 715
710 710
711 709
711 716
712 715
712 716
712 717
712 710
712 718
712 716
712 715
712 714
712 716
712 715
712 716
712 710
712 718
712 714
714 716
714 710
714 710
714 710
714 716
714 717
714 710
714 711
714 714
715 715
715 716
715 712
715 710
715 710
715 710
715 715
715 710
715 710
715 712
715 718
715 715
715 712
716 716
716 710
716 714
716 714
716 715
716 712
716 709
716 716
716 710
716 716
716 710
716 710
716 717
716 709
716 716
716 714
716 715
716 710
716 714
717 716
718 717
718 710
718 716
719 721
720 721
720 721
721 721
721 719
721 719
722 723
722 722
722 722
722 723
723 722