0 4
0 8
0 15
0 12
0 0
0 16
0 19
0 15
0 0
0 8
0 2
0 8
0 12
0 5
0 33
0 12
0 17
0 4
0 5
0 28
0 15
0 28
0 8
0 11
0 11
0 212
1 17
1 14
1 28
1 19
2 15
2 34
2 2
2 30
2 25
2 15
2 0
2 12
4 20
4 29
4 24
4 15
4 8
4 25
4 19
4 15
4 14
4 7
4 32
4 8
4 26
4 23
4 29
4 23
4 34
4 13
4 15
4 4
4 7
4 2
4 20
4 25
4 14
4 49
5 1
5 0
5 15
5 20
5 4
5 19
5 8
5 21
5 23
5 14
5 1
5 5
5 8
5 34
5 20
5 17
5 1
5 21
5 16
5 15
5 12
5 0
5 30
5 25
6 25
6 24
6 8
6 28
7 0
7 15
7 8
7 12
7 18
7 25
7 23
7 25
8 31
8 28
8 13
8 23
8 11
8 31
8 4
8 16
8 11
8 29
8 24
8 5
8 4
8 29
8 25
8 4
8 5
8 8
8 24
8 24
8 31
8 20
8 28
8 34
8 26
8 31
8 8
8 23
8 12
8 19
8 0
8 20
8 33
8 12
8 25
8 5
8 8
8 15
8 20
8 23
8 11
8 15
8 8
8 26
8 13
8 6
8 28
8 8
8 25
8 15
8 19
8 10
8 17
8 14
8 53
8 610
9 8
10 19
10 15
10 11
11 4
11 11
11 24
11 15
11 20
11 15
11 10
11 25
11 25
11 32
11 8
11 29
11 25
11 19
11 34
11 19
11 582
12 28
12 31
12 14
12 13
12 25
12 23
12 15
12 29
12 25
12 8
12 17
12 14
12 22
12 28
12 12
12 29
12 15
12 644
12 667
13 12
13 28
13 28
13 8
13 28
13 24
13 5
13 8
13 62
13 447
13 657
14 25
14 28
14 20
14 17
14 19
14 11
14 5
14 34
14 15
14 34
14 10
14 13
14 19
14 15
14 19
14 12
14 8
14 19
14 25
14 14
14 14
14 17
14 32
14 12
14 0
14 19
14 0
14 0
14 5
14 69
14 218
14 463
15 16
15 15
15 4
15 24
15 28
15 8
15 19
15 28
15 15
15 25
15 8
15 15
15 1
15 0
15 18
15 28
15 4
15 28
15 25
15 14
15 14
15 8
15 32
15 8
15 15
15 25
15 12
15 34
15 8
15 26
15 4
15 19
15 0
15 19
15 5
15 5
15 22
15 8
15 15
15 8
15 32
15 9
15 15
15 43
15 63
15 467
15 608
16 8
16 29
16 23
17 19
17 5
17 15
17 24
17 20
17 24
17 23
17 30
17 8
17 5
17 25
17 4
17 7
17 24
17 26
17 2
17 17
17 11
17 610
18 17
18 2
18 25
18 8
19 14
19 14
19 14
19 28
19 25
19 20
19 34
19 19
19 23
19 5
19 23
19 25
19 8
19 8
19 11
20 2
20 16
20 25
20 14
20 24
20 2
20 17
20 17
20 4
20 4
20 34
20 25
20 24
20 17
20 15
20 15
20 30
20 19
20 28
20 14
20 23
20 8
20 62
20 431
20 467
20 694
21 0
21 14
21 26
21 15
21 15
21 31
21 0
21 30
22 15
22 25
22 25
22 25
22 4
23 28
23 2
23 30
23 23
23 12
23 29
23 19
23 11
23 32
23 1
23 0
23 19
23 15
23 505
24 31
24 15
24 2
24 14
24 25
24 11
24 5
24 28
24 25
24 21
24 8
24 18
24 21
24 25
24 33
24 19
24 4
24 32
24 38
25 20
25 20
25 31
25 12
25 14
25 23
25 12
25 15
25 32
25 19
25 7
25 14
25 14
25 15
25 11
25 11
25 6
25 32
25 11
25 24
25 4
25 17
25 8
25 16
25 23
25 28
25 25
25 7
25 17
25 0
25 5
25 8
25 12
25 14
25 34
25 8
25 28
25 0
25 25
25 15
25 23
25 19
25 2
25 28
25 8
25 4
25 2
25 17
25 20
25 17
25 15
25 10
25 0
25 25
25 15
25 7
25 21
25 34
25 12
25 25
25 15
25 11
25 15
25 14
25 31
25 49
25 213
25 538
25 610
25 612
26 12
26 5
26 18
26 21
26 19
26 23
26 6
26 28
26 14
26 59
27 15
28 29
28 8
28 0
28 6
28 29
28 15
28 12
28 4
28 17
28 14
28 4
28 9
28 16
28 25
28 5
28 19
28 25
28 8
28 8
28 15
28 463
29 30
29 25
29 34
29 12
29 15
29 25
29 8
29 9
29 0
29 34
29 34
29 24
29 20
29 17
29 19
29 31
29 25
29 26
29 5
29 408
29 464
29 610
30 7
30 12
30 15
30 15
30 34
30 572
31 21
31 26
31 8
31 28
31 34
31 15
31 25
31 11
31 5
31 24
31 14
31 34
32 11
32 15
32 32
32 6
32 5
32 25
32 29
32 8
32 15
32 15
33 14
33 5
33 4
33 7
33 29
33 19
34 32
34 26
34 8
34 24
34 12
34 30
34 12
34 7
34 15
34 17
34 34
34 24
34 8
34 0
34 25
34 23
34 16
34 19
34 14
34 299
35 38
35 43
35 59
36 49
36 39
36 63
36 63
36 53
36 51
36 47
37 49
37 47
38 49
38 61
38 38
38 60
38 53
38 55
38 43
38 53
38 49
38 52
38 43
38 55
38 52
38 50
38 42
38 49
38 53
38 38
38 58
38 38
38 63
38 61
38 38
38 53
38 40
38 59
38 43
38 98
38 154
39 41
39 61
40 43
40 45
40 41
40 60
40 59
40 57
40 61
40 49
40 42
40 38
40 59
40 58
41 52
41 53
41 43
41 38
42 48
42 63
42 43
42 61
42 40
42 62
42 49
42 47
42 43
42 62
42 43
43 60
43 49
43 52
43 47
43 53
43 57
43 43
43 42
43 59
43 52
43 43
43 47
43 38
43 41
43 49
43 51
43 41
43 43
43 52
43 55
43 58
43 63
43 59
43 47
43 43
43 38
43 43
43 43
43 43
43 61
43 49
43 53
43 60
43 52
43 63
43 55
43 43
43 58
43 59
43 49
43 62
43 49
43 54
43 42
43 49
43 299
43 480
43 495
43 582
43 676
43 697
44 52
44 53
44 51
44 464
45 52
45 52
45 40
46 43
46 63
46 53
46 42
47 43
47 63
47 60
47 40
47 54
47 60
47 38
47 59
47 38
47 63
47 52
47 38
47 49
47 474
48 52
48 43
48 57
48 63
48 53
48 52
48 49
48 43
48 392
49 43
49 59
49 49
49 42
49 49
49 43
49 60
49 58
49 43
49 43
49 48
49 52
49 47
49 42
49 46
49 51
49 59
49 43
49 52
49 59
49 49
49 59
49 43
49 60
49 41
49 54
49 61
49 52
49 43
49 43
49 43
49 63
49 43
49 43
49 39
49 39
49 76
49 482
50 53
50 52
50 38
51 42
51 40
52 61
52 53
52 52
52 52
52 49
52 38
52 63
52 47
52 42
52 53
52 63
52 43
52 40
52 38
52 62
52 61
52 49
52 58
52 52
52 43
52 62
52 38
52 43
52 47
52 63
52 39
52 60
52 52
52 59
52 60
52 58
52 42
52 43
52 42
52 49
52 63
52 41
52 52
52 42
52 184
52 277
52 448
52 514
53 55
53 55
53 59
53 54
53 42
53 59
53 59
53 46
53 48
53 49
53 47
53 63
53 54
53 59
53 38
53 55
53 48
53 38
53 49
53 59
53 38
53 38
53 52
53 53
53 44
54 43
54 52
54 52
55 38
55 43
55 41
55 49
55 60
55 42
55 55
55 53
55 43
55 58
56 42
56 38
56 43
57 63
57 56
57 38
57 63
57 60
57 612
58 53
58 42
58 63
58 52
58 49
58 58
58 52
58 353
59 43
59 47
59 52
59 43
59 62
59 43
59 59
59 55
59 52
59 42
59 49
59 60
59 48
59 43
59 53
59 60
59 63
59 43
59 61
59 49
59 202
59 509
60 35
60 49
60 61
60 60
60 49
60 63
60 43
60 38
60 35
60 35
60 61
60 43
60 40
60 35
60 39
60 48
60 63
60 60
60 41
60 40
60 44
60 63
60 43
60 210
60 464
60 662
61 49
61 55
61 43
61 60
61 51
61 59
61 47
61 60
61 57
61 41
61 53
61 61
61 38
61 221
61 470
62 47
62 48
62 49
62 60
62 53
62 42
62 49
62 49
62 43
62 49
62 43
62 207
62 665
63 38
63 47
63 60
63 46
63 52
63 40
63 41
63 58
63 53
63 53
63 43
63 52
63 43
63 43
63 299
63 644
64 83
64 74
64 80
64 69
64 85
64 84
64 64
64 75
64 78
64 73
64 71
64 84
64 79
64 75
64 80
64 72
64 84
66 83
66 84
66 64
67 81
67 67
67 71
67 67
67 86
67 75
67 80
67 74
67 69
67 79
67 67
67 68
67 78
67 80
67 75
67 73
67 195
67 202
67 203
67 368
67 424
68 78
68 78
68 71
68 85
68 73
68 72
68 80
68 83
68 71
68 74
68 80
68 74
68 74
68 86
68 68
68 86
68 85
68 64
68 68
68 73
68 76
68 69
68 69
68 81
68 70
68 397
69 68
69 68
69 86
69 74
69 64
69 69
69 67
69 75
69 67
69 82
69 184
69 267
69 503
70 75
70 70
70 67
70 71
70 78
71 68
71 67
71 84
71 80
71 84
71 80
71 71
71 80
71 79
71 67
71 74
71 81
71 84
71 75
71 75
71 183
72 80
72 80
72 72
72 82
72 64
72 64
72 79
72 72
72 78
72 64
72 83
72 68
72 563
73 79
73 71
73 85
73 75
73 83
73 84
73 67
73 74
73 71
73 84
73 183
74 83
74 68
74 77
74 73
74 82
74 74
74 72
74 86
74 68
74 84
74 84
74 76
74 67
74 82
74 68
74 71
74 67
74 78
74 78
74 86
74 73
74 80
74 80
74 610
75 73
75 64
75 73
75 84
75 67
75 84
75 72
75 74
75 64
75 80
75 73
76 67
76 74
76 70
76 73
76 84
77 84
78 71
78 86
78 84
78 81
78 76
78 74
78 78
78 208
78 644
79 64
79 64
79 72
79 74
79 83
79 68
79 67
79 75
79 67
79 84
79 72
79 74
79 78
79 73
79 73
79 212
79 218
79 317
80 85
80 84
80 79
80 74
80 78
80 73
80 70
80 84
80 84
80 75
80 78
80 71
80 78
80 83
80 67
80 75
80 75
80 81
80 81
80 81
80 82
80 64
80 69
80 83
80 75
80 69
80 71
80 67
80 73
80 83
80 75
80 86
80 68
80 69
80 79
80 67
81 68
81 81
81 75
81 83
81 78
81 84
81 80
81 80
81 80
81 84
81 64
81 64
81 73
82 71
82 78
82 79
82 80
82 68
82 69
82 84
82 68
82 76
82 86
83 74
83 71
83 73
83 82
83 67
83 74
83 84
84 80
84 80
84 68
84 78
84 71
84 67
84 76
84 79
84 80
84 79
84 75
84 74
84 84
84 79
84 84
84 71
84 86
84 78
84 119
84 478
84 513
84 682
85 80
85 82
85 86
85 68
85 78
85 68
85 67
85 78
85 71
85 75
85 69
85 74
85 78
86 79
86 75
86 80
86 86
86 64
86 68
86 68
86 69
86 86
86 86
86 79
86 80
86 67
86 68
86 64
86 81
86 72
86 84
86 84
86 83
86 64
86 80
86 84
88 109
88 102
88 105
88 96
88 104
88 88
88 99
88 88
88 105
88 88
88 105
88 98
88 98
88 111
88 108
88 109
88 88
88 88
88 104
88 98
88 96
88 108
88 109
88 96
88 100
88 316
88 399
88 687
89 88
91 105
91 88
92 109
93 107
93 593
94 105
95 111
95 107
95 98
95 88
95 431
96 107
96 105
96 95
96 88
96 98
96 97
96 105
96 88
96 88
96 96
96 98
96 96
96 109
96 91
96 215
97 98
97 88
97 637
98 88
98 98
98 98
98 107
98 104
98 105
98 104
98 104
98 98
98 88
98 95
98 104
98 105
98 105
98 104
98 100
98 96
98 99
98 88
98 644
98 668
98 695
99 104
100 104
101 110
102 99
102 98
102 109
102 353
104 109
104 88
104 104
104 88
104 88
104 110
104 111
104 91
104 108
104 104
104 88
104 122
104 187
104 508
105 96
105 107
105 88
105 105
105 105
105 98
105 98
105 93
105 95
105 110
105 88
105 96
105 105
105 109
105 104
105 109
105 108
105 229
107 105
107 108
107 98
107 104
107 105
107 106
108 98
108 108
108 88
108 108
108 96
108 88
108 88
108 108
108 88
108 213
108 605
109 105
109 88
109 88
109 109
109 109
109 96
109 101
109 88
109 119
110 100
110 105
110 98
111 108
112 119
112 151
115 122
117 144
117 151
117 142
117 154
117 119
117 144
117 142
118 151
119 131
119 167
119 162
119 176
119 134
119 131
119 131
119 167
119 119
119 151
119 124
119 151
119 175
119 131
119 151
119 134
119 154
119 119
119 177
119 112
119 151
119 162
119 137
119 178
119 119
119 119
119 175
119 164
119 144
119 158
119 173
119 161
119 133
119 121
119 114
119 171
119 157
119 129
119 145
119 128
119 164
119 151
119 178
119 131
119 133
119 154
119 131
119 157
119 167
119 151
119 190
119 641
121 119
121 112
121 151
121 170
121 151
121 131
121 171
121 178
122 119
122 130
122 119
122 122
122 129
122 151
122 130
122 151
122 144
122 130
122 164
122 178
122 170
122 119
122 151
122 299
122 356
123 454
123 512
125 151
125 131
125 313
125 652
128 119
128 119
129 119
129 119
131 151
131 142
131 117
131 164
131 119
131 178
131 143
131 144
131 177
131 154
131 155
131 144
131 151
131 131
131 156
131 178
131 173
131 156
131 165
131 162
131 119
131 132
132 178
133 151
133 175
134 131
134 147
134 151
134 131
134 119
134 162
134 151
134 166
134 151
134 155
134 151
134 134
136 162
137 172
137 131
137 164
137 119
137 154
137 139
138 142
138 154
139 178
140 173
141 112
141 161
142 131
142 131
142 700
143 178
143 157
143 112
143 214
143 723
144 128
144 178
144 151
144 119
144 117
144 116
144 173
144 167
144 151
145 134
145 119
145 175
146 138
146 117
147 154
149 119
149 485
151 116
151 162
151 159
151 166
151 130
151 124
151 173
151 155
151 151
151 120
151 119
151 162
151 125
151 173
151 151
151 151
151 141
151 172
151 120
151 116
151 162
151 144
151 131
151 141
151 170
151 126
151 144
151 145
151 166
151 144
151 178
151 117
151 170
151 151
151 122
151 119
151 119
151 119
151 134
151 178
151 157
151 128
151 119
151 151
151 151
151 176
151 143
151 151
151 165
151 177
151 154
151 157
151 137
151 155
151 138
151 167
151 134
151 138
151 131
151 139
151 121
151 151
151 157
151 155
151 166
151 397
151 670
152 119
152 164
152 131
154 151
154 119
154 124
154 121
154 119
154 167
154 157
154 134
154 117
154 112
154 131
154 122
154 172
154 170
154 463
154 484
155 121
155 166
155 121
155 154
155 122
155 122
155 119
155 134
155 164
155 173
156 119
156 531
157 151
157 151
157 154
157 154
157 117
157 121
157 119
157 119
157 122
157 154
157 149
157 134
157 121
157 135
157 219
159 119
159 167
159 144
159 144
159 157
160 170
161 138
161 162
161 144
162 151
162 134
162 173
162 177
162 155
162 154
162 112
162 125
162 133
162 119
162 167
162 162
162 144
162 142
162 546
162 608
163 151
164 122
164 148
164 130
164 119
164 121
164 125
164 173
164 157
166 131
166 128
166 138
166 138
167 170
167 157
167 131
167 178
167 119
167 151
167 112
168 154
168 154
168 112
168 581
170 151
170 131
170 157
170 151
171 144
171 115
171 121
172 133
172 142
172 583
173 177
173 129
173 178
173 119
173 134
174 155
174 137
175 141
175 144
175 176
175 124
175 122
175 119
175 547
176 119
177 177
177 151
177 154
177 119
177 151
177 131
177 120
177 134
177 134
177 119
178 165
178 164
178 144
178 166
178 162
178 134
178 172
178 134
178 144
178 683
179 184
179 186
180 190
180 183
181 187
181 184
181 179
181 186
181 187
181 401
181 514
181 646
183 184
183 184
183 189
183 190
183 184
183 186
183 184
183 186
183 187
183 184
183 190
183 183
183 190
183 183
183 190
183 187
183 498
184 183
184 190
184 183
184 183
184 188
184 183
184 189
184 190
184 187
184 190
184 185
184 187
184 183
184 184
184 184
184 186
184 187
184 190
184 190
184 189
184 180
184 187
184 184
184 181
184 187
184 183
184 183
184 217
184 375
184 608
185 188
185 190
185 184
185 184
186 183
186 184
186 184
186 184
186 187
186 190
186 190
186 186
186 181
186 179
186 179
187 189
187 183
187 187
187 189
187 187
187 189
187 190
187 190
187 183
187 186
187 189
187 184
188 190
189 189
189 189
189 184
189 183
189 183
189 189
189 184
189 187
189 190
189 186
189 184
189 300
189 505
189 576
189 713
190 187
190 185
190 184
190 183
190 187
190 183
190 184
190 190
190 190
190 184
190 181
190 183
190 184
190 183
190 184
190 184
190 185
190 277
190 467
191 204
191 202
191 212
191 193
191 277
191 531
192 203
193 217
193 211
193 202
193 195
193 195
193 198
193 202
193 207
193 217
193 212
193 467
194 209
194 191
194 213
194 207
194 191
194 211
194 217
194 208
194 202
194 208
194 207
194 203
194 204
194 202
194 195
194 207
194 202
194 217
194 193
194 217
194 208
194 657
195 195
195 217
195 214
195 202
195 203
195 214
195 193
195 217
195 212
195 207
195 193
195 203
196 194
197 207
197 207
197 202
197 203
197 203
197 214
197 641
198 208
198 212
198 208
199 208
200 207
201 212
202 201
202 217
202 213
202 202
202 214
202 207
202 194
202 211
202 207
202 193
202 207
202 207
202 217
202 209
202 217
202 207
202 208
202 194
202 193
202 194
202 195
202 217
202 199
202 204
202 217
202 211
202 208
202 217
202 210
202 199
202 191
202 195
202 194
202 214
202 207
202 208
202 207
202 193
202 193
202 207
202 208
202 448
202 531
203 206
203 193
203 207
203 208
203 213
203 203
203 217
203 203
203 195
203 207
203 207
203 207
203 194
203 213
203 207
203 212
203 207
203 506
204 217
204 208
204 203
205 211
205 197
206 202
206 212
206 204
207 195
207 208
207 193
207 202
207 207
207 212
207 212
207 214
207 212
207 217
207 194
207 201
207 195
207 212
207 212
207 212
207 214
207 194
207 198
207 207
207 208
207 194
207 192
207 193
207 217
207 211
207 202
207 193
207 202
207 203
207 202
207 207
207 195
207 214
207 203
207 207
207 207
207 202
207 212
207 212
207 194
207 201
207 194
207 207
207 217
207 203
207 202
207 214
207 211
207 326
208 206
208 214
208 204
208 203
208 208
208 193
208 214
208 207
208 213
208 208
208 202
208 207
208 202
208 207
208 214
208 202
208 207
208 195
208 206
208 208
208 194
208 207
208 208
208 202
209 217
209 202
209 205
209 193
209 212
210 194
211 207
211 366
211 425
212 213
212 202
212 202
212 207
212 194
212 217
212 203
212 208
212 203
212 214
212 207
212 194
212 212
212 197
212 207
212 207
212 212
212 217
212 212
212 207
212 204
212 195
212 217
212 202
212 497
213 217
213 203
213 212
213 208
213 208
213 194
213 208
213 194
213 211
213 202
213 514
213 608
213 698
214 202
214 207
214 208
214 212
214 217
214 217
214 217
214 208
214 192
214 193
214 207
214 208
214 193
214 193
214 208
214 207
215 207
215 207
216 213
216 212
216 191
216 202
217 203
217 207
217 202
217 209
217 214
217 205
217 212
217 205
217 217
217 208
217 197
217 194
217 207
217 211
217 194
217 213
217 212
217 217
217 202
217 203
217 685
218 235
218 240
218 233
218 232
218 230
218 244
218 232
218 221
218 218
218 246
218 222
218 243
218 224
218 232
218 470
218 701
219 232
219 237
219 232
219 232
220 238
220 238
221 218
221 224
221 238
221 238
221 230
221 246
221 222
222 218
222 245
222 224
222 244
222 245
222 225
223 246
223 238
223 237
223 235
223 243
223 512
224 222
224 232
224 245
224 243
224 246
224 218
224 229
224 240
224 224
224 238
224 244
224 232
224 224
224 240
224 218
224 225
224 222
224 221
224 244
224 220
224 246
224 308
224 655
225 218
225 232
226 238
226 223
226 233
226 236
226 233
226 244
226 233
227 230
227 238
229 246
229 227
229 233
229 226
229 218
229 277
229 315
229 531
230 246
230 244
230 218
231 238
231 224
231 237
231 218
231 230
231 223
231 222
231 224
231 233
231 233
232 222
232 245
232 223
232 232
232 244
232 243
232 219
232 240
232 243
232 233
232 244
232 232
232 243
232 226
232 246
232 232
232 229
232 235
232 566
233 224
233 218
233 223
233 238
234 235
234 224
234 244
235 243
235 238
235 218
235 232
235 232
235 245
235 246
235 480
236 218
236 240
236 628
237 218
237 218
237 224
238 234
238 238
238 244
238 220
238 230
238 246
238 220
238 230
238 242
238 218
238 233
238 238
238 221
238 246
238 238
240 218
240 221
240 223
240 243
240 232
240 232
240 218
240 225
240 245
240 675
241 293
242 218
242 245
242 224
242 240
243 244
243 236
243 238
243 227
243 232
243 221
244 244
244 218
244 234
244 226
244 222
244 218
244 220
244 242
244 238
244 222
244 241
244 356
244 500
244 610
244 644
245 246
245 222
245 229
245 243
245 220
245 233
245 244
245 229
245 242
245 224
245 232
245 229
246 244
246 242
246 220
246 240
246 232
246 224
246 240
246 221
246 244
246 232
246 234
246 235
246 218
246 244
246 226
246 244
246 226
246 425
246 619
246 644
247 248
248 248
248 247
248 248
248 248
248 250
248 247
248 248
248 322
248 422
248 464
248 486
248 540
249 248
250 249
250 634
251 252
251 252
251 252
251 495
251 628
252 252
252 252
252 704
253 267
253 267
253 267
255 277
256 267
257 279
258 598
262 267
267 277
267 277
267 277
267 277
267 277
267 267
267 267
267 261
267 267
267 277
267 267
267 267
267 267
267 262
267 267
267 261
267 277
267 277
267 262
267 277
267 267
267 267
267 267
267 277
267 268
267 268
267 296
267 424
267 509
267 582
267 657
267 680
268 277
268 264
268 273
270 277
270 267
270 253
270 267
270 267
270 267
272 277
272 277
273 277
276 491
277 267
277 267
277 277
277 277
277 277
277 267
277 273
277 267
277 267
277 277
277 262
277 277
277 267
277 253
277 267
277 277
277 267
277 268
277 268
277 268
277 277
277 277
277 267
277 267
277 267
277 270
277 277
277 267
277 270
277 277
277 268
277 267
277 277
277 267
277 264
277 454
277 641
277 719
280 299
280 293
280 293
280 322
280 322
280 301
282 283
282 293
282 309
283 315
283 329
283 299
283 347
283 301
284 293
284 299
284 299
284 299
284 567
285 293
285 331
285 299
286 350
286 300
286 620
287 299
287 299
287 358
288 293
288 347
288 303
288 351
288 371
288 457
289 293
289 299
289 322
289 322
289 293
289 299
289 299
289 376
289 353
291 308
291 463
292 299
292 299
293 293
293 322
293 299
293 349
293 332
293 294
293 319
293 313
293 294
293 321
293 299
293 322
293 308
293 299
293 299
293 331
293 322
293 301
293 309
293 346
293 289
293 323
293 293
293 318
293 322
293 336
293 285
293 299
293 322
293 299
293 321
293 345
293 293
293 293
293 316
293 349
293 289
293 294
293 286
293 291
293 322
293 293
293 308
293 302
293 308
293 308
293 325
293 331
293 329
293 308
293 322
293 336
293 299
293 299
293 299
293 299
293 347
293 303
293 299
293 313
293 316
293 316
293 322
293 323
293 309
293 299
293 299
293 299
293 299
293 322
293 349
293 280
293 301
293 293
293 348
293 338
293 283
293 293
293 299
293 293
293 293
293 308
293 322
293 332
293 299
293 352
293 325
293 299
293 306
293 348
293 283
293 322
293 322
293 352
293 317
293 299
293 293
293 349
293 299
293 299
293 329
293 322
293 293
293 299
293 321
293 308
293 293
293 326
293 308
293 349
293 293
293 319
293 293
293 313
293 316
293 284
293 281
293 345
293 299
293 301
293 321
293 358
293 357
293 357
293 408
293 467
293 453
293 467
293 566
293 610
293 638
293 644
293 641
293 621
293 613
293 622
293 647
293 644
293 662
293 664
293 689
293 680
293 694
294 299
294 284
294 322
294 299
294 293
295 299
295 439
298 308
299 288
299 289
299 293
299 288
299 349
299 286
299 299
299 348
299 324
299 308
299 299
299 293
299 292
299 315
299 288
299 322
299 293
299 299
299 322
299 286
299 315
299 299
299 293
299 299
299 299
299 293
299 293
299 322
299 303
299 299
299 299
299 293
299 349
299 295
299 293
299 299
299 313
299 293
299 299
299 294
299 293
299 322
299 347
299 322
299 289
299 293
299 309
299 322
299 293
299 293
299 338
299 329
299 331
299 322
299 299
299 293
299 301
299 301
299 299
299 323
299 322
299 322
299 293
299 303
299 319
299 282
299 293
299 293
299 294
299 303
299 293
299 299
299 327
299 303
299 322
299 300
299 326
299 319
299 293
299 293
299 299
299 293
299 299
299 299
299 346
299 346
299 295
299 348
299 299
299 322
299 293
299 349
299 284
299 293
299 423
299 443
299 473
299 447
299 495
299 506
299 644
299 644
299 619
299 724
300 280
301 299
301 303
301 293
301 282
301 299
301 293
301 308
301 299
301 322
301 347
301 293
301 284
301 317
301 282
301 299
301 308
301 299
301 644
302 299
302 293
302 322
302 347
303 299
303 348
303 308
303 293
303 302
303 313
303 293
303 331
303 293
303 299
303 293
303 335
303 349
303 291
303 310
303 293
303 475
303 637
304 299
304 293
308 322
308 293
308 293
308 298
308 293
308 299
308 308
308 299
308 319
308 313
308 299
308 293
308 293
308 299
308 299
308 293
308 293
308 317
308 284
308 299
308 313
308 479
309 299
309 285
309 299
309 431
310 400
312 282
312 424
313 342
313 299
313 303
313 349
313 322
313 520
314 332
314 299
315 322
315 293
316 299
316 349
316 319
316 314
316 347
316 293
316 317
316 299
316 299
316 317
316 453
316 679
317 299
317 299
317 316
317 320
318 348
318 289
319 293
319 299
319 322
319 299
319 293
319 283
319 321
319 299
319 624
320 299
320 326
321 312
321 322
321 293
321 529
322 299
322 299
322 348
322 322
322 301
322 293
322 345
322 319
322 293
322 299
322 322
322 322
322 328
322 322
322 314
322 280
322 308
322 293
322 316
322 299
322 303
322 301
322 299
322 309
322 303
322 332
322 302
322 293
322 321
322 299
322 293
322 308
322 299
322 308
322 335
322 422
322 463
322 458
322 691
323 304
323 299
323 326
323 325
323 299
323 299
323 293
323 313
323 293
323 472
324 322
324 336
325 294
325 301
326 322
326 328
326 293
326 299
326 300
326 293
326 299
326 308
326 299
326 322
326 293
326 351
326 289
327 293
328 322
328 302
328 299
329 293
329 331
331 326
331 299
331 293
331 293
331 314
331 322
331 301
331 296
331 319
331 285
331 299
331 347
331 293
331 441
331 619
332 283
332 299
332 303
332 299
332 425
333 350
334 299
334 293
334 431
336 299
336 308
336 289
336 316
336 293
336 299
336 280
338 293
342 299
342 319
343 322
345 299
346 299
346 299
347 308
347 299
347 349
347 285
347 316
347 482
347 677
348 299
348 294
348 283
348 322
348 454
348 644
349 316
349 293
349 303
349 348
349 347
349 299
349 308
349 280
349 322
349 353
349 434
349 482
352 322
353 358
353 379
353 355
353 358
353 353
353 358
353 358
353 374
353 358
353 358
353 376
353 376
353 366
353 356
353 381
353 357
353 358
353 379
353 358
353 357
353 363
353 376
353 357
353 358
353 372
353 353
353 459
353 454
353 610
353 619
355 358
355 368
355 447
356 357
356 376
356 360
356 367
356 383
356 358
356 376
356 375
356 374
356 356
356 362
356 356
356 359
356 375
356 367
356 376
356 379
356 353
356 472
356 472
356 463
357 375
357 371
357 361
357 374
357 467
357 482
357 721
358 372
358 379
358 356
358 376
358 376
358 379
358 358
358 360
358 353
358 375
358 374
358 369
358 380
358 362
358 376
358 357
358 383
358 482
358 463
358 630
360 374
360 375
360 371
360 376
360 358
360 357
360 425
361 357
361 357
361 356
361 356
361 356
361 363
361 672
362 376
362 447
362 471
362 463
362 471
363 375
363 353
363 356
363 357
363 470
364 380
364 376
364 484
366 376
366 464
367 354
367 358
367 357
367 463
368 360
368 376
368 374
368 358
368 482
368 512
368 548
369 353
369 359
369 376
369 376
369 376
369 369
369 358
369 375
371 378
371 358
371 358
371 360
371 376
372 361
372 381
372 686
373 463
374 356
374 353
374 357
374 378
374 376
374 364
374 379
375 368
375 358
375 356
375 376
375 357
375 356
375 428
375 509
376 353
376 379
376 374
376 356
376 376
376 368
376 381
376 380
376 360
376 356
376 353
376 376
376 367
376 355
376 376
376 400
376 443
376 471
376 471
376 444
376 522
378 379
378 376
378 467
379 353
379 353
379 379
379 382
379 358
379 357
379 376
379 353
379 356
379 448
379 469
379 467
379 656
379 702
380 375
380 358
380 376
380 371
380 371
380 361
380 361
380 358
380 356
380 531
381 360
381 353
381 362
381 356
382 356
382 381
386 386
386 404
386 392
386 404
386 397
386 392
386 399
387 400
388 400
389 392
389 400
390 389
390 400
390 405
390 400
390 404
390 400
390 403
390 402
390 406
390 407
390 397
390 397
390 470
390 573
391 385
391 392
391 392
392 396
392 394
392 407
392 397
392 397
392 400
392 386
392 394
392 408
392 394
392 400
393 402
393 392
393 400
393 400
394 400
394 395
394 392
394 406
394 392
394 615
395 397
396 394
396 406
397 399
397 400
397 392
397 400
397 397
397 398
397 386
397 394
397 495
397 702
398 400
398 390
398 397
399 406
399 393
399 396
399 400
399 397
400 396
400 400
400 406
400 391
400 397
400 392
400 400
400 392
400 391
400 400
400 391
400 397
400 405
400 391
400 392
400 421
401 400
402 403
402 389
402 400
403 393
403 392
403 403
403 405
403 388
404 395
404 391
404 664
405 405
405 406
406 392
406 400
406 400
406 405
406 407
406 399
407 392
407 400
407 390
407 397
407 394
407 406
408 400
408 389
409 420
410 650
411 428
412 430
412 429
412 431
412 439
412 431
414 431
415 414
415 431
415 431
416 423
417 425
417 432
417 438
418 412
418 428
418 410
418 428
418 428
418 431
418 431
418 427
418 501
422 425
422 415
422 428
423 431
423 425
423 411
423 428
423 427
424 425
424 425
424 425
425 432
425 438
425 425
425 420
425 425
425 425
425 428
425 428
425 425
425 412
425 431
425 424
425 422
425 425
425 431
425 410
425 417
425 425
425 428
425 431
425 413
425 501
425 570
425 703
428 428
428 428
428 431
428 412
428 418
428 431
428 431
428 425
428 425
428 431
428 431
428 431
428 412
428 416
428 423
428 453
428 480
428 615
428 655
428 679
429 431
430 425
430 640
431 431
431 425
431 425
431 412
431 416
431 431
431 428
431 439
431 425
431 425
431 425
431 410
431 428
431 421
431 425
431 428
431 423
431 428
431 428
431 414
431 447
431 637
432 410
432 428
434 422
434 428
435 425
436 428
438 428
438 439
438 431
439 418
439 438
440 480
440 467
440 444
440 444
440 448
440 480
440 441
440 453
440 470
440 463
440 441
440 472
441 448
441 444
441 441
441 480
441 470
441 470
441 467
441 454
441 448
441 448
441 449
441 454
441 460
441 453
441 448
441 465
441 446
441 463
441 470
441 472
441 464
441 480
441 488
442 454
442 480
442 476
443 463
443 476
443 440
443 476
443 472
443 471
443 448
443 471
443 453
443 472
443 463
443 463
443 451
443 461
443 481
444 463
444 476
444 447
444 480
444 480
445 448
445 448
445 470
445 479
445 447
445 448
445 482
445 470
446 470
446 480
446 464
446 676
447 473
447 463
447 480
447 482
447 448
447 479
447 463
447 463
447 447
447 448
447 448
447 447
447 464
447 473
447 463
447 448
447 443
447 467
447 470
447 480
447 467
447 476
447 469
447 465
447 447
447 447
447 473
447 480
447 474
447 448
447 441
447 463
447 482
447 447
447 463
447 478
447 440
447 480
447 441
447 482
447 463
447 447
447 441
447 448
447 446
447 480
447 459
447 448
447 447
447 458
447 482
447 447
447 454
447 473
447 477
447 448
447 448
447 464
447 482
447 481
447 471
447 482
447 448
447 448
447 448
447 448
447 444
447 463
447 447
447 463
447 475
447 441
447 480
447 474
447 441
447 457
447 472
447 448
447 479
447 679
448 467
448 480
448 448
448 447
448 471
448 447
448 482
448 467
448 463
448 473
448 480
448 473
448 448
448 455
448 474
448 458
448 441
448 467
448 480
448 460
448 440
448 467
448 453
448 480
448 448
448 440
448 440
448 463
448 448
448 470
448 464
448 482
448 463
448 480
448 473
448 480
448 463
448 447
448 464
448 482
448 467
448 472
448 448
448 447
448 476
448 447
448 482
448 448
448 464
448 453
448 634
448 646
448 662
449 471
449 463
450 463
451 473
452 471
452 448
452 441
453 474
453 471
453 447
453 447
453 453
453 463
453 440
453 448
453 447
453 480
453 440
453 482
453 482
453 470
453 472
453 463
453 482
453 463
453 463
454 478
454 474
454 455
454 447
454 463
454 454
454 474
454 482
454 463
454 463
454 447
454 463
454 480
454 480
454 445
454 467
454 459
454 470
454 448
454 641
455 472
455 442
455 467
455 447
455 473
455 447
456 467
457 476
457 455
457 452
458 472
458 461
458 480
458 476
458 441
458 448
458 465
458 665
459 481
459 480
459 458
460 464
460 467
460 447
460 463
460 453
460 464
460 471
460 454
460 443
460 441
460 441
460 464
460 441
460 641
461 467
461 455
463 477
463 472
463 463
463 442
463 480
463 456
463 480
463 447
463 470
463 448
463 462
463 454
463 463
463 473
463 467
463 463
463 448
463 460
463 471
463 480
463 447
463 447
463 440
463 482
463 463
463 454
463 460
463 466
463 473
463 472
463 480
463 441
463 447
463 472
463 451
463 467
463 440
463 463
463 448
463 480
463 480
463 446
463 452
463 441
463 448
463 447
463 448
463 480
463 446
463 474
463 448
463 463
463 482
463 464
463 476
463 470
463 482
463 480
463 448
463 482
463 447
463 447
463 455
463 457
463 448
463 448
463 454
463 447
463 467
463 464
463 465
463 454
463 441
463 448
463 470
463 480
463 448
463 480
463 463
463 447
463 470
463 463
463 464
463 511
464 473
464 472
464 448
464 440
464 448
464 460
464 448
464 447
464 480
464 480
464 472
464 472
464 463
464 463
464 467
464 448
464 480
464 447
464 458
464 471
464 480
464 447
464 447
464 470
464 448
464 480
464 480
464 480
464 480
464 447
464 441
464 463
464 460
464 447
464 463
464 629
465 472
465 467
465 463
465 471
465 471
465 448
465 447
465 447
465 463
467 463
467 467
467 444
467 467
467 482
467 448
467 460
467 481
467 470
467 475
467 480
467 445
467 467
467 448
467 463
467 480
467 480
467 468
467 467
467 470
467 447
467 448
467 480
467 448
467 468
467 476
467 447
467 448
467 473
467 463
467 480
467 463
467 464
467 464
467 470
467 440
467 472
467 469
467 476
467 443
467 477
467 471
467 467
467 447
467 464
467 463
467 464
467 472
467 448
467 480
467 441
467 448
467 467
467 463
467 480
467 470
467 463
467 463
467 531
467 636
468 458
468 453
468 480
468 447
468 470
469 467
469 456
469 472
469 472
470 467
470 454
470 440
470 455
470 464
470 467
470 447
470 463
470 480
470 447
470 463
470 472
470 463
470 467
470 464
470 482
470 447
470 479
470 455
470 447
470 463
470 463
470 448
470 448
470 454
470 472
470 480
470 444
470 447
470 467
470 474
471 448
471 472
471 447
471 472
471 447
471 471
471 472
471 476
471 463
471 467
471 464
471 472
471 459
471 480
471 441
471 467
471 471
471 470
471 468
471 456
471 480
471 467
472 463
472 441
472 463
472 472
472 480
472 463
472 471
472 473
472 473
472 462
472 482
472 470
472 455
472 463
472 480
472 441
472 460
472 464
473 464
473 465
473 448
473 440
473 447
473 467
473 448
473 447
473 455
473 463
473 447
473 474
473 447
473 454
473 481
473 453
473 480
473 458
473 444
473 472
473 445
473 471
473 472
473 480
474 444
474 474
474 467
474 449
474 480
474 447
474 447
474 469
474 699
475 473
476 464
476 467
476 467
476 482
476 440
477 463
477 463
477 445
477 461
477 447
478 471
478 470
479 474
479 440
479 480
479 467
479 576
480 467
480 480
480 455
480 448
480 453
480 455
480 450
480 473
480 448
480 482
480 459
480 455
480 452
480 470
480 472
480 447
480 476
480 463
480 448
480 470
480 473
480 453
480 463
480 441
480 480
480 471
480 464
480 440
480 448
480 459
480 443
480 460
480 440
480 443
480 447
480 464
480 480
480 447
480 448
480 441
480 444
480 467
480 440
480 445
480 480
480 440
480 467
480 447
480 471
480 463
480 470
480 447
480 480
480 482
480 480
480 463
480 449
480 480
480 467
480 461
480 458
480 447
480 445
480 463
480 480
480 441
480 482
480 467
480 448
480 467
480 482
480 448
480 641
481 448
481 480
481 447
481 465
482 464
482 481
482 480
482 447
482 467
482 447
482 447
482 480
482 447
482 448
482 482
482 448
482 480
482 448
482 480
482 467
482 474
482 473
482 454
482 454
482 447
482 440
482 443
482 471
482 481
482 473
482 464
482 448
482 471
482 463
482 447
482 448
482 480
482 447
482 449
482 467
482 465
482 458
482 639
483 497
483 491
483 502
484 502
484 486
484 490
484 502
484 488
484 485
484 492
484 500
484 501
484 492
484 484
484 492
484 484
484 497
484 683
485 496
485 500
485 492
485 487
485 496
485 495
485 500
485 502
485 497
485 487
485 641
486 487
486 499
486 499
486 502
486 484
486 493
486 494
487 492
487 491
487 508
487 620
488 485
488 483
488 488
488 501
488 483
488 487
489 488
490 490
490 486
490 485
490 489
490 484
490 484
490 500
490 490
490 499
490 484
490 495
490 488
490 490
491 486
492 488
492 495
492 496
493 500
493 500
494 493
494 491
494 497
495 485
495 488
495 497
495 502
495 491
495 495
495 497
495 488
495 487
495 657
496 484
496 499
496 485
496 484
497 492
497 502
497 484
497 500
497 485
497 492
497 484
497 484
497 485
498 497
498 492
499 497
499 488
500 502
500 485
500 501
500 495
500 488
500 495
500 498
500 487
500 487
500 501
500 496
500 495
500 501
500 497
500 501
500 543
501 501
501 484
501 492
501 494
501 495
501 490
501 489
501 488
501 502
501 497
501 486
501 624
502 485
502 488
502 486
502 486
502 501
502 502
502 500
502 495
502 491
502 501
502 560
502 600
502 713
503 508
503 508
503 508
503 508
503 506
503 503
503 510
503 505
503 509
504 504
504 505
504 508
504 509
504 509
504 505
504 644
505 510
505 506
505 508
505 503
505 505
505 503
505 510
505 504
505 505
505 526
506 505
506 508
506 504
506 509
506 509
506 503
506 510
506 509
506 509
506 505
506 508
506 509
507 510
507 505
507 509
507 503
507 508
508 505
508 506
508 510
508 504
508 503
509 506
509 508
509 510
509 507
509 508
509 506
509 510
510 508
510 503
510 506
510 507
510 504
511 512
511 511
511 511
511 708
512 511
513 514
513 514
513 516
513 513
513 652
514 513
514 525
514 520
514 514
514 524
514 513
514 517
514 514
514 514
514 520
514 525
515 520
515 513
515 518
516 520
516 525
516 520
516 514
517 525
517 521
520 522
520 524
521 520
521 525
522 521
522 517
522 522
522 513
522 525
522 525
522 525
522 523
522 521
522 514
522 576
524 513
524 522
524 516
525 525
525 520
525 525
525 514
525 520
525 520
525 522
525 514
526 540
526 531
526 552
528 531
529 531
529 529
529 592
529 547
529 582
529 695
530 576
531 553
531 531
531 528
531 531
531 531
531 567
531 531
531 576
531 554
531 531
531 583
531 547
531 531
531 531
531 547
531 587
531 576
531 531
531 529
531 586
531 576
531 531
531 531
531 531
531 529
531 540
531 588
531 531
531 578
531 530
531 575
531 529
531 528
531 576
531 531
531 550
531 560
531 587
531 532
531 531
531 540
531 531
531 531
531 547
531 544
531 562
531 531
531 550
531 572
531 558
531 529
531 531
531 531
531 567
531 558
531 531
531 583
531 610
531 638
531 679
532 576
535 573
535 644
536 560
536 551
536 531
538 563
540 538
540 546
540 583
540 531
540 536
541 566
543 531
543 560
544 576
544 560
544 547
544 528
544 626
545 576
546 575
547 531
547 566
547 593
547 531
547 544
547 545
547 531
547 569
548 667
550 531
555 526
557 567
560 576
560 531
560 531
560 576
560 538
560 531
563 526
563 572
565 576
565 531
566 548
566 550
566 531
568 531
570 531
571 548
572 576
572 535
573 567
573 540
573 583
576 531
576 544
576 553
576 552
576 531
576 538
576 581
576 530
576 529
576 560
576 593
576 574
576 576
576 573
576 531
576 531
576 545
577 531
577 651
578 528
578 531
578 576
582 531
582 560
583 529
591 547
593 576
593 566
596 531
596 582
596 576
596 531
597 598
597 597
598 597
598 598
599 598
599 598
600 610
600 610
600 610
600 610
601 603
601 602
601 604
601 601
601 620
602 611
602 608
602 606
602 610
602 610
602 608
602 608
602 602
603 607
604 610
604 611
604 611
604 600
604 602
604 609
605 610
605 610
605 604
605 602
605 610
605 600
605 605
605 610
605 610
605 603
605 655
606 610
606 610
607 610
607 602
607 602
607 611
607 603
607 608
608 603
608 605
608 610
608 608
608 607
608 606
608 602
608 608
608 610
608 605
608 606
608 602
608 605
608 602
608 610
608 610
608 601
608 610
609 610
609 610
609 609
609 607
609 607
610 610
610 608
610 601
610 610
610 602
610 602
610 602
610 610
610 606
610 603
610 608
610 608
610 608
610 611
610 608
610 610
610 609
610 611
610 608
611 608
611 609
613 637
613 620
614 641
614 644
614 634
614 644
614 620
615 627
616 637
616 644
616 641
616 620
618 628
619 641
619 641
619 644
619 645
619 641
619 644
619 626
619 641
619 623
619 641
620 632
620 641
620 644
620 621
620 622
620 644
622 623
622 644
623 647
623 641
624 644
624 646
624 644
625 713
627 614
628 644
628 634
628 621
629 641
629 620
629 644
629 644
630 626
631 645
632 641
633 644
633 641
633 665
634 637
634 619
634 646
634 626
635 629
637 628
637 721
638 641
638 636
639 628
640 622
640 641
640 644
640 641
641 646
641 642
641 624
641 624
641 644
641 620
641 644
641 641
641 644
641 630
641 636
641 616
641 644
641 647
641 646
641 619
641 644
641 629
644 644
644 644
644 641
644 644
644 619
644 619
644 641
644 613
644 644
644 644
644 640
644 624
644 637
644 641
644 618
644 615
644 614
644 641
644 644
644 644
644 644
644 622
644 641
644 662
644 693
645 646
645 637
645 644
646 619
646 622
646 641
646 644
647 642
647 641
647 645
648 624
650 647
651 657
651 655
652 655
652 662
652 652
652 659
652 662
652 657
654 654
654 654
655 657
655 652
655 655
655 654
655 667
656 652
656 652
656 652
656 662
657 657
657 662
657 652
657 652
657 652
657 662
659 654
659 657
660 659
661 657
661 655
661 655
662 652
662 652
662 652
662 655
662 657
662 657
662 719
664 664
664 664
664 665
665 667
665 668
665 670
665 668
665 668
665 668
665 670
666 668
667 667
667 668
667 664
667 669
667 664
668 670
668 665
668 671
668 668
668 664
668 672
668 668
668 670
668 665
668 667
668 669
668 670
668 668
668 668
669 664
670 668
670 670
671 664
671 668
672 664
672 664
672 667
672 664
672 664
672 664
673 670
673 668
674 665
676 678
676 693
677 677
677 692
677 689
677 689
677 693
678 684
678 684
678 685
678 689
678 703
679 688
679 681
679 685
679 676
679 693
679 691
679 679
679 693
680 683
680 677
681 679
681 693
681 693
681 691
682 681
682 681
683 688
683 679
683 683
683 693
683 691
684 677
684 685
685 688
686 693
686 681
686 693
688 683
688 677
688 693
688 692
688 676
688 691
688 684
688 684
688 693
688 724
689 688
689 693
689 693
689 683
689 677
689 688
691 678
692 683
692 693
692 693
692 689
692 692
693 678
693 682
693 677
693 678
693 677
693 692
693 676
693 683
693 681
694 697
694 715
694 706
694 711
695 699
695 704
695 696
696 710
696 696
696 694
696 699
696 705
696 704
696 701
696 705
696 710
696 702
696 716
696 716
696 705
696 707
696 716
696 699
696 704
696 699
696 707
696 699
697 700
697 713
697 696
697 699
697 713
699 716
699 705
699 709
699 716
699 701
699 699
699 713
699 705
699 696
699 699
699 696
699 711
699 716
699 714
699 713
699 696
699 701
699 704
699 696
700 714
700 707
700 699
700 694
700 702
701 703
701 694
701 702
701 696
701 699
701 706
701 713
701 705
702 695
702 716
702 696
702 704
703 704
703 699
703 702
703 716
703 699
703 696
703 701
704 703
704 701
704 713
704 707
704 696
704 696
704 697
704 712
704 713
704 704
704 705
704 700
704 699
704 695
705 697
705 701
705 696
705 699
705 696
705 705
705 711
705 710
705 696
705 699
705 708
705 711
705 710
706 716
706 696
706 713
706 716
706 713
706 716
706 710
707 704
707 696
707 705
708 699
708 713
708 705
708 715
708 696
709 701
710 716
710 702
710 716
711 696
711 710
711 710
713 706
713 704
713 703
713 699
713 702
713 705
713 715
713 701
713 696
713 699
713 713
713 699
713 705
713 705
714 694
714 696
714 705
714 704
715 696
715 703
716 697
716 703
716 716
716 703
716 699
716 702
716 696
716 705
716 696
716 710
716 696
716 696
716 706
716 696
716 701
716 703
716 710
717 723
717 717
717 717
717 720
717 719
717 717
717 719
717 721
717 723
717 719
718 717
718 719
718 721
719 717
719 719
719 721
719 717
719 717
719 717
719 723
719 723
719 719
719 719
719 718
720 721
720 724
721 717
721 721
721 721
721 721
721 717
721 718
723 717
723 721
723 719
723 719
723 717
724 719
724 718
724 718
724 723