0 58
0 9
0 13
0 9
0 57
0 64
0 65
0 55
0 25
0 40
0 56
0 22
0 6
0 6
0 42
0 47
1 4
1 41
1 51
1 18
1 30
1 11
1 69
1 9
1 9
1 35
1 28
1 1
1 26
1 21
1 19
1 12
1 0
1 8
1 32
1 41
1 32
1 35
1 41
1 18
1 60
1 17
1 37
1 41
1 26
1 906
2 32
3 57
3 17
3 34
4 47
4 4
4 18
4 18
4 6
4 32
4 11
4 0
4 4
4 18
4 58
4 53
4 5
4 58
4 4
4 6
4 52
4 64
4 64
4 45
4 54
4 35
4 32
4 0
4 32
4 26
4 37
4 37
4 50
4 9
4 18
4 11
4 59
4 9
4 26
4 19
4 37
4 18
4 26
4 52
4 60
4 5
4 45
4 49
4 17
4 20
4 41
4 70
4 74
4 110
5 26
5 9
5 37
5 45
5 1
5 13
5 63
5 49
5 60
5 37
5 24
5 37
5 29
5 4
5 11
5 12
5 51
5 32
5 916
6 68
6 33
6 21
6 34
6 5
6 65
6 59
6 13
6 33
6 58
6 29
6 21
6 21
6 41
6 52
6 46
6 39
6 11
6 32
6 52
6 37
6 4
6 63
6 60
6 9
6 26
6 18
6 32
6 45
6 1
6 64
6 37
6 30
6 35
6 11
6 45
7 55
7 60
7 62
7 64
7 8
7 61
7 61
7 62
7 54
7 9
7 49
7 18
7 57
7 64
7 15
7 35
7 951
7 1339
8 57
8 9
8 1
8 9
8 30
8 49
8 42
8 61
8 6
8 6
8 30
8 49
8 1435
9 32
9 67
9 20
9 49
9 9
9 49
9 62
9 19
9 19
9 24
9 64
9 1
9 9
9 62
9 67
9 9
9 63
9 6
9 41
9 64
9 12
9 9
9 37
9 6
9 32
9 60
9 51
9 63
9 11
9 0
9 58
9 18
9 60
9 51
9 49
9 1
9 18
9 18
9 0
9 6
9 48
9 14
9 6
9 36
9 8
9 45
10 16
10 41
10 9
10 51
10 37
10 19
10 21
10 41
10 41
10 21
10 11
10 64
10 34
10 11
10 58
10 34
10 4
10 1
10 41
10 52
10 94
10 83
10 442
10 919
11 26
11 41
11 49
11 51
11 26
11 26
11 1
11 18
11 9
11 33
11 11
11 34
11 21
11 33
11 1435
12 64
12 68
12 64
12 28
12 24
12 37
12 15
12 4
12 16
12 52
12 26
12 51
12 1
12 41
12 958
12 1144
13 53
13 51
13 51
13 47
13 41
13 18
13 41
13 25
13 55
13 9
13 62
13 42
13 98
14 13
15 18
15 12
15 9
16 16
16 32
16 45
16 32
16 47
16 1
16 26
16 35
16 16
16 35
16 51
16 10
16 48
16 54
16 53
16 56
16 64
16 33
16 30
16 21
16 19
16 62
16 30
16 51
16 969
16 1228
17 49
17 64
17 24
17 42
17 57
17 24
17 30
17 5
17 48
17 11
17 26
18 49
18 68
18 50
18 51
18 30
18 15
18 25
18 40
18 45
18 34
18 51
18 52
18 0
18 25
18 21
18 11
18 49
18 5
18 24
18 69
18 41
18 45
18 64
18 19
18 69
18 1
18 9
18 49
18 10
18 20
18 4
18 39
18 26
18 45
18 4
18 62
18 805
18 1110
18 1231
18 1259
19 1
19 41
19 7
19 53
19 49
19 58
19 18
19 11
19 9
19 41
19 45
19 11
19 49
19 45
19 9
19 37
19 37
19 59
19 32
19 18
19 1
19 49
19 45
19 47
19 5
19 64
19 47
19 833
19 1152
19 1221
20 45
20 22
20 68
20 40
20 32
21 47
21 18
21 41
21 4
21 12
21 61
21 33
21 37
21 37
21 35
21 5
21 6
21 47
21 11
21 35
21 49
21 60
21 62
21 37
21 26
21 34
21 26
21 21
21 52
21 49
21 39
21 18
21 29
21 35
22 64
22 10
22 1232
22 1232
23 29
23 0
23 66
23 62
23 1198
24 8
24 21
24 64
24 62
24 68
24 30
24 24
24 1
24 26
24 49
24 41
24 49
24 29
24 6
24 61
24 64
24 51
24 54
24 56
24 61
24 5
24 63
24 31
24 19
24 83
24 115
24 1185
25 8
25 51
25 5
26 56
26 18
26 45
26 29
26 47
26 8
26 45
26 6
26 24
26 48
26 42
26 9
26 24
26 47
26 60
26 45
26 59
26 51
26 22
26 41
26 48
26 18
26 68
26 45
26 11
26 6
26 64
26 26
26 49
26 8
26 64
26 30
26 9
26 3
26 1
26 33
26 10
26 10
26 7
26 41
26 19
26 45
26 916
26 1110
26 1218
26 1222
27 21
27 0
27 57
27 28
28 58
28 41
28 56
28 10
28 18
28 59
28 18
28 39
29 65
29 36
29 1
29 15
30 62
30 37
30 28
30 62
30 28
30 26
30 0
30 9
30 9
30 3
30 18
31 6
31 13
31 1221
32 1
32 4
32 26
32 7
32 64
32 47
32 19
32 21
32 51
32 13
32 42
32 6
32 11
32 50
32 23
32 49
32 11
32 69
32 61
32 41
32 64
32 26
32 64
32 41
32 54
32 19
32 18
32 26
32 110
32 76
33 33
33 41
33 52
33 51
33 60
33 47
34 49
34 4
34 54
34 5
34 20
34 62
34 26
34 35
34 64
34 64
34 49
34 49
34 34
34 4
34 49
34 95
35 30
35 18
35 51
35 24
35 64
35 60
35 60
35 16
35 28
35 9
35 41
35 51
35 9
35 9
35 30
35 35
35 41
35 45
35 18
35 54
35 23
35 16
35 51
35 51
35 58
36 49
36 9
36 43
36 35
36 414
37 34
37 4
37 41
37 26
37 45
37 59
37 34
37 24
37 60
37 33
37 4
37 19
37 35
37 57
37 58
37 60
37 1
37 11
38 5
38 39
38 1
38 68
38 61
38 37
38 41
39 58
39 19
39 20
39 1
39 49
39 47
39 11
39 32
39 48
39 64
39 9
39 18
40 26
40 60
40 18
40 64
40 42
40 45
40 1
40 48
40 98
40 931
41 35
41 57
41 69
41 18
41 29
41 29
41 37
41 58
41 59
41 64
41 51
41 36
41 33
41 60
41 26
41 62
41 4
41 4
41 32
41 51
41 0
41 60
41 33
41 21
41 18
41 60
41 30
41 21
41 51
41 26
41 12
41 45
41 49
41 8
41 18
41 37
41 12
41 32
41 51
41 4
41 37
41 7
41 106
41 650
42 51
42 5
42 21
42 64
42 62
42 11
42 7
42 64
42 16
42 37
42 1
42 65
42 24
42 16
42 53
42 41
42 51
43 62
43 19
43 41
44 34
44 47
45 6
45 52
45 37
45 56
45 11
45 58
45 20
45 45
45 26
45 5
45 45
45 60
45 20
45 24
45 18
45 24
45 57
45 32
45 9
45 21
45 11
45 20
45 45
45 51
45 38
45 49
45 30
45 10
45 51
45 7
45 64
45 71
45 75
45 1023
45 1225
46 49
46 9
46 19
47 19
47 37
47 18
47 6
47 11
47 19
47 46
47 41
47 60
47 48
47 51
47 51
47 49
47 6
47 486
48 18
48 4
48 32
48 1
48 51
48 7
48 7
48 19
48 51
48 1
48 18
48 60
48 4
48 49
48 137
49 9
49 33
49 1
49 45
49 23
49 18
49 37
49 56
49 4
49 41
49 26
49 21
49 19
49 40
49 41
49 51
49 45
49 37
49 32
49 46
49 28
49 41
49 9
49 57
49 5
49 42
49 67
49 41
49 49
49 37
49 49
49 0
49 28
49 55
49 54
49 57
49 41
49 0
49 51
49 1
49 52
49 24
49 26
49 30
49 45
49 9
49 9
49 4
49 7
49 434
50 60
50 10
50 19
51 18
51 57
51 4
51 37
51 49
51 41
51 26
51 45
51 8
51 34
51 42
51 4
51 64
51 32
51 35
51 65
51 27
51 13
51 18
51 64
51 24
51 9
51 34
51 37
51 51
51 57
51 52
51 24
51 64
51 60
51 68
51 11
51 57
51 69
51 18
51 19
51 24
51 4
51 51
51 26
51 60
51 25
51 58
51 12
51 42
51 25
51 52
51 388
52 41
52 1
52 39
52 30
52 62
52 11
52 3
52 51
52 10
53 22
53 62
53 41
53 4
53 64
53 9
53 51
53 4
53 62
53 920
53 1110
54 13
54 26
54 16
54 1
54 65
54 0
54 88
55 37
55 19
55 26
55 60
55 35
56 42
56 64
56 19
56 6
56 3
56 65
56 74
56 1217
57 25
57 48
57 64
57 54
57 12
57 48
57 1
57 49
57 17
57 9
57 28
57 26
57 46
57 32
57 21
57 35
57 62
57 9
57 4
57 434
57 402
57 926
58 0
58 51
58 24
58 19
58 20
58 18
58 57
58 60
58 57
58 4
58 9
58 45
58 49
58 51
58 927
59 19
59 43
59 41
59 42
59 19
59 53
59 58
59 37
59 58
59 60
59 49
59 29
59 9
59 32
59 5
59 13
59 47
59 61
60 51
60 1
60 67
60 21
60 21
60 37
60 9
60 60
60 64
60 9
60 9
60 4
60 4
60 9
60 53
60 28
61 57
61 53
61 64
61 26
61 47
61 58
61 35
61 41
61 42
61 6
61 5
61 59
61 64
61 6
62 30
62 0
62 52
62 9
62 21
62 9
62 62
62 0
62 68
62 19
62 59
62 30
62 35
62 60
62 21
62 41
62 18
62 53
62 45
62 904
62 1235
63 47
63 19
63 10
63 49
63 457
64 0
64 64
64 12
64 16
64 9
64 51
64 30
64 18
64 6
64 56
64 9
64 4
64 32
64 32
64 15
64 26
64 34
64 1
64 9
64 21
64 66
64 41
64 18
64 19
64 18
64 4
64 47
64 6
64 42
64 34
64 4
64 6
64 0
64 51
64 47
64 9
64 42
64 35
64 32
64 45
64 6
64 42
64 4
64 51
64 918
64 1223
64 1364
65 0
65 51
65 26
65 9
65 23
65 5
65 32
66 40
66 65
66 60
67 24
67 52
68 1
68 53
68 52
68 41
68 32
68 4
68 10
68 6
68 37
68 40
68 57
69 49
69 19
69 50
69 11
69 57
69 118
69 611
70 72
70 111
70 101
70 106
70 118
70 72
70 105
70 79
70 78
70 109
70 101
70 364
71 78
71 85
71 81
71 106
71 71
71 76
71 105
71 82
71 109
71 96
71 115
71 114
72 107
72 82
72 114
72 119
72 91
72 123
72 88
72 114
72 106
72 118
72 123
72 78
72 89
72 112
72 88
72 110
72 105
72 72
72 89
72 118
72 118
72 81
72 106
72 119
72 96
72 71
72 78
72 81
73 77
73 105
73 70
74 100
74 112
74 112
74 110
74 106
74 91
74 91
74 100
74 77
74 78
74 96
74 118
74 95
74 118
74 83
74 917
75 126
76 107
76 77
76 119
76 120
76 115
76 72
76 90
76 114
76 78
76 126
76 88
76 120
76 112
76 91
76 78
76 88
76 106
76 82
76 106
76 119
76 103
76 110
76 78
76 100
76 126
76 119
76 74
76 114
76 102
76 1264
77 72
77 97
77 78
77 108
77 94
77 72
77 112
77 123
77 103
77 106
77 76
77 106
77 119
77 114
77 90
77 96
77 71
77 103
77 91
77 100
77 91
77 920
78 82
78 114
78 94
78 120
78 83
78 95
78 127
78 110
78 78
78 82
78 120
78 81
78 82
78 103
78 116
78 118
78 83
78 82
78 90
78 120
78 91
78 106
78 82
78 88
78 112
78 88
78 127
78 81
78 101
78 88
78 77
78 109
79 76
79 73
79 118
79 126
79 118
81 106
81 74
81 81
81 70
81 94
81 90
81 120
81 109
81 105
81 88
81 116
81 79
81 85
81 93
81 127
81 81
81 120
81 94
81 106
81 70
81 123
81 118
81 119
81 81
81 120
81 77
81 1301
82 93
82 77
82 72
82 89
82 72
82 74
82 102
82 78
82 77
82 78
82 109
82 85
82 76
82 88
82 95
83 124
83 101
83 78
83 112
83 108
83 906
85 71
85 119
85 93
85 77
85 107
85 94
85 117
85 79
85 103
85 76
85 106
85 114
85 101
85 120
85 918
85 988
86 101
86 80
86 85
88 72
88 118
88 85
88 99
88 100
88 74
88 78
88 108
88 100
88 103
88 115
88 106
88 94
88 126
88 90
88 95
88 94
88 744
88 918
88 895
89 87
89 78
89 88
89 119
90 114
90 123
90 119
90 118
90 88
90 118
90 83
90 118
90 72
90 110
91 88
91 119
91 118
91 81
91 111
91 71
91 94
91 127
91 72
91 326
92 116
92 89
92 119
92 114
92 118
92 95
93 110
93 74
93 123
93 120
93 115
93 117
93 88
93 77
93 94
93 120
93 76
93 93
93 118
93 1053
94 76
94 123
94 106
94 106
94 94
94 118
94 109
94 119
94 118
94 97
94 114
94 107
94 125
94 115
94 114
94 118
94 78
94 78
94 120
94 76
94 72
94 95
94 78
94 72
94 520
94 1316
95 90
95 103
95 105
95 119
95 90
95 86
95 78
95 80
95 127
95 102
95 118
95 75
95 106
95 103
95 88
95 118
95 82
95 115
95 90
95 693
95 1189
95 1389
96 116
96 103
96 119
96 119
96 78
96 115
96 124
97 95
97 94
97 74
97 70
97 78
97 109
97 115
97 113
97 91
97 400
97 625
97 1016
98 103
98 114
99 115
99 101
99 123
99 124
99 118
99 94
100 77
100 105
100 76
100 85
100 72
101 120
101 109
101 77
101 107
101 119
101 117
101 101
101 82
101 100
101 93
101 120
101 85
101 96
101 127
101 107
101 116
101 946
102 123
102 107
102 95
102 114
102 93
102 119
102 83
102 108
102 107
102 112
103 120
103 107
103 75
103 90
103 98
103 72
103 94
103 88
103 82
103 95
103 118
103 93
103 106
103 99
103 112
103 106
103 110
103 90
103 114
103 397
104 72
105 118
105 105
105 106
105 114
105 76
105 88
105 119
105 83
105 102
105 401
106 118
106 74
106 93
106 109
106 119
106 94
106 103
106 70
106 123
106 109
106 117
106 119
106 76
106 90
106 72
106 77
106 108
106 95
106 119
106 110
106 76
106 85
106 118
106 89
106 74
106 85
106 77
106 77
106 103
106 126
106 89
106 119
106 85
106 114
106 105
106 106
106 81
106 111
106 103
106 70
106 1353
107 105
107 78
107 123
107 102
107 96
107 105
107 88
107 78
107 401
107 893
108 71
108 120
108 78
108 78
108 88
109 72
109 79
109 97
109 71
109 126
109 82
109 109
109 77
109 96
109 105
109 79
109 110
109 94
109 127
109 87
109 106
109 90
109 103
109 71
109 118
109 77
109 114
109 126
109 71
109 100
109 437
109 1229
110 72
110 76
110 127
110 76
110 76
110 90
110 89
110 71
110 118
110 931
111 109
111 101
111 103
111 78
111 76
111 71
111 82
111 81
111 101
111 95
111 90
111 76
111 106
111 81
111 94
112 91
112 78
112 117
112 80
112 88
112 89
112 92
112 76
112 91
112 76
112 115
112 114
112 91
112 125
112 71
112 77
112 108
112 198
113 119
113 81
113 82
114 82
114 103
114 108
114 77
114 71
114 71
114 74
114 119
114 118
114 123
114 88
114 90
114 105
114 81
114 109
114 119
114 112
114 810
114 917
114 972
114 974
114 1410
115 106
115 74
115 106
115 109
115 103
115 119
115 76
116 78
116 94
116 76
116 78
116 81
116 126
116 144
117 89
117 91
117 105
117 117
117 125
117 126
117 97
117 632
117 945
118 94
118 76
118 74
118 112
118 114
118 119
118 123
118 93
118 72
118 118
118 119
118 102
118 93
118 112
118 106
118 114
118 81
118 109
118 114
118 88
118 106
118 91
118 103
118 126
118 106
118 120
118 90
118 94
118 103
118 96
118 81
118 78
118 78
118 88
118 75
118 97
118 77
118 106
118 114
118 114
118 91
118 72
118 477
118 1259
119 109
119 77
119 117
119 72
119 94
119 120
119 120
119 112
119 95
119 114
119 88
119 92
119 94
119 74
119 109
119 106
119 86
119 78
119 82
119 71
119 123
119 109
119 110
119 109
119 112
119 106
119 123
119 101
119 110
119 89
119 97
119 109
119 102
119 118
119 78
119 95
119 403
120 119
120 101
120 118
120 123
120 78
120 116
120 77
120 90
120 120
120 78
120 114
120 123
120 106
120 94
120 94
120 110
120 96
120 71
120 434
120 917
121 114
122 107
122 126
122 94
122 94
122 1021
123 109
123 109
123 71
123 72
123 97
123 117
123 123
123 76
123 109
123 72
123 106
123 93
123 114
123 95
123 94
124 81
124 78
125 108
125 88
125 126
125 117
125 118
125 76
125 121
125 102
125 119
125 163
126 103
126 106
126 90
126 81
126 93
126 76
126 127
126 94
126 77
126 117
126 159
127 97
127 85
127 95
127 71
127 119
127 93
127 106
127 103
127 96
127 90
127 103
127 76
127 70
127 114
127 118
127 611
128 161
128 139
128 157
128 774
129 145
129 154
129 153
129 130
129 171
129 141
129 163
129 160
129 163
129 155
130 167
130 153
130 137
130 159
130 129
130 133
130 136
130 149
130 128
130 146
130 148
130 167
130 138
130 1057
131 470
132 145
132 157
132 129
132 130
132 138
132 162
133 169
133 154
133 145
133 135
133 162
134 156
134 169
134 145
134 135
134 169
134 135
134 151
134 145
134 149
134 138
134 157
134 148
134 154
134 147
134 170
134 169
134 153
134 138
134 163
134 169
134 142
134 381
135 154
135 147
135 129
135 166
135 151
135 169
135 153
135 146
135 167
135 171
135 149
135 143
135 132
135 170
135 136
135 145
135 150
135 138
135 136
135 132
135 137
135 149
135 163
135 144
135 138
135 157
135 167
135 145
135 149
135 169
135 365
135 417
136 163
136 135
136 168
136 155
136 138
136 169
136 162
137 149
137 135
137 165
137 150
137 154
137 161
137 132
137 163
137 162
137 134
137 163
137 159
137 138
137 141
137 152
137 169
137 169
137 134
137 150
137 137
137 163
137 132
137 162
137 151
137 145
137 167
137 145
138 137
138 143
138 168
138 148
138 155
138 135
138 162
138 153
138 149
138 160
138 144
138 133
138 163
138 168
138 163
138 132
138 171
138 158
139 163
139 169
139 164
139 149
139 172
139 135
139 135
139 146
139 164
139 146
139 169
139 1055
140 145
140 149
140 153
140 129
140 153
141 149
141 143
141 145
141 153
141 145
141 170
141 131
141 160
141 135
141 134
141 171
141 169
141 170
141 153
141 414
141 606
142 133
143 154
143 134
143 149
143 163
143 169
144 135
144 129
144 135
144 155
144 157
144 416
145 139
145 141
145 171
145 152
145 149
145 163
145 163
145 145
145 145
145 153
145 145
145 171
145 144
145 166
145 150
145 154
145 163
145 169
145 143
145 140
145 149
145 173
145 136
145 949
145 1225
146 167
146 163
146 169
146 166
146 136
146 169
146 169
147 167
147 130
147 144
147 161
147 171
147 149
147 169
147 128
148 137
148 134
148 169
148 136
148 138
148 848
149 151
149 133
149 165
149 152
149 150
149 167
149 149
149 169
149 157
149 169
149 130
149 139
149 173
149 132
149 162
149 157
149 159
149 149
149 162
149 168
149 148
149 128
149 129
149 171
149 169
149 145
149 147
149 153
149 155
149 141
149 170
149 143
149 163
149 153
149 141
149 171
149 169
149 162
149 163
149 141
149 164
149 149
149 150
149 432
149 784
150 167
150 172
150 135
150 147
150 129
150 160
150 163
150 169
150 167
150 162
150 136
150 131
151 137
151 167
151 169
151 138
151 143
151 153
151 141
151 163
151 150
151 165
151 138
151 162
151 172
151 163
152 139
152 168
152 135
152 1023
153 163
153 135
153 169
153 130
153 154
153 171
153 147
153 130
153 171
153 163
153 160
153 140
153 162
153 167
153 138
153 149
153 145
153 169
153 150
153 144
153 135
153 167
153 138
153 167
153 141
153 169
153 360
154 149
154 160
154 173
154 130
154 161
154 130
154 172
154 149
154 138
154 145
154 161
154 422
155 154
155 149
155 162
155 129
155 163
155 166
155 135
155 138
155 130
155 163
155 142
155 164
155 147
155 383
156 163
156 138
156 154
156 161
156 138
156 163
156 145
156 165
157 165
157 141
157 157
157 136
157 150
157 150
157 141
157 143
157 165
157 141
157 149
157 154
157 142
157 526
159 149
159 169
159 153
159 156
159 141
159 157
159 167
159 162
160 153
160 148
160 162
160 146
160 139
160 161
160 417
160 418
160 1061
161 150
161 133
161 154
161 140
161 167
161 165
161 144
161 153
161 149
161 134
161 169
161 135
161 149
161 143
161 420
162 162
162 169
162 164
162 145
162 145
162 154
162 171
162 169
162 149
162 147
162 148
162 141
162 794
162 915
162 1093
163 161
163 159
163 154
163 154
163 150
163 152
163 138
163 164
163 149
163 151
163 157
163 165
163 164
163 169
163 141
163 138
163 144
163 171
163 168
163 164
163 171
163 151
163 170
163 162
163 138
163 136
163 129
163 145
163 160
163 162
163 140
163 136
163 167
163 142
163 129
163 133
163 155
163 143
163 149
163 165
163 164
163 163
163 171
163 163
163 137
163 136
163 128
163 145
163 137
163 171
163 135
163 438
163 1374
164 141
164 150
164 162
164 162
164 165
164 162
164 169
164 164
164 130
164 151
164 129
164 149
164 136
164 170
164 810
165 149
165 138
165 164
165 167
165 172
165 172
165 147
165 167
165 162
165 129
165 165
165 134
165 136
165 171
165 136
165 135
165 136
165 171
165 429
165 429
166 153
166 130
166 169
166 165
166 153
166 128
166 141
166 150
166 168
167 169
167 173
167 153
167 129
167 171
167 130
167 170
167 362
167 1314
168 161
168 167
168 164
168 173
168 163
168 149
168 143
168 168
169 145
169 149
169 172
169 135
169 165
169 162
169 150
169 162
169 172
169 137
169 145
169 161
169 141
169 150
169 149
169 161
169 165
169 171
169 164
169 152
169 141
169 163
169 154
169 164
169 157
169 163
169 165
169 145
169 129
169 906
170 168
170 150
170 139
170 171
170 169
170 163
170 165
170 163
170 162
170 138
170 141
170 377
171 154
171 157
171 151
171 155
171 132
171 163
171 129
171 149
171 172
171 169
171 132
171 129
171 130
171 172
171 135
171 153
171 160
171 138
171 134
171 171
171 171
171 170
171 130
171 153
171 134
172 171
172 167
172 166
172 162
172 157
172 145
172 135
173 135
173 136
173 169
173 169
173 310
174 192
174 177
174 188
174 207
174 180
174 183
174 174
174 180
174 175
174 174
174 223
174 194
174 192
174 188
174 174
174 213
174 180
174 175
174 192
174 197
174 216
174 177
174 174
174 188
174 177
174 188
174 198
174 174
174 223
174 174
174 177
174 174
174 174
174 192
174 179
174 753
174 1387
175 205
176 192
177 213
177 216
177 192
177 180
177 223
177 207
177 177
177 182
177 223
177 177
177 221
177 218
177 174
177 188
177 174
177 198
177 177
177 198
177 197
177 192
177 216
177 204
177 192
177 174
177 192
177 187
177 205
177 480
177 1084
177 1221
177 1251
179 174
179 201
179 174
179 188
180 213
180 177
180 196
180 174
180 177
182 192
182 192
182 198
182 1386
183 222
184 204
184 222
184 216
184 192
184 214
184 184
184 207
184 177
184 198
184 180
184 198
184 192
184 188
184 183
184 1416
185 195
185 214
185 214
185 192
188 188
188 214
188 189
188 198
188 201
188 216
188 193
188 224
188 192
188 192
188 198
188 180
188 189
188 174
188 196
188 192
188 198
188 188
188 704
188 622
188 815
189 192
189 183
189 176
189 192
189 198
192 207
192 177
192 197
192 175
192 197
192 191
192 205
192 200
192 199
192 174
192 192
192 192
192 199
192 192
192 223
192 199
192 198
192 195
192 204
192 177
192 198
192 184
192 188
192 177
192 192
192 207
192 198
192 174
192 174
192 180
192 220
192 202
192 174
192 220
192 174
192 188
192 184
192 310
192 1015
193 198
193 192
193 177
193 188
193 199
193 180
193 201
194 192
194 198
195 174
195 190
195 177
195 200
195 200
196 192
196 174
196 177
196 318
196 796
197 188
197 211
197 417
198 174
198 216
198 188
198 221
198 192
198 198
198 192
198 211
198 177
198 177
198 188
198 198
198 192
198 188
198 198
198 198
198 177
198 207
198 177
198 214
198 174
198 177
198 174
198 206
198 188
198 295
198 429
198 1110
198 1180
198 1314
198 1277
199 188
199 186
199 177
199 223
199 174
199 174
200 198
200 223
201 177
201 810
202 177
202 206
202 188
202 177
204 174
204 188
204 224
204 207
205 177
205 198
205 192
205 193
205 199
205 223
205 192
205 220
205 401
206 192
206 175
206 193
207 174
207 192
207 175
208 207
212 207
213 206
213 192
214 198
214 174
214 192
215 363
216 207
216 177
216 402
216 1279
217 223
217 192
217 219
218 305
219 188
220 219
221 205
221 199
223 216
223 179
223 188
223 188
223 192
223 203
223 188
223 192
223 207
223 220
223 219
223 875
223 1364
224 192
224 202
224 184
224 201
224 207
224 223
225 312
226 267
226 295
226 232
226 346
226 254
226 236
226 232
227 359
227 294
227 242
229 295
229 359
229 260
229 294
229 294
229 295
230 359
230 323
230 916
231 295
231 261
231 303
231 321
231 285
231 267
231 294
231 294
231 319
231 231
231 323
231 330
231 312
231 320
231 294
231 308
231 351
231 294
231 289
231 731
232 299
232 319
232 319
232 296
232 261
232 272
232 232
232 248
232 290
232 289
232 233
232 261
232 319
233 313
233 326
233 328
233 294
233 252
233 253
233 1110
235 319
236 293
236 334
236 290
236 306
236 296
236 225
237 335
237 232
237 295
238 326
242 247
242 277
242 277
243 294
243 267
244 282
245 356
246 295
246 274
246 289
246 295
247 336
248 295
248 295
248 1238
248 1436
249 309
250 294
251 268
251 272
252 263
252 337
252 358
253 226
253 267
253 310
253 294
254 291
254 274
254 294
255 268
255 290
255 319
255 299
255 338
255 325
255 323
255 303
255 294
255 291
255 330
255 294
255 267
255 1084
256 246
256 231
257 330
257 359
257 359
257 355
257 319
259 305
259 263
259 273
259 316
260 319
260 306
261 319
261 293
261 245
261 310
261 256
261 341
261 310
261 255
261 358
261 319
261 326
261 1110
263 257
263 309
263 294
263 235
263 255
263 282
263 337
263 233
263 259
263 274
266 273
267 294
267 319
267 319
267 310
267 233
267 356
267 310
267 314
267 245
267 314
267 359
267 260
267 242
267 260
267 319
267 280
267 303
267 338
267 226
267 314
267 296
268 332
268 294
268 310
268 257
268 294
268 285
268 310
268 294
268 304
268 319
268 310
269 310
270 263
271 319
272 289
272 294
272 336
272 297
272 255
272 310
272 310
272 336
272 359
272 350
272 319
272 298
272 230
272 346
272 319
272 346
272 352
272 236
272 273
272 263
272 988
273 266
273 233
273 319
273 254
273 274
273 245
274 256
274 297
274 294
274 346
274 314
274 316
274 295
274 297
274 997
275 291
277 359
277 356
277 272
277 319
277 299
277 359
277 245
277 294
277 232
277 329
277 294
277 246
277 358
277 290
277 273
277 229
277 1115
277 1316
278 252
278 295
278 291
279 268
279 312
279 310
279 337
280 319
280 341
281 326
281 296
281 267
281 356
282 295
282 346
282 274
282 273
283 245
285 332
285 310
285 310
285 273
285 232
285 231
285 263
285 336
285 294
285 239
285 295
285 606
285 988
285 1458
286 346
288 243
288 274
288 396
289 294
289 310
289 295
289 295
289 346
289 312
289 310
289 226
289 286
289 303
289 316
289 294
290 291
290 303
291 294
291 310
291 255
291 303
291 294
291 289
291 303
291 330
291 232
291 297
291 260
291 295
292 310
293 300
293 295
293 312
293 293
294 317
294 319
294 281
294 294
294 355
294 295
294 315
294 269
294 295
294 294
294 319
294 319
294 337
294 299
294 310
294 294
294 326
294 319
294 295
294 229
294 294
294 253
294 290
294 296
294 295
294 359
294 308
294 296
294 310
294 295
294 294
294 319
294 337
294 263
294 319
294 237
294 313
294 232
294 303
294 359
294 248
294 277
294 303
294 348
294 319
294 319
294 295
294 319
294 359
294 233
294 246
294 272
294 263
294 459
294 994
294 1352
294 1386
295 294
295 229
295 310
295 328
295 272
295 299
295 330
295 294
295 295
295 283
295 263
295 359
295 229
295 264
295 267
295 303
295 261
295 233
295 319
295 268
295 290
295 226
295 267
295 326
295 356
295 225
295 254
295 280
295 236
295 273
295 294
295 233
295 245
295 325
295 226
295 341
295 334
295 350
295 294
295 310
295 328
295 303
295 344
295 294
295 305
295 227
295 250
295 293
295 319
295 238
295 226
295 310
295 367
295 633
295 1084
295 1111
295 1292
296 295
296 341
296 323
296 299
296 295
296 266
296 330
296 226
296 248
297 359
297 243
297 337
297 330
297 263
297 238
298 299
298 297
299 359
299 291
299 295
299 267
299 267
299 237
299 350
299 316
299 316
299 272
299 294
300 322
302 261
302 328
302 255
303 310
303 319
303 226
303 306
303 341
303 337
303 267
303 359
303 233
303 316
303 303
303 257
303 253
303 272
303 311
303 316
303 310
303 294
303 255
303 243
303 812
303 973
304 285
305 358
305 356
305 310
306 239
306 231
306 302
306 1036
307 359
309 319
309 266
309 274
310 294
310 322
310 267
310 231
310 294
310 321
310 359
310 279
310 310
310 231
310 340
310 319
310 277
310 323
310 285
310 319
310 281
310 319
310 294
310 295
310 298
310 294
310 267
310 312
310 319
310 295
310 330
310 319
310 310
310 319
310 309
310 294
310 299
310 338
310 303
310 303
310 268
310 303
310 257
310 319
310 339
310 296
310 294
310 268
310 277
310 333
310 334
310 295
310 685
310 755
311 319
312 310
312 346
312 285
312 277
312 229
312 438
313 271
313 226
313 268
313 286
313 263
313 337
313 289
313 310
313 284
313 299
314 295
314 310
315 310
315 927
315 1198
317 247
317 296
317 359
318 252
318 263
318 310
318 337
318 319
318 267
319 233
319 231
319 232
319 229
319 294
319 294
319 323
319 261
319 273
319 317
319 237
319 295
319 295
319 233
319 318
319 277
319 299
319 226
319 319
319 336
319 294
319 233
319 254
319 310
319 303
319 295
319 290
319 226
319 338
319 319
319 236
319 280
319 273
319 319
319 277
319 346
319 269
319 337
319 255
319 337
319 272
319 242
319 337
319 233
319 297
319 294
319 310
319 263
319 232
319 267
319 319
319 567
319 1223
319 1232
320 242
321 226
321 319
321 274
322 295
322 261
323 232
323 346
323 230
323 319
325 295
325 272
325 294
325 260
325 403
326 229
326 298
326 337
326 310
326 330
326 319
326 359
328 263
328 299
328 295
330 335
330 296
330 294
330 277
330 341
330 232
330 297
330 323
332 359
332 294
333 294
333 310
334 231
335 239
336 359
336 252
336 359
336 303
336 319
336 1180
337 285
337 285
337 310
337 319
337 226
337 330
337 310
337 356
337 268
337 339
337 299
337 290
337 295
337 1144
338 322
338 296
338 310
339 319
339 296
339 233
339 257
340 295
340 282
340 310
340 268
340 289
340 259
340 299
341 248
341 295
341 296
341 253
341 302
341 330
341 319
341 294
342 337
343 319
343 294
343 286
345 338
345 281
345 299
346 319
346 295
346 295
346 277
346 354
346 319
347 242
347 295
348 310
350 231
351 296
353 319
354 1314
356 310
356 306
356 339
356 294
356 285
356 233
357 294
358 310
358 303
358 321
358 1098
359 294
359 336
359 277
359 252
359 268
359 255
359 319
359 231
359 282
359 251
359 332
359 310
359 255
359 233
359 263
359 267
359 295
359 963
359 1445
360 365
360 367
360 368
360 363
360 360
360 367
360 378
360 372
360 367
360 384
360 373
360 378
360 378
360 362
360 370
360 380
360 360
360 376
360 377
360 360
360 383
360 361
360 382
361 376
361 360
361 383
361 378
361 365
361 361
361 361
361 362
361 377
361 380
361 381
361 378
361 802
361 1237
361 1420
362 377
362 376
362 363
362 362
362 375
362 362
362 360
362 375
362 367
363 376
363 383
363 372
363 377
363 365
363 380
363 361
363 369
363 373
363 361
363 362
363 377
364 360
364 373
364 362
364 383
364 371
364 369
364 384
364 384
364 361
364 377
364 382
365 362
365 377
365 361
365 361
365 375
365 375
365 368
365 373
365 362
365 372
366 360
366 363
366 383
367 384
367 384
367 363
367 369
367 382
367 360
367 367
367 373
367 364
367 379
367 361
367 360
367 1048
367 1314
368 373
368 368
368 365
368 361
368 379
369 382
370 370
370 367
370 362
370 377
370 377
370 371
370 1018
371 376
371 360
371 368
371 360
371 370
371 365
372 379
372 360
372 373
372 373
372 368
372 377
372 362
373 362
373 365
373 361
373 376
373 373
373 364
373 364
373 378
374 397
375 360
375 376
375 380
375 382
375 376
375 365
375 379
375 367
375 372
375 745
376 379
376 363
376 360
376 377
376 362
376 379
376 377
376 372
376 377
377 361
377 384
377 384
377 376
377 362
377 384
377 360
377 361
377 381
377 384
377 625
377 1259
378 376
378 360
378 382
378 380
378 360
379 379
379 364
379 376
379 377
379 360
379 376
379 373
379 373
379 364
379 361
379 988
380 367
380 363
380 379
380 361
380 371
380 362
380 382
380 363
380 379
380 947
381 367
381 367
381 362
381 363
381 361
381 372
381 364
381 384
381 1179
382 371
382 382
382 373
382 367
382 384
382 375
382 371
382 360
382 384
382 373
382 364
382 428
383 383
383 380
383 378
383 371
383 363
383 364
383 377
383 360
383 369
383 382
383 380
383 364
383 379
383 526
384 384
384 363
384 362
384 364
384 375
384 383
384 384
384 378
384 805
385 438
385 404
385 426
385 772
386 400
386 414
386 404
386 401
386 417
386 435
386 421
386 385
386 438
386 404
386 422
387 425
387 431
387 435
387 417
387 388
387 418
387 403
388 394
388 431
388 403
388 386
388 431
388 387
388 386
389 400
389 414
389 431
389 417
389 437
389 432
389 400
391 402
391 429
391 414
391 400
391 438
391 426
391 414
391 392
392 422
392 435
392 417
392 397
392 428
392 437
394 429
394 429
394 401
394 434
394 431
394 414
394 422
394 424
394 427
394 423
394 387
394 429
394 414
394 434
394 424
394 403
394 397
394 418
394 423
394 403
394 398
394 422
394 438
394 402
394 438
394 399
394 428
394 1088
394 1110
394 1444
396 411
396 406
396 432
396 404
396 438
397 386
397 414
397 394
397 427
397 400
398 423
398 406
398 401
398 401
398 401
398 401
398 421
398 429
398 426
398 1084
399 388
399 438
399 417
399 406
399 437
399 438
399 385
399 402
399 402
399 430
400 404
400 428
400 387
400 421
400 392
400 417
400 437
400 433
400 434
400 438
400 429
400 414
400 417
400 429
400 404
400 1031
401 422
401 403
401 404
401 406
401 400
401 428
401 418
401 434
401 418
401 394
401 414
401 436
401 403
401 429
401 392
401 422
401 417
401 429
401 437
401 418
401 389
401 414
401 401
401 414
401 429
401 417
401 419
401 398
401 432
401 1061
402 426
402 419
402 417
402 417
402 437
402 404
402 428
402 431
402 399
402 437
402 406
402 1038
402 1200
403 426
403 438
403 418
403 392
403 431
403 387
403 435
403 403
403 426
403 434
403 391
403 427
404 389
404 401
404 425
404 406
404 417
404 418
404 414
404 434
404 411
404 418
404 400
404 438
404 422
404 429
404 434
404 438
404 414
404 427
404 403
404 394
404 417
404 394
404 394
404 401
404 419
404 418
404 400
404 437
404 404
404 389
404 438
404 431
404 1339
406 401
406 438
406 431
406 392
406 418
406 434
407 429
410 437
411 388
411 398
411 401
411 414
411 417
411 438
411 437
411 400
411 399
411 434
411 434
412 429
414 400
414 391
414 414
414 437
414 436
414 436
414 401
414 438
414 414
414 422
414 402
414 414
414 437
414 429
414 400
414 404
414 437
414 394
414 401
414 394
414 394
414 417
414 438
414 436
414 400
414 422
414 404
414 426
414 418
414 422
414 400
414 411
414 417
414 633
414 1389
415 429
415 429
415 418
415 426
415 429
415 414
415 997
417 415
417 400
417 428
417 417
417 431
417 429
417 422
417 406
417 429
417 422
417 417
417 422
417 422
417 422
417 402
417 407
417 431
417 403
417 438
417 436
417 394
417 394
417 394
417 431
417 394
417 431
417 389
417 429
417 435
417 402
418 408
418 417
418 438
418 428
418 406
418 406
418 417
418 402
418 394
418 419
418 414
418 436
418 429
418 419
418 401
418 403
418 438
418 404
418 429
418 431
418 436
418 434
418 429
418 417
418 404
418 907
419 432
419 403
419 437
419 401
419 398
419 422
419 437
419 421
420 389
421 414
421 397
422 434
422 429
422 389
422 406
422 437
422 391
422 394
422 423
422 398
422 423
422 438
422 417
422 431
422 429
422 418
422 404
422 396
422 415
422 438
422 400
422 392
422 431
422 411
422 434
422 422
422 400
422 423
422 436
422 414
422 389
422 392
422 438
422 419
422 911
422 1048
423 400
423 434
423 386
423 394
423 402
423 431
423 436
423 406
423 398
423 431
423 429
423 404
423 426
423 919
424 385
425 400
425 414
425 401
425 388
425 400
425 419
425 400
426 404
426 418
426 433
426 427
426 413
426 436
426 426
426 421
426 434
426 394
426 436
426 411
426 429
426 411
426 400
426 387
426 429
427 397
427 403
427 429
428 433
428 437
428 414
428 438
428 422
428 430
428 401
428 418
428 434
429 435
429 429
429 414
429 438
429 419
429 433
429 418
429 417
429 426
429 414
429 418
429 435
429 417
429 386
429 394
429 438
429 438
429 434
429 423
429 418
429 528
430 401
430 404
431 396
431 422
431 438
431 392
431 428
431 422
431 389
431 414
431 400
431 426
431 427
431 422
431 414
431 436
431 404
431 431
431 422
431 425
431 437
431 426
431 401
431 417
431 438
431 420
431 388
431 417
431 426
431 425
431 394
431 1239
432 412
432 432
432 429
432 1110
433 398
433 431
433 385
433 397
433 429
433 429
433 1309
434 399
434 394
434 434
434 401
434 434
434 419
434 417
434 405
434 428
434 438
434 416
434 417
434 387
434 429
434 431
434 422
434 875
435 417
435 435
435 401
435 434
435 414
435 422
435 435
435 428
435 425
435 418
436 432
436 428
436 394
436 427
436 404
436 429
436 398
436 423
436 417
436 418
436 426
436 436
436 419
436 417
436 422
436 418
436 431
437 404
437 436
437 431
437 400
437 422
437 418
437 438
437 417
437 417
437 404
437 429
437 438
437 422
437 401
437 418
437 392
437 403
437 402
437 417
437 426
437 396
437 438
437 972
438 401
438 423
438 417
438 414
438 434
438 421
438 404
438 402
438 435
438 429
438 422
438 433
438 411
438 429
438 431
438 435
438 418
438 434
438 435
438 404
438 438
438 394
438 433
438 431
438 437
438 396
438 396
438 414
438 431
438 422
438 1221
439 462
439 453
439 491
439 455
439 463
439 463
439 447
439 458
439 477
439 481
439 470
439 496
439 441
439 491
439 468
439 463
439 477
439 447
441 454
441 444
441 463
441 444
441 451
441 446
441 445
441 458
441 441
441 455
441 463
441 463
441 480
441 462
441 471
441 477
441 457
441 457
441 459
441 472
441 494
441 441
441 468
441 447
441 471
441 477
441 474
441 471
441 447
441 1150
441 1314
442 494
442 439
442 467
442 481
442 458
442 463
442 477
442 459
442 449
442 470
442 457
442 449
442 441
442 496
442 444
442 453
442 444
442 439
442 468
442 671
442 728
442 925
442 1259
442 1292
443 444
444 472
444 470
444 463
444 457
444 441
444 465
444 474
444 496
444 444
444 444
444 483
444 449
444 450
444 439
444 444
444 465
444 494
444 493
444 477
444 472
444 449
444 463
444 449
444 471
444 458
444 450
444 442
444 439
444 486
444 493
444 662
444 649
444 944
444 963
444 1243
445 470
446 455
446 451
447 453
447 441
447 486
447 491
447 487
447 449
447 470
447 457
447 477
447 468
447 496
447 442
447 464
447 490
447 453
447 491
447 468
447 1001
448 455
448 459
449 489
449 455
449 459
449 470
449 455
449 449
449 474
449 449
449 484
449 439
449 491
449 442
449 442
449 481
449 471
449 489
449 441
449 491
449 496
449 468
449 455
449 893
450 459
450 493
451 455
451 477
451 477
451 487
451 439
451 489
451 449
451 447
451 455
451 441
451 457
451 458
451 447
451 455
451 459
451 457
451 1010
453 444
453 455
454 439
454 451
455 470
455 457
455 445
455 439
455 457
455 447
455 496
455 455
455 458
455 496
455 491
455 494
455 470
455 483
455 439
455 496
455 481
455 444
455 463
455 695
455 1152
455 1309
455 1341
457 444
457 471
457 444
457 487
457 480
457 457
457 470
457 447
457 494
457 494
457 477
457 458
457 480
457 491
457 465
457 623
458 447
458 480
458 480
458 1314
459 444
459 491
459 457
459 442
459 449
459 483
459 463
460 496
460 463
460 1447
461 494
461 849
463 443
463 470
463 439
463 449
463 467
463 483
463 491
463 477
463 495
463 451
463 491
463 496
463 457
463 442
463 1035
464 486
464 495
464 1323
465 459
465 439
465 455
465 483
465 441
465 471
466 468
467 439
467 447
467 447
467 493
467 457
467 468
468 441
468 491
468 487
468 444
468 463
468 481
468 487
468 487
468 441
468 455
468 439
468 567
468 1084
468 1299
469 471
470 444
470 454
470 442
470 463
470 470
470 449
470 496
470 474
470 457
470 465
470 447
470 455
471 467
471 494
471 465
471 496
471 457
471 468
471 455
471 483
471 468
471 480
471 490
471 1152
472 471
472 472
472 972
474 444
474 491
474 481
474 443
474 472
474 455
474 449
474 468
475 450
475 474
475 444
477 443
477 481
477 477
477 441
477 477
477 468
477 474
477 444
477 457
477 477
477 455
477 439
477 455
477 517
477 746
478 483
480 460
480 468
480 442
480 462
480 470
480 459
480 474
480 490
480 441
480 481
480 496
480 444
480 455
480 455
480 444
480 463
481 487
481 451
481 470
481 444
481 439
481 443
481 455
481 465
481 450
481 468
481 450
481 978
482 473
483 441
483 444
483 468
483 457
484 443
485 470
486 457
486 447
486 668
487 457
487 441
487 441
487 477
487 439
487 480
487 496
487 474
487 1212
487 1307
489 481
489 442
489 487
489 463
489 882
490 444
490 439
490 457
490 451
491 461
491 459
491 463
491 470
491 449
491 439
491 458
491 444
491 491
491 494
491 477
491 449
491 474
491 439
491 489
491 493
491 487
491 458
492 471
492 468
493 455
494 457
494 481
494 447
494 449
494 449
494 470
494 481
496 465
496 447
496 487
496 439
496 444
496 449
496 449
496 487
496 481
496 495
496 496
496 491
496 449
496 496
496 470
496 491
496 496
496 461
497 499
498 498
498 499
499 502
499 497
499 501
499 499
499 1110
499 1313
500 499
500 498
501 504
501 500
501 497
501 503
501 632
501 933
502 497
502 497
502 500
502 503
502 503
503 497
503 621
503 829
503 1007
505 498
506 506
506 508
506 509
506 981
507 509
507 509
507 509
507 509
508 506
508 507
508 506
508 1243
509 506
509 1420
510 528
510 552
511 560
511 526
514 553
515 526
517 528
517 526
517 528
517 537
517 541
517 517
518 529
518 537
518 528
518 528
519 1319
520 528
520 526
520 517
521 528
521 518
522 556
522 541
523 528
523 1210
525 528
525 560
525 530
525 525
525 528
525 528
525 540
525 525
525 517
525 519
525 511
525 526
525 526
526 529
526 540
526 526
526 562
526 528
526 526
526 543
526 526
526 528
526 526
526 526
526 548
526 543
526 522
526 528
526 560
526 518
526 528
526 525
526 517
526 546
526 560
526 526
526 528
526 541
526 526
526 521
526 528
526 563
526 528
526 522
526 529
526 526
526 528
526 537
526 528
526 526
526 526
526 528
526 526
526 510
526 528
526 525
526 528
526 637
526 1110
526 1396
526 1451
527 562
527 541
528 528
528 519
528 526
528 547
528 526
528 551
528 528
528 532
528 545
528 526
528 528
528 517
528 518
528 518
528 558
528 526
528 526
528 526
528 518
528 537
528 530
528 526
528 554
528 528
528 561
528 528
528 526
528 528
528 514
528 526
528 526
528 538
528 515
528 528
528 541
528 546
528 560
528 528
528 511
528 526
528 526
528 988
528 1015
529 528
529 517
530 559
530 526
530 526
530 526
530 537
530 528
530 903
532 528
535 516
536 528
537 526
537 537
537 526
537 528
537 520
538 528
538 533
539 537
541 556
541 530
541 826
542 526
542 519
542 528
542 526
543 529
543 528
544 537
546 528
548 548
551 518
556 517
556 548
559 1292
561 526
561 526
561 528
561 526
564 611
564 709
564 655
564 631
564 644
564 660
564 667
564 660
564 755
564 1314
565 676
565 667
565 692
565 674
565 685
565 657
565 567
565 884
565 1268
566 604
566 607
566 685
566 650
566 572
566 633
566 578
566 685
566 697
566 572
566 605
566 564
566 607
566 621
566 650
566 697
566 625
566 635
566 704
566 704
566 658
566 661
566 611
566 730
566 715
567 566
567 623
567 685
567 566
567 685
567 662
569 633
569 566
569 632
569 566
569 635
569 599
569 633
569 685
569 732
570 650
570 899
571 633
571 632
571 685
571 667
571 685
571 676
571 633
571 632
572 698
572 653
572 565
572 633
572 607
572 611
572 674
572 704
572 633
572 574
572 704
572 708
572 772
572 1380
573 632
573 633
573 704
573 1366
574 632
575 633
575 685
575 704
575 579
575 632
575 566
575 916
575 1268
576 650
578 632
578 655
578 990
580 623
581 697
581 650
582 650
582 655
583 685
583 704
583 632
583 633
583 611
583 963
583 891
583 1309
584 611
584 703
585 685
588 655
588 578
588 578
588 630
588 918
588 1284
588 1456
589 605
589 697
589 685
589 904
590 611
590 674
590 704
590 584
590 573
591 669
592 606
592 685
592 704
592 633
592 611
592 712
593 633
593 650
593 673
593 1305
594 704
596 648
596 633
598 670
598 633
598 939
600 693
600 655
600 685
602 565
603 564
603 674
604 689
605 685
605 668
605 626
605 632
605 647
605 704
605 606
605 709
605 911
605 1274
606 668
606 704
606 691
606 639
606 632
606 696
606 633
606 698
606 593
606 700
606 667
606 685
606 570
606 650
606 685
606 638
606 625
606 644
606 697
606 704
606 632
606 674
606 633
606 565
606 704
606 685
606 611
606 632
606 828
606 1147
606 1279
607 635
607 632
607 611
607 650
607 569
607 564
608 611
608 776
609 632
609 653
610 704
610 611
610 633
610 699
610 578
610 583
610 632
610 611
610 680
610 632
610 685
610 611
611 566
611 611
611 650
611 565
611 648
611 704
611 564
611 650
611 611
611 606
611 667
611 601
611 611
611 697
611 606
611 695
611 611
611 620
611 611
611 606
611 633
611 685
611 633
611 635
611 704
611 631
611 606
611 650
611 606
611 606
611 676
611 650
611 606
611 710
611 646
611 618
611 685
611 697
611 632
611 698
611 697
611 600
611 684
611 606
611 691
611 611
611 611
611 620
611 632
611 633
611 585
611 611
611 633
611 647
611 697
611 631
611 697
611 704
611 632
611 704
611 606
611 662
611 591
611 698
611 676
611 633
611 606
611 611
611 685
611 625
611 574
611 704
611 632
611 708
611 685
611 673
611 639
611 580
611 630
611 697
611 633
611 657
611 606
611 685
611 663
611 706
611 635
611 709
611 572
611 632
611 685
611 578
611 582
611 656
611 611
611 606
611 641
611 632
611 657
611 632
611 583
611 697
611 632
611 674
611 632
611 704
611 685
611 621
611 701
611 704
611 856
611 920
611 926
611 918
611 895
611 1202
611 1217
611 1273
611 1257
611 1263
611 1310
611 1344
611 1391
611 1374
612 611
612 861
613 668
614 648
615 583
615 621
615 650
616 633
616 685
616 662
616 632
616 697
616 632
616 1047
617 663
617 611
617 685
617 662
619 650
620 625
620 698
620 606
620 676
620 575
620 633
620 633
620 921
621 572
621 700
621 632
621 574
621 633
622 583
623 625
623 668
623 709
623 566
623 1319
624 564
624 617
625 633
625 633
625 632
626 701
626 567
628 644
628 615
628 633
628 871
629 609
631 633
631 632
631 610
631 1249
631 1398
632 658
632 590
632 611
632 632
632 611
632 650
632 611
632 633
632 685
632 566
632 592
632 633
632 611
632 697
632 647
632 679
632 638
632 632
632 654
632 611
632 611
632 650
632 568
632 611
632 667
632 662
632 566
632 623
632 685
632 632
632 632
632 622
632 583
632 655
632 685
632 569
632 709
632 657
632 667
632 633
632 633
632 611
632 632
632 650
632 611
632 689
632 611
632 611
632 564
632 685
632 704
632 632
632 697
632 632
632 605
632 611
632 659
632 565
632 685
632 685
632 646
632 632
632 685
632 590
632 605
632 685
632 685
632 638
632 632
632 589
632 638
632 662
632 697
632 621
632 633
632 641
632 655
632 725
632 781
632 867
632 856
632 845
632 911
632 933
632 994
632 1075
632 1273
632 1273
632 1273
633 611
633 632
633 592
633 685
633 635
633 632
633 685
633 633
633 633
633 633
633 704
633 632
633 633
633 632
633 704
633 662
633 633
633 674
633 704
633 650
633 577
633 621
633 632
633 650
633 678
633 657
633 633
633 566
633 704
633 632
633 572
633 611
633 704
633 611
633 685
633 606
633 574
633 685
633 622
633 633
633 685
633 646
633 588
633 564
633 583
633 685
633 697
633 709
633 621
633 650
633 566
633 685
633 650
633 593
633 632
633 611
633 611
633 635
633 689
633 606
633 697
633 660
633 697
633 606
633 633
633 629
633 611
633 685
633 572
633 633
633 606
633 633
633 668
633 616
633 633
633 611
633 650
633 700
633 655
633 653
633 632
633 578
633 593
633 697
633 633
633 685
633 588
633 633
633 598
633 709
633 704
633 704
633 593
633 606
633 610
633 633
633 697
633 581
633 633
633 633
633 566
633 669
633 632
633 633
633 661
633 727
633 884
633 882
633 873
633 963
633 974
633 922
633 933
633 911
633 1264
633 1306
633 1387
634 656
635 612
635 606
635 632
635 589
635 661
635 685
635 598
635 632
635 709
635 633
635 611
635 611
635 803
635 1273
636 662
636 600
636 675
636 1314
638 611
638 632
638 632
638 605
638 633
638 653
638 611
639 611
639 685
639 691
639 633
639 633
640 661
640 632
641 661
641 676
641 704
641 631
641 1251
642 697
642 633
642 703
642 922
644 607
644 685
645 685
646 611
646 685
646 629
646 592
647 611
647 635
647 691
647 611
647 704
647 606
647 611
648 708
648 674
648 600
650 685
650 611
650 606
650 632
650 700
650 633
650 692
650 676
650 573
650 632
650 668
650 685
650 632
650 564
650 633
650 572
650 679
650 611
650 704
650 632
650 633
650 650
650 697
650 704
650 704
650 685
650 704
650 642
650 633
650 685
650 873
650 848
650 1389
655 632
655 632
655 574
655 680
655 602
655 645
655 710
655 572
655 593
655 685
655 685
655 679
655 759
655 735
655 806
655 1016
656 611
656 658
657 611
657 611
657 669
657 566
657 611
657 1152
658 572
658 633
658 605
659 611
659 618
659 611
659 633
659 708
659 632
659 710
659 633
659 668
659 600
659 904
660 632
660 625
661 697
661 572
661 662
661 611
661 632
661 708
662 611
662 655
662 632
662 638
662 704
662 672
662 632
662 585
662 1273
663 632
663 667
663 583
663 676
665 676
665 633
665 1251
666 572
667 697
667 575
667 611
667 633
667 650
667 598
667 704
667 650
667 611
667 633
667 632
667 685
667 633
667 572
667 1395
668 674
668 632
668 704
668 566
668 569
668 633
668 633
668 667
668 611
668 621
668 685
668 704
668 611
668 704
668 695
668 974
669 667
669 632
669 681
669 575
670 625
670 700
672 569
672 704
672 580
672 578
673 632
674 697
674 633
674 606
674 632
674 650
674 572
674 611
674 685
674 631
674 925
674 963
675 685
676 685
676 573
676 691
676 633
676 574
676 569
676 767
676 896
676 1264
676 1400
677 593
677 1071
677 1250
679 607
679 565
679 611
679 632
680 611
680 650
681 700
682 668
682 611
682 891
683 704
685 635
685 572
685 704
685 608
685 710
685 606
685 633
685 633
685 573
685 611
685 611
685 695
685 632
685 679
685 583
685 709
685 650
685 697
685 704
685 611
685 679
685 575
685 605
685 697
685 657
685 697
685 659
685 704
685 611
685 625
685 655
685 708
685 658
685 618
685 685
685 670
685 679
685 606
685 661
685 583
685 611
685 665
685 607
685 657
685 632
685 566
685 704
685 583
685 697
685 575
685 632
685 685
685 633
685 704
685 650
685 603
685 685
685 685
685 589
685 657
685 632
685 708
685 691
685 655
685 650
685 667
685 727
685 748
685 720
685 824
685 915
685 966
685 972
685 919
685 1242
685 1299
685 1386
686 611
686 611
686 704
687 632
687 696
687 639
691 611
691 684
691 650
691 655
691 610
691 672
691 606
691 633
691 704
691 611
691 1267
693 635
694 606
695 655
695 611
695 650
695 611
695 592
695 1305
695 1273
696 625
696 662
696 657
696 606
696 572
697 632
697 583
697 633
697 704
697 633
697 697
697 611
697 710
697 606
697 628
697 704
697 584
697 571
697 611
697 595
697 633
697 566
697 685
697 633
697 681
697 704
697 583
697 650
697 704
697 569
697 650
697 611
697 697
697 611
697 633
697 848
697 904
697 1284
698 632
698 704
698 899
698 1273
699 611
699 655
699 685
699 673
699 704
699 911
700 632
700 709
700 632
700 606
700 632
700 633
700 693
702 641
702 606
704 665
704 633
704 632
704 611
704 607
704 633
704 618
704 710
704 635
704 685
704 698
704 611
704 607
704 571
704 611
704 698
704 685
704 631
704 697
704 605
704 635
704 632
704 617
704 598
704 704
704 650
704 611
704 594
704 697
704 685
704 632
704 655
704 580
704 710
704 629
704 589
704 633
704 611
704 653
704 611
704 618
704 632
704 611
704 650
704 685
704 650
704 655
704 695
704 633
704 708
704 611
704 633
704 685
704 633
704 633
704 673
704 574
704 650
704 611
704 695
704 633
704 691
704 606
704 633
704 762
704 757
704 884
704 845
704 926
704 1007
704 1110
704 1266
704 1308
704 1305
704 1437
705 655
706 583
707 633
707 685
708 611
708 655
708 572
708 632
708 685
708 632
708 588
708 611
708 697
709 632
709 633
709 632
709 611
709 632
709 632
709 611
710 567
710 695
710 638
710 575
710 583
710 679
710 685
710 657
710 633
710 633
710 899
710 1447
712 751
712 733
712 752
712 745
712 755
712 923
713 755
713 773
714 767
715 766
715 720
715 933
715 904
716 763
716 767
716 731
716 954
716 932
717 758
717 762
717 737
717 732
717 772
717 717
717 959
717 972
718 714
718 726
718 769
718 731
720 767
720 726
720 728
721 898
722 772
722 772
722 772
722 745
722 726
722 726
722 767
722 767
722 725
722 921
723 736
724 763
726 757
726 767
726 766
726 767
726 714
726 766
726 731
726 720
726 737
726 758
726 726
726 712
726 745
726 746
726 756
726 725
726 767
726 740
726 772
726 727
726 746
726 772
726 772
726 763
726 904
726 969
726 915
726 1001
726 1175
727 745
727 769
727 772
727 746
728 772
728 738
728 715
728 763
728 731
728 922
728 967
729 751
729 731
730 738
730 767
730 768
730 754
730 915
730 1033
731 762
731 731
731 772
731 757
731 732
731 769
731 772
731 716
731 732
731 738
731 766
731 772
731 726
731 714
731 757
731 742
731 764
731 722
731 769
731 738
731 740
731 756
731 755
731 769
731 826
731 963
731 911
731 1192
731 1230
732 755
732 733
732 727
732 726
732 726
732 715
732 767
732 733
732 737
732 773
732 734
732 731
732 731
732 722
732 757
732 740
732 769
732 947
732 949
732 895
732 941
733 774
733 766
733 769
733 763
733 722
733 772
733 716
733 725
733 722
733 755
733 726
733 754
733 732
733 757
733 747
733 911
733 1454
734 772
734 755
734 767
735 755
735 722
735 758
736 767
737 769
737 748
737 741
737 728
737 748
737 735
737 733
737 766
737 772
737 1152
738 729
738 752
738 726
738 762
738 1023
739 738
740 757
740 717
740 728
740 923
740 889
740 927
741 714
741 742
741 772
741 909
743 720
744 761
744 747
744 884
744 958
745 773
745 731
745 728
745 714
745 755
745 768
745 732
745 730
745 726
745 773
745 924
745 964
746 732
746 733
746 746
746 747
746 736
747 727
747 755
747 766
747 745
747 768
747 969
748 740
748 740
748 722
748 731
748 755
748 766
748 732
748 767
748 747
748 732
748 716
748 849
748 907
748 946
748 1389
751 766
752 746
752 767
752 737
752 1323
754 712
754 757
754 741
754 926
755 733
755 767
755 767
755 758
755 727
755 769
755 725
755 757
755 722
755 850
756 741
756 722
756 757
756 720
756 733
756 736
756 751
756 893
756 895
756 963
757 717
757 748
757 762
757 755
757 722
757 772
757 772
757 712
757 720
757 755
757 1284
757 1363
758 726
758 755
758 741
758 733
758 755
758 726
758 726
758 922
758 919
758 904
760 915
762 754
762 762
762 733
762 756
762 767
762 752
762 747
762 718
762 764
762 740
762 762
762 763
762 767
762 716
762 767
762 737
762 728
762 805
762 884
762 895
762 967
762 895
762 925
762 1289
763 754
763 713
763 757
765 726
766 772
766 724
766 726
766 731
766 756
766 726
766 755
766 757
766 769
766 742
766 767
766 904
767 718
767 769
767 745
767 711
767 720
767 772
767 737
767 732
767 718
767 762
767 763
767 915
768 731
768 758
769 728
769 733
769 757
769 762
769 772
769 762
769 731
769 732
769 769
769 716
769 766
769 755
769 740
769 747
769 722
769 908
769 911
769 1110
769 1416
771 962
772 755
772 731
772 737
772 731
772 737
772 762
772 769
772 712
772 758
772 772
772 733
772 767
772 763
772 741
772 731
772 769
772 727
772 757
772 767
772 732
772 769
772 741
772 921
772 935
772 1057
772 1314
772 1341
773 732
773 714
773 731
773 726
773 714
773 772
774 726
774 755
774 727
774 918
774 907
775 766
775 745
775 730
775 974
775 1273
775 1305
776 802
776 781
776 785
776 814
776 799
776 823
776 786
776 785
776 803
776 800
776 777
776 787
776 787
776 785
776 783
776 823
776 788
776 796
776 1314
777 816
777 795
777 794
777 811
777 811
778 811
778 787
779 806
780 803
780 805
780 811
780 794
780 838
781 816
781 813
781 787
781 806
781 784
781 787
781 806
781 804
781 787
781 785
781 803
781 803
781 817
781 1314
783 781
784 804
784 1314
785 811
785 797
785 803
785 800
785 811
785 803
785 790
785 824
785 805
785 804
785 803
785 776
785 811
785 786
785 823
785 811
786 816
787 776
787 787
787 787
787 794
787 803
787 815
787 824
787 776
787 803
787 776
787 815
787 804
787 787
787 802
787 815
787 812
787 803
787 972
787 997
788 785
789 807
793 823
793 794
793 777
793 777
794 816
794 793
794 811
794 816
794 802
794 787
794 811
794 794
794 781
794 811
794 823
794 785
795 796
796 816
796 785
797 814
797 819
797 786
797 804
798 787
798 784
798 823
798 785
798 787
799 800
800 785
800 776
800 1110
802 787
802 815
802 776
802 800
802 804
802 821
802 787
802 923
802 988
803 823
803 815
803 823
803 802
803 803
803 804
803 777
803 803
803 776
803 811
804 802
804 806
804 802
804 816
804 811
804 811
804 815
805 776
805 806
805 804
805 794
805 793
805 785
805 1363
806 824
808 800
808 809
808 785
809 821
809 1415
810 811
811 789
811 794
811 804
811 823
811 818
811 815
811 817
811 787
811 807
811 816
811 802
811 797
811 805
811 804
811 815
811 1106
812 780
812 793
812 782
813 815
813 823
813 807
814 816
814 816
814 802
814 787
814 787
814 803
814 785
814 785
814 907
815 805
815 784
815 811
815 823
815 794
815 802
815 804
815 785
815 795
816 823
816 787
816 810
816 781
816 804
816 794
816 816
816 781
816 780
817 797
819 816
821 802
822 777
822 816
823 781
823 796
823 800
823 817
823 794
823 815
823 802
823 814
823 787
824 804
824 802
824 802
824 823
824 780
826 836
826 848
826 875
826 831
826 835
826 830
826 882
826 863
826 835
826 865
826 875
826 830
826 882
826 882
826 826
826 861
826 844
826 866
826 828
826 850
826 885
826 866
826 874
826 1291
826 1292
827 878
827 865
828 834
829 866
829 854
829 866
829 956
830 825
830 826
830 850
830 894
831 826
831 851
831 884
832 848
835 826
835 886
835 887
836 827
837 972
838 828
838 875
839 885
839 881
839 951
842 884
842 866
843 852
843 875
843 826
843 988
845 861
845 866
845 846
845 828
845 846
845 1314
846 850
846 846
846 848
846 1309
848 885
848 851
848 862
848 867
848 881
848 861
848 825
848 826
848 826
848 856
848 839
848 835
848 858
848 875
848 858
849 877
849 825
850 880
850 884
850 869
850 869
850 865
850 850
850 1393
851 880
852 856
854 849
854 866
854 856
856 866
856 856
856 826
856 882
856 875
856 854
856 848
856 1069
856 1314
857 851
857 871
857 875
857 852
858 861
858 871
858 887
858 877
858 848
859 826
859 885
859 856
859 845
859 859
859 872
859 940
860 865
861 869
861 875
861 875
861 826
863 826
863 875
864 881
864 856
864 838
865 872
865 826
866 828
866 865
866 884
866 845
866 861
866 834
866 848
866 848
866 852
866 828
866 1005
866 1417
868 873
869 861
869 837
869 884
870 857
871 826
871 872
871 883
871 848
871 875
871 1147
872 826
872 845
873 878
873 837
874 827
874 826
875 848
875 848
875 874
875 846
875 844
875 885
875 865
875 887
875 882
875 884
875 866
875 830
875 826
875 884
875 856
875 870
875 866
875 848
875 1255
877 845
877 848
877 871
877 885
880 835
880 885
880 875
880 1314
881 882
881 845
881 919
882 861
882 877
882 881
882 842
882 858
882 826
882 1249
883 859
883 866
883 858
883 846
883 871
883 832
884 875
884 879
884 855
884 877
884 871
884 875
884 884
884 877
884 871
884 880
884 875
884 857
884 826
884 884
884 868
884 873
884 845
884 884
884 884
884 875
884 991
884 1246
884 1327
885 856
887 861
887 999
888 895
888 895
888 969
888 973
888 928
888 952
888 922
888 892
888 952
888 973
888 973
888 967
888 969
888 922
888 890
888 963
888 949
889 949
889 895
890 965
890 970
890 907
890 968
890 903
890 940
890 903
890 916
890 934
890 907
890 969
890 895
890 904
890 909
890 963
890 961
890 896
890 936
890 917
890 955
890 895
890 964
891 888
891 918
891 946
891 923
891 942
891 932
891 928
891 972
891 934
891 947
891 969
891 954
891 959
891 956
891 936
891 972
891 920
892 963
892 972
892 970
892 951
892 973
892 920
892 923
892 904
892 888
892 915
892 933
892 904
892 972
892 969
892 932
892 1084
893 904
893 923
893 910
893 932
893 893
893 972
893 955
893 920
893 959
893 972
893 901
893 907
893 920
893 907
893 906
893 918
893 900
893 929
894 949
894 918
894 931
894 948
894 953
895 899
895 969
895 912
895 949
895 961
895 911
895 906
895 919
895 936
895 931
895 969
895 917
895 911
895 904
895 953
895 920
895 893
895 904
895 904
895 922
895 969
895 906
895 893
895 940
895 926
895 919
895 918
895 969
895 949
895 924
895 928
895 939
895 915
895 936
895 944
895 919
895 927
895 923
895 903
895 969
895 959
895 919
895 911
895 918
895 922
895 928
895 958
895 920
895 941
895 896
895 972
895 906
895 972
895 899
896 922
896 921
896 959
896 919
896 917
896 974
896 898
896 935
896 963
896 908
896 915
896 898
896 970
896 919
896 938
896 895
897 919
897 970
897 911
898 941
898 939
899 927
899 933
899 916
899 914
899 969
899 900
899 888
899 941
899 926
899 895
899 939
899 911
899 911
899 890
899 895
899 959
899 940
899 962
899 899
899 895
899 956
899 888
899 920
899 891
899 928
899 950
899 888
899 916
899 972
899 933
899 893
899 914
899 891
899 897
899 966
899 899
899 893
899 907
899 888
899 895
899 911
899 895
899 970
899 1284
899 1294
899 1263
900 895
900 969
900 941
900 958
900 956
900 920
900 895
901 966
901 963
901 933
901 917
901 922
901 900
901 927
901 959
902 890
902 934
902 911
902 895
903 924
903 911
903 927
903 954
903 959
903 952
903 933
903 944
903 911
903 944
904 946
904 899
904 920
904 922
904 972
904 931
904 919
904 888
904 904
904 967
904 924
904 896
904 927
904 923
904 904
904 896
904 915
904 959
904 934
904 948
904 906
904 934
904 925
904 972
904 907
904 921
904 945
904 919
904 920
904 963
904 918
904 957
904 919
904 924
904 927
904 911
904 966
904 920
905 908
905 972
905 932
905 939
905 894
905 934
905 934
906 895
906 940
906 915
906 962
906 944
906 889
906 940
906 893
906 946
906 895
906 899
906 946
906 919
906 915
906 966
906 932
906 900
906 956
906 890
906 906
906 947
906 938
906 1264
907 926
907 958
907 919
907 969
907 896
907 933
907 923
907 970
907 959
907 919
907 928
907 916
907 915
907 946
907 959
907 932
907 898
907 910
907 926
907 955
907 917
907 969
907 954
907 888
908 972
908 890
908 923
908 922
908 919
909 904
909 928
909 890
909 974
910 959
910 948
910 920
910 916
910 919
910 970
910 928
911 899
911 921
911 903
911 912
911 898
911 893
911 918
911 900
911 934
911 899
911 923
911 918
911 926
911 961
911 904
911 890
911 899
911 904
911 928
911 888
911 896
911 923
911 972
911 925
911 968
911 939
911 919
911 891
911 935
911 895
911 961
911 919
911 893
911 959
911 904
911 895
911 911
911 916
911 946
911 912
911 958
911 956
911 891
911 901
911 901
911 932
911 888
911 922
911 911
911 899
911 933
911 974
911 961
911 916
912 932
912 888
912 1152
913 966
914 895
914 966
914 969
914 956
914 1371
915 895
915 899
915 961
915 953
915 934
915 967
915 892
915 927
915 959
915 951
915 891
915 956
915 897
915 911
915 921
915 941
915 974
915 928
915 942
915 922
915 958
915 959
915 921
915 895
916 972
916 914
916 916
916 946
916 967
916 917
916 904
916 918
916 918
916 912
916 897
916 908
916 923
916 967
916 944
916 958
916 949
916 893
916 918
916 969
916 921
916 945
916 968
916 896
916 935
916 972
917 973
917 906
917 895
917 941
917 929
917 934
917 951
917 967
918 920
918 895
918 911
918 959
918 926
918 888
918 909
918 920
918 889
918 900
918 972
918 911
918 922
918 923
918 921
918 969
918 888
918 917
918 966
918 903
918 916
918 908
918 922
918 958
918 931
918 906
918 947
918 961
918 946
918 919
918 953
918 968
918 956
918 950
918 969
918 892
918 955
918 967
918 907
918 931
918 945
918 1130
919 921
919 941
919 951
919 931
919 893
919 888
919 963
919 946
919 928
919 901
919 949
919 949
919 920
919 919
919 963
919 927
919 895
919 911
919 961
919 903
919 916
919 925
919 968
919 933
919 947
919 973
919 973
919 907
919 951
919 963
919 955
919 959
919 948
919 907
919 891
919 899
919 970
919 947
919 920
919 896
919 958
919 902
919 951
919 905
919 937
919 973
919 925
919 963
919 895
919 948
919 956
919 958
919 916
919 959
919 958
919 949
919 888
919 959
919 949
919 935
919 1320
920 916
920 946
920 920
920 935
920 923
920 964
920 906
920 917
920 941
920 970
920 895
920 959
920 918
920 920
920 907
920 967
920 907
920 895
920 963
920 951
920 906
920 919
920 942
920 967
920 911
920 921
920 972
920 939
920 941
920 939
920 934
920 891
920 962
920 919
920 906
920 898
920 890
920 946
920 928
920 946
920 918
920 891
920 966
920 972
920 899
920 911
920 896
920 950
920 963
920 892
920 959
920 905
920 954
920 895
920 945
920 920
920 925
920 959
920 954
920 918
920 895
920 916
920 1273
920 1295
921 942
921 904
921 947
921 918
921 911
921 949
921 950
921 943
921 959
921 926
921 970
921 962
921 920
921 972
921 940
921 904
921 958
922 973
922 911
922 888
922 916
922 959
922 931
922 907
922 906
922 973
922 918
922 899
923 963
923 911
923 972
923 946
923 890
923 955
923 911
923 904
923 967
923 919
923 938
923 937
923 919
923 922
923 920
923 972
923 917
923 895
923 1388
924 968
924 949
924 969
924 968
924 928
925 888
925 956
925 906
925 926
925 943
925 922
925 911
925 893
925 956
925 941
925 919
925 954
925 972
925 949
925 900
925 910
926 923
926 895
926 907
926 893
926 888
926 916
926 917
926 911
926 917
926 945
926 942
926 909
926 958
926 949
926 938
926 911
926 905
926 970
926 933
926 972
926 943
926 918
927 918
927 911
927 911
927 949
927 961
927 911
927 974
927 974
927 923
927 918
927 923
927 938
927 907
927 911
927 963
927 1389
928 911
928 961
928 930
928 938
928 969
928 959
928 951
928 921
928 972
928 972
928 911
928 953
928 920
928 904
928 911
928 919
928 923
928 970
928 973
928 907
928 931
928 970
928 974
928 956
928 922
928 912
928 933
928 958
928 958
928 888
928 920
928 915
928 910
928 907
928 917
928 1335
929 920
929 939
929 945
929 919
929 933
929 1284
930 946
930 893
931 951
931 942
931 919
931 920
931 899
931 899
931 918
931 946
931 954
931 900
931 951
931 951
931 923
931 912
931 895
931 919
931 888
931 954
931 933
931 895
931 961
931 940
931 951
931 948
931 907
931 895
931 917
931 894
931 952
931 963
931 931
931 956
931 1263
932 939
932 961
932 922
932 904
932 926
932 919
932 931
932 904
932 946
932 904
932 920
932 920
932 891
933 915
933 928
933 934
933 903
933 892
933 970
933 967
933 933
933 972
933 890
933 911
933 911
933 932
933 907
933 891
933 949
933 912
933 946
933 918
933 940
933 914
933 952
933 921
933 952
933 911
933 1284
934 891
934 899
934 920
934 954
934 931
934 911
934 892
934 961
934 946
934 927
934 928
934 972
935 888
935 949
935 946
935 895
935 921
935 946
935 895
935 907
935 974
936 918
936 929
936 933
936 956
936 969
936 899
936 911
936 903
936 899
937 961
937 933
937 917
937 941
937 919
937 907
937 970
938 916
938 964
938 931
938 1351
939 911
939 933
939 924
939 912
939 915
939 895
939 916
939 974
939 962
939 954
939 920
939 904
939 931
939 896
939 928
940 946
940 954
940 888
940 926
940 959
940 916
940 920
940 941
940 922
940 939
940 909
940 904
940 944
940 895
940 1035
940 1366
941 907
941 959
941 926
941 931
941 931
941 949
941 969
941 973
941 914
941 937
941 916
941 956
941 899
941 973
941 959
941 1260
942 895
942 970
942 910
942 928
942 933
942 920
942 904
942 898
942 933
942 904
942 911
942 893
942 923
942 936
942 890
942 917
942 918
942 973
942 888
943 904
943 919
944 922
944 919
944 959
944 927
944 934
944 911
944 903
944 892
944 931
944 934
944 907
944 928
944 974
945 896
945 941
945 916
945 958
945 928
945 904
945 934
945 972
946 946
946 969
946 949
946 914
946 972
946 939
946 966
946 958
946 907
946 909
946 972
946 918
946 972
946 955
946 920
946 953
946 968
946 915
946 898
946 914
946 928
946 952
946 958
946 944
946 890
946 901
946 911
946 1416
947 907
947 908
947 892
947 893
947 926
947 958
947 920
947 906
948 924
948 908
948 939
949 958
949 907
949 972
949 968
949 950
949 911
949 939
949 928
949 908
949 949
949 892
949 934
949 933
949 951
949 912
949 966
949 972
949 907
949 959
949 955
949 903
950 923
950 946
950 911
951 920
951 941
951 911
951 895
951 939
951 968
951 909
951 962
951 904
951 926
951 895
951 967
951 963
951 974
951 983
951 1314
952 919
952 915
952 892
952 904
952 907
953 903
953 972
953 899
954 970
954 969
954 888
954 941
954 953
954 915
954 947
954 941
955 896
955 895
955 906
955 895
955 974
955 972
955 920
955 949
955 973
955 907
955 950
955 946
955 916
955 946
955 911
955 890
955 969
955 919
955 925
955 1249
956 932
956 968
956 912
956 954
956 922
956 973
956 918
956 922
956 947
956 918
956 959
956 895
956 959
956 918
956 1151
956 1292
957 970
957 927
958 895
958 955
958 914
958 920
958 918
958 902
958 899
958 937
958 903
958 949
958 918
958 911
958 904
958 904
958 941
958 911
958 972
958 970
958 959
958 920
958 911
959 925
959 895
959 958
959 950
959 958
959 918
959 906
959 963
959 969
959 959
959 907
959 931
959 924
959 966
959 909
959 955
959 920
959 934
959 947
959 904
959 919
959 891
959 890
959 933
959 916
959 931
959 972
960 967
960 893
960 923
961 933
961 963
961 941
961 926
961 972
961 911
961 943
961 895
961 918
961 927
961 967
961 941
961 956
961 906
961 940
961 949
961 888
961 895
961 939
961 909
961 951
961 974
961 961
961 969
961 926
961 907
962 974
962 919
962 909
962 958
962 915
962 914
963 942
963 920
963 966
963 888
963 946
963 891
963 895
963 890
963 935
963 920
963 907
963 919
963 942
963 924
963 969
963 972
963 921
963 922
963 962
963 893
963 934
963 923
963 951
963 904
963 892
963 892
963 947
963 931
963 972
963 892
963 906
963 940
963 893
963 939
963 923
963 952
963 946
963 958
963 973
963 1279
964 963
964 969
965 911
966 907
966 892
966 934
966 972
966 929
966 895
966 968
966 974
966 907
966 908
966 893
966 972
967 896
967 970
967 917
967 949
967 962
967 945
967 974
967 945
967 946
967 968
967 906
967 919
967 899
967 1284
968 904
968 926
968 972
968 911
968 949
968 899
968 956
968 918
968 959
968 952
968 920
968 972
968 970
968 947
968 963
968 969
968 900
969 895
969 895
969 974
969 942
969 944
969 901
969 920
969 904
969 902
969 888
969 951
969 966
969 918
969 969
969 969
969 920
969 947
969 911
969 932
969 904
969 893
969 963
969 968
969 891
969 907
969 911
969 927
969 890
969 904
969 956
969 933
969 919
969 941
969 942
969 1273
970 892
970 922
970 895
970 925
970 972
970 890
970 917
970 939
970 912
970 920
970 922
970 974
970 951
970 921
971 966
971 958
971 961
971 931
971 898
971 973
972 963
972 933
972 901
972 923
972 915
972 934
972 904
972 936
972 941
972 892
972 919
972 919
972 946
972 920
972 957
972 918
972 931
972 932
972 940
972 967
972 939
972 899
972 923
972 963
972 963
972 903
972 890
972 936
972 917
972 899
972 940
972 920
972 904
972 959
972 904
972 920
972 931
972 900
972 899
972 896
972 961
972 973
972 923
972 954
972 969
972 1255
973 963
973 920
973 901
973 890
973 899
973 972
973 920
973 911
973 899
973 963
973 923
973 946
973 939
973 949
973 920
973 911
973 927
973 891
973 916
973 970
974 914
974 904
974 917
974 910
974 939
974 923
974 952
974 968
974 967
974 972
974 941
974 942
974 950
974 928
974 931
974 972
974 951
974 940
974 952
974 933
974 955
974 969
974 974
975 1013
976 999
977 997
977 1004
977 1009
977 983
977 987
977 1008
977 978
977 991
977 992
977 983
977 1008
977 993
977 1092
977 1314
978 995
978 999
978 988
978 990
978 977
978 1010
978 983
978 978
978 982
978 994
978 979
978 994
978 1314
979 1002
979 994
979 1004
979 994
981 991
981 995
982 983
982 988
982 996
982 985
983 1007
983 988
983 997
983 994
983 996
983 983
983 983
983 999
983 1006
983 994
983 997
983 1001
983 999
983 978
983 1110
984 977
984 994
985 1006
985 999
985 1006
985 983
985 981
985 990
985 995
985 1001
985 999
985 1000
985 979
985 988
985 1020
985 1122
986 1011
986 1081
987 993
987 1010
987 992
987 1271
988 983
988 976
988 981
988 1001
988 994
988 997
988 997
988 978
988 990
988 994
988 985
988 997
988 979
988 990
988 1005
988 999
988 988
988 992
988 999
988 999
988 994
989 988
990 1003
990 985
990 988
990 1005
990 991
990 1447
991 994
991 983
991 997
992 995
993 994
993 991
993 988
993 983
994 994
994 997
994 992
994 986
994 1007
994 995
994 985
994 983
994 997
994 1012
994 977
994 999
994 997
994 987
994 1012
994 985
994 995
994 977
994 988
994 979
994 997
994 1010
994 988
994 983
994 1320
995 1007
995 991
995 997
995 994
995 988
995 994
995 985
995 985
995 995
995 988
995 983
995 994
995 1008
995 1006
995 1309
996 997
996 997
996 985
996 977
996 977
997 994
997 988
997 994
997 987
997 978
997 996
997 1012
997 988
997 985
997 977
997 994
997 988
997 988
997 988
997 993
997 988
997 981
997 1012
997 978
997 988
997 994
997 1000
997 1008
997 995
997 997
997 1110
997 1229
997 1389
997 1401
998 997
999 994
999 997
999 1010
999 988
999 977
999 985
999 997
999 1004
999 1012
999 997
999 993
999 994
1000 994
1000 995
1001 983
1001 983
1001 997
1001 988
1001 1006
1001 976
1001 983
1001 991
1002 979
1002 1005
1002 983
1003 1001
1003 1000
1003 997
1003 983
1004 999
1004 979
1004 995
1004 988
1004 988
1005 1004
1005 1004
1005 1010
1006 983
1006 1013
1006 983
1006 978
1006 994
1006 997
1006 981
1006 1001
1007 997
1007 1012
1007 985
1007 986
1007 994
1008 985
1009 988
1009 996
1010 999
1010 977
1010 988
1010 1003
1010 982
1010 1010
1010 988
1010 1000
1010 1005
1010 991
1010 1267
1011 986
1011 997
1011 991
1011 978
1011 999
1012 996
1012 997
1012 1010
1012 1014
1012 985
1012 988
1012 1002
1012 988
1012 999
1012 1285
1013 983
1013 981
1013 1006
1013 988
1013 1001
1013 985
1015 1030
1015 1030
1015 1016
1015 1025
1015 1023
1015 1016
1015 1019
1015 1016
1015 1019
1015 1020
1015 1015
1015 1023
1015 1021
1015 1018
1015 1031
1015 1031
1015 1017
1015 1031
1015 1018
1015 1017
1015 1015
1015 1031
1015 1018
1015 1027
1016 1021
1016 1023
1016 1016
1016 1020
1016 1016
1016 1016
1016 1023
1016 1021
1016 1016
1016 1021
1016 1016
1016 1023
1016 1018
1016 1023
1016 1021
1016 1023
1016 1021
1016 1015
1016 1021
1016 1021
1016 1023
1016 1017
1016 1019
1016 1026
1016 1015
1017 1026
1017 1015
1017 1025
1017 1019
1017 1020
1017 1015
1017 1023
1018 1016
1018 1016
1018 1021
1018 1019
1019 1023
1019 1020
1019 1020
1019 1031
1019 1026
1019 1021
1019 1016
1019 1016
1020 1023
1020 1016
1020 1030
1020 1021
1020 1017
1020 1016
1021 1023
1021 1021
1021 1026
1021 1016
1021 1030
1021 1020
1021 1031
1021 1016
1021 1021
1021 1023
1021 1030
1021 1186
1022 1031
1023 1028
1023 1018
1023 1026
1023 1016
1023 1018
1023 1023
1023 1021
1023 1021
1023 1015
1023 1015
1023 1291
1024 1015
1025 1018
1025 1015
1026 1015
1026 1016
1026 1030
1026 1015
1027 1027
1027 1019
1027 1015
1027 1020
1027 1110
1029 1018
1030 1015
1030 1016
1031 1020
1031 1021
1031 1023
1031 1021
1031 1023
1031 1019
1033 1033
1033 1034
1033 1036
1033 1033
1033 1035
1033 1034
1033 1444
1035 1035
1035 1033
1036 1033
1037 1039
1037 1048
1037 1056
1037 1054
1038 1039
1038 1045
1038 1050
1038 1056
1038 1062
1038 1061
1038 1056
1038 1056
1039 1053
1039 1043
1039 1059
1039 1054
1040 1038
1040 1038
1040 1048
1041 1046
1043 1062
1043 1054
1043 1046
1044 1051
1044 1084
1046 1061
1046 1054
1046 1061
1046 1047
1047 1054
1047 1037
1047 1038
1047 1038
1047 1053
1047 1045
1048 1053
1048 1049
1048 1046
1048 1043
1048 1039
1048 1038
1048 1061
1048 1051
1048 1050
1048 1056
1048 1043
1048 1046
1048 1335
1049 1038
1049 1053
1050 1056
1050 1048
1051 1048
1051 1061
1051 1061
1051 1057
1051 1048
1051 1047
1051 1053
1053 1049
1053 1059
1053 1038
1053 1047
1053 1037
1053 1062
1053 1061
1054 1049
1054 1038
1054 1038
1054 1040
1054 1047
1054 1061
1054 1038
1054 1058
1054 1049
1054 1042
1055 1048
1055 1053
1056 1047
1056 1050
1056 1048
1056 1048
1056 1048
1056 1052
1057 1061
1057 1040
1057 1048
1059 1048
1059 1062
1059 1047
1059 1049
1060 1048
1061 1047
1061 1056
1061 1046
1061 1054
1061 1059
1061 1049
1062 1039
1062 1053
1062 1039
1065 1098
1066 1152
1067 1110
1067 1084
1067 1181
1067 1157
1067 1398
1069 1189
1070 1110
1071 1110
1074 1159
1075 1127
1075 1152
1075 1110
1075 1152
1075 1189
1075 1152
1076 1110
1078 1084
1078 1144
1083 1130
1084 1186
1084 1084
1084 1110
1084 1076
1084 1186
1084 1084
1084 1149
1084 1077
1084 1152
1084 1084
1084 1198
1084 1152
1084 1110
1084 1198
1084 1110
1084 1196
1084 1084
1084 1100
1084 1110
1084 1152
1084 1152
1084 1110
1084 1168
1084 1152
1084 1110
1084 1084
1084 1084
1084 1084
1084 1152
1084 1096
1084 1152
1084 1194
1084 1110
1084 1174
1084 1110
1084 1084
1084 1203
1084 1128
1084 1110
1084 1163
1084 1105
1084 1152
1084 1152
1084 1110
1084 1138
1084 1084
1084 1103
1084 1067
1084 1084
1084 1084
1084 1097
1084 1110
1084 1191
1084 1084
1084 1110
1084 1189
1084 1258
1084 1336
1084 1447
1085 1084
1085 1110
1087 1174
1087 1152
1087 1113
1093 1084
1096 1075
1096 1152
1098 1152
1099 1204
1099 1152
1101 1084
1102 1198
1103 1152
1103 1198
1107 1110
1109 1097
1110 1086
1110 1110
1110 1123
1110 1084
1110 1194
1110 1147
1110 1110
1110 1110
1110 1144
1110 1110
1110 1110
1110 1072
1110 1110
1110 1085
1110 1066
1110 1161
1110 1110
1110 1075
1110 1162
1110 1152
1110 1075
1110 1198
1110 1084
1110 1120
1110 1110
1110 1100
1110 1152
1110 1110
1110 1075
1110 1112
1110 1110
1110 1084
1110 1152
1110 1084
1110 1110
1110 1082
1110 1084
1110 1152
1110 1084
1110 1182
1110 1084
1110 1110
1110 1110
1110 1157
1110 1146
1110 1152
1110 1198
1110 1186
1110 1133
1110 1110
1110 1110
1110 1069
1110 1147
1110 1152
1110 1161
1110 1084
1110 1189
1110 1193
1110 1164
1110 1161
1110 1162
1110 1198
1110 1110
1110 1292
1110 1314
1110 1293
1113 1179
1113 1084
1113 1302
1114 1115
1115 1086
1115 1084
1121 1110
1122 1165
1122 1084
1122 1084
1123 1138
1124 1110
1129 1075
1133 1175
1133 1106
1134 1110
1135 1075
1136 1175
1138 1084
1138 1110
1139 1152
1144 1084
1144 1110
1144 1110
1144 1152
1144 1084
1146 1110
1146 1152
1147 1063
1147 1068
1147 1174
1147 1110
1147 1157
1147 1161
1149 1075
1149 1110
1150 1118
1150 1110
1150 1110
1152 1189
1152 1084
1152 1084
1152 1110
1152 1084
1152 1135
1152 1066
1152 1084
1152 1110
1152 1110
1152 1075
1152 1121
1152 1127
1152 1084
1152 1084
1152 1072
1152 1076
1152 1152
1152 1110
1152 1084
1152 1152
1152 1175
1152 1163
1152 1197
1152 1084
1152 1152
1152 1112
1152 1084
1152 1196
1152 1186
1152 1084
1152 1155
1152 1193
1152 1110
1152 1152
1152 1110
1152 1152
1152 1085
1152 1110
1152 1110
1152 1110
1152 1187
1152 1084
1152 1152
1152 1076
1152 1084
1152 1172
1152 1084
1152 1189
1152 1131
1152 1126
1152 1110
1152 1083
1152 1110
1152 1152
1152 1144
1152 1152
1152 1075
1152 1224
1152 1255
1152 1340
1153 1084
1153 1110
1154 1084
1157 1063
1158 1152
1159 1110
1161 1165
1163 1164
1163 1203
1164 1110
1168 1136
1168 1110
1168 1120
1170 1161
1170 1084
1171 1110
1171 1161
1174 1172
1174 1066
1174 1085
1174 1197
1175 1152
1175 1152
1175 1152
1175 1110
1175 1152
1178 1150
1178 1197
1179 1074
1179 1084
1179 1065
1180 1341
1182 1084
1184 1110
1186 1075
1189 1066
1189 1198
1191 1084
1191 1110
1191 1077
1191 1110
1193 1152
1197 1084
1197 1387
1198 1152
1198 1152
1198 1152
1198 1152
1200 1152
1202 1106
1205 1206
1205 1207
1205 1207
1205 1206
1206 1205
1206 1207
1207 1205
1207 1207
1207 1206
1207 1206
1209 1207
1209 1205
1211 1236
1212 1225
1212 1221
1212 1231
1212 1212
1212 1231
1212 1233
1212 1224
1212 1229
1213 1221
1214 1221
1214 1221
1214 1236
1215 1221
1216 1217
1216 1213
1216 1236
1216 1236
1216 1223
1217 1226
1217 1223
1217 1224
1217 1224
1217 1214
1217 1219
1217 1222
1217 1236
1217 1218
1217 1221
1218 1224
1218 1220
1218 1212
1218 1216
1219 1229
1219 1226
1219 1223
1219 1223
1219 1226
1220 1220
1220 1236
1220 1216
1220 1236
1221 1236
1221 1229
1221 1231
1221 1223
1221 1219
1221 1222
1221 1225
1221 1212
1221 1220
1221 1224
1221 1224
1221 1223
1221 1236
1222 1230
1222 1223
1222 1230
1222 1223
1222 1237
1222 1227
1222 1229
1222 1236
1222 1212
1222 1221
1222 1223
1222 1231
1223 1221
1223 1223
1223 1218
1223 1236
1223 1231
1223 1218
1223 1232
1223 1236
1223 1232
1223 1223
1224 1236
1224 1229
1224 1236
1224 1235
1224 1229
1224 1224
1224 1225
1224 1237
1224 1221
1224 1212
1224 1229
1224 1236
1224 1223
1224 1226
1224 1227
1224 1223
1224 1232
1224 1214
1225 1232
1225 1224
1225 1212
1225 1221
1225 1229
1225 1236
1225 1236
1226 1232
1226 1229
1226 1221
1226 1212
1226 1236
1226 1221
1226 1224
1226 1221
1226 1217
1226 1223
1226 1217
1227 1232
1227 1231
1227 1216
1228 1216
1228 1223
1228 1222
1229 1223
1229 1222
1229 1212
1229 1226
1229 1229
1229 1225
1229 1227
1229 1229
1230 1225
1230 1227
1230 1223
1230 1221
1230 1236
1230 1223
1231 1222
1231 1217
1231 1229
1231 1226
1231 1217
1231 1223
1232 1225
1232 1232
1232 1223
1232 1230
1232 1225
1232 1211
1232 1226
1232 1232
1232 1211
1234 1224
1235 1226
1235 1224
1236 1236
1236 1212
1236 1225
1236 1224
1236 1227
1236 1222
1236 1222
1236 1236
1236 1229
1236 1229
1236 1217
1236 1231
1236 1225
1236 1211
1236 1251
1236 1319
1237 1224
1237 1232
1237 1226
1237 1212
1237 1229
1239 1265
1239 1264
1239 1239
1240 1273
1240 1284
1241 1292
1245 1273
1245 1273
1245 1271
1246 1250
1246 1251
1248 1314
1248 1248
1249 1269
1249 1310
1250 1283
1250 1292
1250 1298
1250 1314
1250 1314
1250 1245
1250 1239
1250 1388
1251 1304
1251 1314
1251 1246
1251 1272
1251 1242
1251 1371
1252 1313
1252 1287
1252 1273
1252 1303
1253 1284
1253 1284
1255 1310
1255 1255
1255 1314
1255 1264
1255 1273
1255 1279
1255 1308
1256 1305
1258 1274
1259 1306
1259 1266
1259 1293
1260 1272
1261 1255
1262 1250
1262 1284
1263 1309
1263 1271
1263 1273
1263 1252
1264 1284
1264 1295
1265 1305
1265 1282
1265 1301
1267 1314
1267 1284
1267 1273
1267 1273
1267 1284
1267 1284
1267 1251
1267 1260
1267 1273
1268 1259
1269 1289
1269 1449
1271 1273
1271 1255
1271 1271
1271 1314
1271 1271
1271 1265
1271 1266
1271 1293
1272 1298
1272 1258
1272 1251
1272 1314
1273 1259
1273 1251
1273 1268
1273 1274
1273 1273
1273 1284
1273 1314
1273 1255
1273 1273
1273 1251
1273 1307
1273 1244
1273 1289
1273 1260
1273 1251
1273 1292
1273 1284
1273 1271
1273 1285
1273 1299
1273 1273
1273 1287
1273 1284
1273 1273
1273 1257
1273 1298
1273 1311
1273 1314
1273 1296
1273 1271
1273 1314
1273 1249
1273 1273
1273 1314
1273 1314
1273 1271
1273 1252
1273 1313
1273 1291
1273 1252
1273 1314
1273 1251
1273 1314
1273 1305
1273 1292
1273 1259
1274 1276
1274 1303
1274 1254
1274 1273
1275 1310
1276 1289
1277 1255
1277 1314
1277 1315
1279 1245
1279 1273
1280 1308
1281 1271
1284 1284
1284 1311
1284 1303
1284 1267
1284 1308
1284 1273
1284 1314
1284 1292
1284 1239
1284 1259
1284 1239
1284 1314
1284 1273
1284 1254
1284 1314
1284 1284
1284 1305
1284 1345
1285 1272
1286 1258
1287 1267
1287 1251
1287 1293
1287 1263
1289 1273
1289 1272
1289 1245
1289 1284
1289 1314
1291 1273
1292 1246
1292 1284
1292 1272
1292 1277
1292 1444
1293 1314
1294 1239
1298 1308
1298 1284
1299 1267
1299 1277
1299 1300
1300 1273
1301 1289
1303 1263
1303 1239
1303 1299
1304 1273
1305 1314
1305 1308
1307 1277
1307 1309
1308 1259
1308 1314
1308 1250
1308 1262
1308 1292
1308 1255
1309 1314
1309 1259
1310 1314
1310 1249
1310 1271
1313 1314
1313 1305
1314 1273
1314 1256
1314 1314
1314 1254
1314 1307
1314 1273
1314 1287
1314 1290
1314 1251
1314 1273
1314 1314
1314 1287
1314 1306
1314 1273
1314 1314
1314 1267
1314 1305
1314 1273
1314 1254
1314 1259
1314 1273
1314 1292
1314 1257
1314 1308
1314 1314
1314 1249
1314 1314
1314 1268
1314 1249
1314 1335
1315 1327
1315 1332
1316 1323
1316 1338
1317 1323
1317 1335
1318 1322
1318 1334
1319 1327
1319 1320
1319 1317
1319 1330
1320 1334
1320 1316
1320 1333
1320 1338
1320 1338
1320 1320
1321 1333
1322 1336
1323 1319
1323 1319
1323 1335
1324 1324
1327 1318
1329 1326
1330 1323
1330 1339
1330 1334
1330 1331
1330 1333
1330 1319
1330 1316
1330 1333
1330 1337
1330 1327
1330 1364
1331 1338
1333 1338
1333 1326
1333 1318
1333 1327
1333 1331
1333 1335
1334 1322
1334 1319
1334 1315
1334 1335
1334 1337
1334 1335
1335 1329
1335 1319
1335 1324
1335 1319
1335 1331
1335 1333
1335 1335
1335 1319
1335 1458
1336 1327
1336 1320
1336 1316
1336 1320
1338 1329
1338 1333
1338 1338
1338 1323
1338 1333
1339 1320
1339 1320
1339 1316
1340 1324
1340 1336
1340 1330
1340 1336
1341 1363
1341 1363
1341 1354
1341 1362
1343 1350
1343 1351
1343 1353
1343 1346
1344 1356
1344 1364
1346 1350
1346 1363
1346 1344
1346 1354
1346 1352
1346 1357
1346 1343
1346 1354
1348 1360
1348 1362
1348 1346
1349 1355
1350 1360
1350 1351
1350 1353
1350 1359
1350 1351
1350 1343
1350 1344
1350 1346
1350 1343
1350 1355
1351 1353
1351 1346
1351 1360
1351 1341
1351 1357
1351 1353
1351 1346
1351 1354
1352 1351
1353 1363
1353 1361
1353 1363
1353 1351
1353 1343
1353 1351
1353 1346
1353 1343
1354 1350
1354 1343
1354 1354
1354 1352
1355 1344
1355 1351
1355 1346
1356 1363
1356 1357
1356 1364
1356 1358
1356 1360
1357 1363
1357 1346
1357 1342
1357 1355
1358 1357
1358 1350
1359 1363
1360 1346
1360 1357
1360 1362
1360 1362
1360 1362
1360 1344
1360 1363
1360 1353
1360 1354
1360 1355
1362 1346
1362 1358
1362 1346
1362 1354
1363 1365
1363 1350
1363 1344
1364 1355
1364 1360
1365 1357
1366 1395
1367 1396
1367 1396
1367 1387
1367 1391
1367 1396
1367 1368
1367 1371
1368 1379
1368 1367
1368 1391
1369 1371
1370 1397
1371 1368
1371 1369
1371 1387
1371 1398
1371 1389
1371 1400
1371 1400
1372 1387
1373 1394
1374 1395
1374 1366
1376 1368
1376 1367
1376 1375
1376 1399
1376 1395
1377 1368
1377 1401
1377 1397
1377 1391
1377 1387
1377 1382
1377 1389
1377 1396
1377 1394
1378 1397
1379 1396
1380 1391
1380 1397
1380 1401
1380 1371
1381 1461
1382 1400
1382 1398
1382 1391
1383 1388
1383 1389
1385 1368
1385 1377
1385 1387
1385 1369
1386 1384
1386 1386
1386 1387
1386 1400
1386 1368
1386 1381
1386 1398
1386 1376
1386 1393
1386 1387
1386 1400
1386 1386
1386 1371
1387 1396
1387 1396
1387 1371
1387 1400
1387 1369
1387 1387
1387 1396
1387 1367
1388 1389
1388 1387
1388 1371
1388 1395
1388 1387
1388 1396
1388 1369
1388 1391
1388 1396
1389 1377
1389 1367
1389 1388
1389 1386
1389 1394
1389 1376
1389 1387
1389 1376
1389 1396
1390 1393
1391 1390
1391 1396
1392 1393
1392 1400
1392 1399
1392 1388
1393 1382
1393 1396
1394 1400
1395 1387
1395 1389
1395 1398
1395 1396
1395 1371
1395 1367
1395 1385
1396 1386
1396 1396
1396 1379
1396 1387
1396 1390
1396 1401
1396 1371
1396 1367
1396 1389
1396 1368
1396 1381
1396 1400
1396 1414
1397 1382
1397 1367
1398 1390
1398 1368
1398 1393
1399 1377
1399 1371
1400 1396
1400 1382
1401 1389
1401 1380
1401 1376
1401 1387
1401 1396
1401 1400
1401 1396
1402 1444
1402 1428
1402 1412
1403 1444
1403 1440
1403 1418
1404 1442
1404 1413
1406 1414
1406 1417
1407 1426
1407 1416
1407 1444
1407 1416
1407 1410
1408 1444
1408 1443
1408 1447
1408 1414
1408 1420
1408 1418
1409 1410
1409 1432
1409 1416
1409 1411
1409 1444
1410 1410
1410 1413
1410 1420
1410 1446
1410 1420
1410 1420
1410 1436
1410 1436
1410 1413
1410 1447
1410 1416
1410 1404
1410 1434
1410 1427
1410 1446
1410 1435
1410 1415
1410 1445
1411 1416
1411 1420
1411 1447
1411 1430
1411 1443
1411 1413
1412 1444
1412 1416
1412 1415
1413 1423
1413 1440
1413 1441
1413 1447
1413 1421
1413 1433
1413 1441
1413 1420
1413 1447
1413 1436
1413 1447
1413 1447
1413 1447
1413 1409
1413 1413
1413 1414
1413 1423
1413 1420
1413 1417
1413 1410
1413 1444
1413 1447
1413 1410
1413 1444
1413 1422
1413 1444
1414 1433
1414 1435
1415 1417
1415 1410
1415 1444
1415 1415
1415 1426
1415 1447
1415 1423
1415 1436
1415 1435
1415 1440
1416 1415
1416 1445
1416 1436
1416 1447
1416 1403
1416 1436
1416 1445
1416 1403
1416 1409
1416 1417
1416 1420
1416 1413
1416 1413
1416 1421
1416 1435
1416 1431
1416 1435
1416 1441
1416 1447
1416 1415
1416 1404
1416 1427
1417 1437
1417 1430
1417 1416
1417 1442
1417 1430
1417 1435
1417 1420
1417 1440
1417 1442
1417 1430
1417 1431
1418 1447
1418 1413
1418 1444
1418 1436
1418 1447
1420 1427
1420 1413
1420 1414
1420 1417
1420 1435
1420 1447
1420 1408
1420 1413
1420 1417
1420 1421
1420 1429
1420 1436
1420 1410
1420 1417
1420 1410
1420 1413
1420 1403
1420 1415
1421 1435
1421 1409
1421 1433
1421 1445
1421 1416
1421 1413
1422 1437
1422 1442
1423 1428
1423 1444
1423 1421
1423 1416
1423 1417
1423 1444
1423 1437
1423 1445
1423 1416
1425 1447
1425 1407
1425 1408
1426 1405
1426 1422
1426 1416
1426 1436
1426 1408
1427 1436
1427 1420
1428 1435
1428 1444
1428 1416
1428 1444
1430 1445
1431 1447
1431 1436
1432 1447
1432 1445
1432 1423
1432 1444
1433 1413
1433 1420
1433 1444
1434 1418
1434 1420
1434 1441
1435 1416
1435 1436
1435 1402
1435 1436
1435 1440
1435 1440
1435 1444
1435 1447
1435 1444
1435 1416
1435 1403
1435 1447
1435 1412
1435 1425
1435 1402
1436 1435
1436 1416
1436 1410
1436 1416
1436 1413
1436 1413
1436 1409
1436 1436
1436 1408
1436 1428
1436 1410
1436 1402
1436 1424
1436 1426
1437 1447
1437 1435
1437 1433
1437 1447
1437 1417
1438 1423
1438 1410
1438 1411
1440 1409
1440 1410
1440 1410
1440 1416
1440 1424
1440 1413
1440 1413
1440 1422
1440 1430
1440 1424
1441 1444
1441 1427
1441 1429
1441 1413
1442 1426
1442 1438
1442 1415
1442 1423
1442 1443
1442 1447
1443 1441
1444 1435
1444 1402
1444 1403
1444 1447
1444 1436
1444 1420
1444 1420
1444 1408
1444 1413
1444 1444
1444 1413
1444 1413
1444 1404
1444 1425
1444 1423
1444 1436
1444 1410
1444 1448
1444 1415
1444 1435
1444 1447
1444 1447
1444 1447
1444 1402
1444 1404
1444 1410
1444 1444
1444 1443
1444 1420
1445 1423
1445 1444
1445 1413
1445 1435
1445 1410
1445 1444
1445 1420
1445 1447
1445 1444
1445 1444
1445 1413
1446 1423
1447 1413
1447 1447
1447 1446
1447 1423
1447 1418
1447 1433
1447 1444
1447 1435
1447 1444
1447 1413
1447 1412
1447 1402
1447 1447
1447 1414
1447 1426
1447 1444
1447 1413
1447 1447
1447 1431
1447 1402
1447 1446
1447 1414
1447 1407
1447 1416
1447 1402
1447 1426
1447 1420
1447 1447
1447 1440
1448 1416
1448 1438
1448 1444
1450 1459
1450 1452
1450 1452
1450 1452
1450 1451
1451 1461
1451 1461
1451 1454
1451 1450
1451 1452
1451 1451
1451 1452
1451 1459
1451 1457
1451 1453
1451 1460
1452 1451
1452 1463
1452 1458
1452 1465
1452 1453
1452 1457
1452 1460
1452 1459
1452 1457
1452 1457
1452 1451
1452 1452
1453 1459
1453 1465
1453 1451
1454 1461
1454 1462
1454 1452
1454 1452
1454 1457
1456 1462
1456 1465
1457 1458
1457 1456
1457 1452
1457 1451
1457 1451
1457 1459
1457 1456
1457 1450
1458 1456
1458 1455
1458 1458
1458 1465
1458 1454
1458 1456
1458 1452
1459 1452
1459 1460
1459 1451
1459 1454
1460 1465
1460 1460
1460 1462
1460 1461
1461 1449
1461 1450
1461 1461
1461 1451
1461 1452
1461 1461
1461 1451
1461 1461
1461 1450
1461 1454
1461 1456
1461 1461
1462 1457
1462 1461
1462 1456
1462 1458
1462 1452
1462 1462
1465 1459
1465 1451
1465 1463