0 32
0 28
0 24
0 9
0 27
0 40
0 428
0 492
1 8
1 13
2 8
2 17
2 12
2 12
2 3
2 12
2 8
2 8
2 32
2 2
2 33
2 22
2 7
2 8
2 2
2 34
2 33
2 8
2 22
2 2
2 23
2 3
2 7
2 2
2 17
2 25
2 2
2 23
2 3
2 34
2 34
2 15
2 30
2 18
2 12
2 2
2 8
2 3
2 3
2 8
2 19
2 9
2 15
2 18
2 18
2 8
2 7
2 22
2 26
2 8
2 27
2 2
2 34
2 29
2 12
2 34
2 7
2 23
2 12
2 20
2 3
2 2
2 34
2 34
2 12
2 31
2 19
2 31
2 12
2 23
2 23
2 23
2 29
2 20
2 20
2 2
2 2
2 19
2 8
2 8
2 12
2 8
2 26
2 7
2 2
2 28
2 53
2 53
2 246
2 387
2 475
3 20
3 34
3 33
3 12
3 10
3 3
3 18
3 15
3 2
3 2
3 8
3 8
3 2
3 25
3 23
3 0
3 25
3 8
3 20
3 25
3 12
3 27
3 34
3 27
3 12
3 0
3 3
3 7
3 18
3 4
3 3
3 3
3 19
3 7
3 34
3 30
3 12
3 12
3 11
3 18
3 25
3 12
3 4
3 19
3 222
4 27
4 2
4 23
4 2
5 12
5 14
5 18
5 15
5 34
5 7
5 8
5 2
5 2
5 30
5 394
6 2
6 8
6 2
6 15
7 21
7 12
7 8
7 14
7 4
7 34
7 12
7 13
7 23
7 2
7 3
7 23
7 15
7 34
7 15
7 28
7 631
8 34
8 0
8 2
8 19
8 2
8 15
8 25
8 18
8 30
8 17
8 12
8 30
8 1
8 12
8 19
8 10
8 9
8 34
8 25
8 3
8 23
8 8
8 20
8 34
8 11
8 5
8 18
8 20
8 20
8 16
8 15
8 3
8 28
8 2
8 3
8 23
8 18
8 24
8 31
8 30
8 2
8 9
8 7
8 4
8 21
8 2
8 12
8 34
8 12
8 7
8 24
8 19
8 12
8 34
8 22
8 21
8 21
8 15
8 53
8 384
8 577
9 24
9 23
9 34
9 27
9 29
9 15
9 18
9 30
9 3
9 12
9 2
9 12
9 16
9 49
10 32
10 30
10 18
10 15
10 17
11 14
11 2
11 12
11 23
11 29
11 32
11 12
11 12
11 20
11 3
12 7
12 12
12 25
12 2
12 0
12 12
12 12
12 2
12 27
12 23
12 22
12 2
12 10
12 5
12 2
12 0
12 34
12 12
12 27
12 24
12 5
12 2
12 23
12 4
12 8
12 23
12 20
12 8
12 12
12 18
12 25
12 2
12 25
12 2
12 20
12 18
12 12
12 15
12 26
12 18
12 11
12 2
12 15
12 2
12 20
12 3
12 12
12 23
12 2
12 37
12 392
12 474
12 470
13 22
13 8
13 25
14 3
14 25
14 2
14 2
14 10
15 20
15 9
15 18
15 2
15 34
15 2
15 22
15 15
15 23
15 23
15 2
15 29
15 18
15 3
15 25
15 23
15 2
15 11
15 12
15 30
16 2
16 3
17 26
17 7
18 2
18 27
18 2
18 19
18 12
18 9
18 5
18 18
18 3
18 30
18 8
18 9
18 3
18 3
18 2
18 24
18 28
18 8
18 27
18 24
18 18
18 34
18 185
19 3
19 5
19 2
19 30
19 24
19 34
19 28
20 8
20 9
20 2
20 7
20 2
20 29
20 24
20 2
20 5
20 14
20 9
20 8
20 12
20 29
20 25
20 25
20 8
20 14
20 7
20 391
21 20
21 31
21 31
21 2
21 13
21 15
21 32
21 8
22 34
22 3
22 7
22 3
22 2
22 24
22 16
23 3
23 30
23 19
23 2
23 2
23 18
23 8
23 12
23 11
23 29
23 28
23 2
23 0
23 5
23 15
23 31
23 34
23 9
23 12
23 2
23 19
24 7
24 12
24 3
24 12
24 2
24 26
24 2
24 23
24 12
24 28
24 8
24 12
24 7
24 61
25 21
25 18
25 4
25 10
25 12
25 21
25 30
25 28
25 18
25 385
26 14
26 12
26 2
27 2
27 9
27 0
27 15
27 6
27 12
27 15
27 34
27 23
27 12
28 7
28 3
28 12
28 3
28 20
28 9
28 21
28 34
28 2
28 3
28 11
28 2
28 30
28 15
28 503
28 616
29 12
29 29
29 23
29 20
29 7
29 32
29 8
29 3
29 2
29 12
29 12
29 3
29 8
29 23
29 18
29 12
29 11
29 22
29 20
29 551
30 23
30 23
30 3
30 16
30 20
30 2
30 23
30 34
30 3
30 7
30 34
30 7
30 8
30 8
30 34
30 23
30 12
30 8
30 7
30 23
30 1
30 470
31 12
31 24
32 23
32 11
32 6
32 7
32 12
32 10
33 18
33 12
33 20
33 28
34 31
34 26
34 2
34 2
34 25
34 2
34 2
34 20
34 2
34 12
34 2
34 28
34 29
34 2
34 8
34 12
34 9
34 35
34 37
35 49
35 50
35 47
35 55
35 42
35 47
35 59
35 49
35 62
35 46
35 49
35 62
35 36
35 52
35 55
35 56
35 190
35 470
36 49
36 45
36 51
36 55
36 44
36 44
36 39
36 44
37 47
37 40
37 45
37 49
37 49
37 44
37 41
37 55
37 52
38 45
38 50
38 57
38 44
38 49
38 50
38 45
38 53
38 40
38 55
38 472
39 52
39 35
39 50
39 60
39 52
39 506
40 62
40 59
40 53
40 59
40 40
41 58
41 53
41 39
41 62
41 44
41 43
42 44
42 35
42 52
42 45
43 44
43 53
43 51
43 37
44 47
44 35
44 35
44 47
44 46
44 35
44 61
44 55
44 60
44 43
44 41
44 53
44 38
44 53
44 47
44 51
44 46
44 60
44 37
44 35
44 42
44 53
44 537
45 52
45 62
45 52
45 46
45 55
45 51
45 55
45 57
45 39
45 55
45 45
45 36
45 62
45 55
45 47
45 52
45 47
45 37
45 53
45 62
45 62
45 61
45 40
45 377
46 49
46 59
46 53
46 35
46 62
46 46
46 46
46 51
46 44
46 44
46 59
46 50
46 47
46 52
46 62
46 53
46 53
47 53
47 62
47 57
47 61
47 53
47 52
47 62
47 55
47 56
47 47
47 59
47 57
47 46
47 47
47 53
47 53
47 36
47 44
47 62
47 57
47 44
47 60
47 47
47 37
47 62
47 52
47 59
47 35
47 62
47 244
47 480
48 35
48 55
48 53
49 41
49 49
49 39
49 53
49 47
49 44
49 36
49 36
49 60
49 49
49 52
49 53
49 62
49 53
49 60
49 47
49 77
50 44
50 53
50 53
50 180
51 38
51 60
51 53
51 47
51 53
51 50
51 59
51 62
51 55
51 53
51 45
51 43
51 42
51 47
51 53
51 59
51 63
51 45
51 176
52 54
52 47
52 53
52 37
52 61
52 42
52 55
52 47
52 46
52 62
52 51
52 40
52 57
52 44
52 53
52 49
52 46
52 53
52 44
53 53
53 53
53 52
53 53
53 45
53 62
53 36
53 36
53 35
53 62
53 46
53 42
53 44
53 53
53 41
53 51
53 62
53 47
53 59
53 47
53 62
53 52
53 49
53 52
53 44
53 38
53 42
53 44
53 46
53 46
53 49
53 51
53 53
53 38
53 52
53 53
53 35
53 52
53 61
53 49
53 35
53 36
53 41
54 52
54 53
54 38
54 60
54 44
54 49
54 470
55 53
55 54
55 40
55 53
55 44
55 62
55 62
55 53
55 45
55 53
55 47
55 48
55 53
55 35
55 62
55 35
55 35
55 51
55 47
55 53
55 38
55 42
55 55
55 271
55 492
56 47
56 55
57 53
57 46
57 59
57 53
58 36
58 59
58 39
58 62
58 55
58 62
58 46
59 46
59 55
59 45
59 37
59 35
59 55
59 55
59 44
60 62
60 44
60 62
60 62
60 55
60 45
60 49
60 62
60 53
60 53
60 58
60 57
61 55
61 59
61 52
61 47
61 35
61 44
61 54
62 47
62 44
62 46
62 62
62 44
62 35
62 37
62 51
62 55
62 62
62 44
62 53
62 55
62 44
62 51
62 63
62 55
62 53
62 60
62 59
62 47
62 41
62 53
62 52
62 46
62 62
62 225
63 36
63 45
63 40
63 470
64 66
64 78
65 78
65 178
66 78
66 77
66 64
66 77
66 84
66 84
66 66
66 65
66 66
66 66
66 77
66 80
66 77
66 77
66 77
67 84
67 71
67 71
67 79
67 78
67 85
67 66
68 71
68 77
68 77
68 76
68 81
68 74
68 80
69 85
69 77
69 67
69 71
70 77
70 71
70 77
70 73
70 87
70 82
71 85
71 86
71 81
71 71
71 77
71 67
71 69
72 78
72 85
72 77
72 80
72 78
72 77
72 73
72 81
73 76
73 84
73 67
73 77
73 86
73 86
74 66
74 87
74 78
74 84
74 77
75 71
75 77
75 77
75 72
75 84
75 85
75 470
76 68
76 77
76 66
76 82
77 84
77 67
77 75
77 83
77 68
77 81
77 77
77 77
77 71
77 66
77 77
77 76
77 77
77 81
77 77
77 68
77 77
77 81
77 78
77 77
77 82
77 78
77 77
77 68
77 85
77 77
77 85
77 82
77 77
77 66
77 77
77 84
77 64
77 79
77 77
77 85
77 82
77 67
77 82
77 83
77 66
77 72
77 67
77 77
77 86
77 77
77 86
77 77
77 66
77 78
77 68
77 77
77 84
77 75
77 67
77 81
77 71
77 79
77 75
77 87
77 77
77 72
77 80
77 77
77 77
77 81
77 77
77 74
77 83
77 77
77 85
77 85
77 73
77 77
77 85
77 67
77 77
77 81
77 78
77 77
77 80
77 78
77 68
77 67
77 77
77 66
77 79
77 88
77 190
77 417
78 77
78 82
78 77
78 64
78 78
78 77
78 81
78 77
78 78
78 77
78 78
78 77
78 78
78 77
78 77
78 83
78 77
78 76
78 77
78 78
78 77
78 66
78 77
78 84
78 67
78 78
78 77
78 78
78 65
78 77
78 77
78 77
78 71
78 77
78 74
78 83
78 77
78 78
78 86
78 83
78 86
78 77
78 87
78 67
78 85
78 187
78 176
78 253
79 80
79 78
79 66
79 72
79 87
79 82
80 83
80 83
80 77
80 86
80 82
80 80
80 82
80 86
80 78
81 77
81 85
81 81
81 77
81 76
81 78
81 77
81 77
81 80
81 72
81 77
81 83
81 86
81 93
82 82
82 77
82 82
82 77
82 69
82 73
82 77
82 84
82 190
83 65
83 66
83 78
83 85
83 78
83 85
83 84
83 84
83 77
83 96
84 83
84 82
84 68
84 77
84 77
84 81
84 78
84 77
84 77
84 65
84 84
85 78
85 77
85 78
85 78
85 66
85 77
85 84
85 86
85 77
86 77
86 77
86 78
86 78
86 76
86 77
86 68
86 77
86 65
86 80
86 86
86 78
86 86
86 78
86 77
86 78
86 67
86 77
86 106
87 77
87 80
87 67
87 77
88 101
88 99
88 92
89 96
89 92
89 95
89 88
89 88
89 142
90 96
90 100
90 88
90 89
90 92
91 96
91 92
91 96
91 92
91 96
91 96
91 89
91 91
91 90
91 89
91 96
91 99
91 98
92 92
92 97
92 96
92 98
92 96
92 93
92 101
93 91
93 101
93 96
93 92
93 96
93 176
94 99
94 96
94 97
94 96
94 96
94 88
94 246
95 96
95 96
95 89
96 96
96 94
96 96
96 91
96 96
96 101
96 96
96 96
96 89
96 89
96 91
96 100
96 96
96 99
96 91
96 92
96 101
96 100
96 89
96 96
96 92
97 90
97 96
97 91
97 97
97 91
97 96
98 91
98 91
98 96
98 96
99 98
99 96
99 92
99 93
99 99
99 95
99 97
99 91
99 101
99 90
99 397
100 94
100 99
100 99
100 100
100 96
100 92
101 93
101 96
101 92
101 101
101 96
101 96
101 96
101 101
101 89
101 100
101 89
101 92
101 95
101 89
101 96
101 101
102 106
102 106
102 106
102 106
102 104
103 106
103 104
103 103
104 107
104 104
104 106
104 107
104 104
104 104
104 106
104 104
104 104
104 104
104 104
105 104
105 106
106 103
106 103
106 106
106 106
106 105
106 104
106 106
106 104
106 106
106 106
106 102
106 105
106 106
107 106
108 136
108 144
108 171
108 129
108 145
108 162
109 159
109 167
109 159
109 174
109 174
109 428
110 174
111 164
111 146
112 152
112 135
113 174
113 142
113 164
114 118
114 129
114 135
115 132
115 164
115 135
116 164
116 135
116 136
117 120
118 159
118 110
118 143
118 140
118 113
118 158
118 164
118 113
118 141
118 118
118 136
118 145
118 174
118 164
118 142
118 164
118 280
119 138
119 164
120 120
120 144
120 164
120 124
120 141
120 139
120 126
121 151
121 144
121 141
121 150
121 144
122 164
122 136
122 126
122 130
123 144
124 142
125 151
126 164
126 144
126 162
126 109
127 119
127 116
127 144
129 137
129 174
129 110
129 159
129 144
129 109
129 125
129 158
129 134
129 112
129 601
130 161
131 159
132 164
132 157
132 140
133 144
133 144
133 111
133 164
134 159
134 164
135 118
135 161
135 154
136 124
136 129
137 128
137 164
137 159
139 145
139 120
139 160
139 158
140 164
140 159
140 154
140 129
140 174
141 133
141 159
141 142
141 164
142 121
142 160
142 144
142 164
142 144
142 144
142 156
142 110
142 161
142 171
142 145
142 159
142 164
142 156
142 115
142 144
142 120
142 144
142 127
142 159
142 121
142 164
142 144
142 172
142 507
143 118
143 149
143 174
144 174
144 110
144 164
144 144
144 120
144 158
144 118
144 145
144 156
144 141
144 159
144 109
144 140
144 164
144 136
144 118
144 129
144 171
144 137
144 148
144 144
144 154
144 172
144 118
144 118
144 137
144 144
144 154
144 145
144 171
144 144
144 159
144 129
144 149
144 125
144 149
144 121
144 125
144 129
144 118
144 164
144 164
144 113
144 158
144 335
144 490
145 161
145 144
145 164
145 124
145 134
145 174
145 164
145 144
145 531
145 688
146 164
146 144
146 146
147 155
147 144
147 151
147 142
147 698
148 139
148 111
148 119
149 164
149 114
149 148
149 142
150 132
150 122
150 118
151 174
151 164
151 164
151 145
151 144
151 155
152 137
152 164
152 121
154 166
154 118
154 162
154 173
154 161
155 164
155 109
156 162
156 167
156 144
156 141
157 170
157 159
157 124
158 147
159 154
159 145
159 164
159 174
159 154
159 142
159 164
159 164
159 136
159 120
159 145
159 154
159 158
159 164
159 110
159 144
159 150
159 164
159 150
159 127
159 132
159 164
159 164
159 150
159 144
159 121
159 142
159 164
159 172
159 144
159 160
159 159
159 202
159 616
159 673
160 159
160 111
161 141
161 145
161 138
161 144
161 142
162 113
162 164
162 160
162 112
162 142
162 129
162 172
162 146
162 159
162 142
162 155
162 124
163 159
163 159
163 167
163 169
163 144
163 144
163 164
163 521
164 159
164 169
164 174
164 154
164 142
164 144
164 159
164 161
164 110
164 154
164 162
164 158
164 161
164 144
164 162
164 144
164 110
164 154
164 144
164 126
164 164
164 128
164 128
164 170
164 160
164 145
164 129
164 144
164 169
164 109
164 167
164 169
164 162
164 149
164 616
164 572
165 137
165 129
165 134
165 147
165 190
166 109
166 152
167 144
167 174
167 155
167 148
167 159
168 159
168 144
168 385
169 120
170 171
170 159
170 160
170 174
170 136
171 173
172 142
172 123
172 137
172 608
174 144
174 144
174 169
174 145
174 246
175 184
175 188
175 189
175 182
175 177
175 182
176 180
176 178
176 189
176 176
176 191
176 184
176 187
176 176
176 188
176 179
176 192
176 177
176 175
176 189
176 182
176 176
176 186
176 188
176 189
176 184
176 181
176 176
176 189
176 188
176 189
176 183
176 178
176 176
176 187
176 189
176 179
176 183
176 190
176 182
176 191
176 176
176 176
176 176
176 190
176 181
176 182
176 176
176 188
176 188
176 189
176 176
176 182
176 190
176 179
176 182
176 176
176 182
176 176
176 492
177 176
177 188
177 176
177 192
178 189
178 182
178 182
178 190
178 192
178 176
178 183
178 176
179 178
179 188
179 189
179 177
179 176
179 178
179 182
179 176
179 176
180 176
180 176
180 178
180 190
181 189
181 190
181 182
181 176
181 185
181 187
181 182
181 190
181 182
181 189
181 237
182 176
182 189
182 182
182 182
182 176
182 176
182 176
182 176
182 176
182 188
182 187
182 175
182 183
182 178
182 186
182 176
182 192
182 188
182 176
182 184
182 179
182 182
182 182
182 182
182 176
182 176
182 176
182 187
182 176
182 189
182 190
182 179
183 176
183 189
183 191
183 183
183 190
183 176
183 189
184 176
184 178
184 188
184 176
185 186
186 192
186 178
187 181
187 189
187 190
187 182
187 176
187 190
187 176
187 176
187 189
187 187
187 490
188 176
188 184
188 184
188 188
188 190
188 176
188 176
188 182
188 176
188 191
188 190
188 189
189 182
189 192
189 183
189 182
189 176
189 189
189 176
189 176
189 178
189 184
189 183
189 182
189 185
189 179
189 182
189 185
189 189
189 176
189 182
189 179
189 190
189 190
189 176
189 179
189 189
189 182
189 189
189 190
189 182
189 229
190 176
190 179
190 176
190 187
190 192
190 190
190 177
190 176
190 185
190 179
190 176
190 176
190 188
190 192
190 187
190 182
190 178
190 182
190 183
190 192
190 176
190 189
190 191
190 176
190 186
190 179
190 182
190 191
190 189
190 176
190 189
190 182
190 180
190 192
190 188
190 190
190 188
190 187
190 182
190 176
190 239
190 683
191 192
191 191
191 177
191 176
191 187
191 189
191 176
192 176
192 190
192 182
192 176
192 189
192 187
192 177
192 176
192 177
192 190
192 176
192 190
192 182
192 176
192 186
192 178
192 181
192 190
192 177
193 200
193 201
193 376
194 203
194 202
194 201
195 203
195 200
195 200
195 201
196 201
196 195
196 202
196 616
197 201
197 200
197 202
197 206
198 202
199 492
200 201
200 210
200 205
200 193
200 201
200 202
200 194
200 209
200 203
200 209
200 277
201 200
201 198
201 199
201 193
201 200
201 202
201 209
201 200
201 201
201 209
201 279
201 528
202 201
202 200
202 206
202 206
202 196
202 210
202 208
202 206
202 208
202 208
202 673
203 199
203 193
203 210
204 197
204 200
204 201
204 194
204 477
205 210
205 195
205 206
205 198
206 206
206 193
206 273
207 197
207 342
208 202
208 210
208 197
209 200
209 202
209 196
209 196
210 201
211 239
211 235
211 216
212 217
212 215
212 235
212 213
212 285
213 219
213 235
214 224
214 237
214 224
215 229
216 237
216 214
216 236
217 211
217 231
217 212
218 215
218 224
219 212
219 229
219 236
221 218
221 225
221 239
222 220
222 235
222 227
223 217
223 223
224 231
224 224
224 213
224 216
224 211
224 227
224 231
225 212
225 231
225 235
225 212
225 490
225 714
226 213
226 226
227 231
227 211
227 226
228 235
228 216
228 616
229 232
229 230
229 217
230 266
232 229
232 221
233 222
233 217
233 216
233 214
234 235
234 239
235 216
235 228
235 233
236 235
237 219
237 218
237 224
237 224
237 220
238 231
238 212
238 231
238 226
238 213
238 214
239 221
239 220
240 282
240 251
240 281
240 279
241 293
241 293
241 262
241 247
241 283
241 299
241 347
242 273
242 282
242 260
242 277
242 368
243 251
243 292
243 375
244 271
244 276
244 336
245 248
245 451
246 280
246 270
246 259
246 286
246 301
246 290
246 247
246 296
246 293
246 246
246 293
246 297
246 300
246 246
246 246
246 303
246 252
246 271
246 246
246 280
246 359
246 343
246 336
246 453
246 492
246 552
246 577
246 714
247 282
247 246
247 477
247 492
247 566
248 714
249 246
249 262
250 246
250 290
250 279
250 255
250 295
250 372
251 262
251 282
251 283
251 251
251 265
252 269
252 302
252 255
253 263
253 281
254 251
254 492
255 262
255 567
256 264
256 258
256 269
256 417
257 303
257 295
257 251
257 282
257 616
258 282
259 281
259 333
260 293
260 285
260 262
260 246
260 293
260 286
260 288
260 277
260 243
260 246
260 361
260 616
261 263
262 265
262 289
263 288
263 333
263 332
264 276
264 246
264 349
265 284
266 293
266 244
266 334
267 278
267 264
268 300
268 246
268 257
268 287
268 683
269 247
269 282
269 293
269 451
270 291
271 271
271 282
271 485
271 531
272 283
273 246
273 565
275 297
276 274
276 281
276 297
276 277
276 353
277 292
277 561
278 250
278 711
279 257
280 282
280 260
280 246
280 472
280 541
281 270
281 244
282 259
282 273
282 248
282 251
282 254
282 282
282 246
282 259
282 246
282 255
282 279
282 276
282 246
282 331
282 339
282 336
282 367
282 428
282 484
282 507
282 616
282 632
282 682
283 284
283 284
283 258
283 525
284 268
284 368
284 444
285 282
285 300
285 279
285 272
285 522
286 254
287 246
287 292
287 292
288 246
288 290
289 291
289 508
289 673
289 714
290 289
290 292
290 246
292 246
292 282
292 250
292 260
292 303
292 242
292 283
292 336
293 274
293 286
293 288
293 246
293 246
293 263
293 281
293 279
293 269
293 255
293 291
293 298
293 333
293 703
295 290
295 295
295 294
295 292
295 289
295 245
295 279
295 274
295 282
295 502
296 246
296 300
297 289
297 246
297 249
297 272
297 353
297 451
297 492
297 512
298 284
298 275
298 246
298 244
298 715
299 293
299 445
300 241
300 250
300 309
300 349
301 280
301 298
302 246
302 246
303 248
303 270
304 307
304 319
304 309
305 325
305 309
305 320
309 325
309 327
309 318
309 307
309 317
309 309
309 309
309 321
309 319
309 313
309 329
309 309
309 309
309 309
309 313
309 309
309 316
309 309
309 309
309 321
309 309
309 309
309 306
309 321
309 309
309 309
309 309
309 309
309 313
309 317
309 316
309 309
309 309
309 309
309 309
309 306
311 309
311 309
312 322
312 316
312 309
312 309
313 328
314 309
314 319
314 309
316 309
317 309
317 328
318 324
319 309
319 305
319 319
320 309
320 321
320 317
321 304
322 309
322 309
323 312
323 320
324 319
324 309
325 309
325 310
326 316
327 307
328 306
328 309
328 309
328 312
329 320
329 309
329 328
330 336
330 332
330 365
330 336
330 343
330 558
331 373
331 379
331 379
331 333
331 361
331 379
331 336
331 371
332 336
332 336
332 371
332 336
333 333
333 336
333 372
333 331
333 336
333 336
333 337
333 340
333 353
333 350
333 378
333 348
333 336
333 492
333 547
334 367
334 336
334 349
334 336
336 336
336 336
336 336
336 336
336 357
336 341
336 365
336 349
336 372
336 343
336 337
336 369
336 343
336 336
336 336
336 371
336 364
336 334
336 383
336 346
336 331
336 336
336 366
336 336
336 371
336 336
336 336
336 331
336 343
336 382
336 353
336 372
336 336
336 377
336 355
336 349
336 336
336 382
336 334
336 336
336 353
336 349
336 356
336 336
336 370
336 373
336 353
336 347
336 340
336 342
336 343
336 354
336 349
336 330
336 363
336 383
336 364
336 350
336 336
336 358
336 336
336 378
336 336
336 378
336 353
336 379
336 336
336 364
336 331
336 347
336 336
336 336
336 350
336 346
336 336
336 358
336 337
336 343
336 352
336 364
336 336
336 336
336 336
336 381
336 359
336 332
336 336
336 333
336 349
336 366
336 368
336 376
336 379
336 336
336 349
336 338
336 369
336 356
336 350
336 342
336 341
336 336
336 363
336 365
336 365
336 343
336 362
336 336
336 379
336 364
336 336
336 336
336 370
336 344
336 336
336 336
336 342
336 362
336 336
336 336
336 336
336 353
336 336
336 358
336 339
336 375
336 368
336 379
336 416
336 456
336 459
336 444
336 469
336 506
336 490
336 479
336 489
336 490
336 492
337 334
337 336
338 336
338 361
338 361
338 349
339 374
339 355
339 336
339 352
339 349
339 336
339 370
339 336
339 362
339 343
339 349
339 349
339 471
340 349
340 336
340 348
341 338
341 348
341 336
341 349
341 336
341 336
342 353
342 376
343 346
343 343
343 363
343 362
343 349
343 372
343 336
343 366
343 343
343 336
343 336
343 371
343 370
343 341
343 336
343 370
343 336
343 336
343 343
343 339
343 336
343 379
343 336
343 503
344 331
344 346
344 336
344 466
345 336
345 336
345 336
345 353
345 500
346 334
346 336
346 361
347 336
347 353
347 336
347 354
347 349
347 371
348 336
348 339
348 348
348 336
348 330
348 343
348 415
349 340
349 339
349 334
349 336
349 336
349 336
349 339
349 349
349 334
349 349
349 381
349 348
349 341
349 349
349 336
349 336
349 338
349 379
349 378
350 370
350 336
350 345
350 379
350 343
350 354
350 660
351 336
351 346
351 336
351 336
352 336
353 370
353 336
353 377
353 349
353 337
353 336
353 336
353 338
353 352
353 353
353 375
353 364
353 370
353 336
353 336
353 356
353 336
353 483
353 519
353 712
354 359
354 336
354 336
354 349
354 371
354 334
354 359
355 349
355 343
355 336
355 346
356 346
356 334
356 336
356 336
356 344
356 336
356 359
356 355
356 336
357 377
357 336
358 365
358 336
359 349
359 342
359 336
359 349
359 336
360 350
361 337
361 358
362 353
362 336
362 352
362 703
363 354
363 349
363 379
363 336
363 336
363 332
364 351
364 336
364 336
365 336
365 330
365 348
365 353
365 713
366 349
366 336
366 341
366 343
366 375
366 336
366 583
367 333
367 354
367 367
368 380
368 336
369 370
369 373
369 368
370 343
370 357
370 351
370 336
370 379
370 362
370 377
370 336
370 507
371 341
371 336
371 336
371 336
372 346
372 377
372 343
373 331
373 343
373 336
373 349
374 336
374 380
374 336
374 353
375 337
376 359
376 357
376 332
376 353
376 511
377 333
377 330
377 331
377 336
377 336
377 336
377 373
377 714
378 348
378 367
378 359
378 336
378 336
378 356
378 336
379 336
379 360
379 379
379 343
379 333
379 376
379 336
379 383
379 359
379 336
379 353
379 381
379 349
379 683
380 475
380 707
381 369
381 336
381 359
381 336
381 339
381 358
381 349
381 352
381 350
381 336
381 503
382 336
382 336
383 332
384 384
384 384
384 392
384 395
384 385
384 391
384 384
385 394
385 392
385 392
385 394
385 387
385 390
385 385
385 392
385 389
385 384
385 395
385 392
385 385
385 392
385 395
385 385
385 393
385 390
385 385
385 393
385 387
386 385
386 385
386 389
386 387
386 385
386 385
387 385
387 395
388 384
388 392
389 395
389 386
389 391
389 384
389 392
389 390
389 385
390 389
390 385
390 392
390 389
390 384
390 387
391 394
391 385
391 392
391 392
391 384
391 385
392 388
392 386
392 393
392 387
392 385
392 385
392 388
392 384
393 390
393 394
393 389
393 387
393 386
394 387
394 391
394 386
394 385
394 394
394 384
394 384
394 385
395 384
395 385
395 385
395 384
395 385
396 410
396 406
396 399
397 417
397 417
397 404
397 397
397 406
397 408
397 405
398 411
398 420
399 420
399 531
400 397
400 417
401 411
401 397
401 420
402 397
402 400
402 407
404 400
404 399
404 410
405 412
405 405
406 401
406 397
407 398
407 414
407 417
407 400
407 396
407 413
407 505
407 695
408 413
408 596
409 410
409 397
409 418
409 417
410 407
410 409
410 410
410 397
410 417
410 412
410 685
411 397
411 420
411 400
412 397
412 417
412 403
412 410
413 410
413 397
413 413
414 413
414 399
415 417
415 420
415 409
415 413
416 416
416 420
416 419
416 419
416 397
416 407
417 399
417 419
417 420
417 403
417 397
417 410
417 414
417 416
417 420
417 411
417 410
417 407
417 415
417 415
417 405
417 407
417 410
417 418
417 417
417 415
417 410
417 397
418 410
418 417
418 400
419 407
420 406
420 399
420 407
420 397
420 420
420 397
420 415
420 417
420 420
420 420
420 417
420 399
420 410
420 409
420 409
421 432
421 429
422 426
422 432
422 432
423 424
423 432
423 437
423 432
423 428
423 432
423 443
423 424
423 439
423 423
423 439
423 432
423 443
424 439
424 428
424 422
424 432
424 441
424 424
424 428
425 432
425 432
426 432
426 441
426 439
427 428
427 423
427 428
427 434
427 432
427 424
428 436
428 432
428 435
428 428
428 432
428 432
428 439
428 422
428 428
428 424
428 432
428 432
428 428
428 434
428 423
428 440
428 428
428 439
428 428
429 443
429 438
429 428
429 434
430 431
430 426
430 432
430 443
430 430
430 428
430 443
430 426
430 439
430 432
431 437
431 430
431 434
431 432
432 427
432 443
432 439
432 428
432 438
432 426
432 432
432 437
432 428
432 435
432 430
432 423
432 432
432 439
432 434
432 432
432 432
432 432
432 421
433 432
433 437
433 433
433 424
433 430
433 428
434 427
434 432
434 442
434 423
434 423
434 433
434 430
434 428
434 424
434 439
435 439
435 441
436 441
436 428
436 438
436 432
437 428
437 428
437 439
438 427
438 430
438 438
438 440
439 438
439 423
439 434
439 423
439 440
439 442
439 439
439 436
439 433
439 423
439 434
439 439
439 424
439 428
439 432
439 428
439 423
440 434
440 428
440 434
440 432
440 424
441 443
441 443
441 432
442 439
442 439
442 436
443 439
443 439
443 434
443 430
443 423
443 428
443 432
443 441
443 438
443 434
443 428
443 432
444 467
444 462
444 453
444 450
445 464
445 458
445 453
446 445
446 512
447 462
447 460
447 464
448 453
448 455
448 446
449 458
449 449
449 462
450 461
450 447
450 462
450 457
450 467
451 458
452 460
452 450
453 458
453 451
453 447
453 457
453 453
453 449
453 463
453 459
453 450
453 454
453 450
453 444
453 450
453 465
454 453
454 450
454 492
455 447
455 450
455 452
455 452
456 460
456 463
456 714
457 456
457 462
457 452
458 461
458 445
458 452
458 501
459 465
459 462
459 455
460 460
460 462
460 461
460 449
461 451
461 462
461 453
461 714
462 444
462 460
462 447
462 462
462 445
462 465
462 466
462 455
462 453
462 464
462 450
462 462
462 453
462 444
462 452
463 448
464 448
465 462
465 453
465 466
465 454
466 453
467 453
467 466
467 462
468 492
468 470
468 470
468 479
468 492
468 475
468 498
468 493
468 470
468 483
468 503
468 497
468 473
469 486
469 492
470 492
470 492
470 470
470 511
470 492
470 506
470 492
470 474
470 483
470 485
470 508
470 480
470 502
470 492
470 494
470 490
470 470
470 474
470 494
470 493
470 474
470 507
470 506
470 486
470 504
470 475
470 492
470 494
470 511
470 475
470 506
470 490
470 471
470 499
470 506
470 499
470 511
470 504
470 476
470 483
470 502
470 492
470 476
470 492
470 486
470 470
470 492
470 487
470 494
470 471
470 507
470 507
470 486
470 498
470 487
470 484
470 475
470 492
470 478
470 507
470 475
470 468
470 492
470 476
470 472
470 506
470 474
470 492
470 507
470 501
470 492
470 475
470 492
470 473
470 484
470 478
470 470
470 498
470 503
470 468
470 468
470 497
470 479
470 499
470 469
470 497
470 472
470 473
470 477
470 492
470 503
470 469
470 475
470 475
470 470
470 492
470 706
470 713
470 706
470 714
471 470
471 475
471 507
471 511
471 506
471 492
471 472
471 473
471 502
471 492
471 718
472 492
472 472
472 492
472 508
472 507
472 470
472 492
472 473
472 498
472 494
472 470
472 498
472 507
472 492
472 474
472 507
472 494
472 470
472 714
473 470
473 477
473 492
473 470
473 707
474 477
474 494
474 492
474 503
474 510
474 492
474 478
474 510
474 503
474 507
474 478
474 474
474 486
474 492
474 472
474 483
474 470
474 712
475 470
475 494
475 476
475 507
475 510
475 492
475 474
475 506
475 491
475 502
475 471
475 507
475 507
475 498
475 492
475 507
475 486
475 492
475 503
475 492
475 492
475 506
475 492
475 492
475 492
475 470
475 507
475 492
475 511
475 494
475 497
475 505
475 496
475 492
475 480
475 492
475 470
475 473
475 503
475 510
475 506
475 502
475 508
475 508
475 470
475 507
475 470
475 475
475 492
475 507
475 504
475 511
475 471
475 472
475 505
475 699
476 483
476 470
476 492
476 503
476 474
476 504
477 480
477 490
477 507
477 503
477 480
477 502
477 508
477 507
477 480
477 504
477 475
477 470
477 485
477 507
478 492
478 510
478 468
478 503
478 511
478 497
478 470
478 470
478 470
479 480
479 508
479 492
479 491
479 490
479 496
479 502
480 503
480 484
480 492
480 507
480 478
480 470
480 499
480 490
480 501
480 468
480 468
481 492
481 503
481 470
481 475
481 490
481 497
482 501
482 475
483 507
483 492
483 489
483 492
483 470
483 507
483 492
483 492
483 493
483 475
483 492
483 494
483 473
483 472
483 470
483 507
484 508
484 509
484 494
484 468
484 503
484 480
485 470
485 507
486 470
486 492
486 472
486 511
486 474
486 492
486 491
486 712
486 722
487 494
487 480
487 471
488 503
488 507
489 494
489 492
489 492
489 486
489 486
489 470
489 547
489 701
490 492
490 470
490 482
490 470
490 492
490 470
490 492
490 468
490 480
490 492
491 497
491 476
491 490
491 492
491 492
491 507
491 475
491 470
492 508
492 506
492 502
492 480
492 500
492 470
492 503
492 468
492 507
492 494
492 494
492 492
492 494
492 492
492 486
492 472
492 470
492 475
492 507
492 475
492 492
492 484
492 474
492 507
492 470
492 492
492 475
492 508
492 469
492 494
492 481
492 492
492 474
492 472
492 470
492 477
492 492
492 497
492 492
492 468
492 486
492 473
492 484
492 470
492 511
492 503
492 492
492 492
492 507
492 497
492 473
492 497
492 501
492 507
492 503
492 498
492 492
492 511
492 497
492 484
492 495
492 503
492 500
492 511
492 470
492 470
492 481
492 492
492 475
492 470
492 511
492 475
492 492
492 501
492 510
492 494
492 500
492 506
492 474
492 469
492 470
492 498
492 470
492 490
492 502
492 492
492 504
492 480
492 475
492 470
492 490
492 477
492 492
492 469
492 497
492 507
492 489
492 469
492 507
492 492
492 470
492 506
492 506
492 477
492 725
492 712
492 711
492 714
492 708
493 492
493 496
493 480
493 502
494 506
494 494
494 494
494 496
494 507
494 497
494 494
494 492
494 498
494 474
494 486
494 507
494 471
494 493
494 475
494 503
494 498
494 472
494 475
494 511
494 507
494 490
494 504
494 492
494 507
494 492
494 478
494 484
494 475
494 510
494 470
494 475
494 494
494 469
494 506
494 502
494 506
494 474
494 724
494 723
495 502
495 497
496 496
496 492
496 475
496 470
496 511
496 507
496 492
496 504
497 473
497 470
497 492
497 492
497 492
497 470
497 492
497 498
497 472
497 508
497 470
497 492
497 494
497 503
497 490
497 470
497 511
497 473
497 499
497 475
497 503
497 482
497 631
497 723
498 468
498 489
498 470
498 497
498 489
498 472
498 471
498 496
498 495
498 481
498 492
498 492
498 494
498 713
499 498
499 502
499 481
500 475
500 506
500 472
500 475
500 470
500 508
500 507
500 502
501 511
501 541
502 511
502 498
502 498
502 470
502 492
502 511
502 475
502 492
502 497
502 470
502 500
502 494
502 507
502 470
502 507
502 492
502 494
502 511
502 506
502 507
502 498
502 492
502 507
502 499
502 470
502 492
503 503
503 503
503 486
503 510
503 478
503 470
503 494
503 470
503 485
503 498
503 470
503 471
503 508
503 718
504 506
504 472
504 469
504 500
504 483
504 507
504 475
504 494
504 486
504 475
504 470
504 494
504 470
504 492
505 507
506 494
506 478
506 474
506 506
506 491
506 475
506 503
506 492
506 492
506 508
506 470
506 507
506 470
506 507
506 470
506 470
506 511
506 475
506 705
507 489
507 494
507 470
507 472
507 476
507 503
507 472
507 506
507 483
507 490
507 494
507 474
507 484
507 497
507 492
507 470
507 492
507 494
507 508
507 508
507 480
507 503
507 470
507 470
507 496
507 510
507 475
507 478
507 470
507 468
507 472
507 492
507 474
507 508
507 507
507 472
507 503
507 496
507 476
507 470
507 492
507 500
507 492
507 484
507 718
507 714
507 716
508 492
508 503
508 492
508 470
508 475
508 511
508 470
508 481
508 476
508 504
508 468
508 472
508 475
508 470
508 502
508 495
508 492
508 497
508 470
508 510
508 719
509 506
509 492
510 470
510 471
510 507
510 480
510 474
510 506
510 506
510 494
510 492
510 486
510 498
510 503
510 470
510 496
510 595
511 496
511 469
511 479
511 506
511 511
511 506
511 495
511 491
511 503
511 492
511 490
511 474
511 475
511 479
511 470
511 470
511 492
511 472
511 475
511 470
511 476
512 528
512 519
512 512
512 522
512 525
512 530
512 531
513 530
514 526
514 515
514 515
514 528
515 516
515 528
515 528
516 526
516 522
516 528
516 592
517 516
517 513
517 521
517 531
518 531
518 515
518 526
519 512
519 531
519 531
519 518
519 512
519 525
519 520
519 528
519 528
519 566
520 519
520 512
520 529
520 531
521 527
521 516
521 519
521 516
521 520
522 523
522 526
522 527
522 527
522 528
522 526
523 525
524 526
524 528
524 516
524 519
525 512
525 525
525 522
525 526
525 531
525 512
525 623
526 518
527 528
527 531
527 523
527 514
527 518
527 528
527 525
527 528
528 528
528 527
528 521
528 513
528 527
528 528
528 513
528 512
528 515
528 518
528 512
528 519
528 528
528 528
528 527
528 528
528 523
528 521
528 531
528 531
528 531
528 516
528 521
528 528
528 527
528 525
528 531
528 512
528 528
528 517
528 531
528 518
528 527
528 703
529 526
529 519
529 531
529 528
530 528
530 519
530 525
530 531
530 513
531 524
531 531
531 528
531 528
531 523
531 529
531 528
531 531
531 531
531 531
531 531
531 524
531 531
531 513
531 524
532 534
532 536
532 533
532 538
533 533
533 533
533 535
533 536
533 537
533 534
533 533
533 532
533 533
533 532
533 537
533 537
533 533
533 535
533 537
533 533
533 533
533 533
533 537
533 533
533 536
533 535
533 536
533 536
533 536
534 533
534 536
534 533
535 533
535 535
535 533
535 536
535 532
535 536
535 536
535 533
535 536
536 538
536 537
536 537
536 534
536 537
536 534
536 533
536 533
537 535
537 533
537 533
537 534
537 533
537 533
538 535
538 533
539 539
539 539
539 539
539 540
541 566
541 558
541 547
541 566
541 566
542 566
542 541
543 566
543 551
543 543
543 560
543 551
543 548
543 561
543 554
543 550
543 542
543 561
543 547
543 551
543 547
543 543
543 557
543 548
543 563
543 548
543 551
543 578
544 568
544 566
544 551
544 562
544 553
544 566
544 568
545 552
545 566
545 566
545 549
545 551
545 569
545 569
546 543
547 547
547 544
547 566
547 551
547 566
547 541
547 568
547 553
547 549
547 566
547 558
547 546
547 566
547 566
547 566
547 545
547 556
547 551
547 556
547 547
547 543
548 555
548 542
548 543
548 568
548 566
548 566
549 543
549 546
550 551
550 557
550 551
550 543
550 548
550 553
551 553
551 552
551 555
551 566
551 543
551 566
551 543
551 545
551 547
551 558
551 547
551 551
552 566
552 543
552 566
553 560
553 543
553 547
553 566
553 551
554 559
554 543
555 553
555 568
555 547
556 541
556 566
556 566
556 544
557 547
557 563
557 551
557 561
557 541
557 566
558 543
558 566
558 547
559 543
559 565
560 551
560 543
560 566
560 543
560 544
561 548
561 557
561 562
561 568
561 543
561 566
561 543
561 543
561 551
561 549
561 546
562 552
562 563
562 566
562 562
562 558
563 543
563 551
563 549
563 569
564 561
564 551
564 547
564 551
565 553
565 566
566 551
566 551
566 566
566 566
566 542
566 562
566 546
566 569
566 565
566 566
566 547
566 566
566 551
566 566
566 543
566 555
566 557
566 543
566 557
566 542
566 560
566 567
566 566
566 562
566 563
566 562
566 555
566 568
566 601
567 566
567 553
567 566
567 556
567 547
567 543
567 562
567 553
567 561
567 561
567 543
568 546
568 566
568 547
568 559
568 547
568 561
568 549
569 564
569 568
569 569
569 543
569 568
570 570
571 570
571 570
571 570
571 570
573 574
573 584
574 611
575 608
576 615
576 616
576 634
577 616
578 616
579 581
581 631
582 600
582 608
582 637
583 637
583 584
583 620
584 616
584 616
584 616
584 627
584 616
584 615
585 576
585 612
588 590
588 597
588 576
588 586
588 632
589 612
590 631
591 594
591 600
591 616
591 588
594 585
594 578
595 590
596 575
596 616
596 585
598 582
598 591
599 623
600 606
600 589
601 590
601 616
601 616
601 616
602 583
602 578
603 616
603 633
605 633
607 602
608 577
609 616
610 616
611 622
612 577
612 621
613 594
613 724
614 579
614 616
616 596
616 590
616 616
616 593
616 629
616 599
616 613
616 582
616 582
616 573
616 637
616 637
616 616
616 612
616 625
616 579
616 611
616 597
616 616
616 616
616 593
616 616
616 617
616 632
616 603
616 635
616 587
616 603
616 616
616 630
616 599
616 631
616 637
616 616
616 635
616 591
616 617
616 611
616 611
616 585
616 636
616 714
617 635
617 616
618 637
618 600
618 616
618 592
619 581
619 572
620 640
620 616
622 637
623 575
623 616
624 616
625 618
625 637
626 637
627 577
627 616
627 616
628 575
628 587
630 616
631 616
631 588
631 574
631 616
631 631
631 683
633 610
634 578
635 597
635 574
636 616
636 616
637 581
637 588
637 600
637 627
637 597
637 605
640 616
641 579
641 616
642 616
642 629
643 651
643 647
643 643
643 645
643 650
644 645
644 643
644 648
644 649
644 645
645 649
645 724
646 651
646 645
647 651
647 648
647 654
647 653
648 654
649 644
649 652
649 654
649 654
650 651
650 645
650 649
651 654
651 648
651 646
651 648
652 653
652 652
652 648
653 654
653 647
654 644
654 646
654 647
654 651
654 653
654 649
654 647
654 652
654 654
654 654
655 655
655 655
656 656
657 656
657 656
657 655
658 661
658 662
659 659
659 659
659 662
659 659
661 661
661 659
661 659
662 658
662 659
663 668
663 669
663 669
663 668
664 666
664 670
664 664
665 669
665 668
665 670
666 666
666 664
666 670
666 670
667 668
667 668
667 668
668 667
668 664
668 669
668 669
668 669
668 670
669 668
669 663
669 670
669 668
670 665
670 663
670 670
670 663
670 663
670 670
670 670
670 667
670 664
670 668
670 667
670 666
670 669
670 667
671 683
671 676
671 684
671 679
671 683
671 689
671 683
672 691
672 683
672 673
673 688
673 688
673 684
673 682
673 685
673 688
673 674
673 688
673 688
673 676
673 679
674 673
674 677
674 683
674 688
674 683
674 683
675 683
675 681
675 683
675 675
676 689
677 682
677 679
677 683
677 691
678 683
678 683
678 695
678 683
679 678
679 688
680 678
681 671
681 687
681 689
682 681
682 694
682 687
682 683
683 683
683 676
683 694
683 686
683 683
683 688
683 691
683 673
683 676
683 695
683 673
683 683
683 683
683 676
683 683
683 673
683 684
683 676
683 673
683 683
683 687
683 688
683 688
683 677
683 673
683 690
683 683
683 676
683 688
683 688
683 672
683 683
683 693
684 692
685 688
685 677
685 683
685 683
685 688
686 688
686 674
687 695
688 682
688 691
688 683
688 679
688 677
688 694
688 672
688 679
688 695
688 690
688 691
688 686
688 688
688 688
688 683
688 688
688 681
688 673
688 673
688 683
688 688
688 696
688 673
688 689
689 688
689 692
689 683
689 690
690 688
690 688
690 696
691 682
691 688
692 688
692 683
693 688
695 683
696 683
696 688
696 685
696 721
697 712
697 721
697 714
697 718
698 703
698 714
698 706
698 708
698 718
698 712
699 719
699 724
700 723
700 720
701 719
701 718
702 707
702 712
702 720
702 710
702 702
703 706
704 712
704 705
704 718
706 718
706 723
706 714
706 709
707 697
707 714
707 714
707 698
708 702
708 714
708 708
708 715
708 723
708 714
709 702
709 714
709 718
709 720
709 714
711 714
711 708
711 714
711 714
712 705
712 697
712 708
712 714
712 702
712 724
712 724
712 708
712 714
712 712
712 706
712 703
712 712
712 721
712 711
713 718
713 714
714 708
714 705
714 720
714 721
714 699
714 700
714 713
714 714
714 709
714 708
714 702
714 712
714 717
714 702
714 703
714 714
714 712
714 714
714 714
714 714
714 723
714 709
714 711
714 697
714 715
714 702
714 698
714 714
714 718
714 723
714 712
714 712
715 714
716 712
716 718
716 714
717 721
718 722
718 701
718 712
718 707
718 723
718 714
718 701
718 698
718 714
718 721
718 697
718 699
718 697
719 711
719 718
719 725
719 714
719 721
720 706
720 714
721 712
721 712
721 724
721 725
721 713
722 724
722 713
722 714
722 712
722 724
722 716
722 714
722 716
723 705
723 714
723 718
723 709
723 711
723 713
723 717
723 717
723 718
723 712
723 709
723 714
723 714
723 718
724 723
724 723
724 712
725 714
725 709
725 701
725 724
725 704
725 701