0 36
0 41
1 7
1 12
1 19
1 20
1 27
1 36
1 47
1 64
1 67
1 81
1 94
2 15
2 38
2 39
2 45
2 56
2 63
2 72
2 75
2 96
2 99
2 100
3 10
3 19
3 46
3 54
3 57
3 59
3 60
3 88
3 92
3 98
3 103
3 104
4 12
4 15
4 48
4 49
4 73
4 76
4 80
4 81
4 83
4 85
4 88
4 95
4 97
5 23
5 25
5 26
5 27
5 38
5 64
5 67
5 83
5 94
6 28
6 31
6 33
6 36
6 38
6 43
6 44
6 74
6 79
6 101
6 103
7 19
7 20
7 33
7 35
7 38
7 49
7 53
7 103
8 9
8 28
8 43
8 44
8 58
8 60
8 61
8 64
8 65
8 83
8 87
8 97
8 103
9 15
9 17
9 40
9 42
9 66
9 76
9 78
10 28
10 41
10 59
10 60
10 68
10 74
10 77
10 80
10 84
10 97
10 103
10 105
11 29
11 32
11 35
11 59
11 61
11 65
11 68
11 73
11 74
11 82
11 92
11 98
12 14
12 18
12 33
12 44
12 46
12 50
12 53
12 60
12 68
12 84
12 88
12 94
12 96
12 479
13 39
13 79
13 94
13 107
14 26
14 50
14 51
14 65
14 76
14 85
15 48
15 56
15 58
15 65
15 68
16 23
16 25
16 45
16 77
17 18
17 25
17 32
17 35
17 43
17 61
17 66
17 74
17 87
17 95
18 40
18 59
18 68
18 93
18 102
19 24
19 44
19 52
19 68
19 71
19 79
20 35
20 39
20 44
20 52
20 54
20 68
20 83
20 85
20 104
20 192
21 45
21 46
21 47
21 60
21 63
21 72
21 85
21 87
21 89
21 90
21 102
22 29
22 35
22 52
22 58
22 65
22 73
22 83
23 54
23 70
23 93
24 34
24 40
24 52
24 56
24 59
24 76
24 90
24 102
25 55
25 64
25 84
25 101
26 45
26 63
26 73
26 83
26 87
27 37
27 46
27 57
27 62
27 90
27 97
27 297
28 51
28 80
28 85
28 94
28 99
28 101
29 31
29 32
29 36
29 44
29 45
29 74
29 77
29 85
29 88
29 99
30 31
30 35
30 45
30 49
30 50
30 51
30 60
30 61
30 79
30 99
31 55
31 63
31 68
31 87
31 106
32 43
32 56
32 59
32 76
32 89
32 101
32 104
33 58
33 61
33 92
34 61
34 96
34 100
35 54
35 68
35 71
35 73
35 76
35 92
35 99
36 75
36 76
37 40
37 51
37 56
37 71
37 83
38 47
38 75
38 81
38 99
38 100
39 49
39 51
39 62
39 71
39 72
39 99
39 107
40 65
40 75
40 104
40 106
41 63
41 74
41 81
41 83
41 85
42 50
42 66
42 93
42 98
42 101
42 104
43 52
43 58
43 78
43 83
43 90
44 67
44 104
45 46
45 56
45 65
45 70
45 86
45 91
45 95
45 101
45 106
46 61
46 69
46 77
46 89
47 67
47 96
47 104
48 53
48 89
49 62
49 79
49 82
49 96
50 59
50 73
50 78
50 86
50 93
51 72
51 76
51 79
51 80
51 89
51 91
51 97
51 102
52 61
52 81
53 79
53 83
53 99
54 55
54 57
54 61
54 82
54 92
54 106
55 81
55 88
56 75
56 78
56 89
56 104
56 489
57 58
57 72
57 79
57 91
57 103
58 68
58 77
58 93
58 99
58 103
59 62
59 72
59 76
59 78
59 79
59 84
59 102
60 65
60 67
60 74
60 75
60 84
60 98
61 63
61 71
61 104
62 66
62 70
62 101
62 102
63 64
63 67
63 79
63 80
63 102
64 73
64 79
65 75
65 79
65 107
66 88
66 92
66 96
67 70
67 80
68 89
69 75
69 77
70 75
70 79
70 92
71 72
71 82
71 94
71 106
72 87
72 94
73 84
73 86
73 87
73 90
73 97
73 101
73 102
74 75
74 83
75 472
76 89
76 93
76 100
77 89
77 90
77 93
77 97
77 98
77 102
78 79
78 86
78 91
78 92
78 102
79 85
79 88
79 100
80 96
80 97
81 82
82 87
82 97
83 87
84 386
85 89
85 95
87 88
87 90
89 90
89 101
91 93
91 94
91 95
93 104
95 97
96 105
97 223
98 100
100 106
101 103
102 499
103 105
128 132
128 118
128 122
129 133
129 109
129 122
129 123
130 122
130 124
131 133
131 117
131 118
132 122
132 126
133 110
133 123
109 115
109 121
109 125
110 115
110 118
111 122
111 123
112 116
112 125
112 127
113 120
116 124
117 124
118 127
119 120
119 123
123 125
134 135
134 154
134 204
134 208
134 241
135 138
135 197
135 201
135 204
135 229
135 236
136 138
136 150
136 154
136 174
136 177
136 178
136 181
136 197
136 216
137 153
137 155
137 161
137 167
137 170
138 139
138 187
139 143
139 145
139 157
139 169
139 207
139 210
139 234
140 217
140 233
141 154
141 163
141 169
141 184
141 190
141 195
141 217
141 224
141 229
141 236
142 158
142 174
142 177
142 198
142 229
142 238
143 155
143 158
143 191
143 196
143 209
144 145
144 152
144 165
144 166
144 170
144 176
144 190
144 200
144 223
145 180
145 184
145 199
145 218
145 228
146 147
146 160
146 170
146 195
146 201
147 153
147 157
147 197
147 198
147 228
148 188
148 201
148 216
148 221
148 236
148 237
149 179
149 192
149 203
149 233
150 160
150 168
150 195
150 222
150 236
151 180
151 197
151 203
151 218
152 168
152 175
152 193
152 197
152 203
152 216
153 189
153 217
153 234
154 158
154 181
154 189
154 204
154 209
154 210
154 232
155 168
155 177
155 188
155 201
156 170
156 187
156 226
156 237
157 178
157 195
157 215
157 216
158 182
158 188
159 185
159 203
159 204
159 220
160 195
160 210
161 184
161 237
161 240
162 169
162 177
162 180
162 182
162 207
162 220
162 221
163 173
163 179
163 216
163 232
164 169
164 195
164 204
164 218
165 179
165 202
165 208
165 234
167 206
167 234
167 241
168 169
168 188
168 200
168 209
168 351
169 170
169 197
169 204
169 211
169 224
169 237
170 193
170 200
170 205
170 216
170 218
170 222
170 223
170 238
170 239
171 179
171 196
171 237
172 192
172 222
172 233
172 241
173 194
173 198
173 222
174 188
174 219
174 233
175 200
175 201
175 214
175 215
175 232
175 240
176 180
176 182
176 206
176 212
176 222
177 190
177 197
177 203
177 209
177 215
177 226
178 184
178 194
178 198
178 209
178 227
178 228
179 180
179 215
179 221
180 199
180 215
180 217
180 241
181 182
181 191
181 227
182 190
182 194
182 198
182 207
182 210
182 214
182 238
182 241
183 191
183 194
183 199
183 203
183 212
183 217
183 218
183 234
184 187
184 214
184 224
185 190
185 223
186 204
186 224
186 231
187 188
187 198
187 202
188 203
188 207
188 210
188 223
189 219
189 221
190 200
190 212
190 214
190 217
190 227
190 238
191 224
191 232
191 239
192 195
192 205
192 226
192 228
192 229
192 233
192 246
193 225
193 233
194 199
194 229
194 234
195 206
196 227
196 231
197 213
198 234
198 239
199 208
201 213
201 239
202 232
203 209
203 228
203 240
205 235
206 217
206 218
206 219
206 241
208 209
209 228
210 235
211 225
212 229
212 232
212 237
213 218
213 231
214 217
214 223
214 236
214 241
215 228
215 239
215 241
216 222
216 238
217 219
217 221
217 239
217 240
219 227
220 224
220 225
220 228
220 230
220 238
221 225
221 226
224 227
224 241
225 235
225 241
226 237
228 234
230 236
231 233
231 238
232 237
233 235
233 237
234 238
237 241
256 261
256 273
257 259
257 261
257 262
257 268
257 275
257 305
257 312
257 248
258 286
258 304
258 312
258 243
258 248
259 287
259 244
259 245
260 313
261 310
261 312
261 248
261 249
262 306
263 269
263 292
264 267
264 278
264 304
264 312
264 246
265 290
265 308
265 310
265 312
266 280
266 283
266 305
266 242
267 296
267 302
268 312
268 244
268 247
268 250
269 288
269 303
269 307
269 248
270 299
271 276
271 289
271 301
271 248
272 302
273 288
273 306
275 281
275 291
275 297
275 299
275 301
275 249
276 296
276 311
277 287
277 305
277 306
278 290
278 298
278 244
279 286
279 287
279 297
279 305
280 289
280 294
280 309
281 251
281 253
282 309
282 313
282 242
282 243
282 246
282 250
283 288
283 313
284 285
284 295
284 297
284 302
284 312
284 250
285 296
285 245
286 289
286 306
286 310
287 288
287 289
287 300
287 305
287 312
287 247
288 293
288 249
288 255
289 291
289 295
289 304
289 310
289 243
290 293
290 314
290 252
291 249
292 247
293 303
293 306
293 248
294 310
294 245
294 252
295 303
295 313
296 306
296 242
296 415
299 300
299 303
299 306
299 309
299 243
299 488
300 309
301 306
301 311
301 243
301 253
301 255
302 305
303 253
304 312
304 245
304 246
305 307
305 310
305 311
305 246
305 451
306 255
307 310
309 247
310 247
312 246
312 255
313 314
313 248
314 243
314 245
314 248
243 254
244 252
246 251
247 250
254 255
315 321
315 328
315 336
315 351
315 352
315 354
315 356
315 365
315 366
315 372
315 380
315 381
315 399
315 409
315 415
315 419
316 326
316 328
316 361
316 372
316 374
316 389
316 402
316 413
317 321
317 322
317 329
317 332
317 335
317 353
317 354
317 359
317 362
317 363
317 373
317 380
317 391
317 392
317 397
317 422
318 326
318 339
318 342
318 361
318 363
318 367
318 388
318 395
318 406
319 321
319 332
319 333
319 342
319 345
319 374
319 389
319 400
320 321
320 341
320 350
320 363
320 370
320 393
320 402
321 340
321 351
321 352
321 353
321 358
321 369
321 372
321 384
321 385
321 388
321 394
321 396
321 403
321 421
322 341
322 345
322 354
322 355
322 364
322 368
322 374
322 387
322 388
322 398
322 401
322 411
322 417
323 329
323 343
323 346
323 350
323 360
323 361
323 384
323 387
323 388
323 393
323 404
323 405
323 417
324 330
324 341
324 347
324 361
324 369
324 373
324 377
324 402
325 344
325 364
325 371
325 373
325 381
325 396
325 398
325 411
325 415
325 416
326 345
326 363
326 376
326 401
326 413
327 329
327 339
327 354
327 363
327 373
327 392
328 330
328 333
328 338
328 354
328 357
328 359
328 361
328 380
328 387
328 414
328 415
328 421
329 348
329 360
329 409
329 412
330 336
330 357
330 359
330 367
330 378
330 381
330 387
330 407
330 415
331 375
331 376
331 382
331 400
332 337
332 350
332 365
332 369
332 378
332 383
332 392
332 401
332 403
332 408
333 359
333 361
333 382
333 385
333 386
333 395
333 406
333 415
333 420
333 422
334 335
334 344
334 362
334 363
334 368
334 379
334 393
334 394
334 397
334 407
334 416
335 345
335 348
335 361
335 377
335 384
335 400
335 406
335 414
335 422
336 360
336 367
336 373
336 375
336 407
337 347
337 352
337 362
337 389
337 393
337 396
337 415
338 347
338 358
338 360
338 363
338 366
338 367
338 369
338 380
338 392
339 348
340 341
340 360
340 369
340 402
340 415
341 342
341 353
341 357
341 358
341 390
341 409
341 416
341 418
341 421
342 356
342 384
342 385
343 356
343 361
343 363
343 379
343 388
343 404
343 405
343 410
343 414
344 347
344 377
344 378
344 383
344 390
344 393
344 394
344 400
344 404
344 422
345 354
345 355
345 369
345 392
345 399
345 401
346 350
346 363
346 382
346 402
346 415
346 419
346 421
347 361
347 374
347 383
348 361
348 366
348 385
348 397
348 398
348 404
349 350
349 370
349 380
349 381
349 384
349 385
349 396
349 404
349 413
350 375
350 414
350 418
351 359
351 364
351 390
351 394
351 418
351 420
352 392
352 409
353 371
353 372
353 374
353 375
353 398
354 374
354 380
354 403
354 414
354 416
355 357
355 358
355 374
355 382
355 388
355 392
355 393
355 399
355 409
355 412
356 362
356 388
356 389
356 400
356 419
356 422
357 399
357 400
358 361
358 373
358 375
358 411
358 412
358 420
359 374
359 393
359 394
359 410
360 371
360 376
360 403
360 408
360 412
361 365
361 387
361 412
362 378
362 379
362 380
362 381
362 384
362 396
362 401
362 402
363 365
363 379
363 382
363 383
363 384
363 392
363 419
364 373
364 400
364 403
364 412
364 415
365 370
365 380
365 405
366 369
366 375
366 414
366 421
366 422
367 369
367 378
367 396
367 397
367 406
367 414
367 420
368 413
368 416
368 421
368 422
369 379
369 384
369 392
369 393
370 390
370 393
370 413
371 387
371 393
371 396
371 404
371 407
371 415
371 421
372 403
373 379
373 391
373 392
373 396
373 408
373 409
373 411
373 415
373 417
374 381
374 408
375 381
375 382
375 384
375 388
375 392
375 421
376 388
376 413
376 415
376 422
377 386
377 389
377 391
377 395
377 405
377 418
378 380
378 409
378 421
379 391
379 408
379 417
380 387
380 401
380 409
380 415
380 422
381 390
381 402
381 422
382 384
382 391
382 398
382 413
382 419
383 401
383 410
383 415
383 422
384 397
384 406
384 420
385 386
386 401
386 404
386 408
387 388
387 402
387 403
387 404
387 408
387 411
387 421
388 402
388 410
388 414
389 415
389 420
390 399
390 400
390 415
390 421
390 422
391 410
391 412
392 396
392 405
392 406
392 407
392 414
393 404
393 419
393 421
394 397
394 421
395 405
396 398
396 406
396 411
396 417
396 422
397 410
398 413
398 421
400 403
400 407
400 419
402 404
402 412
402 415
402 416
402 422
404 406
404 412
404 415
404 419
405 415
405 416
405 418
405 419
407 421
408 421
412 422
414 422
419 422
423 441
423 444
424 435
424 450
425 426
425 435
425 448
425 450
426 427
426 441
426 449
427 438
427 441
427 444
428 438
428 440
429 433
430 449
431 432
431 442
431 449
432 434
432 449
433 436
433 441
434 443
434 444
435 444
436 442
436 448
437 438
437 444
438 443
439 442
439 444
439 446
439 449
440 450
442 449
443 450
445 446
447 450
449 450
512 481
512 492
513 515
513 464
513 478
513 481
513 482
513 487
513 488
513 509
513 510
514 458
514 476
514 481
514 483
514 487
514 488
514 499
514 501
514 502
515 453
515 494
516 473
516 477
516 480
516 484
452 456
452 465
452 468
452 489
452 511
453 460
453 461
453 467
453 480
453 509
453 510
454 464
454 492
454 497
455 456
455 458
455 465
455 487
455 496
455 511
456 509
457 462
457 465
457 470
457 473
457 483
457 497
457 503
457 511
458 480
458 481
458 487
458 494
458 504
458 511
459 489
459 498
460 500
460 502
461 469
461 477
461 478
461 485
461 490
462 474
463 472
463 476
463 495
463 504
463 511
464 481
464 491
465 466
465 471
465 472
465 500
465 501
465 507
466 495
466 503
466 504
467 469
467 480
467 510
468 487
468 510
468 511
469 472
469 488
469 506
470 480
470 483
470 486
470 501
471 487
471 494
471 497
471 503
472 480
472 506
474 478
474 480
474 486
476 489
476 508
477 480
477 489
477 503
478 483
478 504
478 511
479 487
479 490
479 502
479 505
480 488
480 491
480 501
480 505
480 508
481 484
481 486
481 499
481 503
482 485
482 488
482 497
483 498
483 503
483 507
484 486
484 493
484 494
484 503
484 505
484 506
484 509
485 491
485 506
485 510
485 511
486 501
487 498
488 489
488 509
488 511
489 500
489 508
490 507
490 510
491 492
491 506
492 509
494 495
494 505
494 506
494 507
494 508
495 497
495 501
495 504
495 509
501 504
502 505
502 506
502 507