0 36
0 41
2 20
2 25
2 32
2 33
2 40
3 4
3 15
3 32
3 35
4 5
4 18
4 44
5 24
5 25
5 31
5 42
6 7
6 16
6 43
6 44
7 26
8 13
8 24
8 26
8 27
9 16
9 31
9 32
9 43
9 46
10 42
11 29
11 32
11 39
11 41
11 325
12 15
12 17
12 45
12 47
13 25
14 17
14 20
14 36
14 47
16 17
16 20
16 22
16 25
16 32
16 33
17 32
17 37
18 29
18 31
18 47
18 48
19 32
19 37
20 24
21 47
22 45
23 35
23 36
24 26
24 28
24 29
25 28
25 32
25 42
26 36
26 38
27 40
27 42
28 46
29 37
29 39
32 35
34 37
34 38
34 46
35 39
35 42
35 45
36 37
37 39
37 45
37 47
39 48
40 43
42 321
44 48
45 47
49 57
49 63
50 54
50 58
51 54
51 65
51 67
52 53
52 56
52 63
53 54
53 70
54 58
54 64
54 66
60 68
62 66
66 69
68 480
71 85
71 96
74 79
74 87
74 89
74 96
76 96
76 98
77 95
79 84
80 95
81 83
81 93
82 83
83 89
83 97
84 94
87 94
89 90
89 99
92 97
95 98
99 250
102 104
102 107
103 104
107 113
108 111
109 111
111 112
111 114
128 140
128 142
129 147
129 148
129 117
129 120
130 132
130 145
130 147
130 150
131 157
131 126
132 139
132 149
133 122
134 124
135 118
136 139
136 143
136 146
137 155
137 306
138 157
138 122
139 154
139 127
140 121
141 153
142 148
143 150
143 115
143 126
144 148
145 150
145 157
146 121
147 126
148 152
148 117
148 122
149 155
149 115
149 124
151 156
151 126
151 293
152 118
152 127
153 123
153 127
154 155
154 156
155 124
157 115
158 346
115 122
116 119
116 124
118 124
121 122
123 125
159 168
159 178
159 181
159 193
159 196
160 187
160 190
160 194
161 185
162 165
162 188
162 192
163 164
163 193
163 197
164 190
165 172
165 175
165 177
165 180
165 196
166 172
167 189
167 190
168 195
169 178
169 183
170 171
170 183
171 190
171 495
172 193
173 175
173 193
173 194
173 436
174 178
174 188
174 190
175 179
175 188
175 189
176 195
177 183
178 189
178 480
179 181
180 193
180 195
181 185
182 187
183 184
183 191
183 193
183 195
186 189
187 195
191 192
191 197
192 195
193 194
198 212
199 202
199 209
202 210
206 209
206 213
209 214
211 212
224 215
224 220
225 226
225 220
226 216
216 217
217 219
218 222
256 230
256 236
256 241
256 254
257 250
257 398
258 261
258 234
259 239
260 240
261 228
261 231
261 245
261 254
227 237
227 251
228 229
228 237
228 244
228 250
229 253
230 232
230 235
230 236
230 245
230 247
230 253
231 234
231 248
232 245
234 254
235 238
235 239
235 254
236 244
236 246
236 248
236 250
237 253
238 246
239 244
240 245
241 242
241 249
244 251
244 254
245 253
245 255
247 253
248 250
250 253
252 253
262 263
262 270
262 284
262 293
262 299
263 265
263 271
263 275
263 282
263 292
263 296
263 298
263 299
263 304
264 265
264 279
264 289
264 291
264 298
264 299
265 266
265 280
265 291
265 299
266 291
266 298
266 302
266 476
267 293
267 294
267 300
267 303
268 276
268 277
268 299
269 275
269 281
270 282
270 286
271 278
271 300
271 304
272 273
272 287
272 297
274 278
274 302
274 304
275 307
276 280
276 293
277 279
277 289
277 301
278 284
278 300
278 307
279 303
279 305
279 306
280 282
280 289
280 293
280 294
280 300
281 282
282 299
283 302
283 306
284 290
285 287
285 288
285 291
285 292
285 295
285 296
285 297
285 300
285 306
286 292
286 297
286 298
287 288
287 299
287 302
288 295
289 300
289 301
290 295
290 393
292 294
292 304
293 303
293 304
297 305
298 302
303 306
304 305
308 329
308 340
309 315
309 327
309 328
309 329
310 330
310 340
311 312
311 331
311 341
311 345
312 331
312 334
312 338
312 345
313 338
314 317
314 321
314 330
314 332
314 345
314 346
315 336
315 338
315 343
316 322
316 323
317 318
317 322
317 326
317 339
318 339
318 345
319 321
319 328
319 331
320 325
320 333
320 342
320 344
321 325
322 340
323 326
323 338
323 339
323 342
324 343
325 335
325 336
326 334
327 341
328 336
328 345
328 347
329 331
329 334
329 344
330 347
331 334
331 342
334 346
335 339
335 343
335 346
336 343
336 347
338 341
339 340
339 341
339 347
341 346
341 347
342 345
348 351
348 352
348 355
348 371
349 368
351 364
351 368
351 370
352 357
352 363
352 366
353 361
354 363
354 369
356 370
357 358
360 370
384 394
384 406
385 407
385 410
386 398
388 374
389 396
389 378
390 394
390 400
390 376
390 382
391 395
391 378
392 394
392 399
393 398
393 375
393 378
394 410
395 375
396 397
396 376
398 399
398 404
398 378
400 405
400 373
401 404
401 405
401 409
401 376
402 409
402 380
404 405
407 410
407 375
408 376
409 382
410 380
372 383
374 377
375 379
379 382
381 383
411 450
411 462
412 413
412 453
413 414
413 444
415 420
415 433
415 448
415 453
416 431
416 432
417 430
417 443
418 419
418 449
419 433
419 441
420 435
421 430
421 444
422 447
423 434
423 440
424 426
425 437
425 444
426 435
426 439
426 445
427 432
428 447
429 444
430 449
431 444
432 434
433 437
433 445
434 441
434 446
434 447
435 451
437 440
437 449
438 445
439 444
443 452
445 452
454 458
454 469
454 479
455 466
455 483
456 466
456 476
456 477
457 464
458 475
458 481
459 478
460 473
461 473
462 470
462 472
462 475
463 468
463 469
464 466
464 479
467 471
468 471
469 475
471 483
472 475
472 483
478 480
478 483
479 482
484 489
484 492
484 494
486 496
488 490
488 491
492 495
493 497
500 505
502 504
504 505
512 516
513 517
514 516
515 518