0 36
0 41
0 113
0 118
0 125
0 126
0 133
0 142
1 26
1 29
1 43
1 56
1 82
1 105
1 106
1 112
1 123
1 130
1 139
2 24
2 47
2 74
2 85
2 87
2 88
2 116
2 132
2 143
3 4
3 38
3 62
3 65
3 72
3 74
3 84
3 86
3 114
3 116
4 14
4 17
4 33
4 44
4 82
4 84
4 87
4 94
4 95
4 125
5 12
5 14
5 30
5 31
5 44
5 49
5 64
5 114
5 138
6 15
6 29
6 31
6 32
6 54
6 58
6 68
6 84
6 86
6 109
6 111
6 135
6 145
7 9
7 56
7 87
7 88
7 96
7 102
7 105
7 108
7 112
7 131
7 133
8 16
8 19
8 46
8 48
8 55
8 61
8 69
8 79
8 85
8 96
8 100
8 115
8 126
8 128
8 132
8 135
8 142
9 30
9 34
9 40
9 42
9 119
9 134
10 24
10 63
10 74
10 138
10 890
11 12
11 14
11 21
11 70
11 72
11 92
11 124
12 22
12 29
12 39
12 47
12 70
12 78
12 91
12 133
13 20
13 29
13 54
13 73
13 101
13 117
13 128
14 40
14 49
14 57
14 59
14 73
14 88
14 90
14 137
14 138
15 21
15 24
15 46
15 48
15 51
15 98
15 111
15 119
15 129
16 55
16 94
16 124
16 136
16 140
16 143
17 58
17 93
17 102
17 122
17 139
18 37
18 55
18 79
18 109
18 118
18 129
18 134
19 43
19 76
19 105
19 110
19 119
19 124
19 135
19 139
19 519
19 448
19 847
20 23
20 52
20 66
20 77
20 86
20 100
20 105
20 106
20 134
21 30
21 62
21 70
21 75
21 94
21 113
21 125
21 141
22 35
22 48
22 60
22 91
22 94
23 110
23 124
23 127
23 129
23 526
24 27
24 81
24 82
24 132
25 27
25 39
25 72
25 100
25 124
25 125
25 142
26 36
26 45
26 46
26 73
26 106
26 116
26 145
26 311
27 29
27 70
27 104
27 120
28 30
28 35
28 38
28 41
28 53
28 59
28 79
28 84
28 91
28 131
29 52
29 75
29 80
29 96
29 105
29 111
29 116
29 132
29 140
30 33
30 83
30 112
30 120
30 128
31 50
31 98
31 101
31 115
31 135
32 36
32 41
32 56
32 91
32 95
32 98
32 99
32 108
32 116
32 121
33 43
33 95
33 99
33 115
33 124
33 126
33 130
34 50
34 64
34 136
34 139
35 40
35 59
35 73
35 104
35 143
36 40
36 44
36 67
36 73
36 101
36 103
36 111
36 134
37 89
37 127
37 130
37 142
37 143
38 58
38 72
38 78
38 116
38 120
39 42
39 68
39 86
39 144
40 65
40 100
40 104
40 117
40 133
40 143
41 51
41 63
41 86
41 110
41 112
41 113
41 127
41 128
41 134
41 142
42 108
42 112
42 138
42 139
42 142
43 49
43 55
43 62
43 67
43 68
43 78
43 92
43 127
44 68
44 78
44 139
44 145
45 81
45 118
46 57
46 113
46 132
46 570
47 48
47 69
47 72
47 83
47 110
47 122
47 126
47 135
47 137
48 53
48 54
48 76
48 78
48 83
48 94
48 123
48 127
49 73
49 122
49 131
49 133
50 85
50 95
50 107
50 108
50 111
50 135
51 55
51 56
51 75
51 125
51 129
52 69
52 72
52 131
52 135
52 138
53 71
53 78
53 97
53 101
53 121
53 124
53 125
53 128
53 144
54 72
54 113
54 115
54 121
54 127
54 130
55 112
56 71
56 129
56 131
56 143
57 67
57 105
57 108
57 132
58 129
58 145
59 80
59 89
59 95
59 110
59 116
59 121
59 143
60 65
60 70
60 98
60 114
60 117
60 138
61 85
61 94
61 112
61 145
62 67
62 80
62 113
62 120
62 133
62 134
62 138
62 144
63 76
63 86
63 109
64 81
64 85
64 100
64 119
64 129
64 143
65 76
65 86
65 111
65 117
66 84
66 88
66 128
66 129
67 81
67 134
68 85
68 90
68 105
68 106
68 140
69 77
69 88
69 118
69 136
69 144
70 96
70 123
70 137
70 1002
71 114
71 135
72 101
72 108
72 126
72 130
72 136
72 672
73 77
73 138
74 95
74 112
74 123
75 84
75 99
75 104
75 105
75 127
75 371
76 80
76 89
76 100
76 113
77 99
77 116
78 88
78 99
78 124
78 141
79 95
79 96
79 145
80 86
81 101
81 119
81 120
81 136
82 129
82 144
83 136
84 128
84 131
84 139
85 87
85 90
85 92
85 117
85 130
85 131
86 102
86 108
86 145
87 103
87 117
87 143
88 95
88 109
89 90
89 113
89 119
89 145
90 870
92 104
92 132
92 139
92 140
92 846
93 107
93 128
93 431
94 110
94 137
94 144
95 101
95 114
95 127
96 105
96 112
96 117
96 128
96 130
96 134
96 135
97 102
97 103
97 113
97 130
98 124
99 102
99 132
99 143
100 106
100 127
100 131
101 111
101 144
102 132
103 104
103 137
103 138
104 110
104 111
104 128
104 136
104 141
104 143
105 127
105 133
105 143
106 136
106 143
107 111
107 123
107 134
108 118
108 128
108 132
108 143
109 125
109 126
109 140
110 140
111 112
112 118
112 134
112 136
113 128
113 129
113 138
114 143
115 135
115 139
115 143
115 966
116 123
116 126
116 130
117 126
117 129
117 137
117 140
117 145
118 122
118 131
118 136
118 137
119 137
120 139
121 125
122 124
123 135
124 559
124 887
125 130
125 722
126 131
126 138
127 131
127 141
127 145
127 880
129 484
131 137
131 141
131 144
132 144
137 142
137 144
146 148
146 159
146 176
146 181
146 195
146 203
146 210
146 212
146 215
146 222
146 225
146 244
146 246
146 248
146 249
146 253
146 258
146 285
146 293
146 301
146 314
146 331
146 339
146 341
146 344
146 345
146 347
146 349
147 152
147 200
147 218
147 222
147 248
147 249
147 253
147 260
147 279
147 312
147 317
147 328
147 345
148 182
148 200
148 209
148 221
148 226
148 233
148 256
148 258
148 260
148 272
148 273
148 286
148 292
148 304
149 159
149 176
149 177
149 178
149 188
149 195
149 200
149 202
149 218
149 235
149 286
149 305
149 310
149 324
149 338
149 344
150 165
150 168
150 173
150 182
150 195
150 200
150 201
150 208
150 213
150 214
150 218
150 227
150 232
150 243
150 245
150 256
150 258
150 263
150 264
150 280
150 285
150 287
150 294
150 305
150 306
150 313
150 331
150 336
150 338
150 356
150 357
150 360
150 362
151 159
151 166
151 167
151 172
151 221
151 222
151 223
151 224
151 236
151 241
151 246
151 252
151 256
151 263
151 287
151 297
151 312
151 319
151 324
151 332
151 338
151 340
151 348
152 156
152 165
152 169
152 174
152 186
152 243
152 245
152 246
152 251
152 252
152 259
152 261
152 289
152 294
152 296
152 305
152 307
152 340
152 358
153 157
153 161
153 166
153 168
153 184
153 190
153 201
153 205
153 216
153 231
153 232
153 243
153 282
153 283
153 295
153 318
153 320
153 330
153 359
153 361
154 162
154 163
154 167
154 193
154 194
154 213
154 235
154 241
154 243
154 264
154 274
154 275
154 284
154 303
154 314
154 320
154 340
154 348
154 355
154 358
155 182
155 196
155 200
155 202
155 203
155 204
155 227
155 234
155 237
155 238
155 243
155 244
155 259
155 269
155 285
155 297
155 311
155 316
155 317
155 325
155 345
156 162
156 166
156 181
156 186
156 189
156 192
156 201
156 216
156 219
156 220
156 231
156 235
156 241
156 249
156 259
156 285
156 288
156 319
156 332
156 342
156 344
156 348
156 349
156 351
156 356
157 159
157 196
157 237
157 238
157 255
157 284
157 333
157 337
157 347
157 353
157 355
157 357
158 174
158 200
158 215
158 239
158 242
158 247
158 260
158 261
158 265
158 276
158 283
158 291
158 295
158 298
158 300
158 303
158 304
158 322
158 335
158 340
158 341
158 351
158 355
158 359
159 188
159 193
159 204
159 208
159 228
159 248
159 270
159 272
159 301
159 305
159 307
159 308
159 309
159 311
159 315
159 325
159 350
160 164
160 174
160 176
160 181
160 185
160 187
160 191
160 202
160 218
160 240
160 252
160 253
160 269
160 270
160 274
160 287
160 293
160 294
160 296
160 305
160 310
160 317
160 321
160 325
160 326
160 338
161 162
161 166
161 172
161 174
161 178
161 183
161 187
161 193
161 199
161 214
161 235
161 246
161 280
161 306
161 314
161 325
161 332
161 335
161 339
161 346
161 350
161 884
162 173
162 181
162 188
162 199
162 202
162 209
162 222
162 234
162 243
162 244
162 246
162 249
162 265
162 275
162 310
162 318
162 321
162 324
162 327
162 334
162 349
162 355
163 180
163 183
163 185
163 187
163 190
163 200
163 202
163 205
163 251
163 260
163 261
163 267
163 268
163 279
163 282
163 283
163 291
163 308
163 317
163 322
163 325
163 336
163 337
163 856
164 166
164 167
164 174
164 176
164 177
164 194
164 212
164 226
164 235
164 236
164 243
164 250
164 252
164 254
164 257
164 288
164 297
164 315
164 322
164 327
164 329
164 331
164 335
164 355
164 358
165 171
165 178
165 186
165 201
165 202
165 204
165 206
165 215
165 216
165 222
165 230
165 231
165 249
165 259
165 265
165 269
165 282
165 284
165 317
165 328
165 330
165 345
165 358
165 374
166 173
166 186
166 187
166 194
166 197
166 200
166 218
166 219
166 224
166 227
166 228
166 238
166 245
166 256
166 257
166 262
166 287
166 295
166 308
166 311
166 330
166 332
166 336
166 357
166 537
167 169
167 180
167 198
167 209
167 210
167 219
167 222
167 251
167 266
167 277
167 300
167 320
167 329
167 342
167 349
168 178
168 187
168 226
168 237
168 238
168 239
168 244
168 255
168 258
168 270
168 271
168 274
168 280
168 282
168 289
168 307
168 327
168 331
168 340
168 341
168 350
168 354
168 360
169 180
169 181
169 191
169 194
169 204
169 210
169 221
169 235
169 238
169 242
169 252
169 253
169 276
169 279
169 280
169 285
169 296
169 297
169 309
169 320
169 331
169 337
169 351
169 359
169 749
170 171
170 175
170 200
170 239
170 259
170 266
170 268
170 276
170 291
170 293
170 306
170 310
170 311
170 336
170 354
171 176
171 201
171 213
171 224
171 234
171 249
171 258
171 268
171 287
171 319
171 322
171 327
171 343
171 346
171 348
171 350
172 179
172 186
172 213
172 214
172 220
172 240
172 252
172 301
172 304
172 320
172 341
172 343
172 351
172 362
173 176
173 182
173 202
173 210
173 261
173 262
173 268
173 286
173 313
173 326
173 341
173 345
173 354
173 359
174 180
174 189
174 191
174 196
174 236
174 238
174 259
174 262
174 263
174 272
174 283
174 292
174 297
174 299
174 300
174 309
174 327
174 328
174 333
174 344
174 358
174 359
174 362
175 185
175 194
175 210
175 213
175 226
175 242
175 249
175 265
175 271
175 279
175 287
175 311
175 318
175 324
175 326
175 358
176 197
176 202
176 212
176 239
176 243
176 246
176 265
176 281
176 292
176 294
176 297
176 300
176 301
176 303
176 314
176 326
177 180
177 255
177 274
177 283
177 316
177 329
177 337
177 348
177 352
177 353
178 201
178 220
178 227
178 229
178 232
178 247
178 275
178 276
178 326
178 331
178 333
178 349
178 358
179 191
179 192
179 197
179 201
179 212
179 242
179 243
179 248
179 255
179 258
179 259
179 265
179 269
179 287
179 296
179 297
179 311
179 334
179 341
179 343
180 186
180 199
180 218
180 238
180 251
180 255
180 257
180 272
180 285
180 294
180 346
180 351
181 189
181 201
181 202
181 208
181 227
181 247
181 257
181 258
181 261
181 262
181 273
181 281
181 290
181 324
181 904
182 183
182 187
182 199
182 204
182 230
182 234
182 258
182 260
182 302
182 319
182 350
182 351
182 353
182 354
183 198
183 242
183 248
183 271
183 282
183 284
183 292
183 293
183 309
183 317
183 323
183 327
183 328
183 334
183 344
183 347
184 185
184 211
184 212
184 223
184 242
184 245
184 287
184 288
184 313
184 325
184 327
185 186
185 187
185 195
185 212
185 231
185 232
185 248
185 271
185 276
185 303
185 308
185 312
185 326
185 348
186 197
186 223
186 224
186 225
186 226
186 229
186 241
186 246
186 247
186 269
186 283
186 286
186 287
186 288
186 296
186 323
186 335
186 362
187 190
187 199
187 202
187 214
187 224
187 249
187 269
187 275
187 314
187 321
187 322
187 324
187 333
187 351
187 352
187 361
187 720
188 195
188 201
188 248
188 251
188 256
188 257
188 267
188 272
188 280
188 281
188 330
188 333
188 353
189 205
189 211
189 214
189 222
189 225
189 233
189 239
189 271
189 296
189 308
189 309
189 313
189 325
189 326
189 328
189 332
189 334
189 346
190 201
190 221
190 222
190 224
190 228
190 232
190 261
190 274
190 299
190 301
190 308
190 317
190 320
190 322
190 326
190 336
190 349
190 355
191 213
191 225
191 238
191 255
191 264
191 276
191 290
191 298
191 304
191 311
191 320
191 332
191 352
191 354
191 361
192 198
192 213
192 219
192 240
192 249
192 254
192 261
192 274
192 283
192 297
192 300
192 351
192 354
192 358
193 204
193 218
193 219
193 220
193 224
193 227
193 237
193 252
193 260
193 264
193 298
193 303
193 314
193 315
193 330
193 336
193 337
193 356
193 358
194 204
194 213
194 214
194 215
194 222
194 241
194 256
194 258
194 262
194 286
194 297
194 316
194 324
194 329
194 335
194 340
194 353
195 213
195 221
195 248
195 252
195 264
195 290
195 298
195 301
195 302
195 308
195 329
195 335
195 338
195 342
195 355
195 356
195 358
195 359
196 226
196 240
196 287
196 304
196 329
196 353
196 356
197 209
197 224
197 226
197 235
197 248
197 250
197 252
197 266
197 274
197 287
197 290
197 293
197 310
197 312
197 327
198 200
198 203
198 213
198 220
198 224
198 239
198 244
198 249
198 268
198 269
198 285
198 298
198 304
198 308
198 314
198 326
198 337
198 339
198 341
198 344
198 356
199 211
199 220
199 229
199 242
199 247
199 260
199 285
199 296
199 317
199 331
199 345
199 348
199 349
199 354
199 355
200 214
200 215
200 225
200 243
200 248
200 250
200 254
200 255
200 257
200 266
200 268
200 269
200 281
200 322
200 345
200 361
201 204
201 207
201 211
201 236
201 242
201 251
201 254
201 275
201 297
201 303
201 304
201 305
201 311
201 324
201 353
201 354
202 205
202 220
202 233
202 238
202 253
202 255
202 262
202 284
202 293
202 305
202 308
202 361
203 208
203 209
203 211
203 212
203 217
203 220
203 230
203 244
203 250
203 258
203 280
203 281
203 286
203 287
203 291
203 292
203 294
203 304
203 311
203 319
203 341
203 350
204 210
204 245
204 247
204 264
204 272
204 273
204 280
204 285
204 318
204 329
205 207
205 211
205 215
205 230
205 239
205 246
205 260
205 263
205 273
205 294
205 299
205 300
205 328
205 329
205 335
206 210
206 212
206 220
206 221
206 230
206 241
206 271
206 291
206 314
206 315
206 318
206 334
206 352
207 212
207 215
207 218
207 233
207 259
207 266
207 269
207 275
207 291
207 317
208 210
208 212
208 218
208 292
208 311
208 317
208 324
208 326
208 340
208 353
209 221
209 228
209 236
209 239
209 251
209 254
209 268
209 271
209 281
209 285
209 288
209 294
209 296
209 306
209 309
209 313
209 324
209 327
209 336
210 213
210 218
210 222
210 228
210 235
210 236
210 245
210 247
210 248
210 251
210 259
210 274
210 278
210 279
210 294
210 315
210 329
210 336
210 349
210 351
210 362
211 219
211 239
211 242
211 244
211 257
211 258
211 280
211 301
211 311
211 312
211 313
211 314
211 319
211 323
211 326
211 331
212 251
212 261
212 262
212 263
212 282
212 305
212 312
212 319
212 346
213 216
213 228
213 240
213 252
213 258
213 260
213 263
213 265
213 294
213 295
213 308
213 312
213 313
213 321
213 328
213 335
213 356
213 357
213 361
213 362
214 218
214 250
214 265
214 269
214 284
214 306
214 313
214 336
214 355
214 356
214 360
215 216
215 218
215 234
215 237
215 242
215 246
215 278
215 313
215 318
215 337
215 360
215 904
216 219
216 222
216 233
216 257
216 259
216 269
216 271
216 279
216 283
216 285
216 289
216 313
216 314
216 333
216 340
216 350
217 219
217 238
217 245
217 248
217 256
217 257
217 263
217 270
217 286
217 291
217 292
217 302
217 330
217 343
218 221
218 228
218 244
218 255
218 269
218 271
218 276
218 285
218 287
218 294
218 305
218 308
218 314
218 317
218 324
218 326
218 331
218 333
218 339
218 340
218 354
219 237
219 252
219 257
219 267
219 274
219 279
219 285
219 306
219 314
219 322
219 328
219 343
219 350
219 354
219 359
219 361
220 232
220 243
220 253
220 255
220 261
220 293
220 297
220 304
220 308
220 313
220 323
220 325
220 336
220 344
220 348
221 224
221 235
221 250
221 252
221 261
221 263
221 270
221 284
221 296
221 298
221 299
221 301
221 312
221 317
222 231
222 238
222 250
222 251
222 256
222 267
222 270
222 275
222 285
222 303
222 304
222 318
222 319
222 323
222 343
222 345
222 346
222 350
222 358
223 235
223 264
223 270
223 290
223 298
223 299
223 338
223 357
224 227
224 228
224 239
224 255
224 270
224 271
224 281
224 291
224 306
224 313
224 314
224 327
224 334
224 338
224 340
224 346
225 247
225 256
225 259
225 270
225 296
225 303
225 310
225 311
225 322
225 339
225 344
226 227
226 230
226 241
226 245
226 258
226 279
226 281
226 287
226 323
226 334
226 343
226 346
227 230
227 243
227 247
227 250
227 271
227 274
227 288
227 290
227 293
227 297
227 298
227 300
227 303
227 304
227 316
227 324
227 331
227 332
227 342
227 350
227 351
227 356
228 240
228 253
228 284
228 290
228 320
228 324
228 328
228 353
228 354
229 247
229 254
229 265
229 273
229 274
229 276
229 278
229 285
229 286
229 301
229 310
229 315
229 331
229 343
230 250
230 251
230 262
230 277
230 282
230 290
230 302
230 306
230 314
230 316
230 325
230 333
230 344
230 350
230 359
231 238
231 241
231 252
231 264
231 265
231 267
231 288
231 291
231 293
231 294
231 299
231 312
231 325
231 326
231 340
231 344
231 347
231 360
232 234
232 238
232 255
232 276
232 278
232 287
232 291
232 306
232 316
232 325
232 349
233 236
233 245
233 250
233 269
233 275
233 291
233 296
233 298
233 299
233 328
233 329
233 332
233 349
233 817
234 235
234 272
234 280
234 282
234 289
234 311
234 315
234 326
234 328
234 348
234 350
234 362
235 237
235 239
235 250
235 274
235 288
235 289
235 295
235 311
235 312
235 324
235 331
235 337
235 340
235 348
235 356
236 250
236 253
236 267
236 271
236 304
236 321
236 356
236 358
237 249
237 273
237 280
237 312
237 313
237 319
238 239
238 244
238 270
238 274
238 281
238 288
238 324
238 344
239 262
239 270
239 292
239 327
239 337
239 346
240 281
240 296
240 302
240 304
240 313
240 338
240 355
241 246
241 261
241 262
241 263
241 266
241 267
241 269
241 273
241 275
241 279
241 284
241 292
241 298
241 320
241 325
241 326
241 335
242 250
242 254
242 256
242 271
242 294
242 309
242 317
242 326
242 331
242 332
242 349
243 247
243 265
243 272
243 274
243 280
243 285
243 289
243 295
243 305
243 321
243 322
243 332
243 353
244 263
244 289
244 290
244 291
244 319
244 343
244 346
244 358
244 362
245 250
245 258
245 294
245 295
245 307
245 311
245 312
245 324
245 331
245 347
246 248
246 276
246 317
246 330
246 341
246 359
247 272
247 292
247 307
247 311
247 331
247 340
247 346
247 360
247 361
248 263
248 284
248 295
248 303
248 319
248 326
248 332
248 339
248 347
249 255
249 256
249 284
249 307
249 311
249 315
249 328
249 330
249 345
249 356
249 359
250 253
250 264
250 285
250 290
250 293
250 315
250 316
250 318
250 319
250 322
250 349
250 351
250 355
251 281
251 328
251 362
252 256
252 264
252 269
252 273
252 298
252 302
252 309
252 312
252 320
252 322
252 328
252 362
253 256
253 273
253 288
253 296
253 298
253 328
253 329
253 332
253 335
254 268
254 330
254 341
254 359
255 309
255 318
255 325
255 346
256 261
256 262
256 264
256 273
256 286
256 294
256 314
256 325
256 333
256 338
256 343
256 346
256 354
256 356
257 275
257 289
257 290
257 294
257 306
257 314
257 315
257 321
257 330
257 336
257 347
257 359
258 259
258 269
258 276
258 283
258 297
258 311
258 313
258 315
258 327
258 335
258 339
258 344
258 348
259 267
259 271
259 277
259 280
259 281
259 314
259 315
259 322
259 333
259 359
260 261
260 266
260 274
260 283
260 313
260 334
261 262
261 265
261 268
261 270
261 290
261 293
261 318
261 320
261 321
261 323
261 325
261 327
261 330
261 343
262 263
262 264
262 268
262 273
262 291
262 297
262 328
262 333
262 360
263 270
263 288
263 291
263 314
263 321
263 324
263 326
263 340
263 345
263 347
263 352
263 358
264 265
264 275
264 284
264 297
264 307
264 309
264 310
264 311
264 319
264 322
264 324
264 334
264 346
264 349
264 358
265 267
265 283
265 285
265 305
265 322
265 360
265 361
266 276
266 285
266 288
266 310
266 312
266 313
266 326
266 329
266 335
266 339
266 346
266 362
267 269
267 270
267 290
267 297
267 298
267 300
267 313
267 324
267 331
267 348
267 354
267 359
268 275
268 291
268 302
268 310
268 346
269 294
269 311
269 353
269 354
269 358
270 276
270 323
270 326
270 351
270 353
270 357
271 272
271 300
271 320
271 321
271 322
271 329
271 338
272 282
272 296
272 312
272 319
272 330
272 331
272 343
272 347
272 349
272 350
273 277
273 281
273 284
273 290
273 310
273 311
273 316
273 334
273 335
273 350
273 352
274 297
274 303
274 307
274 346
274 349
274 355
275 281
275 282
275 309
275 318
275 321
275 329
275 341
275 358
276 280
276 281
276 300
276 308
276 314
276 317
276 323
276 330
276 334
276 343
276 352
276 357
276 360
277 283
277 285
277 287
277 297
277 334
277 349
277 357
277 359
278 284
278 304
278 316
278 319
278 325
278 326
278 342
278 348
278 349
279 290
279 307
279 308
279 312
279 344
279 354
280 285
280 286
280 287
280 289
280 305
280 306
280 307
280 308
280 311
280 318
280 328
280 336
280 349
280 354
280 358
280 360
280 362
281 285
281 292
281 321
281 355
281 357
282 298
282 301
282 316
282 322
282 329
282 338
282 352
283 286
283 301
283 305
283 308
283 312
283 320
283 335
283 353
283 356
283 361
284 285
284 293
284 294
284 302
284 320
284 331
285 290
285 293
285 304
285 321
285 331
286 293
286 296
286 297
286 304
286 333
286 335
286 355
286 359
287 295
287 304
287 305
287 309
287 312
287 319
287 331
288 298
288 304
288 315
288 322
288 337
288 347
288 356
288 359
289 303
289 306
289 314
289 326
289 329
289 332
289 351
289 358
290 291
290 297
290 309
290 320
290 326
290 333
290 349
290 354
290 355
291 304
291 307
291 313
291 326
291 343
291 352
291 361
292 298
292 306
292 322
292 345
293 294
293 300
293 305
293 333
293 343
294 296
294 300
294 311
294 322
294 327
294 329
294 360
295 296
295 301
295 302
295 305
295 307
295 315
295 332
295 333
295 334
295 335
295 339
295 340
295 342
295 343
295 347
295 350
295 355
296 302
296 331
296 344
296 358
296 360
297 306
297 311
297 312
297 322
297 328
297 334
297 344
297 358
298 302
298 305
298 307
298 309
298 315
298 320
298 324
298 357
299 309
299 314
299 326
299 334
299 337
299 352
299 354
300 301
300 303
300 309
300 329
300 335
300 342
300 351
301 314
301 315
301 318
301 324
301 350
302 328
302 356
303 314
303 324
303 327
303 334
303 337
303 340
303 348
303 352
304 311
304 317
304 334
305 309
305 312
305 320
305 326
305 328
306 316
306 335
306 336
306 337
306 352
307 315
307 344
307 349
307 355
308 312
308 321
308 331
308 341
309 320
309 330
309 341
309 343
310 315
310 325
310 328
310 344
310 354
310 356
311 324
311 333
311 345
311 346
312 336
312 356
313 316
313 341
313 350
313 359
313 360
314 325
314 330
314 337
314 355
314 357
314 720
315 316
315 338
315 347
315 358
316 333
316 346
316 358
317 321
317 330
317 360
317 361
317 362
318 320
318 322
318 326
318 330
318 334
318 356
319 328
319 342
319 345
319 349
319 355
319 357
320 327
320 329
320 336
320 340
321 329
321 336
321 345
321 355
321 356
321 359
322 324
322 340
322 344
322 346
322 354
322 356
323 325
323 342
323 348
324 349
324 351
324 354
325 331
325 334
325 349
325 351
325 359
325 361
326 334
326 344
326 355
326 359
327 333
327 337
327 351
328 329
328 359
329 331
329 332
329 335
329 349
329 353
330 331
330 335
330 354
330 360
331 350
331 360
331 362
332 342
332 347
333 351
333 356
334 336
334 339
334 344
334 347
334 348
335 351
335 354
336 341
336 344
336 352
336 359
336 361
337 339
337 342
338 339
338 355
341 343
341 349
341 352
341 356
341 361
342 354
342 360
343 353
344 353
344 354
345 346
345 349
345 360
345 361
345 745
346 348
348 356
348 359
348 360
349 355
349 357
350 358
351 356
353 355
354 355
357 360
512 518
512 519
512 521
512 522
512 551
512 553
512 557
512 559
512 561
512 570
512 575
512 579
512 371
512 394
512 396
512 402
512 428
512 430
512 440
512 471
512 479
512 482
513 528
513 529
513 534
513 545
513 555
513 567
513 568
513 369
513 371
513 373
513 386
513 392
513 399
513 404
513 416
513 433
513 434
513 447
513 499
514 528
514 550
514 566
514 576
514 578
514 364
514 374
514 408
514 431
514 434
514 440
514 441
514 445
514 452
514 458
514 463
514 467
514 473
514 481
514 485
514 501
515 531
515 540
515 545
515 556
515 415
515 424
515 436
515 442
515 446
515 454
515 465
515 470
515 478
515 493
515 498
515 500
515 501
516 520
516 523
516 532
516 534
516 540
516 545
516 565
516 399
516 404
516 408
516 447
516 449
516 453
516 461
516 500
517 537
517 544
517 550
517 574
517 364
517 375
517 388
517 403
517 415
517 438
517 470
517 475
517 481
517 485
517 491
517 497
517 502
517 510
517 511
518 532
518 534
518 537
518 553
518 564
518 570
518 573
518 578
518 397
518 408
518 416
518 423
518 430
518 444
518 445
518 446
518 454
518 459
518 461
518 475
518 483
518 485
518 489
518 492
518 505
519 521
519 523
519 539
519 546
519 556
519 378
519 380
519 387
519 405
519 406
519 410
519 414
519 424
519 425
519 461
519 476
519 497
519 502
519 507
519 508
520 527
520 529
520 538
520 540
520 552
520 555
520 574
520 426
520 429
520 441
520 447
520 471
520 475
520 477
520 496
520 504
520 511
521 544
521 546
521 562
521 563
521 565
521 576
521 367
521 369
521 400
521 427
521 429
521 450
521 467
521 490
521 492
521 500
521 511
522 524
522 548
522 563
522 565
522 569
522 370
522 404
522 407
522 412
522 427
522 436
522 437
522 457
522 463
522 468
522 472
522 486
522 489
522 508
523 543
523 544
523 548
523 549
523 368
523 375
523 377
523 389
523 407
523 427
523 446
523 458
523 473
523 474
523 480
523 486
523 488
523 491
523 494
523 503
523 508
523 509
523 511
524 528
524 529
524 534
524 547
524 558
524 561
524 569
524 572
524 369
524 379
524 424
524 427
524 451
524 469
524 478
524 487
524 488
524 489
524 500
525 528
525 538
525 539
525 541
525 543
525 574
525 365
525 384
525 396
525 421
525 441
525 444
525 473
525 481
525 485
525 489
525 490
526 528
526 534
526 544
526 549
526 551
526 555
526 556
526 565
526 566
526 374
526 387
526 389
526 395
526 410
526 422
526 439
526 460
526 483
526 485
526 487
526 494
526 496
526 498
526 506
527 532
527 540
527 542
527 577
527 578
527 382
527 400
527 424
527 432
527 439
527 446
527 478
527 481
527 482
527 483
527 491
527 508
527 511
528 537
528 561
528 574
528 579
528 366
528 392
528 397
528 460
528 475
528 500
528 502
529 544
529 555
529 388
529 390
529 392
529 394
529 402
529 407
529 440
529 457
529 458
529 484
529 491
529 499
529 504
529 506
530 531
530 539
530 560
530 563
530 564
530 571
530 366
530 367
530 376
530 384
530 390
530 395
530 445
530 473
530 476
530 508
531 532
531 534
531 367
531 386
531 393
531 460
531 464
531 466
531 471
531 474
532 541
532 543
532 568
532 575
532 578
532 386
532 413
532 447
532 456
532 462
532 474
532 496
532 499
532 505
532 507
533 543
533 565
533 568
533 572
533 579
533 367
533 370
533 375
533 383
533 384
533 394
533 400
533 402
533 437
533 439
533 454
533 465
533 473
533 481
533 488
533 493
533 500
534 551
534 554
534 577
534 399
534 413
534 420
534 428
534 434
534 442
534 459
534 482
534 495
534 497
534 510
535 546
535 549
535 552
535 556
535 568
535 576
535 375
535 389
535 394
535 429
535 430
535 433
535 438
535 460
535 464
535 471
535 500
535 502
535 504
536 562
536 578
536 393
536 424
536 469
536 473
536 491
536 494
536 497
536 508
537 556
537 563
537 575
537 578
537 374
537 387
537 396
537 401
537 421
537 429
537 449
537 462
537 463
537 467
537 480
537 489
537 498
538 570
538 381
538 385
538 393
538 398
538 400
538 401
538 422
538 453
538 504
539 551
539 556
539 568
539 365
539 367
539 403
539 417
539 423
539 438
539 439
539 471
539 494
539 495
540 560
540 563
540 365
540 373
540 375
540 381
540 404
540 410
540 421
540 434
540 450
540 463
540 475
540 486
540 487
540 495
541 370
541 373
541 394
541 395
541 396
541 400
541 401
541 404
541 406
541 430
541 448
541 451
541 477
541 488
541 494
541 504
542 372
542 391
542 407
542 412
542 444
542 481
542 511
543 552
543 559
543 574
543 377
543 382
543 388
543 394
543 396
543 430
543 434
543 454
543 482
544 546
544 367
544 369
544 377
544 386
544 439
544 450
544 454
544 497
545 564
545 577
545 370
545 388
545 389
545 393
545 412
545 451
545 460
545 473
545 494
545 503
546 547
546 563
546 363
546 384
546 393
546 416
546 419
546 496
546 506
547 554
547 570
547 574
547 382
547 392
547 395
547 397
547 399
547 418
547 446
547 447
547 457
547 462
547 474
547 475
548 565
548 381
548 395
548 404
548 436
548 447
548 450
548 491
548 502
548 504
549 552
549 565
549 567
549 576
549 369
549 372
549 378
549 383
549 384
549 410
549 437
549 465
549 476
549 477
549 507
550 379
550 384
550 394
550 412
550 418
550 423
550 425
550 434
550 440
550 457
550 466
550 470
550 509
551 574
551 364
551 373
551 383
551 406
551 407
551 422
551 423
551 431
551 440
551 443
551 464
551 469
551 482
552 571
552 574
552 402
552 414
552 417
552 432
552 465
552 479
552 480
552 496
552 497
552 509
553 565
553 567
553 577
553 365
553 382
553 386
553 396
553 408
553 409
553 430
553 433
553 441
553 453
553 457
553 471
553 485
554 558
554 572
554 383
554 391
554 393
554 418
554 422
554 430
554 439
554 446
554 450
554 452
554 464
554 465
554 489
555 560
555 569
555 366
555 371
555 372
555 376
555 382
555 395
555 397
555 412
555 413
555 414
555 417
555 425
555 435
555 439
555 441
555 454
555 469
555 484
555 486
555 503
555 504
555 510
556 557
556 564
556 568
556 403
556 436
556 450
556 480
556 486
556 500
556 506
557 561
557 570
557 579
557 384
557 386
557 388
557 389
557 396
557 413
557 426
557 463
557 467
557 471
557 476
557 482
557 500
558 572
558 397
558 414
558 416
558 422
558 426
558 451
558 452
558 494
558 495
558 511
559 562
559 576
559 387
559 389
559 390
559 398
559 401
559 411
559 418
559 419
559 442
559 450
559 479
559 496
559 505
559 993
560 570
560 402
560 424
560 432
560 445
560 450
560 452
560 459
560 462
560 463
560 478
560 489
560 500
561 571
561 367
561 398
561 406
561 414
561 434
561 435
561 444
561 447
561 453
561 460
561 463
561 472
561 476
561 498
562 571
562 575
562 389
562 392
562 400
562 418
562 424
562 458
562 465
562 473
562 475
562 485
562 486
563 567
563 382
563 391
563 444
563 450
563 479
563 492
563 506
564 574
564 406
564 410
564 418
564 434
564 444
564 460
564 464
564 468
564 500
565 577
565 411
565 434
565 465
565 469
565 494
565 495
566 579
566 369
566 381
566 388
566 416
566 443
566 450
566 451
566 472
566 482
566 483
567 573
567 576
567 372
567 415
567 429
567 442
567 446
567 453
567 468
567 493
567 501
568 575
568 579
568 364
568 370
568 374
568 398
568 399
568 405
568 406
568 438
568 439
568 446
568 459
568 464
568 470
568 482
568 492
568 511
568 861
569 368
569 376
569 396
569 445
569 455
569 456
569 491
570 380
570 400
570 405
570 449
570 461
570 484
570 493
571 577
571 366
571 398
571 401
571 413
571 423
571 434
571 438
571 453
571 455
571 457
571 461
571 470
571 472
571 484
572 379
572 385
572 386
572 393
572 394
572 397
572 401
572 405
572 439
572 479
572 491
572 492
572 498
572 501
572 915
573 385
573 396
573 403
573 410
573 418
573 419
573 431
573 434
573 448
573 456
573 465
573 471
573 473
573 479
573 489
573 503
573 504
574 376
574 381
574 386
574 390
574 417
574 425
574 426
574 437
574 453
574 458
574 459
574 465
574 470
574 510
575 377
575 381
575 385
575 392
575 399
575 422
575 428
575 451
575 457
575 473
575 493
576 364
576 383
576 393
576 400
576 416
576 426
576 428
576 429
576 435
576 443
576 446
576 487
576 496
576 497
577 377
577 380
577 389
577 391
577 401
577 402
577 403
577 411
577 421
577 454
577 461
577 480
577 498
577 503
578 383
578 384
578 388
578 390
578 404
578 422
578 427
578 446
578 456
578 475
578 480
578 508
579 367
579 374
579 377
579 379
579 392
579 395
579 401
579 409
579 411
579 418
579 431
579 437
579 443
579 490
579 496
579 506
579 851
363 375
363 383
363 422
363 430
363 448
363 464
363 484
363 493
363 509
363 1010
364 368
364 370
364 375
364 377
364 380
364 411
364 416
364 419
364 420
364 437
364 439
364 444
364 446
364 456
364 485
364 488
364 490
364 500
364 504
364 508
365 376
365 395
365 399
365 403
365 421
365 431
365 450
365 454
365 456
365 466
366 422
366 432
366 436
366 445
366 459
366 463
367 377
367 408
367 414
367 427
367 434
367 438
367 445
367 446
367 456
367 471
367 474
367 476
367 484
367 491
367 496
368 382
368 391
368 398
368 399
368 429
368 432
368 445
368 448
368 451
368 467
369 370
369 374
369 376
369 377
369 380
369 382
369 385
369 398
369 399
369 403
369 410
369 413
369 436
369 443
369 446
369 447
369 465
369 467
369 473
369 478
369 485
369 506
370 379
370 383
370 384
370 398
370 431
370 457
370 472
370 499
370 506
371 400
371 401
371 411
371 424
371 441
371 465
371 496
371 499
372 388
372 391
372 399
372 409
372 419
372 421
372 424
372 446
372 459
372 467
372 494
372 502
373 383
373 393
373 412
373 451
373 480
373 508
374 401
374 456
374 488
374 500
374 680
375 383
375 399
375 400
375 411
375 418
375 428
375 437
375 444
375 459
375 469
375 476
375 496
375 502
376 382
376 407
376 411
376 414
376 415
376 428
376 433
376 445
376 447
376 453
376 461
376 505
376 507
377 379
377 392
377 399
377 412
377 434
377 436
377 471
377 487
377 504
377 510
378 393
378 425
378 432
378 437
378 441
378 463
378 478
378 482
378 489
378 490
378 495
378 496
378 501
379 383
379 404
379 407
379 440
379 442
379 455
379 456
379 470
379 475
379 481
379 507
380 386
380 390
380 422
380 428
380 435
380 476
380 478
380 482
380 487
381 383
381 386
381 389
381 393
381 408
381 428
381 429
381 433
381 473
381 474
381 484
381 492
381 505
382 397
382 407
382 408
382 426
382 429
382 456
382 464
382 486
382 503
383 384
383 414
383 415
383 469
383 470
383 474
383 490
383 497
384 401
384 403
384 405
384 409
384 429
384 459
384 476
384 487
384 490
385 391
385 392
385 408
385 426
385 432
385 445
385 450
385 457
385 466
385 498
385 510
386 411
386 422
386 426
386 427
386 429
386 437
386 447
386 471
386 478
386 494
386 509
387 397
387 405
387 407
387 417
387 422
387 429
387 436
387 447
387 458
387 460
387 468
387 496
387 508
388 404
388 408
388 423
388 426
388 463
388 475
388 497
388 502
388 506
388 507
389 399
389 402
389 412
389 425
389 448
389 455
389 459
389 473
389 477
389 483
389 504
390 397
390 403
390 407
390 410
390 433
390 449
390 790
391 398
391 399
391 407
391 426
391 433
391 444
391 445
391 446
391 449
391 488
391 494
391 510
392 394
392 395
392 407
392 440
392 466
392 510
393 406
393 425
393 440
393 455
393 458
393 471
394 396
394 426
394 429
394 433
394 441
394 442
394 448
394 451
394 467
394 470
395 397
395 401
395 421
395 432
395 446
395 475
395 493
396 401
396 405
396 409
396 423
396 432
396 434
396 468
396 473
396 479
396 481
397 401
397 425
397 426
397 436
397 455
397 458
397 505
397 506
397 509
398 408
398 420
398 423
398 443
398 457
398 473
398 477
398 485
398 491
398 493
399 408
399 426
399 446
399 450
399 460
399 491
400 403
400 422
400 427
400 430
400 436
400 452
400 477
400 482
400 491
400 493
400 497
400 501
401 404
401 408
401 413
401 422
401 438
401 448
401 472
401 483
401 488
401 505
401 506
402 419
402 420
402 423
402 440
402 444
402 454
402 459
402 473
402 491
402 500
402 872
403 411
403 415
403 416
403 432
403 442
403 456
403 457
403 461
403 509
403 933
404 429
404 444
404 468
404 481
405 415
405 431
405 442
405 453
405 456
405 457
405 461
405 465
405 468
405 473
406 414
406 415
406 437
406 463
406 478
406 486
406 490
406 494
406 503
406 506
406 681
407 413
407 429
407 439
407 443
407 465
407 471
407 490
407 495
407 510
408 419
408 423
408 437
408 444
408 462
408 464
408 467
408 476
408 492
408 498
408 502
409 414
409 415
409 439
409 440
409 465
409 509
410 415
410 431
410 441
410 479
410 490
410 491
410 500
410 504
410 506
410 509
411 428
411 438
411 447
411 464
411 481
411 483
411 486
411 492
411 499
411 503
412 414
412 429
412 443
412 456
412 471
412 487
412 498
412 504
413 417
413 418
413 420
413 444
413 448
413 461
413 463
413 466
413 486
413 488
413 509
414 418
414 419
414 455
414 461
414 467
414 477
414 478
414 511
415 453
415 467
415 479
416 418
416 434
416 439
416 441
416 444
416 464
416 469
416 477
416 479
416 495
416 724
417 427
417 432
417 444
417 459
417 460
417 471
417 476
417 495
417 498
418 422
418 430
418 444
418 446
418 450
418 456
418 479
418 761
419 421
419 429
419 434
419 441
419 447
419 448
419 450
419 457
419 481
419 509
420 425
420 428
420 429
420 436
420 456
420 479
420 504
420 508
421 436
421 451
421 454
421 465
421 467
422 430
422 437
422 443
422 460
422 462
422 477
422 488
422 490
423 465
423 474
423 479
423 507
423 739
424 436
424 444
424 456
424 462
424 463
424 467
424 470
424 481
424 492
424 505
425 433
425 449
425 452
425 456
425 468
425 486
426 427
426 447
426 455
426 456
426 457
426 484
426 486
426 488
426 495
426 498
426 503
427 436
427 454
427 455
427 459
427 463
427 483
427 487
427 501
428 436
428 437
428 449
428 454
428 503
428 507
429 439
429 463
429 498
430 438
430 460
430 462
430 486
430 488
430 502
430 503
431 461
431 470
431 485
431 488
432 437
432 438
432 442
432 457
432 473
432 490
432 500
432 506
432 717
432 956
433 449
433 473
433 486
433 508
434 439
434 454
434 460
434 474
434 477
434 480
434 483
434 505
435 438
435 446
435 452
435 481
435 486
436 439
436 444
436 446
436 475
436 500
436 507
437 441
437 446
437 493
437 501
437 506
438 443
438 449
438 452
438 453
438 455
438 501
439 448
439 450
439 506
440 443
440 454
440 472
440 474
440 506
440 511
441 446
441 451
441 464
441 468
441 476
441 482
441 496
441 500
441 501
441 504
442 450
442 451
442 475
442 480
442 484
442 496
442 504
442 510
443 463
443 470
443 479
443 481
443 494
443 497
443 500
444 455
444 461
444 464
444 466
444 472
444 505
445 463
445 481
445 491
445 492
445 500
446 447
446 448
446 449
446 460
446 501
447 456
447 461
447 476
447 485
447 490
447 496
447 506
448 449
448 463
448 469
448 470
448 472
448 485
448 755
449 470
449 496
449 507
450 454
450 456
450 497
451 457
451 464
451 468
451 469
451 477
451 483
451 490
451 499
451 502
451 511
452 457
452 462
452 472
452 480
452 484
452 492
452 502
452 507
453 466
453 485
453 493
453 509
453 511
454 460
454 464
454 486
454 492
454 503
455 462
455 470
455 475
455 476
455 484
455 489
455 497
455 508
455 511
456 459
456 467
456 482
456 495
456 503
456 504
456 509
457 464
457 484
457 500
457 502
458 469
458 479
458 486
459 480
459 489
459 494
459 499
460 464
461 462
461 473
461 491
462 505
462 508
462 720
463 469
463 474
464 465
464 491
464 493
465 470
465 492
466 475
466 497
466 498
466 499
466 507
467 471
467 478
467 482
467 487
467 503
467 504
467 509
468 496
468 503
469 495
469 508
470 480
470 489
470 495
470 506
471 474
471 501
471 508
472 502
472 503
473 480
473 481
473 488
473 491
473 495
473 498
474 481
474 487
475 487
475 495
475 509
476 487
476 502
477 493
477 507
478 499
478 502
479 483
479 510
480 489
480 502
480 511
480 1020
482 484
482 488
482 499
482 504
483 498
483 509
484 493
484 501
485 498
485 501
485 504
485 511
486 501
487 508
487 509
488 500
489 495
489 499
489 504
489 508
490 493
490 495
490 499
490 502
490 509
491 503
491 510
492 508
492 510
493 509
494 506
496 497
498 712
499 503
499 510
499 605
505 509
580 618
580 632
581 582
581 588
581 593
581 599
581 610
581 612
581 613
582 614
582 623
582 626
582 634
582 826
583 591
583 597
583 621
583 622
583 632
583 633
583 635
584 587
584 590
584 603
584 615
585 590
585 606
585 610
585 617
586 596
586 602
586 610
586 617
586 621
586 631
587 590
587 591
587 594
587 610
587 633
587 635
588 593
588 595
588 610
588 618
588 624
588 625
588 634
589 591
589 592
589 612
589 615
589 621
590 591
590 598
590 608
590 609
590 629
591 602
591 604
591 608
591 609
591 621
591 629
592 618
592 620
592 621
592 625
592 630
592 635
593 599
593 606
593 610
593 621
593 624
594 595
594 615
594 620
595 596
595 622
596 604
596 614
596 618
596 627
596 636
597 612
597 636
598 607
598 611
598 614
598 618
599 605
600 603
600 606
600 611
600 615
600 622
601 610
601 620
601 622
601 634
601 635
602 618
602 625
602 630
602 631
602 635
603 620
603 628
604 610
604 621
604 622
605 610
605 616
605 620
605 622
605 628
605 636
606 632
606 637
607 621
607 627
607 632
607 788
608 633
609 611
610 631
610 637
611 625
611 626
612 628
612 629
613 618
613 624
613 625
613 626
613 627
614 619
614 621
614 624
614 630
615 616
615 625
615 629
615 630
615 632
616 628
619 622
620 634
621 628
622 625
622 631
622 633
622 637
623 636
623 637
626 632
626 636
627 636
627 948
628 634
629 630
629 634
632 636
633 637
634 636
634 753
635 637
640 660
640 670
640 680
640 683
640 806
641 663
641 686
641 639
642 663
643 669
643 676
643 686
643 689
644 646
644 655
644 657
644 664
644 668
645 649
645 669
645 671
645 672
645 680
646 653
646 661
646 662
646 665
646 667
646 684
647 657
647 660
647 667
647 671
647 674
647 678
648 663
648 667
648 684
648 686
648 687
648 688
650 661
651 654
651 677
651 679
651 681
651 687
652 654
652 658
652 660
652 665
652 669
652 672
652 676
652 678
652 681
653 658
653 660
653 665
653 677
653 690
654 665
654 667
654 668
655 667
655 670
655 686
655 690
656 660
656 667
656 678
657 659
657 679
657 683
657 860
658 662
658 664
659 665
659 668
659 688
659 689
660 662
660 663
660 668
660 673
660 686
660 639
661 664
661 675
661 687
662 664
662 666
662 685
663 676
663 678
663 684
665 667
665 680
667 669
667 679
667 685
668 670
668 675
668 638
669 680
669 686
670 677
670 679
671 674
671 681
671 690
672 673
673 674
673 679
673 680
673 687
673 638
674 677
674 678
676 678
676 680
676 686
676 638
677 690
678 684
679 682
679 683
679 686
680 683
681 688
681 690
683 639
684 685
686 687
686 688
688 689
689 690
691 704
691 708
691 730
691 739
691 775
691 776
691 842
691 881
691 890
691 895
692 725
692 731
692 760
692 769
692 776
692 802
692 811
692 824
692 835
692 852
692 853
692 885
692 888
692 896
692 898
692 903
693 699
693 706
693 712
693 730
693 735
693 749
693 765
693 794
693 830
693 849
693 856
693 866
693 895
693 906
694 719
694 727
694 736
694 737
694 738
694 743
694 759
694 771
694 791
694 792
694 818
694 896
695 728
695 733
695 754
695 757
695 817
695 821
695 849
696 698
696 715
696 725
696 754
696 789
696 790
696 799
696 821
696 866
696 890
696 903
697 698
697 700
697 719
697 730
697 764
697 792
697 820
697 857
697 876
697 892
698 699
698 704
698 719
698 720
698 735
698 769
698 781
698 792
698 798
698 805
698 832
698 844
698 849
698 867
698 878
698 902
699 709
699 715
699 724
699 757
699 761
699 767
699 768
699 777
699 785
699 806
699 810
699 847
699 866
699 877
699 889
699 899
700 748
700 750
700 758
700 813
700 816
700 826
700 862
700 878
700 879
701 727
701 729
701 798
701 819
701 857
701 863
701 883
702 714
702 742
702 748
702 777
702 783
702 789
702 815
702 834
702 837
702 857
702 865
702 871
702 881
702 895
703 710
703 724
703 728
703 740
703 753
703 780
703 794
703 817
703 824
703 886
704 724
704 750
704 771
704 787
704 788
704 792
704 800
704 827
704 838
704 856
704 870
705 713
705 750
705 778
705 803
705 811
705 837
705 851
705 883
705 884
705 885
706 713
706 740
706 744
706 746
706 757
706 797
706 803
706 812
706 826
706 829
706 835
706 842
707 729
707 748
707 755
707 757
707 778
707 782
707 797
707 853
707 859
708 718
708 747
708 766
708 768
708 774
708 792
708 843
708 860
708 871
708 882
708 893
709 739
709 747
709 759
709 766
709 775
709 792
709 799
709 801
709 813
709 814
709 818
709 852
709 859
709 864
709 868
709 881
709 882
709 898
710 774
710 781
710 803
710 814
710 821
710 823
710 830
710 843
710 844
710 845
710 865
710 876
710 900
711 782
711 798
711 802
711 803
711 818
711 835
711 847
711 865
711 867
711 868
711 877
712 723
712 730
712 742
712 774
712 794
712 807
712 808
712 814
712 838
712 844
712 846
712 856
712 890
712 894
712 905
713 748
713 778
713 818
713 824
713 825
713 846
713 860
713 873
714 731
714 735
714 743
714 758
714 785
714 808
714 826
714 845
714 848
714 865
714 900
714 903
714 905
715 718
715 721
715 744
715 772
715 779
715 797
715 817
715 823
715 827
715 832
715 833
715 834
715 837
715 843
715 868
716 724
716 766
716 769
716 775
716 783
716 791
716 792
716 802
716 840
716 848
716 849
716 850
716 873
716 893
716 896
717 721
717 722
717 731
717 735
717 758
717 763
717 778
717 779
717 791
717 797
717 806
717 825
717 829
717 870
717 882
718 748
718 751
718 753
718 770
718 779
718 804
718 817
718 862
719 730
719 775
719 794
719 803
720 724
720 735
720 745
720 780
720 784
720 804
720 810
720 812
720 851
720 865
720 874
720 878
720 879
720 882
721 726
721 736
721 741
721 749
721 819
721 823
721 830
721 852
721 861
721 876
721 901
722 725
722 734
722 737
722 740
722 751
722 759
722 803
722 817
722 824
722 858
722 884
722 887
722 888
722 894
722 899
722 905
723 747
723 751
723 759
723 767
723 770
723 783
723 846
723 848
723 850
723 871
723 885
723 889
723 906
724 731
724 736
724 753
724 772
724 776
724 781
724 788
724 811
724 831
724 866
724 888
725 735
725 736
725 787
725 798
725 835
725 845
725 859
725 881
725 883
725 894
725 895
725 902
726 736
726 758
726 761
726 762
726 781
726 805
726 813
726 816
726 818
726 819
726 834
726 862
726 865
726 866
726 871
726 874
726 885
726 902
727 763
727 768
727 790
727 826
727 830
727 856
727 867
727 875
727 884
727 900
727 902
727 904
728 752
728 802
728 856
728 860
728 862
728 883
728 884
728 885
728 899
729 776
729 782
729 799
729 800
729 805
729 847
729 852
729 860
729 864
729 874
729 881
729 904
730 747
730 757
730 763
730 791
730 793
730 819
730 820
730 833
730 839
730 869
730 874
730 893
730 897
731 750
731 752
731 755
731 767
731 768
731 772
731 848
731 854
731 856
731 903
732 741
732 752
732 780
732 808
732 828
732 842
732 864
732 870
732 876
732 884
733 735
733 739
733 758
733 783
733 794
733 822
733 876
734 742
734 745
734 767
734 789
734 791
734 799
734 815
734 830
734 835
734 871
734 873
735 751
735 781
735 797
735 839
735 840
735 875
735 882
736 775
736 808
736 813
736 833
736 858
736 875
736 890
736 894
737 796
737 815
737 833
737 854
737 887
737 903
738 778
738 842
738 859
738 860
738 871
738 877
738 884
738 886
738 892
738 897
739 751
739 755
739 756
739 764
739 769
739 771
739 798
739 809
739 818
739 871
740 749
740 758
740 777
740 792
740 804
740 822
740 829
740 848
740 859
740 862
740 872
740 884
741 786
741 802
741 809
741 815
741 817
741 830
741 833
741 880
741 889
742 780
742 791
742 796
742 814
742 836
742 841
742 855
742 896
743 762
743 802
743 805
743 808
743 852
743 856
743 869
744 758
744 763
744 784
744 798
744 804
744 806
744 821
744 865
744 895
744 906
745 776
745 779
745 797
745 824
745 830
745 839
745 868
746 750
746 754
746 760
746 767
746 773
746 786
746 806
746 808
746 834
746 859
746 868
747 766
747 767
747 778
747 794
747 800
747 808
747 821
747 828
747 853
747 855
747 873
747 884
747 901
748 752
748 764
748 819
748 822
748 826
748 894
749 775
749 780
749 782
749 804
749 811
749 824
749 828
749 831
749 861
749 868
750 811
750 827
750 889
750 891
751 794
751 803
751 823
751 831
751 857
751 859
751 874
751 877
751 879
752 775
752 809
752 848
752 864
752 891
753 760
753 789
753 809
753 823
753 833
753 850
753 855
753 859
753 906
754 756
754 761
754 762
754 767
754 812
754 815
754 844
754 898
755 756
755 763
755 780
755 787
755 799
755 814
755 816
755 818
755 869
755 870
755 875
755 881
755 883
755 982
756 793
756 795
756 821
756 861
756 870
756 893
757 776
757 778
757 795
757 797
757 802
757 832
757 859
757 904
758 772
758 779
758 847
758 850
758 862
758 880
758 883
758 900
758 901
758 906
759 819
759 857
759 865
759 886
760 771
760 772
760 789
760 813
760 826
760 834
760 860
760 870
760 872
760 879
760 882
760 896
761 772
761 776
761 777
761 779
761 845
761 846
761 895
762 780
762 832
762 840
762 870
762 875
762 897
762 902
763 766
763 788
763 791
763 847
763 858
763 865
763 877
763 880
764 771
764 799
764 801
764 809
764 810
764 821
764 882
764 891
765 781
765 791
765 811
765 841
765 870
765 881
765 888
765 898
765 901
766 768
766 772
766 788
766 871
766 875
766 895
767 777
767 812
767 896
768 799
768 816
768 821
768 823
768 825
768 857
768 864
768 873
768 878
768 879
768 882
768 890
769 805
769 810
769 812
769 856
769 865
769 903
770 816
770 825
770 869
770 893
771 807
771 810
771 827
771 855
771 871
772 784
772 787
772 807
772 808
772 813
772 844
772 865
772 876
772 905
773 790
773 795
773 798
773 804
773 805
773 810
773 820
773 873
773 874
773 906
774 778
774 787
774 838
774 847
774 866
774 875
774 880
774 882
774 891
774 899
775 782
775 808
775 809
775 813
775 816
775 820
775 823
775 834
775 853
775 898
776 784
776 795
776 803
776 843
776 850
776 879
776 892
776 897
777 789
777 796
777 798
777 801
777 824
777 827
777 835
777 862
778 805
778 814
778 818
778 823
778 865
778 887
779 793
779 808
779 811
779 852
779 853
779 854
779 885
779 887
779 902
780 788
780 801
780 841
780 848
780 873
780 890
780 902
781 788
781 805
781 824
781 825
781 826
781 833
781 854
781 865
781 901
781 904
782 825
782 835
782 843
782 851
782 860
782 881
782 885
783 799
783 812
783 815
783 827
783 828
783 830
783 850
783 857
783 861
783 902
784 796
784 799
784 802
784 809
784 825
784 828
784 838
784 852
784 875
785 789
785 797
785 824
785 839
785 850
785 869
785 872
785 899
786 797
786 851
786 863
786 877
786 883
786 892
786 898
787 804
787 824
787 826
787 829
787 865
787 882
788 793
788 808
788 814
788 877
788 891
788 897
788 900
789 812
789 828
789 834
789 863
789 864
790 797
790 825
790 830
790 832
790 870
790 887
790 891
790 897
791 808
791 827
791 868
791 870
791 874
792 815
792 825
792 845
792 850
792 863
792 868
792 881
792 892
793 795
793 801
793 803
793 817
793 824
793 829
793 860
794 823
794 847
794 850
794 883
794 893
795 805
795 830
795 836
795 843
795 845
795 893
795 896
796 805
796 814
796 822
796 832
796 850
796 853
796 863
796 882
796 885
796 896
797 834
797 865
797 876
797 897
797 898
797 904
798 835
798 837
798 868
798 869
798 887
798 898
799 885
799 888
800 827
800 889
801 809
801 814
801 819
801 839
801 873
801 887
802 836
802 883
803 804
803 807
803 864
803 869
803 884
804 810
804 829
804 894
804 898
804 906
805 813
805 819
805 839
805 851
805 877
805 887
806 831
806 842
806 852
806 872
806 874
806 890
807 831
807 848
807 878
807 885
808 811
808 829
808 839
808 846
808 874
808 889
809 826
809 830
809 832
810 818
810 822
810 836
810 872
810 874
810 888
811 842
811 881
811 882
812 866
812 871
813 830
813 854
813 884
814 832
814 836
814 839
814 889
814 903
815 842
815 846
815 853
815 867
816 864
816 868
816 879
816 882
816 888
816 891
816 893
817 821
817 832
817 859
817 862
817 870
817 880
817 881
817 896
817 906
818 844
818 845
818 906
819 823
819 827
819 844
819 848
819 885
819 889
819 891
819 905
820 829
820 850
820 889
820 894
820 899
820 900
821 827
821 828
821 870
821 876
821 877
822 836
822 847
822 862
822 878
822 881
822 885
822 889
823 843
823 863
823 878
823 883
823 887
823 888
823 892
823 904
824 840
824 850
824 900
824 905
825 864
825 868
825 884
825 894
825 899
826 827
826 849
826 885
827 834
827 836
827 843
827 866
827 876
827 894
827 902
827 903
827 906
828 850
828 864
828 871
829 862
829 889
829 896
830 835
830 845
830 876
831 844
831 892
832 833
832 858
832 870
832 894
833 837
833 841
833 885
833 896
834 863
834 864
834 872
835 841
835 875
835 880
835 892
836 837
836 851
836 853
837 845
837 880
837 893
837 898
838 843
838 861
838 864
838 868
838 887
838 906
839 842
839 860
839 884
839 897
840 843
840 859
840 867
840 876
840 879
840 893
841 858
841 867
841 892
841 898
842 852
842 889
842 904
843 852
843 884
843 891
843 905
844 866
844 871
844 875
844 876
844 895
845 846
845 855
845 859
846 883
846 889
846 890
846 896
847 876
848 854
848 871
848 895
849 865
849 878
849 905
850 875
850 877
850 900
851 879
851 902
851 904
852 855
852 885
852 900
852 901
852 906
853 862
853 864
853 884
853 890
853 898
853 1037
854 887
855 878
855 899
856 877
856 882
856 899
857 875
857 882
857 883
857 889
857 898
857 903
858 877
858 881
858 899
858 906
859 865
859 875
859 896
859 904
860 866
860 872
860 873
860 883
860 897
860 898
861 886
861 892
861 904
862 881
862 895
862 899
862 900
863 896
864 870
864 871
865 891
866 876
866 892
866 899
867 869
867 873
867 899
868 879
868 881
868 902
868 903
870 880
870 900
871 876
871 878
871 903
872 890
872 892
873 876
873 883
873 900
874 884
875 891
876 882
877 879
879 881
879 896
879 903
881 883
882 884
883 974
884 889
886 892
889 894
892 895
892 896
897 903
900 910
903 905
1024 910
1024 923
1024 924
1024 929
1024 947
1024 948
1024 957
1024 958
1024 972
1024 973
1024 1006
1024 1016
1025 933
1025 938
1025 952
1025 954
1025 961
1025 965
1025 980
1025 988
1025 1007
1025 1015
1026 1029
1026 1034
1026 912
1026 927
1026 936
1026 958
1026 979
1026 982
1026 984
1026 986
1026 991
1026 1000
1027 911
1027 926
1027 928
1027 933
1027 936
1027 982
1027 992
1027 1007
1027 1020
1028 911
1028 921
1028 924
1028 945
1028 964
1028 968
1028 990
1028 994
1028 1002
1028 1015
1028 1019
1028 1023
1029 910
1029 919
1029 921
1029 925
1029 993
1029 1020
1030 913
1030 939
1030 948
1030 956
1030 968
1030 973
1030 979
1030 987
1030 998
1030 1011
1031 943
1031 947
1031 972
1031 977
1031 1020
1032 917
1032 919
1032 959
1032 990
1032 1010
1032 1017
1032 1019
1033 914
1033 947
1033 963
1033 964
1033 977
1033 988
1033 994
1034 1037
1034 932
1034 943
1034 944
1034 949
1034 950
1034 959
1034 982
1034 992
1034 1007
1034 1016
1035 908
1035 911
1035 912
1035 924
1035 931
1035 947
1035 957
1035 984
1035 996
1035 1006
1035 1015
1036 918
1036 938
1036 939
1036 941
1036 987
1036 993
1036 999
1036 1001
1036 1005
1036 1016
1036 1018
1037 937
1037 956
1037 961
1037 963
1037 978
1037 993
1037 999
1037 1008
1037 1022
907 911
907 912
907 944
907 953
907 959
907 973
907 1012
907 1013
907 1017
907 1019
907 1022
908 928
908 931
908 932
908 937
908 968
908 977
908 980
908 983
908 993
908 998
908 999
909 910
909 918
909 938
909 946
909 949
909 954
909 958
909 959
909 961
909 967
909 996
909 997
909 1012
910 917
910 920
910 928
910 934
910 942
910 952
910 976
910 993
910 996
910 1012
911 933
911 938
911 944
911 953
911 961
911 985
911 987
911 996
911 1008
912 933
912 952
912 955
912 957
912 963
912 967
912 986
912 989
912 998
913 918
913 929
913 931
913 957
913 975
913 976
913 981
913 984
913 989
913 997
914 921
914 925
914 941
914 942
914 951
914 956
914 961
914 965
914 1008
914 1010
915 916
915 942
915 944
915 956
915 962
915 987
915 993
915 1019
915 1021
916 920
916 925
916 932
916 933
916 956
916 968
916 991
916 1007
917 930
917 936
917 939
917 957
917 961
917 975
917 994
917 1002
917 1007
917 1011
917 1021
917 1023
918 922
918 938
918 954
918 960
918 970
918 971
918 992
919 920
919 936
919 937
919 964
919 970
919 978
919 996
919 998
919 1010
919 1018
919 1019
920 923
920 926
920 928
920 936
920 939
920 940
920 944
920 970
920 975
920 979
920 991
920 1002
920 1022
921 938
921 942
921 946
921 947
921 949
921 956
921 970
921 971
921 981
921 994
921 996
922 946
922 954
922 967
922 973
922 988
922 1014
923 932
923 940
923 943
923 947
923 949
923 964
923 965
923 1002
923 1022
924 925
924 930
924 938
924 991
924 1019
925 928
925 949
925 961
925 978
925 980
925 990
925 991
925 1005
925 1009
925 1018
925 1020
926 955
926 968
926 970
926 974
926 1004
926 1020
927 929
927 966
927 989
927 1004
927 1016
928 933
928 955
928 977
928 978
928 981
928 983
928 989
928 996
928 997
928 1003
928 1009
928 1014
929 937
929 955
929 956
929 965
929 979
929 981
929 989
929 991
929 997
929 1005
929 1007
929 1009
929 1014
930 958
930 979
930 998
931 960
931 962
931 1008
931 1015
932 944
932 956
932 964
932 965
932 967
932 970
932 983
932 1012
933 935
933 978
933 986
933 993
933 1014
934 951
934 958
934 971
934 995
934 1000
934 1006
934 1023
935 946
935 948
935 961
935 973
935 992
935 997
935 1001
935 1015
936 942
936 944
936 946
936 947
936 958
936 965
936 989
936 996
936 997
937 943
937 947
937 957
937 961
937 977
937 989
937 1003
937 1004
937 1014
938 939
938 942
938 948
938 957
938 960
938 966
938 980
939 945
939 1004
939 1011
939 1019
940 950
940 961
940 971
940 972
940 999
940 1007
940 1016
941 946
941 956
941 960
941 974
941 986
941 990
941 1017
941 1020
942 958
942 972
942 980
942 989
942 996
942 999
942 1004
942 1014
942 1022
943 954
943 961
943 968
943 976
943 980
943 984
943 991
943 1001
943 1011
944 980
944 990
944 1011
944 1012
944 1017
944 1022
945 947
945 956
945 990
945 993
945 995
946 949
946 1007
947 950
947 970
947 981
947 984
947 987
947 997
947 1001
947 1006
947 1014
948 959
948 963
948 972
948 1008
948 1013
949 951
949 962
949 963
949 1000
949 1008
949 1013
950 963
950 969
950 972
950 993
950 998
950 1008
950 1011
950 1014
950 1019
951 955
951 956
951 961
951 968
951 971
951 972
951 1016
951 1021
952 953
952 954
952 962
952 982
952 1001
952 1003
952 1006
952 1019
952 1021
953 960
953 992
953 1003
953 1005
954 960
954 989
954 1006
954 1012
955 959
955 974
955 976
955 979
955 988
955 990
955 996
955 1007
955 1015
956 961
956 969
956 979
956 983
956 993
957 964
957 975
957 980
957 1000
958 968
958 976
958 995
959 984
959 991
960 970
960 981
960 983
960 988
960 994
960 1004
960 1007
960 1012
961 986
961 1004
962 974
962 992
962 1005
962 1009
963 967
963 974
963 979
963 983
963 997
963 998
963 1010
963 1015
963 1017
964 968
964 970
964 990
964 1011
964 1018
965 966
965 967
965 1003
965 1006
965 1012
965 1021
966 968
966 971
966 978
966 983
966 1012
967 972
967 978
967 984
967 1004
967 1015
967 1016
967 1018
967 1020
967 1022
968 972
968 989
968 990
968 1008
968 1011
968 1012
969 970
969 980
969 982
969 986
969 997
969 1003
969 1007
969 1016
970 979
970 989
970 990
971 1016
972 986
972 987
972 999
972 1002
972 1011
972 1013
973 974
973 989
973 991
973 1009
974 997
974 1004
974 1005
975 977
975 992
975 993
975 1002
975 1007
975 1012
975 1018
976 981
976 989
976 1004
977 982
977 994
977 999
977 1004
977 1016
977 1018
978 980
978 981
978 985
978 988
978 991
978 1010
979 980
979 994
979 998
979 1014
980 1014
980 1019
981 991
981 996
981 1004
982 990
982 998
982 1014
982 1015
982 1016
983 996
983 997
983 1022
984 986
984 994
985 995
985 1009
985 1019
986 993
986 1014
987 994
987 1003
987 1005
987 1008
987 1019
988 1009
988 1018
988 1021
988 1022
989 1010
989 1015
990 997
990 1001
990 1007
990 1021
991 993
991 995
991 1023
992 1005
993 1005
993 1017
994 999
994 1002
994 1004
994 1005
994 1018
995 997
995 1008
995 1017
995 1021
996 1008
996 1023
997 999
997 1014
997 1020
998 1002
999 1003
999 1013
999 1014
999 1015
999 1018
1000 1001
1001 1002
1001 1003
1001 1017
1002 1008
1002 1015
1003 1010
1003 1020
1004 1018
1005 1007
1005 1011
1005 1017
1007 1018
1008 1015
1008 1022
1010 1019
1010 1023
1011 1023
1013 1020
1013 1021
1014 1021
1015 1017
1015 1018
1016 1022
1022 1023