0 51
0 70
0 81
0 16
0 60
0 52
0 50
0 97
0 58
1 100
1 103
1 27
1 89
1 11
1 13
1 56
1 83
1 63
1 58
1 52
1 100
1 328
2 40
2 34
2 63
2 73
2 102
2 6
2 86
2 107
2 366
3 32
3 45
3 36
3 98
3 62
3 64
3 81
3 10
3 106
3 69
3 96
3 15
3 103
3 19
4 86
4 33
4 64
4 24
4 73
4 84
4 106
4 14
4 57
4 77
4 15
4 83
4 26
5 106
5 96
5 39
5 8
5 32
5 6
5 80
5 83
6 105
6 49
6 61
6 40
6 4
6 56
6 70
6 222
6 365
7 32
7 8
7 23
7 14
7 11
7 41
7 88
7 83
7 90
7 99
7 92
7 77
7 23
7 107
7 260
7 316
8 95
8 85
8 104
8 103
8 23
8 32
9 12
9 36
9 17
9 98
9 21
9 97
9 73
9 107
9 92
9 27
9 2
9 45
9 12
9 137
9 456
10 62
10 99
10 58
10 21
10 53
10 42
10 59
10 49
10 57
10 14
10 48
11 36
11 42
11 64
11 68
11 48
11 93
11 60
11 42
11 78
11 114
11 386
12 3
12 10
12 100
12 20
12 71
12 7
12 12
12 89
12 94
12 11
12 100
12 3
12 25
12 78
12 20
12 10
12 7
12 21
12 19
12 181
13 60
13 81
13 103
13 8
13 23
13 99
13 81
13 87
13 1
13 48
13 34
13 86
13 40
14 25
14 21
14 66
14 76
14 41
14 29
14 49
14 104
14 17
14 19
14 19
14 64
14 7
14 282
15 3
15 85
15 1
15 57
15 83
15 100
15 104
15 45
15 0
15 34
15 12
15 18
15 24
15 8
15 60
15 394
16 101
16 87
16 28
16 45
16 55
16 54
16 92
16 16
16 29
16 88
16 0
16 104
16 194
17 23
17 71
17 52
17 39
17 33
17 39
17 24
17 26
17 42
17 9
17 105
17 83
17 5
17 73
17 65
17 56
18 2
18 31
18 24
18 103
18 24
18 24
18 24
18 100
18 23
18 104
18 34
18 102
18 24
18 88
18 159
19 92
19 103
19 48
19 106
19 78
19 60
19 38
19 2
19 47
19 1
19 75
19 43
19 19
19 70
19 91
19 94
19 64
19 57
20 78
20 10
20 24
20 63
20 28
20 105
20 27
20 47
20 42
20 99
20 21
20 12
20 59
20 47
20 144
20 399
21 60
21 55
21 38
21 27
21 28
21 16
21 11
21 47
21 40
21 84
21 89
21 22
21 7
21 82
21 50
21 83
21 18
21 18
21 30
21 51
21 97
21 9
22 48
22 57
22 33
22 27
23 41
23 39
23 104
23 79
23 59
23 48
23 53
23 103
23 12
23 92
23 56
23 511
24 11
24 84
24 87
24 20
24 80
24 51
24 31
24 11
24 102
24 100
24 73
24 28
24 58
24 73
24 88
24 97
24 71
24 60
24 21
24 27
24 96
24 45
25 11
25 90
25 28
25 11
25 68
25 75
25 37
25 100
25 72
25 52
25 205
25 317
25 446
26 24
26 9
26 64
26 27
26 80
26 62
26 95
26 49
26 107
26 53
26 80
26 48
26 75
27 14
27 1
27 22
27 41
27 25
27 103
27 30
27 64
27 101
27 0
27 70
27 83
27 76
27 57
27 56
27 101
27 99
27 37
27 99
27 101
27 80
27 58
27 70
27 46
27 72
27 54
27 97
27 438
28 65
28 69
28 78
28 39
28 88
28 1
28 67
28 1
28 89
28 31
28 11
28 34
28 107
28 76
28 176
29 91
29 24
29 54
29 8
29 75
29 62
29 19
29 81
29 50
29 440
29 442
30 57
30 42
30 56
30 71
30 62
30 32
30 35
30 95
30 265
31 1
31 31
31 68
31 100
31 93
31 34
31 11
31 3
31 94
31 81
31 107
31 76
31 31
31 79
31 10
31 101
31 31
31 11
32 76
32 99
32 75
32 73
32 90
32 43
32 38
32 92
32 61
32 3
32 91
32 4
32 68
32 96
32 101
32 88
33 71
33 104
33 9
33 0
33 0
33 76
33 14
33 1
33 67
34 84
34 99
34 55
34 85
34 49
34 27
34 35
34 106
34 100
34 99
35 17
35 61
35 40
35 4
35 38
35 21
35 53
35 65
35 99
35 55
35 67
35 66
35 89
35 62
35 277
35 476
35 475
36 101
36 100
36 6
36 75
36 76
36 27
36 41
36 79
36 25
37 36
37 9
37 3
37 36
37 48
37 87
37 46
37 53
37 28
37 98
37 58
37 69
37 107
37 102
37 67
37 84
37 24
37 92
37 38
37 97
37 41
37 33
37 32
37 3
37 17
37 78
37 56
37 78
37 26
37 86
37 510
38 89
38 35
38 25
38 94
38 80
38 65
38 27
38 102
38 100
39 103
39 40
39 100
39 57
39 106
39 102
39 100
39 93
40 33
40 17
40 43
40 57
40 74
40 26
40 52
40 4
40 23
40 57
40 53
40 62
40 41
40 17
40 57
40 59
41 78
41 26
41 91
41 28
41 92
41 42
41 87
41 83
41 66
41 35
41 91
41 82
41 104
41 445
42 43
42 97
42 15
42 48
42 73
42 66
42 21
42 76
42 44
42 102
42 246
42 480
43 66
43 74
43 95
43 88
43 45
43 15
43 58
43 34
43 26
43 10
43 52
43 58
43 39
43 85
43 206
43 335
43 439
44 4
44 45
44 100
44 1
44 103
44 68
44 15
44 56
44 23
44 37
44 86
45 78
45 4
45 26
45 93
45 39
45 40
45 98
45 107
45 29
45 35
45 71
45 23
45 78
45 4
45 89
45 58
46 39
46 16
46 97
46 76
46 55
46 46
46 71
46 49
46 90
46 99
47 21
47 84
47 8
47 84
47 83
47 101
47 67
47 106
47 46
47 86
47 90
47 81
47 32
47 12
48 86
48 95
48 52
48 88
48 104
48 98
48 24
48 34
49 100
49 0
49 86
49 57
49 59
49 60
49 105
49 6
49 21
49 5
50 18
50 48
50 80
50 86
50 97
50 6
50 67
50 67
50 20
50 247
51 24
51 28
51 85
51 78
51 71
51 27
51 75
51 38
51 33
51 21
51 262
52 103
52 77
52 26
52 64
52 84
52 30
52 14
52 103
52 20
52 42
52 67
52 53
52 38
52 92
53 60
53 88
53 50
53 27
53 56
53 96
53 23
53 58
53 78
53 95
53 35
53 3
54 28
54 79
54 105
54 9
54 34
54 39
54 44
54 65
54 57
54 256
55 50
55 99
55 65
55 106
55 103
55 67
55 14
55 18
55 74
55 4
55 26
55 34
55 69
55 30
56 14
56 3
56 93
56 71
56 25
56 35
56 57
56 12
56 3
56 101
56 36
56 9
56 39
56 78
57 38
57 84
57 14
57 6
57 24
57 23
57 73
57 73
57 95
57 126
57 202
58 35
58 55
58 91
58 9
58 25
58 45
58 21
58 0
58 104
58 85
58 65
58 67
58 21
58 21
59 71
59 62
59 15
59 82
59 36
59 101
59 89
59 100
59 95
59 75
59 86
59 19
59 36
59 64
59 7
59 66
59 53
59 58
60 79
60 24
60 15
60 42
60 14
60 28
60 67
60 74
60 70
60 12
60 12
60 66
60 25
61 65
61 51
61 18
61 55
61 96
61 87
61 48
61 77
61 9
61 74
61 1
61 81
61 1
61 27
61 99
62 30
62 66
62 65
62 12
62 79
62 24
62 93
62 106
62 71
62 50
62 9
62 47
62 34
62 56
62 93
62 48
62 24
62 95
63 86
63 48
63 30
63 27
63 8
63 62
63 95
63 85
63 25
63 24
63 181
64 51
64 9
64 74
64 91
64 74
64 33
64 75
64 71
64 5
64 105
64 96
64 40
64 23
64 351
65 51
65 55
65 24
65 91
65 45
65 72
65 16
65 7
65 71
65 36
65 47
65 104
65 79
65 402
66 4
66 52
66 65
66 12
66 101
66 106
66 45
66 39
66 42
66 38
66 74
66 17
66 77
67 74
67 31
67 48
67 1
67 27
67 75
67 10
67 87
67 105
67 75
67 24
67 102
68 16
68 67
68 78
68 65
68 65
68 44
68 93
68 23
68 4
68 83
68 496
69 50
69 8
69 28
69 96
69 76
69 14
69 3
69 58
69 35
69 26
69 44
69 99
70 11
70 55
70 39
70 14
70 10
70 51
70 12
70 78
70 94
70 16
71 93
71 7
71 76
71 10
71 24
71 106
71 71
71 52
71 2
71 70
71 3
71 64
71 77
71 99
71 20
71 20
71 90
71 30
71 29
72 98
72 1
72 99
72 75
72 341
73 60
73 15
73 96
73 19
73 21
73 104
73 9
73 63
73 57
73 106
73 104
73 211
73 412
74 27
74 103
74 101
74 101
74 50
74 40
74 37
74 31
74 29
74 95
74 70
74 67
74 39
75 11
75 41
75 92
75 19
75 95
75 105
75 43
75 82
75 107
75 94
75 93
75 18
75 22
75 254
75 359
76 0
76 47
76 105
76 88
76 89
76 40
76 20
76 83
76 3
76 79
76 26
76 39
76 63
76 76
76 95
76 50
76 37
77 24
77 102
77 27
77 35
77 86
77 99
77 56
78 38
78 105
78 86
78 11
78 91
78 63
78 80
78 17
78 67
78 99
78 54
78 18
78 79
78 86
78 12
78 93
78 30
79 49
79 27
79 50
79 52
79 4
79 9
79 29
79 45
79 85
79 53
79 345
80 68
80 0
80 37
80 71
80 96
80 88
80 152
80 374
81 92
81 10
81 104
81 105
81 57
81 33
81 9
81 59
82 71
82 0
82 75
82 44
82 28
82 101
82 7
82 51
82 91
82 45
82 78
82 27
82 53
83 100
83 59
83 38
83 34
83 32
83 61
83 47
83 37
83 59
83 62
83 75
83 294
84 51
84 62
84 51
84 80
84 71
84 97
84 18
85 90
85 95
85 27
85 25
85 107
85 10
85 1
85 3
85 59
85 71
86 8
86 89
86 96
86 25
86 86
86 30
86 58
86 36
86 92
86 6
86 9
86 98
86 11
86 65
86 39
86 328
86 473
87 88
87 70
87 52
87 17
87 72
87 104
87 101
87 56
87 27
87 54
88 11
88 39
88 10
88 33
88 72
88 88
88 96
88 67
88 100
88 22
89 44
89 56
89 52
89 88
89 105
89 20
89 83
89 61
89 51
89 44
89 43
89 13
89 44
89 39
89 86
89 91
89 26
89 42
89 201
90 1
90 67
90 86
90 71
90 37
90 53
90 86
91 78
91 50
91 12
91 64
91 84
91 24
91 1
91 38
91 18
91 86
91 27
91 28
92 98
92 66
92 82
92 38
92 76
92 93
92 53
92 30
92 19
92 7
92 219
92 325
93 0
93 26
93 91
93 33
93 105
93 53
93 1
94 46
94 58
94 50
94 8
94 16
94 42
94 31
94 83
94 0
94 67
94 65
94 82
94 29
95 9
95 105
95 71
95 40
95 95
95 14
95 18
95 32
95 73
95 89
96 90
96 93
96 41
96 68
96 65
96 17
96 34
96 91
96 1
96 34
96 9
96 103
96 100
96 55
96 29
96 96
96 27
96 246
97 92
97 53
97 42
97 42
97 3
97 34
97 48
97 75
97 75
97 101
97 83
97 159
98 46
98 42
98 47
98 23
98 105
98 100
98 30
98 14
98 107
98 53
99 58
99 74
99 47
99 82
99 103
99 5
99 74
99 26
99 68
99 101
99 17
99 72
99 91
99 75
99 47
99 176
99 352
100 9
100 87
100 2
100 66
100 95
100 65
100 25
100 47
100 68
100 20
100 38
101 69
101 78
101 97
101 68
101 17
101 0
101 55
101 8
101 63
101 66
101 71
101 103
101 13
101 54
101 3
101 47
102 4
102 101
102 100
102 30
102 73
102 6
102 2
102 64
103 59
103 35
103 61
103 91
103 60
103 103
103 11
103 74
103 2
103 43
103 52
103 50
103 255
104 65
104 94
104 21
104 14
104 96
104 52
104 4
104 89
104 12
104 99
104 13
104 71
104 18
104 40
104 44
104 397
105 102
105 95
105 49
105 104
105 61
105 17
105 31
105 2
105 15
105 6
105 31
106 6
106 7
106 2
107 24
107 39
107 82
107 33
107 29
107 28
107 12
107 1
107 31
107 102
107 59
107 216
108 185
108 194
108 214
108 132
108 115
108 144
108 159
108 151
108 123
108 151
108 161
108 181
108 187
108 160
108 143
108 131
109 150
109 152
109 111
109 108
109 197
109 178
109 126
109 112
109 164
109 201
109 115
109 159
109 136
109 136
109 190
109 139
109 134
109 135
109 159
109 212
109 171
109 161
109 162
109 140
110 206
110 137
110 211
110 130
110 120
110 182
110 135
110 139
110 115
110 200
110 140
110 199
110 191
110 139
110 122
110 124
111 129
111 128
111 132
111 194
111 117
111 212
111 201
111 194
111 201
111 193
111 181
111 201
111 144
112 198
112 116
112 143
112 129
112 114
112 149
112 122
112 164
112 116
112 161
112 121
112 153
112 167
112 122
112 113
112 120
112 135
112 208
112 182
113 215
113 214
113 163
113 171
113 146
113 157
113 162
113 113
113 172
113 149
113 193
113 174
113 167
114 117
114 113
114 160
114 109
114 152
114 144
114 123
114 142
114 160
114 194
114 194
114 207
114 134
114 184
114 160
114 127
114 138
114 176
114 127
114 202
115 168
115 128
115 149
115 158
115 214
115 170
115 174
115 198
115 215
115 164
115 198
115 137
115 160
115 198
115 202
115 186
115 129
115 134
115 159
115 119
115 210
115 169
116 208
116 151
116 173
116 117
116 138
116 142
116 170
116 124
116 191
116 160
116 118
116 147
116 197
116 144
116 143
116 122
116 108
116 213
116 135
116 132
116 213
116 136
117 179
117 121
117 197
117 158
117 143
117 147
117 163
117 174
117 200
117 168
117 126
117 133
117 135
117 128
117 162
117 145
117 166
117 114
117 136
118 147
118 114
118 145
118 150
118 132
118 120
118 160
118 208
118 197
118 190
118 169
118 150
118 201
118 205
118 150
118 143
118 168
118 212
118 188
118 154
118 175
118 214
119 163
119 124
119 161
119 160
119 127
119 198
119 127
119 155
119 189
119 210
119 132
119 191
119 147
119 211
119 188
119 142
120 174
120 162
120 153
120 171
120 112
120 118
120 190
120 215
120 149
120 118
120 115
120 182
120 162
120 152
120 165
120 147
120 160
120 132
121 121
121 204
121 149
121 146
121 194
121 183
121 148
121 145
121 204
121 132
121 190
121 164
121 186
121 214
121 181
121 179
121 145
121 215
121 185
121 169
121 161
121 175
121 115
121 117
122 140
122 215
122 144
122 121
122 112
122 113
122 110
122 151
122 172
122 164
122 120
122 150
122 166
122 140
122 199
122 139
122 140
122 205
122 163
122 212
122 156
122 175
122 177
122 194
122 161
122 195
123 166
123 173
123 192
123 112
123 143
123 200
123 179
123 191
123 203
123 111
123 129
123 204
123 169
123 122
123 121
123 135
123 149
123 205
123 122
123 162
123 208
123 140
123 141
123 144
123 143
123 140
123 211
123 199
123 203
123 148
123 185
123 201
124 149
124 127
124 150
124 132
124 142
124 121
124 163
124 156
124 167
124 187
124 171
124 142
124 158
124 157
124 148
124 162
124 133
124 212
124 201
124 131
124 108
124 152
124 144
124 201
124 208
124 115
124 210
124 160
124 194
124 214
124 151
125 150
125 200
125 200
125 214
125 184
125 147
125 198
125 147
125 159
125 154
125 137
125 122
125 119
125 203
125 133
126 148
126 131
126 156
126 195
126 209
126 131
126 199
126 147
126 112
126 118
126 185
126 138
126 134
126 172
126 131
126 213
127 201
127 178
127 190
127 187
127 132
127 147
127 145
127 178
127 131
127 201
127 175
127 201
127 144
127 210
127 118
127 158
127 187
127 141
127 168
127 137
127 179
127 123
127 327
128 165
128 181
128 133
128 199
128 203
128 185
128 203
128 144
128 131
128 122
128 174
128 153
128 197
128 192
128 165
128 129
128 207
128 147
128 197
128 114
128 133
128 196
129 119
129 162
129 180
129 140
129 129
129 141
129 133
129 149
129 189
129 202
129 127
129 202
129 135
129 174
129 173
129 165
129 146
129 119
129 163
129 188
130 175
130 142
130 145
130 115
130 128
130 183
130 158
130 124
130 165
130 109
130 123
130 175
130 192
130 211
131 206
131 136
131 122
131 133
131 162
131 134
131 186
131 128
131 111
131 180
131 173
131 194
131 128
131 123
131 186
131 163
131 188
131 132
131 121
131 138
131 116
131 224
132 147
132 190
132 149
132 117
132 180
132 108
132 189
132 191
132 215
132 131
132 187
132 171
132 118
132 132
132 167
132 114
132 213
132 179
132 157
132 166
132 515
133 178
133 184
133 157
133 193
133 156
133 187
133 126
133 151
133 118
133 109
133 131
133 173
133 115
133 141
133 205
133 122
133 136
133 215
133 167
133 200
134 214
134 143
134 178
134 117
134 130
134 162
134 157
134 133
134 212
134 132
134 185
134 117
134 161
134 115
134 186
134 187
134 169
134 152
134 150
134 188
134 156
134 453
135 134
135 155
135 185
135 141
135 128
135 201
135 135
135 205
135 184
135 184
135 206
135 168
135 149
135 125
135 132
135 132
135 188
135 113
135 184
135 116
136 124
136 135
136 124
136 169
136 135
136 167
136 196
136 139
136 170
136 151
136 165
136 131
136 174
136 166
136 199
136 143
136 153
136 176
136 152
136 207
136 111
136 184
136 146
136 122
136 139
136 142
136 134
137 145
137 200
137 142
137 136
137 177
137 131
137 130
137 128
137 115
137 139
137 205
137 211
137 170
137 114
137 130
137 161
138 132
138 140
138 176
138 143
138 182
138 207
138 165
138 199
138 214
138 125
138 129
138 126
138 139
138 200
138 141
138 146
138 142
138 141
138 140
138 140
138 170
138 193
138 162
139 145
139 146
139 145
139 144
139 114
139 178
139 133
139 126
139 149
139 167
139 131
139 136
139 170
139 143
139 129
139 204
139 198
140 115
140 126
140 185
140 200
140 169
140 200
140 146
140 113
140 186
140 135
140 137
140 215
140 140
140 174
140 143
141 207
141 143
141 142
141 161
141 133
141 119
141 180
141 207
141 210
141 162
141 139
141 162
141 121
141 215
141 152
141 133
141 123
141 161
141 137
141 171
141 182
141 123
142 205
142 172
142 118
142 211
142 136
142 137
142 155
142 147
142 176
142 113
142 155
142 162
142 129
142 196
142 215
142 151
142 156
142 198
142 124
142 130
142 204
142 132
142 200
142 159
142 151
142 201
142 123
142 112
142 176
142 202
143 125
143 176
143 141
143 136
143 146
143 108
143 198
143 167
143 124
143 156
143 210
143 122
143 213
143 194
143 121
143 187
143 183
143 187
143 190
143 201
143 144
143 158
143 182
143 168
143 173
143 175
143 169
143 120
143 186
143 138
143 123
144 208
144 165
144 134
144 207
144 112
144 163
144 183
144 150
144 204
144 206
144 148
144 112
144 167
144 141
144 127
144 214
144 152
144 115
144 167
144 159
144 183
144 148
144 187
145 155
145 166
145 124
145 198
145 129
145 180
145 194
145 108
145 174
145 132
145 210
145 196
145 170
145 139
145 137
145 181
145 166
145 211
145 149
146 194
146 145
146 128
146 119
146 175
146 111
146 207
146 127
146 201
146 125
146 121
146 159
146 127
146 123
146 117
146 121
146 132
146 203
146 166
146 109
146 157
146 169
146 133
146 130
146 132
146 118
147 170
147 144
147 153
147 194
147 204
147 147
147 180
147 146
147 201
147 125
147 132
147 145
147 112
147 159
147 146
147 122
147 191
147 201
147 204
147 199
147 204
147 206
148 135
148 176
148 162
148 138
148 178
148 187
148 201
148 173
148 134
148 159
148 120
148 130
148 175
148 113
148 154
148 180
148 155
148 191
148 199
148 120
148 191
148 110
148 113
148 112
148 197
148 176
148 131
148 140
148 158
149 177
149 176
149 157
149 185
149 215
149 112
149 175
149 120
149 152
149 119
150 135
150 202
150 187
150 123
150 186
150 147
150 124
150 151
150 134
150 154
150 112
150 165
150 162
150 201
150 185
150 124
150 161
150 194
150 184
150 190
150 120
150 142
151 194
151 206
151 109
151 115
151 163
151 200
151 143
151 215
151 192
151 124
151 198
151 120
151 138
151 187
151 158
151 192
151 128
151 159
151 196
151 208
151 128
151 203
151 200
151 138
152 114
152 151
152 142
152 177
152 199
152 162
152 152
152 213
152 167
152 110
152 143
152 132
152 122
152 160
152 209
152 185
152 134
152 193
152 182
152 160
152 198
152 126
153 192
153 152
153 180
153 117
153 207
153 138
153 154
153 118
153 120
153 119
153 160
153 197
153 200
153 194
153 129
153 211
153 197
154 165
154 208
154 186
154 205
154 108
154 173
154 147
154 188
154 117
154 156
154 195
154 152
154 148
154 190
154 157
154 153
154 190
154 199
154 211
154 162
154 151
154 165
155 200
155 176
155 141
155 150
155 134
155 141
155 199
155 208
155 121
155 134
155 123
155 142
155 209
155 207
155 109
155 153
155 108
155 200
155 174
155 116
155 135
155 129
155 203
155 185
156 165
156 194
156 144
156 160
156 201
156 176
156 148
156 153
156 108
156 149
156 129
156 127
156 189
156 123
156 196
156 191
156 130
157 146
157 190
157 176
157 108
157 117
157 138
157 115
157 206
157 135
157 210
157 148
157 152
157 127
157 160
157 211
157 115
157 195
157 116
157 128
157 172
157 120
157 214
157 197
157 202
157 166
157 139
158 137
158 160
158 193
158 186
158 163
158 182
158 153
158 125
158 194
158 151
158 153
158 202
158 191
158 123
158 141
158 202
159 135
159 196
159 182
159 196
159 197
159 141
159 156
159 200
159 201
159 128
159 125
159 111
159 153
159 183
159 152
159 201
159 126
159 109
159 140
159 115
159 118
160 128
160 168
160 140
160 150
160 125
160 194
160 169
160 186
160 145
160 125
160 134
160 177
160 124
160 193
160 182
160 193
160 150
160 190
160 207
160 140
160 132
160 127
160 165
160 204
160 211
160 130
160 159
160 108
160 181
160 190
160 168
161 110
161 167
161 135
161 164
161 199
161 143
161 158
161 155
161 131
161 166
161 194
161 108
161 151
161 174
161 183
161 154
161 154
162 201
162 122
162 155
162 126
162 108
162 172
162 139
162 163
162 174
162 173
162 193
162 188
162 199
162 115
162 121
162 145
162 185
162 144
162 212
162 135
162 211
162 203
162 186
162 143
162 195
162 201
162 170
162 113
162 215
162 128
163 163
163 215
163 201
163 212
163 123
163 115
163 202
163 108
163 201
163 108
163 164
163 188
163 121
163 189
163 198
163 146
163 112
163 170
163 146
163 166
163 173
163 210
163 202
164 122
164 209
164 113
164 117
164 193
164 198
164 126
164 132
164 110
164 120
164 121
164 148
165 182
165 123
165 158
165 205
165 147
165 196
165 133
165 144
165 147
165 180
165 180
165 192
165 147
165 176
165 165
165 180
165 140
165 112
165 130
165 158
166 128
166 122
166 113
166 131
166 189
166 120
166 153
166 164
166 146
166 176
166 155
166 120
166 152
166 134
166 129
166 133
166 148
166 164
167 183
167 156
167 150
167 193
167 185
167 173
167 150
167 189
167 132
167 158
167 173
167 183
167 160
167 201
167 213
167 147
167 132
167 210
167 171
167 110
167 192
167 195
167 150
168 111
168 108
168 192
168 113
168 136
168 153
168 109
168 132
168 138
168 132
168 205
168 195
168 202
168 198
168 192
168 137
168 134
168 110
168 153
169 194
169 133
169 203
169 133
169 214
169 168
169 128
169 116
169 161
169 198
169 162
169 153
169 205
169 130
169 177
170 209
170 182
170 157
170 187
170 190
170 193
170 132
170 185
170 119
170 162
170 157
170 156
170 201
170 139
170 131
170 152
170 127
170 165
170 203
170 176
170 113
170 209
170 205
170 210
171 155
171 194
171 164
171 151
171 165
171 198
171 173
171 116
171 214
171 166
171 135
171 134
171 190
171 196
171 173
171 207
171 190
171 211
171 160
171 200
171 189
171 211
171 109
171 155
172 118
172 147
172 190
172 163
172 134
172 121
172 144
172 141
172 140
172 125
172 117
172 116
172 188
172 212
172 146
172 132
172 109
172 197
172 151
172 205
172 158
173 148
173 181
173 127
173 123
173 177
173 169
173 123
173 184
173 165
173 118
173 194
173 173
173 193
173 167
173 196
173 182
173 169
173 139
173 172
173 176
173 180
173 139
173 211
173 175
173 172
173 110
173 207
173 203
173 183
173 179
173 207
173 197
173 142
173 121
173 200
174 173
174 168
174 111
174 118
174 200
174 213
174 153
174 148
174 204
174 134
174 110
174 151
174 161
174 148
174 140
174 207
174 169
174 177
174 140
174 171
175 182
175 188
175 169
175 127
175 155
175 202
175 152
175 132
175 192
175 138
175 150
175 146
175 158
175 145
175 204
176 211
176 127
176 120
176 162
176 128
176 142
176 123
176 205
176 149
176 214
176 119
176 115
176 123
176 124
176 207
176 165
176 197
176 144
176 120
176 132
176 132
176 191
176 136
176 147
176 163
176 182
176 159
176 180
177 157
177 174
177 148
177 132
177 186
177 112
177 109
177 198
177 180
177 139
177 190
177 149
178 148
178 153
178 180
178 131
178 137
178 132
178 150
178 140
178 131
178 202
178 155
178 159
178 110
178 158
178 211
178 146
179 149
179 202
179 185
179 198
179 161
179 151
179 215
179 215
179 211
179 146
179 181
179 178
179 151
179 120
179 183
180 165
180 207
180 209
180 109
180 141
180 152
180 175
180 123
180 146
180 133
180 209
180 136
180 188
180 108
180 154
180 177
181 145
181 123
181 176
181 193
181 151
181 178
181 131
181 127
181 129
181 165
181 183
181 127
181 149
181 181
181 132
181 203
181 156
182 161
182 211
182 136
182 133
182 195
182 181
182 165
182 182
182 183
182 147
182 192
182 122
182 134
182 126
182 176
182 150
182 186
182 119
182 207
183 192
183 119
183 151
183 172
183 126
183 155
183 108
183 151
183 205
183 182
183 203
183 213
183 156
183 122
183 140
183 177
183 178
183 187
183 210
183 158
183 187
184 147
184 161
184 114
184 158
184 162
184 174
184 131
184 109
184 150
184 161
184 167
184 115
184 134
184 169
184 158
184 164
184 140
184 184
184 162
184 135
184 197
184 141
185 109
185 154
185 155
185 142
185 213
185 146
185 147
185 184
185 180
185 195
185 178
185 143
185 203
185 114
185 205
185 180
185 188
185 180
185 169
185 173
185 180
185 185
185 175
186 202
186 200
186 131
186 207
186 152
186 158
186 162
186 177
186 142
186 209
186 171
186 131
186 127
186 127
186 124
186 151
186 213
186 158
186 149
186 191
186 205
186 115
186 134
186 378
187 160
187 169
187 132
187 207
187 172
187 151
187 126
187 167
187 153
187 177
187 170
187 124
187 115
187 208
187 155
187 124
187 156
187 159
187 172
187 148
187 151
187 170
187 146
187 187
187 202
187 109
187 147
187 185
187 163
187 184
187 230
188 143
188 120
188 174
188 176
188 201
188 156
188 200
188 198
188 115
188 212
188 170
188 156
188 164
189 123
189 162
189 188
189 205
189 182
189 130
189 195
189 164
189 195
189 189
189 145
189 171
189 116
189 111
189 195
189 154
189 127
189 108
189 166
189 214
189 198
189 124
189 127
190 108
190 199
190 163
190 159
190 203
190 134
190 154
190 157
190 198
190 155
190 196
190 111
190 166
190 137
190 173
190 123
190 125
190 171
190 152
190 123
190 125
191 115
191 114
191 113
191 190
191 196
191 199
191 207
191 115
191 143
191 198
191 137
191 125
191 160
191 136
191 138
191 117
191 200
191 179
191 127
191 128
191 152
191 125
192 132
192 132
192 131
192 140
192 127
192 199
192 189
192 160
192 174
192 148
192 120
192 181
192 150
192 121
192 149
192 179
192 124
192 125
192 170
192 191
192 133
192 159
192 189
192 193
193 173
193 187
193 171
193 196
193 204
193 176
193 154
193 159
193 128
193 138
193 128
193 151
193 213
193 123
193 207
193 192
193 144
193 117
193 165
193 191
193 153
193 127
194 209
194 154
194 213
194 178
194 122
194 168
194 200
194 207
194 150
194 210
194 210
194 180
194 187
194 168
194 152
194 111
194 213
194 185
194 187
194 165
194 116
194 147
194 178
194 136
194 132
194 116
194 208
194 150
194 108
194 203
194 163
194 185
194 199
195 135
195 170
195 179
195 204
195 155
195 204
195 128
195 176
195 113
195 113
195 146
195 169
195 205
195 154
195 145
195 120
195 181
195 134
195 194
195 166
196 187
196 135
196 159
196 135
196 171
196 197
196 121
196 172
196 154
196 187
196 135
196 172
196 141
196 124
196 146
196 135
196 148
196 198
196 123
196 122
196 175
196 199
197 173
197 177
197 128
197 151
197 160
197 114
197 198
197 153
197 116
197 186
197 115
197 199
197 127
197 193
197 132
197 305
198 163
198 185
198 139
198 181
198 143
198 211
198 118
198 111
198 123
198 131
198 194
198 213
198 162
198 139
198 167
198 137
198 124
198 137
198 173
198 143
198 139
198 199
198 137
198 179
199 181
199 121
199 112
199 120
199 128
199 184
199 203
199 198
199 159
199 137
199 167
199 140
199 117
199 181
199 180
199 155
199 149
199 186
199 141
199 159
200 109
200 112
200 161
200 162
200 199
200 207
200 112
200 127
200 132
200 148
200 140
200 148
200 174
200 197
200 143
200 139
200 145
200 183
200 124
200 213
200 122
200 135
200 207
200 176
200 198
200 172
200 200
201 135
201 154
201 120
201 118
201 128
201 196
201 207
201 158
201 119
201 111
201 127
201 210
201 187
201 140
201 178
201 115
201 189
201 212
201 129
201 207
201 129
201 184
201 124
201 177
202 148
202 145
202 130
202 131
202 113
202 151
202 115
202 134
202 133
202 190
202 173
202 119
202 113
202 120
202 127
202 112
202 149
202 110
202 189
202 123
202 137
202 159
202 119
202 147
202 147
202 205
202 144
203 145
203 173
203 207
203 202
203 127
203 126
203 203
203 136
203 186
203 185
203 193
203 129
203 199
203 196
203 155
203 118
203 178
203 125
203 201
203 151
203 157
204 170
204 189
204 200
204 188
204 129
204 162
204 166
204 176
204 213
204 171
204 157
204 119
204 122
204 170
204 171
204 199
204 125
204 131
205 135
205 108
205 201
205 184
205 140
205 124
205 123
205 125
205 198
205 189
205 202
205 142
205 192
205 180
205 200
205 141
205 201
205 121
205 400
206 142
206 153
206 129
206 187
206 140
206 154
206 203
206 176
206 134
206 108
206 148
206 159
206 202
206 179
206 154
206 191
206 127
206 153
206 119
206 192
206 131
206 145
207 168
207 140
207 110
207 181
207 132
207 181
207 153
207 114
207 160
207 136
207 209
207 164
207 130
207 144
207 126
207 197
207 115
207 133
207 214
207 210
207 165
207 169
207 126
207 138
207 140
207 124
207 110
207 113
207 194
207 108
207 172
208 173
208 187
208 201
208 194
208 165
208 198
208 169
208 115
208 205
208 148
208 155
208 117
208 196
208 205
208 138
209 197
209 138
209 144
209 130
209 164
209 110
209 142
209 170
209 138
209 199
209 122
209 171
209 137
209 178
209 119
209 238
210 208
210 149
210 126
210 155
210 188
210 150
210 127
210 122
210 130
210 116
210 140
210 155
210 124
210 141
210 186
210 144
210 200
210 146
210 161
210 170
211 184
211 147
211 208
211 142
211 133
211 177
211 123
211 201
211 142
211 142
211 140
211 112
211 137
211 189
211 147
211 165
211 135
211 144
211 149
211 138
211 162
211 185
211 118
211 184
211 186
211 113
211 154
211 179
212 165
212 132
212 162
212 156
212 182
212 165
212 215
212 123
212 170
212 176
212 177
212 210
212 116
212 142
213 172
213 171
213 120
213 116
213 160
213 128
213 119
213 175
213 166
213 109
213 200
213 130
213 196
213 191
213 195
213 205
213 143
213 168
213 151
213 165
214 196
214 180
214 145
214 151
214 155
214 165
214 116
214 215
214 207
214 170
214 157
214 203
214 183
214 198
214 141
214 189
214 213
214 185
214 149
214 134
214 197
215 165
215 152
215 160
215 190
215 159
215 182
215 204
215 144
215 172
215 110
215 188
215 126
215 131
215 155
215 173
215 180
215 211
215 133
215 124
215 188
216 225
216 231
216 253
216 269
216 222
216 272
216 218
216 261
216 256
216 267
216 263
216 217
216 274
216 224
216 242
216 273
216 227
216 227
216 238
216 216
217 251
217 230
217 237
217 263
217 230
217 280
217 229
217 249
217 224
217 218
217 250
217 259
217 225
217 219
217 225
217 267
217 244
217 257
217 216
217 273
217 240
217 253
218 225
218 278
218 237
218 236
218 271
218 269
218 268
218 275
218 240
218 230
218 252
218 238
218 219
218 336
218 356
219 218
219 259
219 276
219 262
219 221
219 278
220 232
220 235
220 224
220 222
220 217
220 270
220 221
220 256
220 271
221 216
221 279
221 234
221 252
221 217
221 217
221 235
221 218
221 229
221 252
221 443
222 256
222 270
222 217
222 267
222 240
222 225
222 216
222 252
222 226
222 273
222 262
222 228
222 218
222 237
222 236
222 265
222 222
222 223
222 269
222 328
223 271
223 262
223 224
223 242
223 276
223 238
223 280
223 267
223 229
223 238
223 236
223 266
223 246
223 264
223 239
223 225
223 223
224 219
224 265
224 232
224 242
224 221
224 249
224 226
224 268
224 235
224 239
225 257
225 253
225 280
225 278
225 253
225 253
225 247
225 269
225 274
225 229
225 276
225 271
225 256
225 247
226 279
226 272
226 260
226 253
226 260
226 273
226 271
227 278
227 223
227 234
227 251
227 260
227 217
227 251
227 256
228 251
228 242
228 230
228 271
228 252
228 223
228 269
228 220
228 225
228 235
228 253
228 265
228 230
228 250
228 257
228 439
229 252
229 261
229 265
229 245
229 280
229 275
229 240
229 246
229 245
229 229
230 254
230 256
230 225
230 248
230 223
230 217
230 260
230 270
230 255
230 235
230 250
231 248
231 218
231 224
231 217
231 248
231 242
231 225
231 237
231 276
231 240
231 236
231 250
231 218
232 262
232 271
232 234
232 217
232 225
232 227
232 274
232 255
232 262
232 223
232 247
232 251
232 275
232 268
232 267
233 269
233 273
233 222
233 280
233 251
233 242
233 271
233 277
233 238
233 272
233 224
233 248
234 240
234 271
234 233
234 256
235 231
235 218
235 267
235 243
235 240
235 269
235 243
235 236
235 270
235 277
235 238
236 229
236 265
236 262
236 274
236 233
237 267
237 267
237 246
237 266
237 268
237 276
237 217
237 234
237 268
238 263
238 247
238 221
238 223
238 256
238 236
238 255
238 268
238 280
238 254
238 223
238 279
238 270
238 254
238 239
238 257
239 270
239 218
239 272
239 252
239 280
239 254
239 251
239 274
239 239
239 258
239 279
239 227
239 238
239 259
239 275
239 331
240 245
240 238
240 233
241 244
241 260
241 228
241 274
241 239
242 249
242 265
242 262
242 271
242 257
242 275
242 243
242 269
242 252
242 227
242 278
243 255
243 264
243 221
243 244
243 278
243 259
243 248
243 275
244 270
244 232
244 266
244 223
244 277
244 253
244 275
244 218
244 226
244 231
244 222
244 230
244 270
244 236
244 221
245 267
245 264
245 228
245 229
245 280
245 232
245 225
245 277
245 243
245 280
245 365
246 249
246 265
246 244
246 253
246 273
246 244
246 238
246 392
247 272
247 259
247 272
247 276
247 256
247 263
247 232
247 233
247 256
247 269
248 247
248 264
248 259
248 273
248 259
248 258
248 243
248 228
248 267
248 380
249 217
249 267
249 254
249 238
249 229
249 253
249 243
249 221
249 268
249 269
249 228
249 272
250 237
250 228
250 280
250 234
250 237
250 240
250 254
250 230
251 260
251 247
251 258
251 235
251 222
251 260
251 244
251 235
251 260
251 245
251 230
251 248
251 261
252 247
252 250
252 269
252 268
252 246
252 271
252 251
252 249
252 272
252 257
252 262
253 223
253 226
253 238
253 229
253 252
253 231
253 267
253 239
254 242
254 261
254 229
254 238
254 241
254 270
254 219
254 279
254 227
254 270
255 278
255 216
255 279
255 239
255 261
256 228
256 268
256 275
256 272
256 217
256 230
256 279
256 231
256 231
256 229
256 224
256 227
257 241
257 268
257 260
257 233
257 223
257 247
257 265
257 255
257 234
257 273
257 271
257 216
257 262
257 246
257 230
257 278
258 252
258 218
258 263
258 232
258 220
258 269
258 218
258 375
259 248
259 260
259 262
259 227
259 223
259 265
259 235
259 254
259 262
259 247
259 272
259 222
260 252
260 249
260 270
260 248
260 226
260 280
260 265
260 232
260 228
260 216
260 239
260 493
261 262
261 246
261 274
261 236
261 218
261 231
261 226
261 256
261 273
261 232
261 235
261 268
261 327
261 310
261 505
262 272
262 272
262 256
262 271
262 260
262 229
262 270
262 228
262 217
262 270
262 310
263 217
263 221
263 255
263 221
263 276
263 258
263 258
263 274
263 414
264 247
264 276
264 267
264 260
264 247
264 240
265 271
265 246
265 228
265 257
265 234
265 246
265 267
265 227
265 264
265 230
265 260
265 238
265 247
265 238
265 273
265 252
265 216
265 315
266 251
266 261
266 228
266 223
266 240
266 232
266 279
266 274
267 248
267 261
267 224
267 216
267 278
267 252
267 228
267 228
267 234
267 264
267 227
267 232
267 240
267 280
267 271
267 237
267 224
267 232
267 247
267 236
267 219
268 239
268 279
268 248
268 252
268 258
268 247
268 259
268 248
268 245
268 228
268 260
269 264
269 275
269 267
269 268
269 237
269 262
269 279
269 247
269 218
270 233
270 259
270 266
270 274
270 269
270 262
270 219
270 241
270 228
270 224
270 353
270 303
271 218
271 218
271 280
271 227
271 248
271 256
271 235
271 278
271 246
271 264
271 237
271 261
271 223
271 232
271 499
272 255
272 260
272 273
272 236
272 267
272 263
272 219
272 251
272 223
272 220
273 246
273 261
273 232
273 244
273 275
273 230
273 270
273 235
273 234
273 241
273 234
273 385
274 258
274 255
274 224
274 238
274 277
274 244
274 271
274 225
274 216
274 229
274 222
274 242
274 244
274 258
274 230
274 277
274 276
274 245
274 270
274 354
275 259
275 253
275 231
275 253
275 247
275 229
275 217
275 269
275 222
275 278
275 264
275 279
276 227
276 232
276 243
276 271
276 267
276 261
276 270
276 250
276 266
276 248
276 342
277 225
277 237
277 251
277 247
277 231
277 276
277 238
277 233
277 232
277 229
277 225
277 218
278 273
278 263
278 271
278 231
278 250
278 254
278 222
278 275
278 237
278 234
278 239
278 250
278 239
278 274
279 216
279 240
279 272
279 227
279 231
279 277
279 276
279 245
279 268
279 229
279 265
279 233
280 230
280 235
280 267
280 247
280 267
280 220
280 266
280 253
280 267
280 219
280 245
280 238
280 244
280 267
280 259
280 498
281 341
281 297
281 369
281 330
281 377
281 352
281 367
281 292
281 345
281 307
281 384
281 335
281 375
281 359
281 378
282 385
282 346
282 299
282 337
282 293
282 373
282 365
282 285
282 308
282 332
282 351
282 369
282 385
282 355
282 327
282 340
282 325
282 292
282 341
282 347
283 307
283 312
283 321
283 316
283 308
283 373
283 382
283 375
283 348
283 375
283 319
283 282
283 284
283 294
283 381
283 379
283 358
283 352
283 300
283 308
283 383
283 333
283 457
284 327
284 358
284 358
284 322
284 294
284 341
284 314
284 337
284 282
284 379
284 342
284 380
284 351
284 338
284 287
284 352
284 327
284 293
284 380
284 354
284 384
284 374
284 365
284 295
284 395
285 293
285 331
285 352
285 290
285 372
285 337
285 321
285 380
285 282
285 327
285 303
285 343
285 284
285 352
286 321
286 355
286 346
286 293
286 299
286 300
286 298
286 296
286 346
286 350
286 325
286 281
286 318
286 306
286 351
286 366
286 368
286 312
286 379
286 301
286 388
286 331
286 329
287 343
287 329
287 303
287 344
287 376
287 380
287 306
287 378
287 332
287 304
287 324
287 363
287 288
287 354
287 286
287 400
288 347
288 337
288 357
288 292
288 309
288 309
288 348
288 283
288 382
288 314
288 301
288 283
288 327
288 321
288 333
288 373
288 291
289 369
289 287
289 286
289 338
289 387
289 298
289 292
289 350
289 297
289 293
289 324
289 376
289 338
290 287
290 378
290 298
290 338
290 342
290 300
290 349
290 359
290 348
290 361
290 338
290 381
290 341
290 285
290 294
290 301
290 284
290 286
290 344
290 300
290 385
290 347
290 333
290 318
290 282
290 343
290 357
290 286
290 356
290 282
290 372
290 281
290 333
290 318
290 333
290 358
290 348
291 283
291 376
291 303
291 359
291 327
291 345
291 289
291 328
291 281
291 333
291 341
291 385
291 330
291 298
291 372
291 378
291 301
291 343
292 374
292 388
292 336
292 301
292 309
292 338
292 322
292 283
292 325
292 283
292 361
292 377
292 333
292 325
292 341
292 332
292 386
292 387
292 342
292 301
292 282
292 294
292 282
292 304
292 300
292 327
293 329
293 375
293 383
293 367
293 333
293 315
293 330
293 370
293 345
293 339
293 330
293 301
294 344
294 288
294 304
294 359
294 376
294 284
294 288
294 334
294 479
295 361
295 310
295 386
295 327
295 385
295 383
295 326
295 388
295 336
296 327
296 301
296 324
296 291
296 349
296 288
296 314
296 345
296 304
296 344
296 320
296 286
296 386
296 342
296 301
296 293
296 289
296 329
296 330
296 313
296 294
296 384
296 290
296 295
296 291
297 344
297 345
297 346
297 352
297 338
297 357
297 351
297 286
297 328
297 306
297 375
297 357
297 315
297 324
297 327
297 385
297 282
297 353
297 326
297 372
297 362
297 331
297 295
298 341
298 322
298 281
298 345
298 307
298 301
298 331
298 292
298 357
298 318
298 336
298 289
298 359
298 344
298 374
298 326
299 317
299 293
299 326
299 360
299 353
299 381
299 338
299 321
299 293
299 367
299 335
300 387
300 372
300 324
300 335
300 316
300 355
300 308
300 308
300 367
300 384
300 324
300 311
300 324
300 307
300 283
300 353
300 298
300 381
300 326
300 353
300 306
300 349
300 347
300 358
300 325
301 309
301 338
301 383
301 383
301 351
301 298
301 308
301 287
301 361
301 297
301 368
301 318
301 310
301 354
301 292
301 380
301 396
302 361
302 373
302 293
302 384
302 386
302 341
302 317
302 326
302 317
302 315
302 351
302 290
302 319
302 382
302 364
302 317
302 290
302 367
302 291
302 337
302 357
302 299
303 296
303 364
303 285
303 302
303 387
303 383
303 362
303 380
303 319
303 375
303 314
303 317
303 297
303 323
303 288
303 301
303 289
303 312
303 302
303 364
303 345
303 288
303 345
304 351
304 320
304 376
304 372
304 372
304 333
304 291
304 314
304 289
304 330
304 347
304 302
304 356
304 288
304 331
304 312
304 324
305 303
305 377
305 352
305 350
305 289
305 324
305 335
305 383
305 333
305 317
305 287
305 324
305 335
305 337
305 301
306 375
306 326
306 303
306 365
306 284
306 381
306 284
306 365
306 300
306 287
306 319
306 351
306 321
306 315
307 304
307 326
307 289
307 357
307 340
307 343
307 315
307 298
307 379
307 384
307 312
307 302
307 385
308 377
308 348
308 350
308 292
308 308
308 361
308 382
308 349
308 291
308 346
308 373
308 321
308 318
309 322
309 332
309 355
309 350
309 330
309 289
309 380
309 338
309 309
309 361
309 359
309 295
309 345
309 342
309 358
309 316
310 346
310 319
310 365
310 340
310 376
310 295
310 352
310 348
310 351
310 282
310 290
310 358
310 324
310 332
310 386
310 367
310 307
310 304
310 350
310 380
310 385
310 314
311 360
311 327
311 366
311 314
311 320
311 383
311 309
311 306
311 384
311 340
311 374
311 366
311 294
311 336
311 308
311 291
311 375
311 282
311 344
311 343
311 312
311 294
312 313
312 359
312 372
312 388
312 312
312 364
312 296
312 312
312 383
312 318
312 364
312 296
312 359
313 373
313 323
313 379
313 383
313 340
313 313
313 386
313 332
313 381
313 356
313 385
313 313
313 318
313 333
314 310
314 319
314 375
314 306
314 296
314 377
314 297
314 295
314 314
314 352
314 349
314 291
314 364
314 289
314 355
314 301
315 302
315 381
315 349
315 371
315 353
315 377
315 311
315 284
315 348
315 327
315 315
315 384
315 319
315 360
315 354
315 467
316 305
316 305
316 372
316 377
316 329
316 291
316 353
316 353
316 505
317 371
317 292
317 341
317 356
317 330
317 307
317 317
317 288
317 304
317 334
317 314
317 381
317 294
317 324
317 374
317 314
318 367
318 336
318 281
318 373
318 364
318 322
318 310
318 365
318 376
318 317
318 323
319 350
319 295
319 356
319 319
319 312
319 369
319 387
319 306
319 357
319 328
319 318
319 313
319 341
319 321
319 287
319 355
319 376
319 320
319 308
319 338
319 306
319 370
319 293
319 370
320 337
320 381
320 363
320 315
320 291
320 343
320 371
320 298
320 293
320 355
320 359
320 340
320 311
320 296
320 381
321 351
321 351
321 326
321 362
321 320
321 339
321 342
321 322
321 329
321 313
321 354
321 345
321 303
321 327
322 288
322 335
322 352
322 361
322 381
322 372
322 365
322 297
322 365
322 388
322 348
322 351
322 281
322 358
323 350
323 380
323 294
323 369
323 321
323 345
323 374
323 343
323 352
324 319
324 357
324 282
324 346
324 330
324 321
324 303
324 386
324 355
324 344
324 315
324 300
324 285
324 350
324 377
324 288
325 285
325 303
325 304
325 357
325 377
325 311
325 281
325 352
325 285
325 371
325 365
325 353
325 301
325 327
325 333
325 339
325 359
325 359
325 320
326 374
326 315
326 374
326 315
326 365
326 341
326 368
326 354
326 302
326 372
326 313
326 372
326 329
326 339
326 336
326 368
327 336
327 348
327 323
327 347
327 282
327 291
327 349
327 380
327 360
327 336
327 303
327 352
327 356
327 333
327 351
327 347
327 282
327 298
327 282
327 349
327 317
328 316
328 370
328 363
328 333
328 283
328 284
328 372
328 331
328 360
328 294
328 379
328 388
328 361
328 388
328 340
328 319
328 326
328 319
328 461
329 321
329 378
329 369
329 327
329 298
329 385
329 335
329 282
329 354
329 294
329 371
329 292
329 359
329 377
329 301
329 364
329 365
329 370
329 326
329 336
329 385
329 307
329 303
329 377
329 312
330 296
330 387
330 383
330 293
330 297
330 371
330 379
330 376
330 335
330 323
330 383
330 297
330 304
330 355
330 341
330 377
330 383
330 333
331 294
331 334
331 294
331 303
331 306
331 300
331 296
331 304
331 376
331 368
331 375
331 303
331 332
332 352
332 378
332 319
332 387
332 367
332 374
332 333
332 312
332 290
332 296
332 334
332 336
332 349
332 331
332 354
332 371
332 362
333 346
333 342
333 293
333 372
333 311
333 304
333 288
333 313
333 347
333 380
333 374
333 327
333 315
333 326
333 293
333 306
333 284
333 335
333 342
333 377
333 362
334 293
334 365
334 340
334 386
334 342
334 348
334 382
334 316
334 340
334 347
334 362
334 283
334 343
334 314
335 341
335 359
335 288
335 299
335 291
335 346
335 303
335 303
335 323
335 375
335 318
335 284
335 287
335 366
335 313
335 327
335 347
335 304
335 293
335 310
335 375
335 385
335 480
336 377
336 361
336 284
336 296
336 325
336 313
336 305
336 375
336 314
336 318
336 300
336 340
336 377
336 383
336 327
336 385
336 339
337 364
337 356
337 377
337 302
337 357
337 324
337 292
337 315
337 281
337 284
337 375
337 380
337 328
337 388
337 360
337 354
337 380
337 327
337 365
337 377
338 293
338 355
338 282
338 351
338 290
338 349
338 286
338 374
338 370
338 361
338 308
338 453
339 359
339 303
339 324
339 318
339 380
339 342
339 329
339 361
339 302
339 301
339 282
339 354
339 345
339 379
339 354
340 346
340 363
340 386
340 380
340 386
340 300
340 387
340 342
340 327
340 342
340 336
340 296
340 355
340 372
340 374
340 367
341 284
341 376
341 298
341 290
341 344
341 380
341 292
341 325
341 341
341 349
341 386
341 350
341 344
341 357
341 354
341 366
341 282
341 285
341 357
341 298
341 374
341 285
341 368
341 283
341 378
341 423
342 338
342 357
342 387
342 299
342 349
342 377
342 332
342 301
342 365
342 378
342 346
342 288
342 340
342 356
342 311
342 383
342 301
342 327
342 286
342 321
342 371
342 335
342 377
342 303
342 286
342 310
342 366
342 297
342 335
342 367
343 311
343 336
343 373
343 378
343 346
343 295
343 302
343 321
343 345
343 365
343 282
343 286
343 322
343 361
343 337
343 364
343 321
343 330
343 296
343 312
343 364
343 422
344 378
344 357
344 301
344 322
344 325
344 334
344 324
344 345
344 386
344 329
344 388
344 320
344 374
344 301
344 325
344 286
344 340
344 322
344 355
344 338
344 457
345 296
345 293
345 368
345 320
345 332
345 311
345 329
345 373
345 298
346 335
346 338
346 284
346 336
346 347
346 355
346 354
346 311
346 322
346 293
346 346
346 380
346 304
346 287
347 304
347 284
347 296
347 285
347 338
347 359
347 357
347 319
347 341
347 318
347 357
347 368
347 365
347 308
348 320
348 333
348 379
348 374
348 307
348 290
348 285
348 351
348 307
348 383
348 307
348 302
349 293
349 292
349 323
349 367
349 315
349 374
349 287
349 351
349 298
349 367
349 361
349 373
349 289
349 307
349 292
350 327
350 376
350 343
350 297
350 291
350 324
350 335
350 323
350 351
350 340
350 311
350 362
350 308
350 284
350 345
350 376
351 290
351 316
351 305
351 296
351 369
351 311
351 368
351 323
351 337
351 383
351 381
351 317
351 352
351 334
351 321
351 299
351 317
351 355
351 309
352 330
352 378
352 292
352 323
352 374
352 351
352 310
352 309
352 341
352 319
352 282
352 314
352 285
352 317
352 381
352 372
352 328
352 379
352 343
352 348
352 291
352 284
353 385
353 385
353 354
353 354
353 347
353 310
353 312
353 294
353 382
353 329
353 349
353 324
353 442
354 364
354 295
354 326
354 323
354 377
354 355
354 360
354 320
354 384
354 330
354 339
354 352
354 315
354 384
354 314
354 343
354 381
355 360
355 301
355 333
355 352
355 325
355 345
355 315
355 377
355 361
355 377
355 342
355 346
355 349
356 304
356 306
356 325
356 303
356 360
356 306
356 308
356 387
356 351
356 355
356 331
356 323
356 362
356 325
356 379
356 326
356 382
357 384
357 344
357 327
357 312
357 291
357 354
357 365
357 285
357 334
357 498
358 294
358 290
358 350
358 360
358 385
358 364
358 292
358 358
358 339
358 328
358 304
358 287
358 345
358 354
358 339
358 514
359 307
359 315
359 331
359 377
359 370
359 366
359 384
359 306
359 298
359 314
359 337
359 299
359 318
359 305
359 314
359 381
359 327
359 381
360 283
360 320
360 329
360 358
360 363
360 348
360 330
360 328
360 307
360 370
360 290
360 300
361 367
361 297
361 350
361 316
361 306
361 319
361 371
361 298
361 333
361 301
361 369
361 292
361 307
361 283
361 367
361 361
361 386
361 300
361 318
361 362
361 333
361 323
361 350
361 341
361 328
361 365
362 378
362 297
362 386
362 355
362 284
362 317
362 363
362 383
362 388
362 369
362 386
362 374
362 356
362 281
362 371
362 287
362 299
362 307
362 286
362 338
362 376
363 329
363 379
363 383
363 356
363 354
363 375
363 361
363 287
363 503
364 327
364 296
364 284
364 299
364 348
364 304
364 324
364 383
364 287
364 304
364 308
364 329
364 334
364 479
365 337
365 322
365 383
365 333
365 364
365 283
365 328
365 302
365 386
365 324
365 283
365 323
365 372
365 353
365 317
365 332
365 322
365 329
365 281
365 328
365 325
365 352
365 385
365 283
365 346
365 482
366 328
366 326
366 312
366 282
366 367
366 297
366 304
366 320
366 362
366 360
366 366
366 388
366 359
366 324
367 310
367 291
367 326
367 297
367 314
367 297
367 346
367 327
367 379
367 366
367 355
367 365
367 312
367 288
367 385
367 353
367 317
367 331
367 311
367 353
367 329
367 298
367 367
368 308
368 340
368 330
368 306
368 306
368 360
368 291
368 360
368 308
368 385
368 282
368 335
368 307
368 321
368 326
368 294
369 382
369 323
369 344
369 360
369 291
369 339
369 311
369 324
369 387
369 307
369 376
369 289
369 436
370 314
370 309
370 353
370 307
370 368
370 285
370 315
370 315
370 334
370 316
370 326
370 307
370 294
370 327
371 384
371 303
371 351
371 320
371 365
371 328
371 347
371 297
371 376
371 378
371 366
371 295
371 312
371 287
371 282
371 317
371 363
371 368
371 340
371 317
371 377
371 336
371 371
371 371
371 288
371 326
372 339
372 312
372 349
372 377
372 307
372 311
372 314
372 352
372 282
372 281
372 318
372 338
372 288
372 304
372 311
372 379
372 338
372 287
372 320
372 362
373 360
373 319
373 377
373 337
373 320
373 357
373 335
373 376
373 359
373 329
373 365
374 361
374 314
374 330
374 354
374 347
374 291
374 363
374 336
374 322
374 283
374 380
374 282
374 317
374 328
374 289
374 377
375 342
375 282
375 342
375 352
375 306
375 288
375 361
375 360
375 386
375 323
375 317
375 378
376 328
376 344
376 298
376 313
376 307
376 293
376 345
376 374
376 356
376 386
376 386
376 322
376 314
376 356
376 339
376 319
376 284
376 459
377 318
377 284
377 357
377 292
377 361
377 351
377 351
377 285
377 299
377 301
377 347
377 377
377 379
377 370
377 290
377 375
377 294
377 342
377 345
377 333
377 297
377 303
377 354
377 344
377 343
377 304
377 321
377 311
377 375
377 500
378 292
378 327
378 334
378 320
378 299
378 328
378 329
378 317
378 372
378 367
378 319
378 330
378 387
378 354
378 313
379 323
379 287
379 362
379 372
379 335
379 307
379 290
379 310
379 360
379 308
379 307
379 290
379 376
379 330
379 319
379 340
379 367
379 297
379 471
380 310
380 285
380 325
380 303
380 324
380 344
380 330
380 296
380 330
380 340
380 290
380 299
380 326
380 363
380 299
380 291
380 319
380 342
380 321
380 286
380 357
380 457
380 509
381 345
381 360
381 289
381 360
381 364
381 368
381 343
381 372
381 357
381 323
381 441
382 356
382 297
382 287
382 293
382 386
382 385
382 362
382 324
382 362
382 376
382 290
382 283
382 374
382 358
382 352
382 334
382 329
382 362
383 322
383 337
383 300
383 350
383 380
383 345
383 301
383 291
383 370
383 368
383 352
383 316
383 333
383 314
383 312
383 345
383 303
383 292
383 344
383 322
383 373
383 354
383 284
384 380
384 369
384 325
384 299
384 332
384 351
384 362
385 305
385 362
385 309
385 342
385 330
385 384
385 352
385 282
385 319
385 332
385 325
385 380
385 310
385 353
385 341
385 351
385 352
385 380
385 356
385 388
385 349
385 364
386 296
386 284
386 365
386 364
386 292
386 366
386 307
386 326
386 376
386 282
386 321
386 307
386 358
386 342
386 287
386 338
386 312
386 283
386 289
386 410
387 359
387 281
387 374
387 370
387 324
387 355
387 331
387 329
387 333
387 347
387 360
387 317
387 377
387 285
387 362
387 359
387 331
387 383
387 298
388 301
388 285
388 296
388 293
388 385
388 384
388 324
388 311
388 340
388 301
388 329
388 295
388 291
388 333
388 323
388 301
389 418
389 430
389 390
389 399
389 409
389 423
389 410
390 452
390 408
390 459
390 392
390 457
390 411
391 453
391 422
391 391
391 392
392 419
392 418
392 389
392 458
392 459
392 392
392 426
392 401
393 458
393 457
393 404
393 424
393 454
393 395
393 410
394 399
394 454
394 451
394 413
394 425
395 389
395 395
395 423
395 413
395 458
395 460
395 437
395 414
395 432
395 440
395 419
395 427
395 437
395 414
395 478
396 436
396 420
396 436
396 404
396 397
397 409
397 397
397 395
397 411
397 421
397 421
397 428
397 417
397 408
397 445
397 419
397 438
397 392
397 437
398 452
398 395
398 437
398 409
398 401
398 461
398 391
398 459
399 441
399 407
399 400
399 393
399 410
399 442
400 426
400 425
400 405
400 458
400 399
400 398
400 444
400 428
400 442
400 458
400 398
400 397
401 430
401 440
401 459
401 444
401 404
401 397
401 402
401 434
401 404
401 455
401 425
401 457
402 408
402 410
402 395
402 437
402 416
402 454
403 443
403 434
403 431
403 414
403 445
403 461
403 442
403 398
403 410
403 396
404 437
404 413
404 422
404 433
404 397
404 390
404 396
404 419
404 400
404 417
404 447
404 422
404 446
405 390
405 452
405 450
405 395
405 395
405 391
405 426
406 415
406 415
406 436
406 389
406 446
406 402
406 413
406 433
406 458
407 420
407 393
407 417
407 416
407 399
407 392
407 393
407 398
407 428
407 459
408 426
408 404
408 428
408 395
408 449
408 431
408 458
409 453
409 420
409 443
409 394
409 395
409 390
409 405
409 499
410 396
410 412
410 390
410 400
410 449
410 427
410 436
410 401
410 393
411 421
411 455
411 438
411 415
411 425
411 418
412 461
412 400
412 452
412 430
412 434
412 454
413 399
413 412
413 419
413 461
413 426
413 447
413 422
414 453
414 455
414 437
414 409
414 437
414 410
414 440
414 395
414 440
414 440
414 409
415 392
415 454
415 393
415 403
415 394
415 459
415 445
415 457
415 404
415 403
415 400
416 449
416 433
416 423
416 397
416 397
416 392
416 394
416 413
416 443
416 442
417 456
417 420
417 399
417 456
417 432
417 419
417 401
418 445
418 445
418 459
419 398
419 404
419 408
419 392
419 433
419 421
419 438
419 452
419 420
419 403
419 397
420 403
420 408
420 400
420 398
420 392
420 412
421 404
421 436
421 456
421 459
421 426
421 428
421 461
421 403
421 447
421 415
421 436
421 433
421 430
421 427
421 459
422 422
422 455
422 408
422 437
422 459
422 457
422 457
423 431
423 403
423 408
423 458
423 410
423 445
423 402
423 405
424 423
424 447
424 444
424 444
424 413
424 395
425 459
425 401
425 436
425 439
425 428
425 402
425 432
426 411
426 404
426 461
426 420
426 393
426 414
426 391
426 409
426 446
427 458
427 419
427 394
427 390
427 459
427 428
427 445
427 460
427 420
427 434
427 459
427 413
428 442
428 413
428 390
428 446
428 448
428 440
428 404
429 433
429 437
429 456
430 433
430 400
430 413
430 395
430 410
430 444
430 431
430 447
430 459
431 421
431 453
431 416
431 403
431 432
431 401
431 406
431 409
431 401
431 455
432 415
432 450
432 450
432 412
432 414
432 395
432 400
432 393
432 450
432 410
432 418
433 410
433 425
433 441
433 457
433 396
434 458
434 396
434 398
434 434
434 392
434 437
434 423
434 459
434 434
434 402
434 442
434 409
435 395
435 422
435 456
435 430
435 394
435 402
435 407
435 389
435 436
435 448
435 446
436 390
436 397
436 449
436 399
436 452
437 434
437 434
437 450
437 455
437 453
437 410
437 398
437 412
437 500
438 447
438 448
438 461
438 418
438 409
438 418
438 392
438 399
439 452
439 447
439 459
439 444
440 394
440 444
440 392
440 397
440 400
440 400
440 421
440 444
440 516
441 401
441 453
441 426
441 415
441 432
441 421
441 409
441 461
441 392
441 401
442 433
442 404
442 419
442 422
442 458
442 453
442 448
443 392
443 406
443 412
443 424
443 442
444 424
444 421
444 425
444 393
444 422
444 459
444 448
444 435
444 398
444 431
444 403
445 408
445 458
445 410
445 405
445 399
445 437
445 392
445 448
446 430
446 436
446 396
447 432
447 389
447 430
448 411
448 411
448 430
448 422
448 447
448 441
448 426
448 443
448 393
448 415
448 411
449 416
449 391
449 395
449 431
449 458
449 411
450 459
450 456
450 433
450 407
450 453
451 393
451 457
452 432
452 436
452 409
452 449
452 412
452 414
452 413
452 389
452 409
452 409
452 451
453 445
453 423
453 448
453 397
453 453
453 424
453 456
453 448
453 442
454 399
454 443
454 405
455 431
455 406
455 394
455 457
455 431
455 449
455 438
456 432
456 440
456 449
456 401
456 493
457 447
457 397
457 398
457 399
457 436
457 391
457 435
457 403
457 422
457 399
457 413
457 414
457 449
457 428
457 421
457 449
457 449
458 396
458 460
458 393
458 457
458 405
458 436
458 452
458 443
459 423
459 423
459 414
459 419
459 431
459 448
459 416
459 397
459 411
459 457
460 389
460 392
460 420
460 449
460 399
460 423
460 412
460 426
460 391
460 412
461 404
461 449
461 395
461 415
461 391
461 417
462 468
462 476
462 481
462 487
462 468
462 480
463 476
463 466
463 469
463 469
463 474
464 467
464 466
464 466
464 480
464 488
464 487
464 470
464 483
464 480
465 477
466 463
466 464
466 478
466 478
466 467
466 482
466 484
467 485
467 476
467 478
467 463
468 472
468 470
468 480
468 468
468 471
468 486
468 471
468 489
468 482
469 478
469 480
469 464
469 473
469 478
469 462
469 469
469 479
470 471
470 488
470 468
470 462
470 465
470 487
470 470
470 479
470 482
470 482
470 469
470 471
471 490
471 488
471 464
471 473
471 477
471 473
471 483
471 470
472 469
472 490
472 471
472 462
472 466
472 478
472 482
472 472
473 469
473 468
473 469
474 482
475 471
475 465
476 475
476 469
476 475
476 472
476 471
476 475
476 479
476 481
476 472
476 466
476 488
477 487
477 476
477 469
477 470
477 476
477 463
477 476
478 480
478 467
478 475
478 478
478 476
478 482
478 488
478 468
479 467
479 472
479 489
479 477
479 473
480 468
480 481
480 483
481 474
481 478
481 481
481 467
481 487
481 483
481 469
482 472
482 476
482 478
482 469
482 472
482 471
483 467
483 467
483 463
483 484
483 468
484 476
484 472
484 465
484 480
485 470
486 468
486 472
486 476
486 470
486 466
486 479
487 471
487 472
488 463
488 462
488 481
488 462
488 472
488 464
488 471
488 472
489 476
489 481
490 463
490 466
490 483
490 463
490 471
491 501
491 492
491 501
491 499
491 512
492 501
492 507
492 493
492 512
492 495
492 508
492 500
492 499
492 515
493 492
493 503
493 503
493 491
495 496
495 495
496 496
496 504
496 491
496 499
496 501
496 508
496 498
496 507
496 508
496 501
497 500
497 506
497 496
497 508
498 500
498 505
498 499
499 500
499 504
499 510
499 503
499 510
500 512
500 497
500 506
500 508
500 500
500 496
500 505
500 509
500 514
500 500
500 501
500 499
500 506
500 513
500 509
501 508
501 508
501 503
501 491
502 498
502 500
503 496
503 507
503 501
503 492
503 499
503 497
504 500
504 492
504 499
504 498
504 506
504 515
504 507
504 506
505 503
505 499
505 495
505 505
506 498
506 496
506 501
506 514
506 504
506 492
506 514
506 495
506 504
507 495
507 504
507 495
508 509
508 512
508 493
508 515
509 495
509 500
509 513
509 509
509 503
509 512
510 492
510 491
510 516
510 513
510 500
510 499
510 499
510 504
510 510
510 500
510 510
510 499
511 513
512 513
512 497
512 506
512 512
512 509
513 498
514 506
514 493
514 500
515 499
515 500
515 515
515 502
516 510
516 497
516 502