0 11
0 14
0 7
0 35
0 17
0 45
0 70
0 82
0 53
0 52
0 50
0 91
0 14
0 37
0 24
0 8
0 66
0 98
0 62
0 24
1 73
1 22
1 67
1 76
1 11
1 48
1 95
1 63
1 5
1 19
1 56
1 97
1 68
1 88
1 60
1 30
1 79
1 62
2 99
2 8
2 76
2 59
2 58
2 17
2 40
2 44
2 2
2 56
2 37
2 47
2 106
3 41
3 40
3 12
3 61
3 66
3 69
3 99
3 79
3 105
3 44
3 91
3 4
3 85
3 7
4 40
4 47
4 62
4 74
4 30
4 59
4 67
4 73
4 26
4 55
4 106
4 0
4 21
4 24
4 103
4 104
4 53
4 54
4 42
4 503
5 77
5 63
5 107
5 74
5 18
5 95
5 74
5 98
5 88
5 79
5 26
5 55
5 258
6 81
6 51
6 100
6 24
6 87
6 58
6 95
6 52
6 16
6 12
6 74
6 7
6 89
6 307
7 24
7 102
7 41
7 104
7 94
7 99
7 33
7 61
7 10
7 1
7 41
7 83
7 18
7 57
7 79
7 62
8 41
8 15
8 93
8 7
8 35
8 0
8 4
8 28
8 19
8 21
8 58
8 279
9 36
9 75
9 37
9 94
9 15
9 3
9 71
9 4
9 25
9 32
9 64
9 58
9 45
9 38
9 49
10 55
10 38
10 65
10 93
10 88
10 94
10 33
10 33
10 76
10 107
10 5
10 90
11 9
11 15
11 56
11 103
11 100
11 1
11 5
11 66
11 82
11 56
11 92
11 46
11 46
11 45
11 28
11 54
11 79
11 77
11 33
11 100
11 73
11 95
12 73
12 85
12 88
12 32
12 83
12 87
12 79
12 1
12 82
12 57
12 24
12 83
12 15
12 28
12 17
13 66
13 49
13 46
13 87
13 72
13 78
13 25
13 102
13 42
13 53
13 27
13 47
13 79
13 90
13 352
14 89
14 11
14 66
14 102
14 42
14 18
14 106
14 54
14 106
14 53
14 79
14 25
14 74
14 20
14 105
14 76
14 6
15 106
15 11
15 79
15 5
15 39
15 43
15 71
15 2
15 97
15 59
15 14
15 38
15 99
15 92
15 51
15 56
15 7
15 80
15 41
15 45
16 4
16 66
16 24
16 7
16 44
16 88
16 86
16 52
16 71
16 23
16 1
16 22
16 0
16 22
16 71
16 30
16 39
16 107
16 92
16 4
16 95
16 76
16 25
16 39
16 45
16 225
16 318
17 28
17 87
17 73
17 35
17 13
17 70
17 65
17 61
17 61
17 46
17 45
17 9
18 23
18 18
18 97
18 35
18 34
18 61
18 73
18 76
18 251
19 59
19 34
19 80
19 48
19 107
19 63
19 51
19 4
19 32
19 55
19 38
19 76
19 98
19 37
19 1
19 25
19 86
19 53
19 35
19 211
20 93
20 83
20 61
20 78
20 102
20 79
20 77
20 30
20 92
20 71
20 46
20 52
20 5
20 60
20 161
21 49
21 65
21 38
21 68
21 77
21 95
21 16
21 32
21 70
21 104
21 21
21 103
21 53
21 78
21 72
21 103
21 24
21 63
21 2
21 40
21 67
21 69
21 11
21 30
21 25
21 91
21 57
21 137
21 481
22 73
22 20
22 106
22 93
22 21
22 104
22 84
22 97
22 33
22 95
22 45
22 41
22 6
22 25
22 68
22 78
22 34
22 70
22 38
22 40
22 34
22 95
22 493
23 106
23 21
23 20
23 74
23 51
23 69
23 71
23 52
23 105
23 16
23 22
23 0
23 83
23 80
23 103
23 65
23 65
23 26
24 42
24 94
24 86
24 42
24 73
24 76
24 88
24 98
24 96
24 37
24 104
24 91
24 15
24 13
24 62
24 58
24 63
24 45
24 100
24 0
24 88
24 85
24 25
25 21
25 105
25 41
25 8
25 43
25 34
25 52
25 68
25 82
25 1
25 43
25 89
25 82
25 68
25 27
25 49
26 76
26 87
26 51
26 20
26 52
26 25
26 25
26 34
26 21
26 102
26 122
26 312
27 36
27 78
27 68
27 80
27 34
27 3
27 12
27 30
27 80
27 37
27 83
27 87
27 97
27 94
27 99
27 20
27 53
27 353
28 76
28 1
28 8
28 16
28 100
28 77
28 6
28 101
28 92
28 47
28 17
28 89
28 48
28 73
28 68
28 100
28 91
28 63
28 88
28 92
28 1
28 32
28 33
28 21
29 12
29 50
29 22
29 20
29 103
29 103
29 53
29 47
29 69
29 44
29 64
29 42
29 17
30 1
30 87
30 73
30 100
30 16
30 15
30 61
30 9
30 28
30 43
30 41
30 70
30 39
30 83
30 56
30 75
30 85
30 44
30 42
30 43
30 48
30 67
30 92
30 106
30 91
30 339
31 23
31 79
31 7
31 54
31 65
31 74
31 28
31 69
31 6
31 19
31 22
31 59
31 23
31 55
31 7
31 2
31 91
31 33
31 76
31 125
31 369
32 2
32 83
32 106
32 45
32 15
32 93
32 94
32 28
32 31
32 94
32 35
32 13
32 77
32 86
32 98
32 322
33 43
33 8
33 39
33 11
33 6
33 77
33 65
33 59
33 25
33 106
33 102
33 41
33 8
33 89
33 70
33 41
33 53
34 47
34 5
34 33
34 19
34 58
34 7
34 99
34 68
34 53
34 56
34 78
34 61
34 13
34 59
34 25
34 11
34 8
34 26
34 90
34 107
35 21
35 21
35 38
35 53
35 78
35 48
35 4
35 94
35 2
35 83
35 92
35 61
35 76
35 37
35 55
35 51
35 60
35 53
35 24
35 64
35 0
35 3
35 81
35 93
35 27
35 89
36 37
36 50
36 104
36 44
36 19
36 30
36 16
36 7
36 28
36 36
36 62
36 107
37 7
37 41
37 107
37 18
37 28
37 93
37 4
37 86
37 36
37 76
37 83
37 18
37 4
37 40
37 97
37 79
37 164
38 36
38 32
38 107
38 92
38 8
38 59
38 96
38 4
38 59
38 38
38 75
38 15
38 100
38 101
38 92
38 47
38 50
38 107
38 472
39 21
39 98
39 31
39 14
39 24
39 49
39 68
39 89
39 11
39 9
39 99
39 69
39 45
39 38
39 54
40 27
40 65
40 9
40 81
40 63
40 48
40 88
40 34
40 103
40 92
40 11
40 38
40 105
40 83
40 69
40 475
40 514
41 48
41 27
41 88
41 63
41 95
41 7
41 92
41 72
41 96
41 46
41 14
41 3
41 86
41 17
41 90
41 72
41 6
41 30
41 27
42 9
42 103
42 69
42 105
42 71
42 36
42 61
42 9
42 68
42 53
43 80
43 27
43 77
43 86
43 68
43 8
43 24
43 17
43 79
43 23
43 92
43 94
43 51
43 73
43 99
43 34
43 41
43 391
44 48
44 40
44 103
44 37
44 61
44 82
44 47
44 84
44 91
44 70
45 89
45 103
45 76
45 88
45 88
45 62
45 46
45 103
45 22
45 107
45 6
45 69
45 46
45 43
45 79
45 76
45 76
45 25
45 65
45 97
45 41
45 73
45 53
45 52
45 2
45 267
46 103
46 34
46 15
46 23
46 78
46 43
46 71
46 33
46 54
46 57
46 81
46 96
46 44
46 36
46 52
46 74
46 36
46 38
47 12
47 2
47 43
47 21
47 103
47 58
47 75
47 88
47 22
47 67
47 90
48 42
48 18
48 88
48 65
48 11
48 73
48 83
48 34
48 71
48 35
48 59
48 11
48 48
48 24
48 24
48 67
48 99
48 10
48 136
49 1
49 48
49 85
49 88
49 6
49 73
49 56
49 59
49 99
49 101
49 53
49 95
50 15
50 9
50 33
50 88
50 6
50 21
50 103
50 57
50 78
50 5
50 95
50 66
50 85
50 30
50 55
50 18
50 91
50 28
50 22
50 22
50 0
50 24
50 40
50 38
50 106
50 507
51 88
51 83
51 25
51 22
51 105
51 104
51 64
51 102
51 51
51 53
51 83
51 77
51 31
51 3
51 38
51 46
52 31
52 46
52 105
52 77
52 49
52 9
52 20
52 0
52 67
52 93
52 63
52 105
52 79
52 59
52 25
52 86
52 346
53 93
53 101
53 0
53 67
53 20
53 18
53 1
53 77
53 77
53 100
53 93
53 132
53 165
54 96
54 17
54 21
54 9
54 97
54 19
54 52
54 72
54 37
54 94
54 23
54 48
54 83
54 71
54 24
55 100
55 37
55 58
55 7
55 84
55 95
55 98
55 37
55 93
55 62
55 21
55 17
55 87
55 46
55 70
55 29
55 106
56 66
56 49
56 91
56 25
56 53
56 11
56 105
56 23
56 94
56 64
56 66
56 7
56 51
56 100
56 60
56 4
56 95
56 490
57 16
57 57
57 42
57 107
57 63
57 33
57 38
57 53
58 80
58 82
58 38
58 100
58 4
58 31
58 65
58 5
58 49
58 23
58 97
58 32
58 67
58 68
58 17
58 44
58 26
58 43
59 91
59 93
59 28
59 38
59 75
59 71
59 99
59 49
59 21
59 46
59 81
59 49
59 56
59 77
59 104
59 90
59 24
59 15
60 36
60 2
60 60
60 70
60 37
60 24
60 20
60 22
60 1
60 246
61 45
61 66
61 40
61 97
61 24
61 38
61 107
61 75
61 78
61 1
61 48
61 35
61 63
61 31
61 1
61 91
61 39
61 27
61 65
61 57
61 12
61 10
61 31
61 14
61 36
62 98
62 30
62 3
62 49
62 3
62 51
62 70
62 16
62 22
62 28
62 31
62 51
62 26
62 75
62 14
62 83
62 59
62 88
62 40
62 95
62 88
62 107
62 78
62 32
62 187
62 472
63 12
63 96
63 7
63 6
63 103
63 22
63 64
63 14
63 30
63 3
63 59
63 3
63 31
63 335
64 25
64 70
64 99
64 100
64 19
64 78
64 79
64 63
64 35
64 8
64 10
64 102
64 91
64 101
64 86
64 74
64 10
64 57
64 51
64 70
64 52
64 241
65 64
65 17
65 31
65 51
65 6
65 96
65 33
65 23
65 96
65 80
65 85
65 5
65 99
65 55
65 46
65 104
65 107
65 65
65 9
65 2
65 478
66 16
66 65
66 72
66 70
66 72
66 7
66 54
66 87
66 0
66 66
66 13
66 52
66 33
66 24
66 32
66 50
66 44
66 13
66 4
66 68
66 77
66 83
66 88
66 88
66 9
66 90
66 264
66 237
66 324
67 55
67 68
67 18
67 95
67 53
67 29
67 23
67 95
67 15
67 79
67 40
67 3
67 94
67 16
67 45
67 45
67 52
67 17
67 1
67 66
67 7
67 74
67 314
68 15
68 51
68 7
68 92
68 23
68 30
68 93
68 67
68 106
68 54
68 104
68 26
68 22
68 4
68 8
68 17
68 26
68 106
68 41
68 101
68 80
68 22
68 99
68 12
68 87
69 1
69 15
69 31
69 4
69 91
69 77
69 10
69 71
69 54
69 1
69 76
69 46
69 45
69 24
69 21
69 2
69 96
69 97
69 85
69 2
69 195
70 87
70 7
70 38
70 41
70 62
70 65
70 86
70 79
70 15
70 91
70 13
70 85
70 67
70 15
70 4
71 34
71 5
71 25
71 14
71 20
71 103
71 95
71 31
71 70
71 48
71 103
71 68
71 76
71 0
71 86
71 78
71 53
71 34
71 83
71 36
71 13
71 69
71 61
71 96
72 14
72 42
72 5
72 76
72 10
72 41
72 68
72 86
72 88
72 92
72 41
72 0
72 92
72 97
72 57
72 72
72 10
73 60
73 95
73 12
73 93
73 41
73 70
73 104
74 19
74 10
74 71
74 24
74 34
74 96
74 75
74 55
74 0
74 73
74 66
74 50
74 95
74 46
74 280
75 96
75 25
75 70
75 104
75 17
75 46
75 68
75 4
75 30
75 37
75 2
75 87
75 72
75 16
75 18
75 35
75 7
75 100
75 56
75 483
76 2
76 95
76 106
76 35
76 39
76 80
76 61
76 51
76 2
76 18
76 57
76 27
76 35
76 34
76 3
76 72
76 8
76 63
76 46
76 113
77 103
77 16
77 2
77 58
77 26
77 34
77 35
77 82
77 59
77 68
77 21
77 46
77 61
77 24
77 89
77 45
77 30
77 66
77 39
77 24
77 34
77 28
77 20
77 5
77 90
77 249
77 275
77 506
78 13
78 95
78 31
78 77
78 14
78 34
78 45
78 31
78 88
78 17
78 72
78 31
78 65
78 95
78 61
78 16
78 19
78 27
79 100
79 38
79 58
79 34
79 102
79 39
79 34
79 4
79 4
79 28
79 33
79 103
80 19
80 65
80 59
80 4
80 76
80 35
80 97
80 29
80 63
80 2
80 34
80 86
81 28
81 59
81 77
81 36
81 55
81 55
81 54
81 58
81 39
81 101
81 91
81 64
81 69
81 25
81 58
81 2
82 23
82 67
82 55
82 47
82 64
82 106
82 63
82 97
82 8
82 39
82 83
82 79
82 61
83 12
83 94
83 19
83 89
83 27
83 50
83 57
83 73
83 65
83 18
83 15
83 69
83 54
83 95
83 79
83 95
83 61
83 19
83 30
83 37
83 30
83 299
84 105
84 16
84 38
84 47
84 33
84 90
84 88
84 83
84 14
84 73
85 91
85 105
85 74
85 55
85 78
85 7
85 19
85 80
85 87
85 93
85 9
85 83
85 8
85 50
85 61
86 45
86 55
86 26
86 35
86 96
86 35
86 46
86 2
86 102
86 68
86 49
86 35
86 83
86 76
86 102
86 97
86 28
86 62
86 41
86 56
86 45
86 52
86 84
87 24
87 103
87 53
87 14
87 65
87 13
87 85
87 98
87 78
87 35
87 75
87 32
87 66
87 72
87 72
87 1
87 87
87 96
87 148
88 101
88 42
88 99
88 12
88 23
88 90
88 27
88 33
88 35
88 59
88 45
88 16
88 51
88 87
88 96
88 46
88 40
88 86
88 87
88 59
89 64
89 13
89 83
89 61
89 4
89 106
89 94
89 76
89 93
89 23
89 49
89 16
89 26
89 106
89 99
89 31
89 85
90 47
90 63
90 5
90 41
90 79
90 100
90 87
90 86
90 102
90 90
90 88
90 82
90 68
90 4
90 53
90 20
91 70
91 89
91 64
91 38
91 107
91 54
91 50
91 77
91 28
91 11
91 78
91 14
91 65
91 32
91 83
91 64
91 76
91 13
91 51
91 83
91 68
92 45
92 72
92 61
92 65
92 45
92 63
92 79
92 67
92 62
92 107
92 8
92 86
92 84
92 71
92 72
92 81
92 100
92 50
93 5
93 65
93 24
93 20
93 66
93 79
93 9
93 26
93 11
93 19
93 39
93 37
93 20
93 41
93 68
93 210
94 103
94 21
94 8
94 7
94 92
94 71
94 95
94 17
94 75
94 62
94 94
94 39
94 40
94 23
94 94
94 66
94 34
94 92
94 35
94 62
94 212
94 243
94 317
95 66
95 73
95 41
95 1
95 59
95 3
95 106
95 62
95 31
95 40
95 94
95 89
95 65
95 8
95 76
95 22
95 52
95 110
95 293
96 24
96 79
96 75
96 86
96 59
96 106
96 46
96 92
96 65
96 104
96 71
96 99
96 92
96 73
96 19
97 29
97 33
97 42
97 86
97 45
97 51
97 98
97 14
97 26
97 54
97 20
97 6
97 9
97 46
97 50
97 166
97 434
98 87
98 83
98 66
98 66
98 67
98 6
98 49
98 9
98 0
98 60
98 44
98 90
98 75
98 22
98 66
98 106
98 316
99 80
99 78
99 29
99 9
99 68
99 4
99 87
99 0
99 63
99 87
99 5
99 11
99 11
99 67
99 238
99 352
100 32
100 83
100 96
100 101
100 76
100 8
100 82
100 71
100 59
100 57
100 79
100 80
100 83
100 76
100 22
100 10
100 43
100 51
100 49
100 28
100 61
100 42
100 2
101 27
101 67
101 70
101 2
101 21
101 10
101 100
101 25
101 13
101 85
101 1
101 60
101 27
101 244
102 58
102 70
102 58
102 104
102 87
102 97
102 59
102 58
102 75
102 77
102 16
102 61
102 103
102 78
103 66
103 79
103 88
103 72
103 27
103 26
103 19
103 6
103 65
103 103
103 4
103 66
103 37
103 44
103 60
103 14
103 100
103 39
103 45
103 76
103 34
103 22
103 6
104 3
104 59
104 106
104 86
104 104
104 80
104 32
104 15
104 35
104 66
104 3
104 91
104 26
104 94
104 38
104 21
104 5
104 15
104 65
104 107
104 96
104 19
104 50
104 65
104 18
105 56
105 60
105 23
105 32
105 7
105 26
105 5
105 24
105 94
105 97
105 62
105 36
105 61
105 32
105 97
105 1
105 98
105 16
105 90
105 29
106 99
106 91
106 21
106 85
106 104
106 19
106 100
106 51
106 81
106 35
106 103
106 41
106 104
107 14
107 45
107 39
107 105
107 37
107 76
107 37
107 1
107 70
107 78
107 8
107 32
107 90
107 22
107 2
107 100
107 37
107 29
107 35
108 166
108 211
108 166
108 128
108 198
108 183
108 189
108 132
108 209
108 130
108 164
108 137
108 202
108 177
109 154
109 173
109 211
109 199
109 196
109 114
109 187
109 115
109 119
109 115
109 122
109 183
109 199
109 207
110 214
110 148
110 143
110 181
110 151
110 109
110 205
110 175
110 173
110 153
110 194
110 203
110 191
110 150
110 138
110 197
110 301
110 326
111 112
111 117
111 120
111 150
111 206
111 198
111 142
111 146
111 192
111 191
111 189
111 197
112 150
112 119
112 196
112 151
112 170
112 199
112 132
112 215
112 183
112 178
112 122
112 122
112 167
112 180
113 197
113 209
113 211
113 152
113 188
113 168
113 170
113 146
113 168
113 198
113 173
113 162
113 393
114 154
114 157
114 195
114 193
114 134
114 144
114 130
114 156
114 135
114 186
114 129
114 186
114 211
114 215
114 187
114 171
114 496
115 169
115 158
115 194
115 123
115 211
115 126
115 113
115 166
115 154
115 130
115 151
115 126
115 132
115 108
115 119
115 208
115 195
115 193
115 126
115 302
116 195
116 179
116 143
116 212
116 167
116 183
116 189
117 110
117 110
117 112
117 212
117 160
117 119
117 192
117 174
117 192
117 167
117 384
118 213
118 128
118 161
118 123
118 202
118 164
118 165
118 119
118 472
119 147
119 119
119 158
119 206
119 130
119 109
119 164
119 153
119 122
119 190
119 142
120 194
120 169
120 205
120 117
120 195
120 126
120 128
120 186
120 188
120 215
120 147
120 145
120 186
120 129
121 195
121 135
121 180
121 180
121 193
121 188
121 202
121 158
121 176
121 140
121 146
121 148
121 174
122 168
122 123
122 183
122 186
122 168
122 165
122 148
122 153
122 196
122 160
122 200
122 215
122 149
122 124
122 110
123 177
123 199
123 165
123 175
123 126
123 145
123 182
123 155
123 187
123 201
123 177
123 188
123 135
123 169
123 109
123 207
124 212
124 211
124 119
124 206
124 149
124 195
124 184
124 211
124 159
125 175
125 182
125 212
125 168
125 139
125 124
125 171
125 182
125 127
125 155
125 118
125 200
125 214
125 164
125 181
125 174
125 188
126 168
126 164
126 123
126 210
126 148
126 185
126 209
126 210
126 175
126 199
126 112
126 115
126 170
126 201
126 137
126 155
126 161
126 140
126 171
126 112
126 209
126 200
126 415
127 138
127 172
127 196
127 199
127 151
127 172
127 184
127 149
128 108
128 123
128 203
128 117
128 168
128 119
128 146
128 115
128 114
128 115
128 168
128 113
128 168
128 215
128 114
128 165
129 142
129 126
129 132
129 175
129 134
129 181
129 183
129 168
129 209
129 108
129 166
129 173
129 156
129 166
129 194
129 154
129 118
129 168
129 300
129 423
130 153
130 191
130 146
130 137
130 193
130 158
130 161
130 122
130 148
130 163
130 168
130 111
131 155
131 212
131 213
131 214
131 141
131 118
131 185
131 175
131 119
131 181
131 128
131 206
132 111
132 137
132 135
132 188
132 145
132 213
132 159
132 190
132 123
132 138
132 178
132 151
133 194
133 158
133 128
133 210
133 160
133 155
133 120
133 305
134 154
134 176
134 160
134 158
134 137
134 167
134 139
134 165
134 194
134 181
134 167
134 203
134 208
135 153
135 143
135 196
135 194
135 193
135 108
135 130
135 118
135 192
135 183
135 184
135 181
135 208
136 118
136 138
136 130
136 173
137 136
137 198
137 137
137 203
137 125
137 127
137 138
137 166
137 173
137 134
137 157
137 113
137 140
137 121
137 157
137 188
138 151
138 137
138 170
138 138
138 129
138 209
138 159
138 210
138 210
138 157
138 180
138 122
138 126
138 132
138 132
138 189
138 135
139 163
139 132
139 178
139 207
139 174
139 127
139 129
139 177
139 155
139 184
139 164
140 137
140 200
140 111
140 179
140 154
140 196
140 189
140 142
141 135
141 125
141 183
141 183
141 133
141 131
141 150
141 209
141 185
141 215
141 209
141 209
141 120
141 126
141 141
141 122
141 134
142 206
142 153
142 141
142 196
142 176
142 185
142 215
142 122
142 149
142 120
142 153
142 214
142 142
142 459
143 132
143 148
143 176
143 149
143 181
143 170
143 169
143 209
143 195
143 157
143 130
143 130
143 196
143 109
143 165
144 201
144 115
144 201
144 200
144 124
144 169
144 187
144 156
144 115
144 167
144 215
145 145
145 174
145 214
145 159
145 170
145 186
145 138
145 210
145 477
146 189
146 198
146 141
146 207
146 143
146 196
146 155
146 128
146 133
146 185
147 121
147 131
147 181
147 201
147 171
147 152
147 164
147 202
147 184
147 153
147 191
148 165
148 168
148 121
148 134
148 161
148 168
148 198
148 113
148 214
148 130
148 161
148 204
148 141
148 117
149 198
149 136
149 128
149 119
149 164
149 133
149 157
149 115
149 199
149 190
149 195
149 207
149 207
150 194
150 196
150 214
150 117
150 209
150 122
150 171
150 152
150 121
150 127
150 156
150 189
150 117
150 397
151 189
151 186
151 108
151 137
151 200
151 165
151 196
151 185
151 214
151 110
151 165
151 110
151 186
152 191
152 142
152 123
152 176
152 173
152 211
152 206
152 154
152 205
152 121
152 122
152 187
152 189
152 138
152 132
152 123
153 155
153 175
153 158
153 111
153 159
153 174
153 187
153 108
153 209
154 173
154 146
154 114
154 131
154 151
154 120
154 137
154 207
154 156
155 181
155 140
155 165
155 119
155 214
155 165
155 140
155 138
155 119
155 197
155 199
155 254
155 217
156 132
156 171
156 118
156 212
156 192
156 163
156 171
156 188
157 150
157 156
157 209
157 200
157 165
157 181
157 204
157 210
157 207
157 124
157 166
157 334
157 451
158 187
158 153
158 156
158 201
158 184
158 212
158 140
158 151
158 212
158 213
159 197
159 161
159 187
159 149
159 198
159 112
159 155
159 136
159 193
159 108
160 168
160 147
160 122
160 149
160 122
160 140
160 163
160 161
160 155
160 210
160 150
160 150
160 207
160 141
161 166
161 154
161 181
161 186
161 194
161 208
161 110
161 199
161 203
161 126
161 172
161 215
161 206
161 210
161 118
161 129
161 123
161 162
161 487
162 196
162 206
162 154
162 180
162 108
162 118
162 209
162 157
162 113
163 194
163 120
163 184
163 183
163 144
163 134
163 186
163 169
163 127
163 133
163 165
163 161
164 195
164 184
164 164
164 123
164 183
164 127
164 144
164 207
164 133
165 152
165 174
165 176
165 181
165 129
165 195
165 122
165 169
165 138
165 178
165 166
165 208
165 147
165 165
165 214
165 136
165 108
165 158
165 172
166 111
166 182
166 209
166 151
166 181
166 142
166 123
166 201
166 202
166 150
166 185
166 128
166 198
166 137
166 135
166 121
166 190
166 210
166 270
166 345
166 294
167 200
167 128
167 110
167 188
167 175
167 207
167 195
167 184
167 413
168 155
168 192
168 140
168 208
168 117
168 195
168 171
168 193
168 111
168 122
168 205
168 130
168 128
168 165
168 208
168 131
168 164
168 399
169 139
169 150
169 183
169 211
169 147
169 183
169 168
169 123
169 186
169 126
169 201
169 117
169 108
170 186
170 177
170 164
170 169
170 140
170 110
170 121
170 213
170 161
170 158
171 202
171 153
171 150
171 135
171 114
171 209
171 150
171 145
171 110
171 113
171 188
171 119
171 160
172 149
172 190
172 194
172 169
172 168
172 108
172 130
172 185
172 115
173 184
173 132
173 215
173 199
173 125
173 181
173 149
173 116
173 190
173 207
173 215
173 209
173 113
173 162
173 140
173 158
173 157
173 132
173 400
173 495
174 182
174 200
174 202
174 188
174 169
174 135
174 132
174 120
174 157
174 145
174 180
174 182
175 175
175 172
175 198
175 160
175 214
175 165
175 189
175 110
175 137
175 120
175 119
175 135
175 225
176 172
176 123
176 168
176 138
176 177
176 137
177 193
177 152
177 127
177 152
177 146
177 197
177 196
177 188
177 469
178 148
178 112
178 185
178 188
178 175
178 210
178 123
178 138
178 214
178 214
178 123
179 133
179 164
179 215
179 159
179 144
180 125
180 152
180 150
180 134
180 165
180 149
180 129
180 137
180 182
180 163
180 176
180 243
181 183
181 198
181 185
181 164
181 199
181 135
181 170
181 129
181 200
181 200
181 138
181 138
181 132
181 108
181 145
181 181
181 182
181 212
181 132
181 395
181 421
181 516
182 145
182 111
182 139
182 172
182 196
182 202
182 185
182 109
182 175
182 191
182 154
182 194
182 341
183 121
183 159
183 173
183 143
183 169
183 182
183 120
183 125
183 119
183 238
184 133
184 197
184 120
184 155
184 162
184 129
184 130
184 209
184 146
184 173
184 137
184 258
185 183
185 193
185 128
185 158
185 175
185 176
185 126
185 150
185 122
185 146
185 109
186 163
186 185
186 139
186 197
186 201
186 183
186 185
186 193
186 117
186 177
187 193
187 179
187 177
187 169
187 152
187 147
187 110
187 389
187 516
188 213
188 131
188 118
188 133
188 159
188 200
188 189
188 116
188 118
188 141
188 199
188 134
188 146
188 203
188 225
189 172
189 140
189 145
189 163
189 169
189 132
189 135
189 203
189 210
189 183
189 116
189 215
189 217
190 171
190 137
190 115
190 157
190 194
191 115
191 129
191 190
191 194
191 211
191 174
191 174
191 129
191 160
191 167
191 203
191 171
191 210
191 194
192 146
192 134
192 201
192 138
192 213
192 167
192 137
192 185
192 167
192 132
192 127
192 117
192 192
192 361
193 201
193 119
193 165
193 178
193 163
193 194
193 187
193 153
194 206
194 115
194 109
194 185
194 210
194 194
194 190
194 173
194 124
194 207
194 195
194 177
194 223
194 313
195 126
195 200
195 138
195 193
195 117
195 169
195 170
195 196
195 169
195 122
195 130
195 193
195 205
195 203
195 207
196 129
196 176
196 191
196 157
196 164
196 142
196 161
196 210
196 175
196 208
196 129
196 135
196 158
196 183
197 213
197 142
197 203
197 184
197 213
197 202
197 175
197 178
197 204
197 163
197 198
197 206
197 126
197 208
197 196
197 115
197 206
197 141
198 177
198 151
198 124
198 148
198 158
198 176
198 119
198 132
198 208
198 195
198 181
198 195
198 181
198 124
198 170
198 112
198 158
198 111
198 212
198 146
198 296
199 189
199 150
199 196
199 196
199 134
199 158
199 108
199 169
199 120
199 137
199 215
199 382
200 131
200 148
200 138
200 168
200 140
200 209
200 165
200 196
200 160
200 181
200 125
200 188
200 145
200 208
200 120
200 261
200 423
200 458
201 179
201 174
201 125
201 197
201 155
201 108
201 109
201 155
201 177
201 149
201 174
201 349
202 153
202 215
202 111
202 158
202 194
202 129
202 192
202 134
202 337
203 195
203 173
203 196
203 137
203 193
203 118
203 209
203 158
203 156
203 136
203 180
204 204
204 146
204 136
204 123
204 196
204 109
204 196
204 206
205 193
205 186
205 149
205 211
205 197
206 117
206 117
206 142
206 145
206 200
206 130
206 197
206 148
206 120
206 198
206 179
207 165
207 176
207 127
207 152
207 141
207 171
207 155
207 108
207 145
207 198
207 186
207 209
207 128
207 193
207 137
208 155
208 213
208 131
208 132
208 174
208 161
208 142
208 189
208 155
208 140
208 171
208 192
208 195
208 159
209 191
209 174
209 180
209 162
209 150
209 179
209 145
209 182
210 125
210 126
210 130
210 191
210 207
210 170
210 135
210 210
210 141
210 207
210 165
210 155
210 178
210 193
210 209
210 135
210 134
211 148
211 122
211 181
211 144
211 192
211 131
211 210
211 176
211 212
211 142
211 181
212 203
212 206
212 173
212 188
212 147
212 123
212 206
212 108
212 121
212 178
212 166
212 227
213 123
213 171
213 164
213 136
213 180
213 190
213 179
213 201
213 205
213 157
213 109
214 185
214 160
214 111
214 183
214 125
214 139
214 193
214 171
214 206
214 151
214 188
214 159
215 200
215 194
215 207
215 160
215 120
215 148
215 200
215 125
215 143
215 195
215 206
215 162
215 212
215 111
215 133
215 123
215 153
215 189
215 209
215 200
216 280
216 217
216 273
216 228
216 279
217 264
217 257
217 269
217 265
217 237
217 247
217 218
217 272
217 250
217 218
217 235
217 280
217 273
217 242
217 252
218 217
218 276
218 246
218 250
218 243
218 281
218 283
218 236
218 231
219 244
219 265
219 231
219 243
219 231
220 284
220 236
220 236
220 249
220 283
220 272
220 262
220 266
220 223
220 219
220 277
221 262
221 282
221 287
221 248
221 288
221 271
221 220
221 288
221 248
221 244
222 262
222 257
223 251
223 271
223 255
223 241
223 274
223 483
224 254
224 267
224 221
225 221
225 240
225 261
225 239
225 237
225 230
225 223
225 244
225 251
225 262
225 271
225 255
226 220
227 230
227 277
227 277
227 267
227 277
227 269
227 273
227 218
227 220
227 243
227 271
227 231
228 286
228 273
228 236
228 237
228 282
228 240
228 257
228 237
228 253
228 285
228 323
229 264
229 237
229 239
229 277
229 269
229 257
229 241
229 229
229 228
229 258
229 217
229 270
229 255
229 277
229 238
230 244
230 255
230 280
230 255
231 262
231 221
231 249
231 482
232 226
232 247
232 220
232 239
233 262
233 287
233 275
233 260
233 255
233 248
233 228
234 235
234 282
234 263
234 287
234 256
234 225
234 278
234 269
234 280
234 239
234 267
235 277
235 221
235 223
235 249
235 280
235 231
235 243
235 251
235 228
235 217
235 265
235 218
236 268
236 279
236 253
236 267
237 276
237 235
237 227
237 257
237 257
237 246
237 283
237 273
237 242
237 219
238 227
238 265
238 229
238 252
238 243
239 273
239 279
239 255
239 254
239 271
239 225
239 228
239 243
239 230
239 287
239 274
240 273
240 250
240 256
240 232
240 235
240 271
240 222
240 267
240 270
240 277
240 255
240 287
240 280
240 237
241 250
241 262
241 233
241 288
241 282
241 274
241 280
241 256
241 253
241 221
241 236
241 272
242 276
242 250
242 220
242 217
242 217
242 225
242 221
242 218
242 264
242 241
242 231
242 394
243 251
243 274
243 248
243 256
243 247
243 227
243 244
243 271
243 234
243 223
243 238
243 273
243 223
244 228
244 249
244 225
244 281
244 229
244 249
244 217
244 228
244 252
244 226
244 230
244 253
244 240
244 234
245 237
245 229
245 275
245 253
245 223
245 229
245 256
245 273
245 245
246 217
246 229
246 273
246 270
246 223
247 219
247 219
247 221
247 228
247 239
247 238
247 240
247 231
247 229
247 229
247 243
247 306
248 285
248 254
248 249
249 232
249 244
249 285
249 243
249 252
249 283
250 220
250 236
250 264
250 273
250 224
250 288
250 241
251 238
251 253
251 219
251 230
251 273
251 271
251 263
251 278
251 241
251 216
251 226
251 279
252 255
252 266
252 279
252 245
252 279
252 287
252 250
252 235
252 261
252 286
252 246
253 225
253 276
253 274
253 277
253 253
253 221
253 250
253 239
253 252
253 240
254 285
254 225
254 262
254 269
254 233
255 217
255 277
255 241
255 274
255 253
255 233
255 267
255 230
255 245
256 227
256 232
256 230
256 217
256 245
256 265
256 286
256 240
256 271
256 243
256 426
257 235
257 270
257 225
257 274
257 231
257 256
257 287
257 252
257 265
257 243
257 277
257 266
257 273
257 232
257 217
257 265
258 247
259 225
259 271
259 220
259 225
259 251
259 506
260 288
260 243
261 257
261 241
261 281
261 278
261 273
261 245
261 278
261 269
261 263
262 245
262 243
262 267
262 250
262 270
262 287
263 240
263 230
263 223
263 223
263 250
263 266
263 257
263 265
263 263
263 234
263 220
263 262
263 353
264 253
264 260
264 221
264 288
264 256
264 217
264 280
264 231
264 220
264 244
265 222
265 216
265 239
265 239
265 274
265 250
265 223
265 219
265 217
265 216
265 463
266 284
266 280
266 233
266 234
266 259
266 258
266 251
266 266
266 243
266 219
267 255
267 282
267 249
267 262
268 277
268 255
268 245
268 218
269 251
269 249
269 253
269 240
269 244
270 220
270 281
270 256
270 253
271 259
271 224
271 243
271 217
271 248
271 287
271 262
271 252
271 270
271 254
272 252
272 269
272 242
272 227
272 253
272 221
272 232
272 237
272 223
272 266
272 263
273 257
273 258
273 219
273 266
273 265
273 239
273 286
273 274
273 227
273 272
273 252
273 217
274 232
274 287
274 217
274 278
274 260
274 217
276 236
276 278
276 229
276 255
276 242
276 257
276 276
276 277
276 245
277 255
277 219
277 259
277 224
277 217
277 257
277 287
277 280
277 228
277 267
277 235
277 253
278 228
278 276
278 221
278 247
278 239
278 256
278 260
279 282
279 238
279 264
279 265
279 234
279 283
279 235
279 262
280 276
280 234
280 242
280 250
280 256
280 250
280 255
280 246
280 248
280 472
281 225
281 228
281 250
281 256
281 250
281 238
282 243
282 244
282 227
282 242
282 284
282 233
282 221
283 237
283 280
283 267
283 228
283 227
283 237
283 228
283 216
283 263
284 279
284 251
284 266
284 275
284 278
284 300
285 235
285 253
285 228
285 257
285 274
286 283
286 224
287 276
287 278
287 252
287 217
287 288
287 255
287 285
287 236
287 231
287 268
288 241
288 273
288 228
288 238
288 235
288 216
288 278
288 224
288 286
288 224
289 300
289 330
289 339
289 289
289 302
289 300
289 353
289 328
289 327
289 325
289 329
289 303
289 306
289 342
290 314
290 316
290 324
290 308
290 331
290 346
290 335
290 353
290 338
290 316
290 315
290 346
290 347
290 339
290 339
290 348
290 319
291 330
291 339
291 296
291 345
291 341
291 322
291 342
291 314
291 308
291 291
291 323
292 314
292 336
292 299
292 328
293 304
293 310
293 328
293 305
293 301
293 341
294 344
294 318
294 300
294 333
294 301
294 303
294 328
294 350
294 315
294 320
294 296
294 311
294 333
294 321
294 487
295 332
295 349
295 301
295 297
295 314
295 309
295 297
295 289
296 306
296 316
296 353
296 339
296 335
296 351
296 317
296 290
296 289
296 348
296 335
296 305
296 308
296 326
296 328
297 325
297 302
297 312
297 305
297 293
297 332
297 311
297 474
298 289
298 335
298 308
298 319
298 327
298 306
298 305
298 293
299 302
299 347
299 329
299 348
299 347
299 323
299 350
299 297
299 336
299 330
299 308
299 350
299 352
299 470
300 321
300 321
300 346
300 326
300 315
300 344
300 347
300 291
300 315
300 335
300 323
300 353
300 312
301 302
301 319
301 321
301 330
301 351
301 328
301 312
301 307
301 306
302 334
302 322
302 300
302 290
302 320
302 352
302 297
302 293
302 353
302 353
302 341
302 330
302 291
302 351
302 300
303 340
303 335
303 318
303 316
303 352
303 312
304 318
304 318
304 295
304 346
304 330
304 313
304 300
304 349
304 305
304 308
305 315
305 346
305 316
305 316
305 289
305 342
305 342
305 438
306 351
306 327
306 325
306 291
306 289
306 301
306 295
306 308
306 322
306 347
306 346
306 289
306 327
306 296
306 332
306 318
306 322
307 298
307 296
307 291
307 299
308 324
308 337
308 293
308 312
308 290
308 315
308 315
308 327
308 299
308 305
308 295
308 342
308 322
309 306
309 319
309 347
309 342
309 327
309 313
309 315
309 306
309 294
310 341
310 345
310 327
310 313
310 353
310 312
310 319
310 333
310 289
310 304
310 351
310 317
311 341
311 324
311 295
311 311
311 329
311 346
311 312
311 313
311 297
311 331
311 312
311 330
311 301
311 306
311 313
311 305
311 319
312 293
312 336
312 336
312 339
312 296
312 330
312 300
312 313
312 333
312 291
312 303
312 326
312 315
312 345
312 298
313 322
313 327
313 306
313 308
313 320
313 336
313 289
314 329
314 313
314 341
314 309
314 323
314 305
314 348
314 317
314 302
314 350
315 294
315 330
315 343
315 318
315 337
315 335
315 342
315 310
315 334
315 311
315 335
316 342
316 296
316 322
316 345
316 352
316 298
316 324
316 294
316 314
316 314
316 314
316 292
316 297
317 305
317 350
317 292
317 311
317 313
317 330
317 314
317 322
317 303
317 339
317 339
317 350
317 297
317 345
317 347
317 342
317 352
317 297
317 323
317 344
318 351
318 301
318 320
318 314
318 304
318 350
318 305
318 339
318 348
319 315
319 328
319 304
319 301
319 309
319 289
319 324
319 343
319 313
319 328
319 317
319 294
319 289
319 334
320 312
320 343
320 303
320 327
320 347
320 300
320 289
320 309
320 329
321 294
321 289
321 306
321 348
321 345
321 313
321 296
321 307
321 350
321 292
322 306
322 298
322 331
322 350
322 346
322 323
322 345
322 323
322 330
322 289
322 308
322 325
322 332
322 329
322 290
322 345
323 302
323 319
323 302
323 304
323 345
323 308
323 350
323 350
323 291
324 344
324 314
324 347
324 307
324 299
324 312
324 313
324 345
324 312
324 299
324 325
324 290
324 309
324 334
324 294
325 322
325 312
325 331
325 304
325 328
325 350
325 348
325 305
326 341
326 328
326 314
326 341
326 352
326 350
326 349
326 294
326 313
327 339
327 298
327 291
327 339
327 294
327 293
327 327
327 335
327 352
327 329
327 293
327 345
327 311
327 322
328 296
328 327
328 308
328 297
328 315
329 330
329 293
329 298
329 343
329 327
329 311
329 294
329 329
329 289
329 348
329 345
329 353
330 305
330 332
330 341
330 324
330 291
330 308
330 352
330 306
330 299
330 316
331 338
331 316
331 291
331 295
331 302
331 302
331 327
331 344
331 319
331 344
331 315
331 349
331 342
331 345
331 351
331 310
332 290
332 319
332 337
332 308
332 290
332 306
332 316
332 348
332 317
332 330
332 300
332 353
333 333
333 302
333 310
333 308
333 314
333 349
333 295
334 343
334 333
334 325
334 302
334 341
334 290
334 335
334 324
334 342
334 317
334 317
334 462
335 289
335 322
335 310
335 295
335 293
335 317
335 317
335 304
335 308
335 345
335 307
335 290
336 320
336 317
336 338
336 314
336 291
336 315
336 323
336 342
336 348
337 351
337 315
337 343
337 328
337 353
337 321
337 319
337 344
337 353
337 314
337 294
338 352
338 315
338 316
338 323
338 351
338 295
339 349
339 339
339 305
339 323
339 295
339 313
339 315
339 321
339 353
339 323
339 342
339 311
339 344
339 336
339 296
339 342
339 335
340 320
340 314
340 341
340 322
340 312
340 337
340 299
341 336
341 306
341 343
341 321
341 322
341 290
341 290
341 340
341 309
341 292
341 321
341 325
341 320
341 337
341 312
341 322
341 330
341 325
341 289
341 291
341 295
342 342
342 292
342 309
342 325
342 296
342 345
342 291
342 306
342 317
342 297
342 307
342 349
342 338
342 290
342 342
342 317
342 316
342 324
342 295
342 289
342 338
342 354
343 320
343 350
343 350
343 349
343 340
343 314
343 326
343 295
343 340
343 318
343 305
343 342
343 290
344 292
344 294
344 321
344 318
344 350
344 345
344 306
345 305
345 299
345 348
345 322
345 303
345 301
345 349
345 292
345 297
345 318
345 303
345 289
345 303
345 311
346 294
346 308
346 334
346 319
346 340
346 351
346 322
346 343
346 317
346 343
346 293
346 322
347 301
347 317
347 325
347 298
347 346
347 344
347 352
347 310
347 312
347 332
348 324
348 316
348 352
348 305
348 289
348 316
348 349
348 305
349 333
349 327
349 331
349 318
349 292
349 341
349 333
349 316
349 350
349 337
349 423
350 350
350 334
350 324
350 336
350 351
350 306
350 302
350 336
350 341
350 302
350 301
350 314
350 342
350 351
350 338
351 345
351 348
351 292
351 296
351 302
351 311
351 308
351 294
351 350
351 346
351 313
352 299
352 321
352 314
352 327
352 326
352 291
352 337
352 318
352 349
352 300
352 289
352 316
353 312
353 310
353 294
353 295
353 352
353 330
353 341
353 298
354 431
354 436
354 461
354 363
354 387
354 395
354 394
354 372
354 378
354 447
354 406
354 406
354 440
354 435
354 374
354 396
355 381
355 453
355 398
355 355
355 447
355 428
355 419
355 412
355 409
355 376
355 389
355 375
355 446
355 418
355 389
355 428
355 374
355 441
355 434
356 418
356 453
356 421
356 460
356 453
356 422
356 432
356 452
356 437
356 357
356 407
356 460
356 387
356 437
356 411
357 373
357 386
357 441
357 359
357 367
357 417
357 367
357 373
357 407
357 419
357 444
357 423
357 433
357 360
357 442
357 438
357 407
357 394
357 393
357 441
357 441
357 388
357 449
357 359
357 442
357 438
357 374
357 387
357 403
358 446
358 425
358 404
358 381
358 418
358 379
358 369
358 378
358 392
358 408
358 412
358 389
358 390
358 392
358 362
358 367
358 369
359 431
359 453
359 361
359 380
359 402
359 372
359 440
359 374
359 410
359 414
359 379
359 369
359 417
359 444
359 372
359 387
359 398
359 390
359 446
359 372
359 433
359 460
359 369
359 442
359 458
359 359
359 441
359 456
359 359
360 414
360 429
360 364
360 404
360 448
360 413
360 386
360 419
360 392
360 401
360 435
360 402
360 362
360 423
360 395
360 428
360 362
360 380
360 446
360 406
360 453
360 425
361 421
361 390
361 401
361 421
361 440
361 386
361 444
361 384
361 365
361 390
361 371
361 421
361 379
362 359
362 426
362 381
362 359
362 447
362 367
362 371
362 457
362 450
362 390
362 428
362 435
362 409
362 392
362 419
362 457
362 396
362 392
362 392
362 359
362 457
362 455
363 453
363 427
363 359
363 417
363 416
363 391
363 451
363 419
363 447
363 392
363 382
363 435
363 377
363 408
363 434
363 383
363 440
363 404
363 434
363 365
363 380
363 431
363 361
363 419
363 381
363 451
363 407
363 371
363 361
363 354
363 391
363 396
363 390
363 416
363 392
363 396
363 395
364 374
364 374
364 386
364 413
364 398
364 380
364 412
364 386
364 361
364 355
364 451
364 428
364 446
364 377
364 433
365 397
365 402
365 396
365 447
365 379
365 421
365 425
365 356
365 362
365 406
365 452
365 459
365 422
365 404
366 402
366 419
366 417
366 454
366 423
366 401
366 424
366 446
366 416
366 394
366 379
366 409
366 440
366 444
366 395
366 380
366 423
366 402
366 373
367 424
367 449
367 364
367 428
367 430
367 371
367 453
367 381
367 398
367 436
367 373
367 399
367 404
367 382
367 391
367 370
367 436
367 358
367 413
367 404
367 432
368 449
368 437
368 442
368 383
368 360
368 394
368 429
368 439
368 359
368 413
368 405
368 410
368 391
368 354
368 390
368 403
368 443
368 363
368 355
368 379
368 398
368 356
368 445
368 459
368 389
368 355
368 369
369 442
369 439
369 453
369 355
369 439
369 420
369 373
369 367
369 454
369 392
369 369
369 401
369 409
369 433
369 372
369 369
369 378
369 412
369 377
369 380
369 399
369 439
369 454
370 404
370 381
370 386
370 453
370 423
370 401
370 455
370 381
370 383
370 386
370 362
370 419
370 447
370 422
370 445
370 393
370 399
370 431
370 445
371 420
371 408
371 442
371 372
371 412
371 389
371 423
371 448
371 419
371 409
371 382
371 451
371 393
371 419
371 363
371 358
371 388
371 423
371 429
371 431
371 419
371 390
371 450
371 425
372 431
372 386
372 401
372 432
372 410
372 375
372 358
372 394
372 453
372 390
372 393
372 373
372 428
372 448
372 409
372 419
372 410
372 390
372 358
372 447
372 407
372 460
372 433
372 432
372 455
372 428
372 440
373 397
373 369
373 431
373 414
373 380
373 441
373 446
373 454
373 433
373 414
373 355
373 412
373 393
373 365
373 411
374 417
374 420
374 360
374 363
374 460
374 364
374 394
374 362
374 461
374 455
374 403
374 420
374 429
374 440
374 393
374 405
374 431
374 434
374 395
374 402
375 359
375 365
375 441
375 409
375 366
375 364
375 416
375 414
375 407
375 432
375 436
375 420
375 411
375 411
375 438
375 401
375 400
375 369
375 424
375 397
375 411
375 394
375 447
375 369
376 437
376 389
376 461
376 413
376 454
376 392
376 454
376 394
376 369
376 423
376 363
376 357
376 367
376 386
376 408
376 406
376 421
376 434
376 448
376 385
376 397
376 355
376 454
376 443
376 455
377 459
377 454
377 448
377 389
377 447
377 389
377 457
377 397
377 358
377 387
377 409
377 359
377 450
377 369
377 443
377 361
378 387
378 356
378 373
378 435
378 422
378 362
378 461
378 392
378 416
378 454
378 397
378 358
378 434
378 407
378 429
378 409
378 409
379 374
379 443
379 394
379 445
379 411
379 458
379 453
379 394
379 409
379 407
379 457
379 407
379 365
379 444
379 386
379 441
380 398
380 427
380 407
380 444
380 382
380 413
380 441
380 421
380 423
380 396
380 435
380 399
380 437
380 449
380 413
380 403
380 403
380 356
380 453
380 380
380 425
380 362
380 414
380 399
380 455
381 416
381 417
381 370
381 411
381 362
381 404
381 385
381 358
381 446
381 389
381 355
381 437
381 422
381 419
381 368
381 433
381 363
381 383
381 410
381 372
381 415
381 428
381 419
381 408
382 383
382 439
382 354
382 402
382 430
382 416
382 439
382 456
382 432
382 402
382 460
382 378
382 412
382 410
382 427
382 388
382 408
382 392
382 455
382 390
382 386
382 357
382 453
382 379
382 365
382 359
382 437
382 393
382 433
382 437
382 445
383 454
383 377
383 421
383 406
383 420
383 401
383 458
383 357
383 442
383 359
383 411
383 437
383 406
383 441
383 371
383 403
383 385
383 355
383 379
383 424
383 356
383 431
383 416
383 389
384 385
384 461
384 444
384 454
384 365
384 376
384 458
384 440
384 423
384 420
384 403
384 410
384 368
384 409
384 371
384 419
384 446
384 413
384 354
384 360
384 423
384 372
385 442
385 402
385 414
385 359
385 407
385 398
385 393
385 451
385 441
385 385
385 401
385 427
385 379
385 456
385 413
385 358
385 367
385 366
385 415
386 420
386 414
386 372
386 425
386 410
386 443
386 395
386 389
386 445
386 358
386 363
386 375
386 359
386 416
386 409
386 404
386 416
386 386
386 416
386 357
386 396
386 429
386 387
386 380
386 405
386 401
387 402
387 393
387 413
387 437
387 443
387 417
387 418
387 374
387 445
387 361
387 445
387 382
387 390
387 437
387 373
387 419
387 363
387 443
387 367
387 406
387 414
387 428
387 419
387 392
387 434
387 424
387 460
387 408
388 385
388 406
388 396
388 381
388 418
388 376
388 365
388 416
388 408
388 395
388 428
388 440
388 451
388 375
388 412
388 434
388 366
388 445
388 452
388 379
388 416
388 400
388 437
388 407
388 420
388 359
388 423
388 376
388 370
388 419
388 373
388 395
388 434
388 357
388 458
388 445
388 402
388 411
388 358
388 389
388 421
388 441
389 372
389 401
389 452
389 418
389 405
389 401
389 393
389 416
389 447
389 456
389 432
389 355
389 428
389 375
389 390
389 389
389 426
389 384
389 446
389 360
389 443
389 391
389 411
389 436
389 425
389 393
389 418
389 362
389 436
389 428
389 403
389 451
389 428
389 443
389 425
389 423
389 386
389 358
389 355
389 456
389 365
390 461
390 381
390 425
390 374
390 429
390 426
390 381
390 359
390 376
390 389
390 436
390 430
390 387
390 387
390 400
390 406
390 406
390 398
391 388
391 360
391 417
391 367
391 375
391 393
391 370
391 360
391 370
391 370
391 407
391 383
391 422
391 374
391 393
391 456
391 416
391 365
391 399
391 396
392 380
392 436
392 429
392 358
392 379
392 380
392 374
392 396
392 452
392 369
392 373
392 358
392 358
392 390
392 408
392 400
392 365
392 404
393 446
393 358
393 438
393 441
393 459
393 450
393 460
393 378
393 449
393 458
393 430
393 444
393 457
393 457
393 377
393 438
393 414
393 404
393 382
393 405
393 401
393 371
393 415
393 375
393 403
393 411
393 445
394 376
394 419
394 396
394 403
394 354
394 385
394 422
394 459
394 377
394 459
394 373
394 448
395 444
395 412
395 374
395 355
395 433
395 394
395 440
395 381
395 460
395 375
395 416
395 375
395 398
395 392
395 448
395 449
395 434
395 405
395 400
395 355
395 365
395 379
395 422
396 446
396 423
396 436
396 452
396 363
396 389
396 389
396 451
396 401
396 362
396 450
396 369
397 434
397 446
397 375
397 407
397 429
397 451
397 355
397 461
397 408
397 378
397 357
397 455
397 446
397 362
397 422
397 376
398 437
398 403
398 426
398 430
398 457
398 445
398 403
398 395
398 386
398 397
398 426
398 362
398 428
398 413
398 411
398 376
398 368
398 355
398 459
398 414
399 435
399 421
399 361
399 411
399 415
399 442
399 382
399 371
399 394
399 403
399 403
399 371
399 439
399 427
399 417
399 430
399 451
399 390
399 398
399 448
400 452
400 409
400 396
400 367
400 430
400 420
400 410
400 377
400 395
400 454
400 383
400 421
400 392
400 411
400 401
400 425
400 422
400 429
400 426
400 360
400 443
400 404
400 395
400 362
400 451
400 359
401 416
401 362
401 437
401 446
401 390
401 455
401 382
401 386
401 461
401 436
401 435
401 450
401 420
401 460
401 398
401 360
401 407
401 363
401 400
401 380
401 455
401 404
401 366
401 373
401 390
401 439
401 380
401 372
401 381
401 445
401 485
402 360
402 434
402 434
402 382
402 418
402 461
402 452
402 442
402 413
402 388
402 440
402 425
402 429
403 391
403 402
403 356
403 427
403 460
403 414
403 445
403 399
403 436
403 442
403 456
403 421
403 450
403 359
403 454
403 461
403 420
403 407
403 388
403 399
403 359
403 416
403 448
403 460
403 362
404 366
404 413
404 449
404 386
404 406
404 441
404 358
404 363
404 432
404 359
404 384
404 415
404 409
404 381
404 414
404 378
404 387
404 364
404 389
404 402
404 417
404 367
404 359
404 441
405 358
405 422
405 393
405 445
405 456
405 419
405 388
405 455
405 428
405 383
405 425
405 403
405 451
405 451
405 453
405 414
405 420
405 452
405 435
405 372
405 400
405 384
405 407
405 459
405 374
405 417
405 407
405 415
405 437
405 405
406 362
406 442
406 373
406 378
406 453
406 438
406 393
406 421
406 428
406 414
406 413
406 400
406 403
406 422
406 416
407 444
407 422
407 386
407 380
407 414
407 396
407 419
407 434
407 438
407 420
407 450
407 374
407 389
407 450
407 445
407 432
407 381
407 455
407 374
407 411
407 371
407 382
407 444
407 359
408 386
408 448
408 418
408 371
408 460
408 369
408 363
408 409
408 436
408 438
408 391
408 409
408 387
408 434
408 460
408 361
408 380
409 417
409 415
409 367
409 417
409 364
409 450
409 435
409 456
409 380
409 392
409 371
409 452
409 417
409 418
409 449
410 358
410 356
410 449
410 437
410 429
410 454
410 391
410 429
410 373
410 398
410 451
410 409
410 443
410 437
410 434
411 380
411 427
411 435
411 388
411 426
411 389
411 414
411 444
411 389
411 434
411 413
411 461
411 446
411 455
411 455
411 401
411 409
411 419
411 401
412 361
412 406
412 452
412 371
412 415
412 413
412 403
412 442
412 384
412 447
412 451
412 372
412 354
412 398
412 414
412 383
412 366
412 441
412 453
412 459
412 360
412 396
412 406
412 361
412 454
413 386
413 445
413 380
413 449
413 439
413 417
413 384
413 457
413 433
413 394
413 443
413 356
414 372
414 452
414 381
414 396
414 434
414 360
414 364
414 407
414 453
414 431
414 383
414 400
414 434
414 439
414 388
415 447
415 453
415 398
415 369
415 361
415 440
415 413
415 444
415 447
415 451
416 384
416 389
416 390
416 414
416 370
416 395
416 434
416 364
416 431
416 403
416 459
416 391
416 453
416 422
416 443
416 413
416 394
416 424
416 417
416 441
416 403
416 407
416 377
416 419
417 424
417 454
417 392
417 402
417 355
417 386
417 396
417 443
417 413
417 406
417 391
417 410
417 374
417 369
417 363
417 417
417 411
417 375
417 424
417 440
417 405
417 425
417 431
417 425
418 420
418 423
418 419
418 367
418 411
418 358
418 385
418 456
418 423
418 446
418 409
418 427
419 387
419 441
419 373
419 406
419 431
419 365
419 427
419 447
419 446
419 406
419 416
419 447
419 386
419 414
420 399
420 412
420 442
420 373
420 404
420 416
420 362
420 446
420 395
420 452
420 407
420 358
420 427
420 366
420 453
420 422
420 390
420 405
420 432
420 420
421 380
421 444
421 367
421 409
421 452
421 402
421 416
421 395
421 369
421 397
421 461
421 379
421 455
421 450
421 410
421 432
421 387
421 388
421 427
421 460
421 389
421 439
421 427
421 367
421 439
421 432
421 382
422 455
422 406
422 381
422 439
422 385
422 366
422 388
422 459
422 400
422 360
422 395
422 439
422 404
422 454
422 406
422 388
422 402
422 411
422 402
422 453
422 405
422 457
422 447
422 419
422 456
422 450
422 394
423 433
423 405
423 404
423 365
423 388
423 432
423 378
423 417
423 413
423 393
423 400
423 431
423 375
423 396
423 461
423 412
423 365
423 455
423 389
423 444
423 372
424 362
424 386
424 435
424 441
424 441
424 399
424 441
424 416
424 426
424 434
424 458
424 416
424 401
424 428
424 449
424 409
424 457
424 391
425 427
425 386
425 398
425 363
425 387
425 450
425 359
425 363
425 460
425 434
425 383
425 455
425 454
425 399
425 434
425 370
425 434
425 432
425 401
425 381
425 397
426 435
426 381
426 418
426 387
426 450
426 366
426 460
426 413
426 383
426 402
426 404
426 380
426 368
426 367
427 423
427 359
427 367
427 414
427 375
427 438
427 386
427 418
427 429
427 402
427 424
427 379
427 392
427 389
427 413
427 357
427 448
427 382
428 411
428 413
428 384
428 412
428 393
428 397
428 430
428 381
428 432
428 446
428 448
428 366
428 433
428 429
428 426
428 370
428 438
428 380
428 386
428 375
428 410
428 355
428 366
428 451
428 374
428 401
429 370
429 384
429 423
429 427
429 355
429 365
429 444
429 450
429 411
429 361
429 412
429 378
429 417
429 417
429 389
429 385
429 382
430 451
430 441
430 363
430 393
430 366
430 376
430 355
430 374
430 431
430 358
430 440
430 364
430 417
430 380
430 457
430 367
431 413
431 369
431 394
431 433
431 406
431 417
431 381
431 431
431 428
431 381
431 443
431 419
431 371
431 398
431 432
431 414
431 375
432 372
432 411
432 392
432 356
432 387
432 417
432 399
432 413
432 394
432 452
432 401
432 377
432 381
432 423
432 408
432 437
432 368
432 452
432 428
432 362
433 407
433 439
433 455
433 400
433 431
433 461
433 449
433 446
433 393
433 439
433 363
433 430
433 392
433 417
433 415
433 373
433 447
433 380
433 370
433 451
433 376
434 450
434 395
434 373
434 391
434 456
434 455
434 442
434 460
434 385
434 355
434 386
434 381
434 446
434 400
434 460
434 421
434 371
434 395
434 363
434 395
434 441
434 410
434 417
434 359
434 378
434 461
434 400
434 429
435 431
435 449
435 398
435 391
435 414
435 423
435 355
435 381
435 432
435 371
435 440
435 411
435 398
435 438
435 412
435 416
435 373
435 456
435 457
435 441
435 367
435 427
435 395
435 363
435 443
436 355
436 381
436 424
436 399
436 407
436 461
436 401
436 358
436 359
436 358
436 391
436 365
436 454
436 441
436 447
436 449
436 449
436 434
436 365
436 384
436 424
436 389
436 443
436 431
436 455
436 359
437 380
437 404
437 407
437 393
437 364
437 413
437 450
437 359
437 431
437 357
437 460
437 423
437 399
437 431
437 439
437 357
437 461
437 362
437 456
437 452
438 358
438 392
438 449
438 448
438 379
438 371
438 354
438 441
438 398
438 368
438 433
438 429
438 450
438 434
438 458
439 426
439 411
439 430
439 380
439 387
439 461
439 440
439 419
439 452
439 361
439 403
439 450
439 456
439 389
439 421
439 382
439 396
439 461
439 413
439 402
440 377
440 399
440 423
440 457
440 428
440 415
440 433
440 432
440 363
440 432
440 443
440 431
440 360
440 419
440 454
440 425
440 406
440 430
440 389
440 417
440 404
440 366
440 361
440 392
440 366
440 429
440 395
440 411
440 412
440 393
441 368
441 456
441 361
441 356
441 380
441 358
441 398
441 401
441 390
441 358
441 457
441 414
441 409
441 417
441 395
441 423
441 439
441 432
441 388
441 371
441 369
441 436
441 354
441 453
441 378
441 401
442 442
442 422
442 441
442 428
442 455
442 426
442 456
442 395
442 407
442 419
442 393
442 443
442 428
442 443
442 438
442 409
442 379
442 361
443 424
443 386
443 354
443 429
443 432
443 380
443 461
443 405
443 436
443 455
443 431
443 371
443 449
443 376
443 415
443 356
443 384
443 362
443 449
443 373
444 393
444 373
444 434
444 363
444 366
444 458
444 434
444 373
444 427
444 403
444 396
444 384
444 444
444 359
444 412
444 424
444 432
444 433
444 362
444 385
444 364
444 460
444 458
445 382
445 459
445 366
445 406
445 418
445 451
445 387
445 370
445 356
445 381
445 378
445 387
445 424
445 385
445 444
445 379
445 433
445 385
445 401
445 400
445 458
445 426
445 404
445 392
445 384
446 416
446 399
446 357
446 450
446 421
446 404
446 392
446 420
446 399
446 388
446 388
446 395
446 400
446 425
446 391
446 449
447 427
447 413
447 453
447 373
447 391
447 365
447 363
447 392
447 362
447 450
447 445
447 422
447 368
447 385
447 456
448 422
448 445
448 424
448 432
448 387
448 434
448 379
448 389
448 421
448 374
448 387
448 440
448 407
449 432
449 380
449 406
449 408
449 430
449 380
449 362
449 432
449 367
449 407
449 430
449 427
449 406
449 357
449 429
449 431
449 416
449 432
449 388
449 428
449 459
449 426
449 401
449 395
449 388
449 406
449 411
449 405
449 447
450 449
450 416
450 401
450 401
450 374
450 402
450 416
450 379
450 459
450 452
450 417
450 460
450 364
450 433
450 433
450 425
450 382
450 380
450 386
450 447
450 437
450 438
450 424
451 358
451 369
451 359
451 460
451 398
451 378
451 394
451 357
451 445
451 406
451 364
451 439
451 428
451 460
451 381
451 447
451 392
451 459
451 386
451 428
451 379
451 370
451 441
452 401
452 369
452 398
452 436
452 416
452 413
452 405
452 442
452 394
452 451
452 428
452 391
452 445
452 405
452 356
452 374
452 428
452 393
452 369
452 411
452 400
452 419
452 455
452 437
452 411
453 406
453 358
453 436
453 380
453 429
453 433
453 397
453 452
453 402
453 355
453 448
453 404
453 403
453 400
453 421
454 428
454 440
454 369
454 417
454 457
454 431
454 418
454 392
454 406
454 428
454 440
454 391
454 441
454 421
454 387
455 403
455 374
455 357
455 407
455 442
455 450
455 433
455 421
455 460
455 456
455 440
455 412
455 376
455 440
455 401
455 435
455 431
455 400
455 403
455 393
455 401
456 371
456 428
456 373
456 375
456 398
456 452
456 387
456 414
456 437
456 433
456 416
456 380
456 385
456 409
456 413
456 421
456 380
456 414
456 418
456 367
456 355
456 441
457 429
457 357
457 413
457 357
457 382
457 391
457 435
457 384
457 378
457 447
457 386
457 461
457 392
457 429
457 370
457 435
457 357
457 411
457 451
457 431
457 384
457 455
458 412
458 434
458 416
458 384
458 380
458 439
458 434
458 401
458 403
458 370
458 430
458 367
458 405
458 402
458 452
458 419
458 443
458 431
458 446
458 367
458 409
458 389
458 379
458 405
458 399
458 395
458 397
459 441
459 379
459 373
459 399
459 363
459 421
459 405
459 453
459 455
459 422
459 457
459 360
459 436
459 435
459 455
459 369
459 432
459 358
459 439
459 436
459 443
459 365
459 406
459 436
460 395
460 414
460 390
460 400
460 387
460 392
460 380
460 369
460 357
460 358
460 431
460 424
460 439
461 448
461 409
461 434
461 454
461 380
461 393
461 439
461 447
461 393
461 446
461 382
461 431
461 457
461 382
462 472
462 487
463 473
463 469
463 472
463 482
463 482
463 487
463 466
463 474
464 483
464 487
464 482
465 467
465 469
466 482
466 465
466 487
467 480
467 487
467 468
467 463
467 479
467 462
468 482
469 464
469 486
469 476
470 466
471 464
471 482
471 468
471 474
471 469
471 476
471 481
471 473
471 476
473 466
473 464
473 474
473 464
473 482
473 479
473 485
473 466
474 465
474 465
474 476
474 469
474 466
474 482
475 478
475 487
475 485
476 473
476 474
476 476
476 486
476 464
476 471
477 484
477 468
477 474
477 485
477 478
478 463
478 487
478 477
478 473
478 484
479 483
479 486
479 486
479 479
479 477
479 482
479 485
479 471
479 466
479 469
479 472
480 471
480 486
480 470
480 484
480 478
481 479
481 471
481 479
481 469
481 482
482 468
482 481
482 482
482 479
482 462
482 462
482 480
482 469
482 480
482 469
482 462
483 475
483 466
484 479
484 467
484 462
484 485
485 462
485 471
485 480
485 472
485 487
485 482
486 482
486 472
486 478
486 464
486 474
486 471
486 468
486 464
487 472
487 473
487 468
487 476
487 487
487 474
487 471
487 486
487 474
488 489
488 493
488 494
488 494
488 506
488 503
489 506
489 513
489 489
489 503
489 494
489 496
490 506
490 497
490 500
490 513
490 494
491 506
491 512
491 498
491 513
491 502
491 505
491 490
492 513
492 511
492 499
493 490
493 493
493 503
494 488
494 489
494 508
494 513
494 503
495 488
495 490
496 514
496 489
496 495
496 490
496 494
497 493
497 504
497 503
497 511
498 502
498 505
498 497
498 508
498 513
498 495
499 507
499 488
500 499
500 498
500 496
500 494
500 495
501 497
501 488
501 509
501 512
501 490
501 496
501 488
502 498
502 502
502 502
502 497
502 513
503 500
503 514
503 501
503 498
503 499
503 506
503 501
504 493
504 504
504 499
504 505
504 499
504 513
504 512
505 512
505 516
505 513
505 499
505 503
505 503
505 497
506 513
506 511
506 505
506 503
506 495
506 506
506 506
506 512
506 508
506 510
506 497
506 494
507 513
507 516
507 506
507 492
507 508
507 503
507 503
507 511
507 491
508 491
508 491
508 503
508 488
508 488
508 514
509 513
509 507
510 489
510 514
510 500
510 494
510 488
510 497
510 490
510 489
510 494
510 494
510 504
511 510
511 507
511 512
511 513
511 497
512 507
512 507
513 508
513 516
513 497
513 508
513 498
513 488
513 512
513 505
513 492
513 505
513 506
513 498
513 503
514 496
514 513
514 513
514 507
514 493
516 511
516 506
516 508
516 514
516 503
516 516