0 71
0 18
0 44
0 61
0 441
1 61
1 80
1 60
1 337
2 29
2 87
2 66
2 70
2 101
2 23
2 76
2 213
2 224
2 408
3 8
3 388
4 39
4 100
4 74
4 8
4 41
4 66
4 276
4 461
5 41
5 11
5 202
6 56
6 3
6 62
6 74
6 54
6 51
6 14
6 90
7 74
7 14
7 63
7 77
8 17
8 61
8 54
8 2
8 97
8 246
8 385
9 19
9 83
9 69
9 103
10 94
10 24
10 63
10 97
10 106
10 74
10 79
10 45
10 89
10 240
11 88
11 74
11 69
11 58
11 53
11 24
11 45
11 74
11 70
11 5
11 12
11 29
12 55
12 66
12 38
12 2
12 59
12 100
12 490
13 79
13 107
13 65
13 37
13 24
14 87
14 37
14 105
14 79
14 5
15 9
15 33
15 71
15 77
15 10
15 91
16 74
16 22
16 85
16 77
16 367
17 42
17 31
17 136
18 61
18 76
19 44
19 79
19 15
19 32
19 30
19 102
19 33
19 107
19 397
20 98
20 42
20 1
20 19
21 38
21 24
21 79
21 41
21 37
21 339
22 19
22 16
22 54
22 84
22 40
22 348
22 460
23 92
23 62
23 53
23 19
24 5
24 31
24 37
24 82
24 98
24 73
24 339
25 8
25 91
25 37
25 70
25 63
25 26
25 54
25 54
25 31
25 2
25 16
25 112
26 39
26 13
26 28
26 83
26 86
27 85
27 22
27 40
27 73
27 16
27 207
27 108
28 95
28 53
28 69
28 12
28 73
28 233
29 22
29 54
29 28
29 1
29 80
29 74
29 120
30 49
30 94
30 34
30 86
31 48
31 77
31 95
31 13
31 71
31 17
31 22
31 29
31 73
31 66
31 6
31 45
31 358
31 486
32 29
32 38
32 56
32 106
32 17
32 79
33 73
33 86
33 35
33 44
33 27
33 4
34 90
34 52
34 54
34 31
34 6
34 112
35 34
35 7
36 83
36 62
36 55
36 83
36 4
36 66
36 14
37 56
37 36
37 68
37 2
37 128
38 14
38 30
38 70
38 74
38 94
38 70
38 45
38 84
39 32
39 38
39 62
39 66
39 87
39 217
40 72
40 33
40 33
40 73
40 16
40 31
41 22
41 25
41 245
41 306
42 89
42 16
42 87
42 50
42 91
42 44
42 54
43 40
43 47
43 98
43 77
43 16
43 59
43 50
43 58
43 48
43 416
44 34
44 19
44 26
44 53
44 5
44 102
44 64
45 52
45 92
45 39
45 48
45 58
45 91
45 13
45 41
45 76
45 90
45 33
45 51
45 107
46 71
46 0
46 2
46 55
46 53
46 40
47 94
47 46
47 5
47 20
47 104
48 60
48 79
48 59
48 69
48 52
48 90
48 101
48 99
48 24
48 19
48 29
49 8
49 66
49 75
49 1
50 81
50 12
50 46
50 6
50 54
50 25
51 13
51 46
51 31
51 39
51 70
51 55
51 31
51 63
51 89
51 96
51 106
51 503
51 419
52 39
52 12
52 93
53 88
53 97
53 64
53 47
53 36
54 42
54 68
54 61
54 62
54 56
54 10
54 12
54 39
54 55
54 62
54 96
54 64
54 75
54 1
54 285
55 23
55 76
55 17
55 65
55 66
55 32
55 34
55 20
56 0
56 85
56 88
56 86
56 6
56 61
56 37
56 52
57 54
57 54
57 81
57 17
57 2
57 8
57 184
58 103
58 107
58 53
58 64
58 65
59 32
59 31
59 40
59 79
59 44
59 53
60 0
60 14
60 93
60 34
60 1
60 75
60 90
61 41
61 92
61 84
61 48
61 0
62 52
62 91
62 17
62 8
62 92
62 42
62 68
62 22
62 23
62 292
63 50
63 74
63 68
63 7
63 66
63 21
63 68
63 93
63 97
63 36
63 329
64 32
64 82
64 45
64 476
66 75
66 62
66 20
66 40
66 42
66 105
66 102
66 20
66 30
66 95
66 9
66 106
66 38
66 199
67 28
67 6
67 44
67 5
67 448
68 100
68 74
68 195
69 68
69 67
69 20
69 62
70 30
70 66
70 44
70 101
70 62
70 52
70 45
71 13
71 93
71 47
71 32
71 14
71 5
71 209
71 495
72 46
72 12
72 7
72 67
72 66
72 64
72 11
72 15
72 102
72 47
72 28
73 38
73 92
73 14
73 41
73 86
73 62
73 66
74 20
74 33
74 66
74 257
75 95
75 77
75 42
75 16
75 38
75 72
76 25
76 87
76 21
76 344
77 59
77 73
77 3
77 74
77 162
77 400
78 64
78 84
78 96
78 6
78 60
78 49
78 457
79 22
79 12
79 20
79 28
79 71
79 39
79 59
79 31
79 80
79 289
80 82
80 1
80 281
81 42
81 95
81 104
81 17
81 59
81 57
81 79
82 103
82 16
82 19
82 18
82 59
82 67
82 473
83 1
83 88
83 11
83 60
83 63
83 48
83 5
83 68
83 498
84 40
84 45
84 0
84 97
84 100
84 31
84 12
84 61
85 91
85 27
85 79
85 3
85 31
85 60
86 32
86 25
86 5
86 47
86 97
86 135
86 269
87 54
87 0
87 95
87 86
87 46
87 91
87 64
87 295
88 101
88 77
88 94
88 38
88 8
88 42
88 90
88 48
88 48
89 2
89 68
89 88
89 67
89 71
89 37
89 96
89 87
90 15
90 83
90 59
90 86
90 36
90 20
90 2
90 87
90 54
90 37
90 75
90 13
91 21
91 17
91 50
91 105
92 19
92 25
92 42
92 488
93 107
93 82
93 73
93 83
93 72
93 31
93 89
93 26
93 28
93 80
93 69
94 22
94 98
94 40
94 41
94 41
94 31
94 26
95 103
95 64
95 75
95 82
95 5
95 58
96 14
96 25
96 31
96 106
96 16
96 74
96 63
96 29
96 54
96 8
96 91
96 92
97 104
97 18
97 26
97 78
98 42
98 54
98 48
98 28
98 25
98 306
99 42
99 92
99 18
99 25
99 139
99 295
100 35
100 230
100 351
101 46
101 81
101 5
101 11
101 25
101 62
101 90
102 43
102 64
102 77
102 24
102 20
102 95
102 4
102 76
102 104
102 96
102 90
102 177
103 82
103 40
103 106
103 23
103 7
104 46
104 19
104 46
105 63
105 54
105 55
105 49
106 73
106 2
106 0
106 24
106 82
106 49
106 31
106 19
106 90
107 92
107 28
107 14
107 58
107 462
108 136
108 133
108 133
108 166
108 181
108 185
108 128
108 131
108 165
108 115
108 130
108 168
109 114
109 123
109 111
109 206
109 136
109 140
109 186
109 158
109 150
109 125
109 207
110 152
110 188
110 142
110 166
110 151
110 108
110 212
110 166
110 197
110 140
110 165
110 320
111 188
111 184
111 169
111 160
111 185
111 150
111 115
111 181
111 168
111 113
111 191
111 114
112 146
112 160
112 111
112 185
112 140
112 138
112 168
112 164
112 133
112 191
112 168
112 118
112 213
112 140
112 190
112 195
113 114
113 206
113 190
113 180
113 154
113 128
113 163
113 124
113 176
113 207
113 189
113 108
113 112
113 112
113 152
113 202
114 171
114 148
114 113
114 173
114 167
114 131
114 138
114 153
114 179
114 152
114 139
114 194
114 188
115 111
115 214
115 133
115 121
115 167
115 118
115 204
115 149
115 148
115 178
115 135
115 112
115 176
115 139
115 178
115 195
116 136
116 209
116 114
116 152
116 124
116 149
116 175
116 163
116 179
116 181
116 160
116 185
116 135
116 209
116 215
116 181
116 202
116 131
117 210
117 160
117 143
117 146
117 178
117 157
117 110
117 204
117 207
118 167
118 128
118 149
118 135
118 160
118 167
118 146
118 112
118 114
118 151
118 163
118 185
119 183
119 124
119 180
119 154
119 140
119 170
119 214
119 180
119 206
119 154
119 181
120 160
120 210
120 162
120 201
120 116
120 158
120 198
120 114
120 151
120 166
121 152
121 109
121 208
121 110
121 163
121 205
121 175
121 114
121 136
121 169
121 204
121 143
121 160
121 150
122 111
122 132
122 207
122 130
122 181
122 190
122 165
122 145
122 112
122 194
123 112
123 201
123 132
123 176
124 157
124 179
124 162
124 121
124 168
124 128
124 171
125 161
125 187
125 193
125 199
125 214
125 214
125 134
125 167
125 173
125 184
125 154
125 183
125 144
125 204
125 409
126 183
126 157
126 207
126 178
126 205
126 167
126 187
126 173
126 165
127 141
127 145
127 123
127 209
127 134
127 211
128 119
128 178
128 207
128 178
128 195
128 178
128 110
128 139
128 213
129 143
129 120
129 142
129 139
129 179
129 120
129 176
129 411
130 109
130 210
130 183
130 200
130 128
130 146
130 201
130 138
130 154
130 120
130 201
131 191
131 172
131 141
131 135
131 144
131 149
131 123
131 143
131 175
131 170
131 116
131 128
131 188
131 147
131 212
131 179
132 131
132 148
132 181
132 135
132 179
132 144
132 179
132 210
132 214
132 149
132 175
133 160
133 152
133 116
133 122
133 191
134 214
134 136
134 179
134 152
134 181
134 187
134 213
134 133
134 133
134 191
134 209
135 143
135 147
135 148
135 141
135 186
135 197
135 173
135 154
135 134
135 172
135 112
135 162
135 108
135 125
136 196
136 182
136 114
136 149
136 168
136 205
136 148
136 172
136 162
136 228
137 210
137 190
137 157
137 129
137 188
137 169
137 111
137 211
137 109
137 192
137 134
137 160
138 199
138 119
138 142
138 114
138 117
138 165
138 173
138 176
138 203
138 126
139 172
139 110
139 136
139 181
139 113
139 146
139 170
139 136
139 185
139 209
139 113
139 151
139 146
139 130
139 186
140 152
140 167
140 117
140 136
140 131
140 182
140 109
140 111
140 159
140 116
140 517
141 153
141 150
141 192
141 110
141 113
141 138
141 168
141 188
141 120
141 143
141 118
141 148
141 130
141 157
142 166
142 189
142 150
142 185
142 194
142 152
142 172
142 211
142 129
142 110
142 122
142 136
142 163
142 170
142 210
142 164
142 207
142 185
143 184
143 169
143 163
143 115
143 215
143 437
144 191
144 130
144 156
144 181
144 158
144 176
144 204
144 242
145 140
145 113
145 119
145 184
145 138
145 174
145 199
145 123
145 187
145 152
146 155
146 129
146 157
146 136
146 169
146 108
146 192
146 213
146 118
146 125
146 136
146 140
146 171
146 125
146 110
146 137
146 153
146 159
146 214
146 213
146 177
146 199
147 113
147 154
147 176
147 175
147 111
147 168
147 150
147 138
147 170
148 141
148 158
148 141
148 158
148 214
148 191
148 209
148 188
148 199
148 160
148 214
148 186
148 200
148 145
148 476
149 178
149 182
149 180
149 158
149 208
149 117
149 192
149 155
149 212
149 126
149 194
149 214
149 166
150 143
150 212
150 146
150 167
150 109
150 130
150 181
150 118
150 200
150 198
150 144
150 119
150 209
151 170
151 113
151 201
151 153
151 163
151 126
151 121
152 166
152 108
152 144
152 116
152 214
152 108
152 181
153 131
153 183
153 163
153 195
153 173
153 127
153 160
153 156
153 120
153 214
153 146
153 165
153 127
153 186
153 140
154 197
154 165
154 207
154 130
154 188
154 193
154 192
154 153
154 167
154 184
154 156
154 142
154 205
154 199
154 194
154 180
155 171
155 166
155 122
155 172
155 129
155 112
155 197
155 148
155 154
155 187
155 143
155 210
155 175
156 146
156 136
156 184
156 159
156 167
156 127
156 189
157 121
157 214
157 203
157 170
157 173
157 138
157 194
158 210
158 141
158 202
158 137
158 156
159 176
159 214
159 138
159 171
159 214
159 185
159 121
159 178
159 148
159 157
159 108
159 126
160 161
160 111
160 114
160 153
160 197
161 197
161 214
161 162
161 152
161 211
161 150
161 164
161 116
161 185
161 115
162 150
162 141
162 141
162 168
162 159
162 122
162 206
162 210
163 196
163 195
163 197
163 195
163 170
163 112
163 128
163 116
163 145
163 153
163 210
163 204
163 170
163 260
164 170
164 116
164 198
164 179
164 183
164 185
164 151
164 175
164 206
164 183
164 205
164 193
164 123
164 188
164 145
164 152
164 233
164 504
165 136
165 151
165 179
165 195
165 121
165 118
166 136
166 161
166 211
166 178
166 120
166 210
166 183
166 121
166 109
166 201
166 165
166 136
166 157
166 197
166 111
167 142
167 136
167 136
167 139
167 164
167 124
167 163
167 184
168 146
168 188
168 211
168 190
168 146
168 154
168 159
168 111
168 212
168 116
168 204
168 149
169 136
169 149
169 211
169 178
169 129
169 204
169 175
169 154
169 178
169 183
170 134
170 148
170 109
170 153
170 177
170 125
170 115
170 127
170 129
170 130
170 214
170 126
170 185
170 200
170 139
170 124
170 367
171 197
171 175
171 137
171 178
171 206
171 140
171 154
171 178
171 181
171 161
171 139
171 117
172 175
172 174
172 204
172 179
172 185
172 111
173 167
173 206
173 139
173 110
173 163
173 189
173 168
173 165
173 207
173 143
173 211
173 197
173 148
173 168
174 154
174 114
174 150
174 199
174 215
174 187
174 211
174 114
174 214
175 108
175 135
175 135
175 174
175 154
175 146
175 190
175 130
175 187
175 166
175 180
175 184
175 185
175 115
175 122
175 177
175 150
176 134
176 209
176 146
176 171
176 208
176 170
176 214
176 144
176 118
176 194
176 197
177 214
177 180
177 116
177 174
177 130
177 170
177 197
177 192
177 203
177 135
177 114
177 215
177 168
177 196
178 203
178 143
178 159
178 116
178 182
178 108
178 211
179 160
179 159
179 135
179 200
179 133
179 126
179 128
179 144
179 156
179 140
180 203
180 170
180 145
180 176
180 108
180 123
180 175
180 125
180 179
180 210
180 188
180 168
180 188
181 112
181 197
181 209
181 159
181 207
181 170
181 197
181 192
181 145
181 109
181 175
181 213
181 151
181 156
181 160
181 208
182 184
182 202
182 142
182 161
182 112
182 214
182 161
182 214
182 134
182 131
182 240
182 413
183 157
183 160
183 207
183 212
183 135
183 110
183 120
183 128
183 120
183 136
183 200
183 118
183 108
183 181
184 205
184 131
184 109
184 162
184 176
184 180
185 146
185 124
185 159
185 190
185 181
185 175
185 154
185 134
185 198
185 142
185 121
185 153
185 195
185 206
186 125
186 208
186 168
186 198
186 211
186 209
186 171
186 174
186 152
186 196
186 148
186 159
186 201
187 212
187 205
187 207
187 138
187 178
187 121
187 191
187 178
187 124
187 196
187 139
187 136
188 147
188 146
188 202
188 121
188 192
188 131
188 144
188 174
188 199
188 125
188 124
188 175
188 127
188 122
189 136
189 179
189 119
189 127
189 119
189 116
189 200
189 163
189 121
189 154
189 173
189 123
189 154
189 153
189 118
190 114
190 193
190 188
190 116
190 173
190 109
190 178
190 202
190 132
190 148
190 117
190 167
190 137
191 190
191 214
191 202
191 161
191 120
191 139
191 121
191 179
191 131
191 140
191 124
192 182
192 205
192 177
192 168
192 182
192 182
192 129
192 144
193 171
193 128
193 207
193 196
193 139
193 136
193 134
193 109
193 203
193 122
193 151
193 115
194 162
194 116
194 209
194 126
194 157
194 159
194 165
194 175
194 163
194 108
194 137
194 156
194 161
194 214
195 207
195 154
195 108
195 206
195 163
195 143
195 211
195 115
195 210
195 108
195 137
195 155
196 135
196 153
196 195
196 198
196 159
196 137
196 214
197 118
197 140
197 159
197 113
197 142
197 168
197 123
197 193
197 143
197 111
197 131
198 115
198 138
198 194
198 178
198 168
198 171
198 154
198 141
198 178
198 212
198 167
198 179
198 179
198 177
198 191
199 171
199 208
199 135
199 156
199 141
199 162
199 156
199 194
199 214
199 113
200 109
200 141
200 162
200 171
200 144
200 152
200 161
201 117
201 149
201 131
201 209
201 184
201 121
201 168
201 164
201 136
201 112
201 199
201 189
201 111
202 134
202 130
202 147
202 125
202 118
202 124
202 215
202 182
203 144
203 152
203 198
203 192
203 159
203 112
203 135
203 141
203 144
203 135
204 149
204 132
204 125
204 195
204 158
204 210
204 135
204 149
204 164
204 478
205 125
205 140
205 150
205 115
205 159
205 137
205 278
206 192
206 215
206 149
206 120
206 162
206 194
206 213
207 112
207 206
207 113
207 198
207 163
207 184
207 179
207 183
207 109
207 194
207 110
208 111
208 136
208 157
208 160
208 154
208 197
208 116
208 109
208 114
208 141
208 118
209 184
209 132
209 149
209 191
209 201
209 151
209 129
209 161
209 152
209 175
209 176
209 142
210 188
210 174
210 145
210 207
210 166
210 170
210 154
210 142
211 183
211 197
211 183
211 178
211 176
211 118
211 160
212 195
212 135
212 160
212 178
212 150
212 185
212 208
212 131
212 193
212 214
213 171
213 171
213 132
213 181
213 211
213 214
213 137
214 172
214 186
214 182
214 192
214 192
214 119
214 199
214 194
214 145
214 204
214 212
214 137
214 191
214 164
214 176
214 179
214 183
214 468
215 137
215 209
215 185
215 126
215 196
215 181
215 197
215 152
215 178
215 133
215 332
215 354
215 286
216 233
216 219
216 273
216 262
217 264
217 265
217 229
217 260
218 247
218 216
218 277
218 332
219 244
219 246
219 241
219 270
219 256
219 255
219 245
219 304
219 401
220 271
220 280
220 231
220 222
221 277
221 237
221 269
221 264
221 272
221 262
222 280
222 242
222 217
222 231
222 266
222 262
222 223
222 251
222 253
222 278
222 242
222 301
222 319
223 217
223 242
223 235
223 251
223 344
224 269
224 227
224 263
224 249
225 223
225 251
226 263
226 221
226 275
226 275
226 378
227 276
227 239
227 271
228 248
228 254
229 272
229 249
229 237
229 280
229 241
229 238
229 384
230 256
230 229
230 246
230 217
230 227
230 257
230 375
230 299
231 228
231 268
231 277
231 239
231 235
231 278
231 218
231 277
231 255
231 384
232 247
232 240
232 250
233 225
233 228
233 259
233 374
234 270
234 275
234 236
234 275
234 220
235 261
235 263
235 218
235 265
235 270
235 274
235 244
235 275
235 232
235 355
236 217
236 254
236 233
236 230
236 430
237 226
237 249
237 264
237 258
237 270
237 279
237 279
238 249
238 225
238 374
239 250
239 278
239 264
239 277
239 237
239 443
240 277
240 279
240 239
240 222
240 272
240 279
240 235
240 345
241 247
241 264
241 216
241 238
241 258
241 217
241 373
242 217
242 235
242 258
242 277
242 274
242 229
242 278
242 231
242 269
242 354
243 254
243 218
243 239
243 263
243 265
244 261
244 239
244 230
244 222
244 261
244 241
244 227
245 259
245 279
245 259
245 231
245 234
245 232
246 245
246 258
246 230
246 217
247 250
247 228
247 240
247 239
248 216
248 239
248 242
248 231
248 245
249 245
249 264
249 248
249 239
249 273
249 274
250 249
250 235
250 265
250 254
250 258
250 265
250 259
250 251
250 257
250 233
250 351
251 228
251 224
251 262
251 254
251 232
251 266
251 366
252 238
252 239
253 222
253 232
253 272
253 260
253 217
254 248
254 265
254 235
254 255
254 279
254 273
255 233
255 263
255 263
255 241
255 279
255 261
255 245
255 426
256 264
256 253
256 272
256 267
256 249
257 259
257 272
257 250
257 225
257 261
257 231
258 274
258 237
258 243
258 275
258 226
258 490
259 228
259 224
259 253
260 245
260 224
260 236
260 241
260 272
260 235
260 223
260 261
261 263
261 241
261 246
261 241
261 232
261 245
261 266
262 239
262 249
262 244
262 280
262 266
262 260
262 228
262 222
262 268
262 244
262 222
262 229
263 270
263 222
263 255
263 221
263 227
263 266
263 272
263 454
264 268
264 228
264 232
264 276
264 277
264 235
264 284
265 251
265 218
265 228
265 252
265 268
265 245
265 250
265 227
266 252
266 257
266 232
266 261
266 278
266 226
266 247
267 263
267 218
267 397
268 266
268 239
268 246
268 218
269 224
269 271
269 264
269 235
269 306
269 316
270 269
270 273
270 236
270 250
270 268
270 225
270 219
270 254
270 226
270 331
271 258
271 268
271 218
271 217
271 254
271 228
271 243
271 367
272 249
272 274
273 241
273 264
273 265
273 242
273 226
273 235
273 268
274 220
274 224
274 220
274 236
275 245
275 227
275 277
275 328
276 227
276 279
276 239
277 222
277 273
277 255
277 228
277 267
278 240
278 251
278 225
278 251
278 496
279 262
279 220
279 255
279 263
279 220
280 233
280 245
280 228
280 237
281 319
281 299
282 338
282 371
282 313
282 340
282 326
282 326
283 326
283 379
283 290
283 359
283 289
283 326
283 330
284 293
284 328
284 378
284 295
284 382
285 294
285 346
285 324
285 357
285 386
285 373
285 336
285 344
286 307
286 301
286 324
286 384
286 372
286 382
286 294
286 373
286 302
286 287
286 382
286 449
286 419
287 342
287 385
287 379
287 285
287 364
287 352
287 368
287 326
287 377
287 336
287 343
287 358
287 330
287 367
288 375
288 330
288 330
288 381
288 309
288 312
288 298
288 319
288 292
288 300
288 329
288 331
288 356
288 301
288 311
288 336
288 371
289 290
289 348
289 384
289 297
289 374
289 357
289 379
289 297
289 388
289 326
289 314
290 310
290 344
290 288
290 337
290 378
290 337
290 306
290 375
290 291
290 383
291 287
291 288
291 318
291 304
291 324
291 377
291 298
291 285
291 338
291 347
291 286
291 283
291 365
291 313
292 348
292 319
292 354
292 312
292 388
292 328
292 366
292 345
292 297
293 331
293 379
293 357
293 324
293 365
293 374
293 322
293 367
293 299
293 310
294 316
294 324
294 305
294 304
294 346
294 321
294 388
295 353
295 323
295 374
295 353
295 361
295 300
295 352
295 347
295 317
296 332
296 335
296 315
296 286
296 312
296 345
296 311
296 305
296 392
297 343
297 371
297 286
297 294
297 334
297 318
297 338
297 368
297 353
297 379
297 413
298 348
298 328
298 294
298 356
298 379
298 322
298 362
298 284
298 379
298 346
298 384
298 328
298 360
298 365
298 325
299 364
299 352
299 358
299 344
299 318
299 382
299 501
300 341
300 302
300 285
300 320
300 311
300 381
301 349
301 313
301 350
301 294
301 339
301 328
301 302
301 286
301 306
302 326
302 306
302 297
302 286
302 351
302 285
302 381
302 375
302 314
303 335
303 327
303 295
303 363
303 366
303 375
303 286
304 291
304 383
304 311
304 365
304 329
304 290
304 362
304 351
305 291
305 301
305 318
305 379
305 362
305 345
305 353
305 384
305 494
306 311
306 357
306 357
306 283
306 352
306 367
306 351
306 300
306 354
306 362
306 351
306 281
306 372
307 310
307 332
307 374
307 315
307 384
307 377
307 289
307 298
307 382
307 374
307 370
307 368
307 381
307 297
308 356
308 293
308 305
308 316
308 369
308 320
308 348
308 337
308 311
308 312
308 321
309 281
309 324
309 367
309 361
309 320
309 333
309 307
309 350
309 302
309 281
310 357
310 316
310 357
310 365
310 346
310 363
310 314
310 335
311 371
311 360
311 376
311 356
311 292
311 386
311 371
311 370
311 367
311 293
311 456
312 295
312 293
312 311
312 364
313 370
313 359
313 353
313 372
313 365
313 333
313 386
314 375
314 325
314 287
314 306
314 382
314 302
314 296
314 290
315 285
315 384
315 346
315 307
315 319
315 303
316 359
316 327
316 302
316 322
316 373
316 302
316 388
316 345
316 313
316 381
316 349
316 306
316 343
317 297
317 328
317 369
317 345
318 301
318 337
318 312
318 379
318 381
319 388
319 327
319 301
319 343
319 340
319 350
319 282
319 372
320 356
320 338
320 343
320 343
320 344
320 359
320 358
320 298
320 324
320 373
320 372
320 379
321 292
321 297
321 377
321 357
321 366
321 335
321 311
321 283
321 328
321 387
321 313
321 364
321 285
321 310
321 498
322 363
322 358
322 285
322 387
322 297
322 311
322 376
322 385
322 354
322 302
322 311
322 292
323 359
323 353
323 307
323 314
323 307
323 294
323 352
323 367
323 369
324 379
324 295
324 319
324 382
324 327
324 376
324 340
324 372
324 355
324 328
325 339
325 329
325 353
325 324
325 295
325 388
325 323
326 285
326 284
326 334
326 385
326 350
326 329
326 381
326 311
326 285
326 364
326 490
327 359
327 371
327 346
327 335
327 345
327 369
327 348
327 314
327 386
327 306
327 382
327 427
328 299
328 360
328 388
328 367
328 346
328 321
328 286
328 347
328 381
328 368
328 351
328 369
328 327
329 330
329 338
329 335
329 369
329 286
329 322
330 384
330 334
330 356
330 340
330 380
330 328
330 351
330 351
330 305
331 325
331 299
331 308
332 370
332 369
332 350
332 359
332 375
332 331
332 329
332 386
332 305
332 305
332 315
332 281
332 364
332 292
333 320
333 289
333 351
333 315
333 337
333 345
333 372
333 359
334 324
334 351
334 367
335 297
335 321
335 293
335 358
336 282
336 342
336 296
336 341
336 301
336 377
336 370
336 371
337 299
337 370
337 387
338 378
338 319
338 351
338 360
338 387
338 355
339 354
339 295
339 313
339 354
339 375
339 285
339 345
340 344
340 328
340 291
340 322
340 282
340 342
340 332
340 344
340 283
340 488
341 313
341 347
341 288
341 324
341 364
341 317
341 283
341 296
341 293
341 363
342 293
342 347
342 327
342 358
342 288
342 382
342 374
342 326
342 353
342 380
342 296
343 378
343 321
343 294
343 281
343 289
343 334
343 315
343 353
343 330
343 362
344 333
344 318
344 297
344 289
344 381
344 358
344 359
344 334
344 370
345 321
345 356
345 372
345 366
345 320
345 362
345 321
345 302
345 281
345 374
345 281
345 501
346 303
346 352
346 345
346 299
346 363
346 314
346 357
346 350
346 304
346 338
346 341
346 295
346 319
347 302
347 294
347 340
347 313
347 335
347 342
347 365
347 388
347 310
347 323
347 365
347 399
348 359
348 311
348 376
348 318
348 293
348 373
348 332
349 325
349 314
349 294
349 328
349 290
349 292
349 295
349 311
349 460
350 318
350 285
350 363
350 352
351 347
351 332
351 371
351 374
351 339
351 321
351 295
351 473
352 330
352 340
352 348
352 353
352 315
352 375
352 359
352 325
352 356
352 303
352 375
352 350
352 324
352 399
353 347
353 381
353 356
353 290
353 357
353 361
353 295
353 345
353 350
353 316
353 381
353 282
353 332
354 325
354 368
354 364
354 344
354 317
354 347
354 377
354 377
354 297
354 289
354 289
355 288
355 306
355 379
355 376
355 288
355 382
355 334
355 337
355 283
355 473
356 384
356 296
356 301
356 345
356 371
356 378
357 359
357 387
357 366
357 373
357 349
357 358
357 294
358 312
358 354
358 325
358 340
358 284
358 302
358 301
358 441
359 295
359 314
359 315
359 322
360 328
360 327
360 293
361 357
361 345
361 313
362 291
362 382
362 295
362 302
362 386
362 300
362 281
362 357
363 318
363 335
363 311
363 291
363 298
363 440
364 347
364 340
364 365
364 386
364 346
364 311
364 319
364 361
365 349
365 386
365 283
365 316
365 349
365 299
366 295
366 320
366 351
366 372
366 347
366 308
367 371
367 305
367 325
367 325
367 296
368 321
368 304
368 351
368 373
368 371
368 309
368 293
368 301
368 326
369 289
369 319
369 317
369 319
369 320
369 315
369 285
369 332
369 360
369 310
369 439
370 355
370 369
370 293
370 329
370 289
370 336
370 348
370 320
370 374
371 331
371 290
371 349
371 302
371 370
371 376
371 368
371 378
371 361
371 360
371 342
371 322
371 350
371 310
371 360
372 381
372 363
372 311
372 351
372 382
372 342
372 305
372 296
372 345
372 294
372 366
373 385
373 351
373 388
373 383
373 323
373 304
373 300
373 371
373 282
373 367
373 330
374 365
374 329
374 311
374 314
374 315
374 369
374 339
374 320
374 386
374 316
374 459
375 341
375 367
375 336
375 365
375 407
376 368
376 301
376 313
376 309
376 311
376 281
376 334
376 361
376 327
376 296
376 329
377 354
377 295
377 343
377 351
377 367
377 355
377 306
377 378
378 290
378 372
378 356
378 291
378 387
378 326
378 364
378 323
378 309
378 386
378 312
379 324
379 336
379 314
379 308
379 283
379 326
379 313
380 311
380 347
380 336
380 388
380 352
380 388
380 375
380 334
380 378
380 371
380 322
380 320
380 356
380 307
380 362
380 294
381 335
381 285
381 332
381 281
381 349
381 344
381 384
381 371
381 353
381 311
381 338
381 319
381 295
381 363
381 403
381 395
382 286
382 366
382 302
382 307
382 325
382 378
382 283
382 318
382 326
382 384
382 321
382 371
383 359
383 332
383 309
383 362
383 370
383 355
383 359
383 353
383 302
384 304
384 336
384 321
384 297
384 333
384 317
384 345
384 314
384 340
384 344
385 346
385 382
385 336
385 325
385 320
385 354
385 371
385 359
385 294
385 330
386 382
386 330
386 380
386 284
386 354
386 364
386 336
386 328
386 330
386 296
386 352
386 309
386 484
386 397
387 374
387 289
387 365
387 367
388 331
388 373
388 304
388 296
388 501
390 404
390 490
390 426
390 473
390 511
390 448
391 423
391 423
391 453
391 423
391 440
392 477
392 506
394 489
394 445
394 411
394 472
395 404
395 436
395 460
396 464
396 490
396 463
397 401
397 490
397 504
398 508
398 439
399 477
399 500
399 402
399 416
400 407
400 472
400 390
400 462
400 473
400 479
401 474
401 444
401 493
401 481
402 496
402 470
402 434
402 415
402 513
404 390
404 438
404 431
404 407
404 462
404 494
405 508
405 467
405 445
406 490
406 399
406 477
406 515
407 453
408 514
408 419
408 516
408 455
408 393
408 460
408 460
409 477
409 503
409 437
410 491
410 434
410 401
410 416
411 513
411 407
411 480
412 425
412 498
412 474
412 429
412 409
413 431
413 436
413 402
414 485
415 408
415 392
416 424
416 485
416 469
416 395
416 435
416 439
416 399
417 475
418 455
418 476
419 413
419 507
419 393
419 481
420 485
420 430
420 493
421 404
421 434
422 392
422 397
422 436
422 397
422 497
423 488
423 509
425 473
425 516
425 455
425 464
425 437
425 482
426 509
426 494
426 473
427 483
427 399
428 484
428 404
428 508
429 467
430 501
430 501
430 421
430 497
430 498
430 392
430 483
430 397
430 479
431 488
432 502
432 466
433 480
433 445
434 453
434 479
434 495
435 466
435 438
435 436
435 504
435 489
435 492
435 495
436 407
436 496
436 405
437 491
437 410
437 436
438 443
439 498
439 469
439 395
440 496
440 405
440 486
440 396
440 417
441 476
441 500
442 504
442 398
443 455
443 498
443 407
443 461
443 437
443 392
443 469
443 427
443 516
444 511
444 490
444 419
444 440
444 513
445 391
446 494
447 492
447 419
448 390
448 410
448 488
448 513
448 430
449 516
449 453
450 511
451 422
451 468
451 490
452 437
452 420
453 423
453 391
453 421
453 412
453 505
454 483
454 501
454 490
455 511
456 434
456 467
457 403
458 415
458 475
458 491
458 427
459 456
459 411
460 508
460 432
460 442
461 473
461 420
462 494
462 405
462 456
462 414
462 515
462 464
462 508
463 407
463 508
464 475
464 448
464 410
464 444
464 439
464 460
465 426
465 428
465 461
465 490
466 403
466 480
466 503
466 501
466 515
467 502
467 499
467 403
467 462
467 399
468 460
468 457
468 463
468 507
469 473
469 466
469 424
469 494
469 430
469 490
469 430
469 466
470 483
470 501
470 412
470 435
470 500
470 481
470 497
470 493
470 447
471 469
471 391
471 409
472 489
472 416
473 494
473 489
474 392
474 399
474 478
474 451
475 470
475 440
476 435
476 481
476 493
477 469
477 505
477 402
477 401
477 479
477 449
477 404
478 446
478 502
478 399
478 491
479 426
479 432
479 494
480 403
480 514
481 503
481 460
481 423
483 424
484 469
484 505
485 515
485 417
485 433
485 486
486 390
487 452
487 398
487 473
487 389
488 444
488 454
489 413
489 499
489 485
489 427
490 412
490 440
490 461
490 507
490 489
490 401
491 460
491 500
492 503
492 462
492 476
492 430
492 464
492 435
493 440
493 470
493 469
494 511
494 479
495 439
495 475
495 399
495 511
496 428
496 401
497 411
497 494
497 440
497 515
497 405
497 499
497 427
498 460
498 486
498 412
498 484
498 395
499 398
500 428
500 433
501 457
501 497
501 460
502 470
502 440
502 450
503 470
503 460
504 513
505 492
505 479
506 423
506 457
506 511
506 440
506 438
507 411
507 512
507 398
507 446
507 389
508 507
508 428
508 515
509 505
509 422
509 496
509 399
509 408
509 430
511 436
511 423
511 398
511 497
511 468
511 485
511 449
511 395
511 501
512 474
512 406
513 459
513 436
513 397
515 439
515 492
515 430
515 424
517 452
517 470