0 133
0 61
0 118
0 493
1 68
1 172
1 197
2 143
2 40
2 132
2 141
3 166
3 128
3 178
3 123
3 127
3 62
3 63
4 179
4 202
4 186
4 21
4 422
4 827
5 192
5 188
5 201
5 125
5 116
6 138
6 205
6 46
6 106
6 129
6 54
6 118
6 443
7 165
7 111
7 56
8 58
8 182
8 139
8 800
9 64
9 111
9 36
9 79
9 224
10 197
10 155
10 17
10 8
10 142
10 145
10 566
11 175
11 204
11 124
11 414
12 178
12 23
13 181
13 149
13 96
13 163
13 103
13 203
13 711
14 25
14 54
14 118
14 209
14 89
14 98
14 177
14 41
14 44
14 191
14 68
15 48
15 144
15 151
15 26
15 84
15 65
15 180
15 91
15 32
15 183
15 523
16 186
16 95
16 144
16 205
16 377
16 855
16 904
17 200
17 175
17 200
17 127
17 718
18 79
18 89
18 155
18 189
18 26
18 9
18 169
18 14
18 150
19 113
19 174
19 118
19 106
19 111
19 720
20 163
20 122
20 74
20 149
20 42
20 169
21 16
21 65
21 49
21 167
21 148
21 122
21 74
21 133
22 203
22 175
22 177
22 15
22 114
22 1
22 117
22 70
22 191
22 198
22 71
22 244
23 48
23 16
23 108
23 122
23 16
23 17
23 114
23 17
24 23
24 192
24 41
24 2
25 138
25 74
25 124
25 5
25 31
25 151
25 215
25 144
25 200
25 50
25 39
25 5
25 176
25 702
26 179
26 163
26 177
26 94
26 59
26 76
26 177
26 721
27 74
28 71
28 1
28 146
28 196
28 117
28 160
28 56
28 145
28 49
28 46
28 394
29 115
29 5
29 38
29 63
29 212
29 193
30 16
30 170
30 85
30 124
30 204
31 192
31 198
31 84
31 156
31 82
31 48
31 36
31 161
31 621
32 153
32 115
32 111
32 175
32 75
32 111
32 13
32 76
32 76
32 800
32 1033
33 37
33 95
33 37
33 12
34 145
34 72
34 160
34 149
34 3
34 55
34 17
34 899
35 167
35 36
35 71
35 87
35 3
35 167
35 698
36 60
36 145
36 147
36 169
36 183
36 190
36 170
36 31
36 150
36 166
36 939
37 6
37 57
37 192
37 215
37 17
37 140
37 137
37 167
37 110
37 93
38 64
38 52
38 48
38 105
38 902
39 6
39 45
39 187
40 180
40 26
40 204
40 114
40 455
41 97
41 213
41 137
41 147
42 60
42 0
42 61
42 132
42 121
42 12
42 535
43 23
43 105
43 110
43 156
43 75
44 90
44 85
44 312
44 524
44 495
45 152
45 75
45 215
45 49
46 70
46 28
46 81
46 64
46 148
46 187
46 17
47 165
47 89
47 161
47 67
47 202
47 74
47 792
48 187
48 156
48 27
48 85
48 138
48 159
48 112
48 16
48 33
48 45
48 58
48 103
48 16
49 103
49 170
49 77
49 73
49 46
49 91
49 120
49 166
49 76
49 202
49 29
49 58
49 79
50 204
50 66
50 101
50 139
50 117
50 680
50 966
51 173
51 89
51 106
51 204
51 153
51 161
51 145
51 170
52 110
52 191
52 147
52 38
52 66
52 113
52 65
52 144
52 175
53 192
53 27
53 93
53 105
53 162
53 102
53 414
53 775
54 25
54 97
54 1
54 75
54 173
54 80
54 37
55 108
55 78
55 150
55 53
55 110
55 168
55 169
55 401
56 1
56 144
56 7
56 113
56 66
56 183
56 267
57 142
57 184
57 16
57 141
57 11
57 56
57 146
57 30
57 42
58 199
58 25
58 93
58 156
58 40
58 167
58 135
58 99
58 89
58 12
59 148
59 65
59 64
60 204
60 213
60 37
60 130
60 514
60 967
61 114
61 51
61 215
61 181
61 647
62 182
62 149
62 73
62 61
62 124
62 72
62 562
62 900
63 62
63 102
63 171
63 144
63 101
63 205
63 101
63 46
63 33
63 80
63 57
63 627
63 889
64 196
64 109
64 110
64 115
64 4
64 141
65 198
65 47
65 79
65 181
65 1001
66 127
66 64
66 40
67 56
67 33
67 77
67 21
67 51
67 140
67 7
67 13
67 127
68 184
68 69
68 56
68 150
69 201
69 123
69 174
69 134
69 174
69 154
69 184
69 91
69 7
69 858
69 948
69 1010
70 67
70 104
70 49
70 129
71 80
71 34
71 191
71 77
71 14
71 28
71 980
72 33
72 101
72 100
73 146
73 127
73 68
73 60
73 778
74 199
74 175
74 125
75 35
75 103
75 174
76 97
76 34
76 170
76 81
76 89
76 61
77 208
77 33
77 72
77 31
77 207
77 110
77 104
77 169
77 15
78 143
78 3
78 165
78 128
79 98
79 55
79 213
79 181
80 40
80 23
80 153
80 189
81 66
81 195
81 171
81 18
81 87
81 77
81 130
81 12
81 74
81 37
81 68
81 291
81 465
82 211
82 10
82 12
82 107
82 166
82 100
82 1
83 191
83 199
83 124
83 63
84 57
84 212
84 15
84 79
84 124
84 92
84 151
85 150
85 84
85 60
85 143
86 109
86 106
86 76
86 81
86 22
86 142
86 98
86 92
86 61
86 4
87 148
87 202
87 163
87 36
87 71
87 39
87 138
87 21
87 89
87 80
87 176
87 113
87 80
88 14
88 87
88 178
88 190
88 33
88 150
88 125
88 54
88 87
88 61
88 961
89 73
89 150
89 189
89 154
89 51
89 121
89 93
89 71
89 108
90 67
90 151
90 43
90 25
90 183
90 203
90 100
90 291
91 192
91 159
91 29
91 166
91 32
91 749
91 1033
92 215
93 90
93 76
93 173
93 4
93 1016
94 11
94 73
94 68
94 186
94 87
95 82
95 83
95 161
95 129
95 67
95 84
95 74
95 840
96 113
96 32
96 55
96 201
96 25
96 143
97 101
97 166
97 64
97 62
97 42
97 163
97 179
97 167
97 841
98 59
98 41
98 167
98 143
99 46
99 56
99 195
99 38
99 35
99 72
99 189
99 23
99 195
99 199
99 24
99 142
99 214
99 311
99 409
100 188
100 147
100 187
100 176
100 705
101 151
101 163
101 93
101 32
101 81
101 192
101 104
102 20
102 78
102 197
102 189
102 175
102 124
102 85
103 84
103 25
103 93
103 25
103 16
104 12
104 91
104 740
105 13
106 33
106 192
106 160
106 83
106 114
106 141
106 77
107 10
107 46
107 152
108 62
108 187
108 80
108 114
108 203
108 71
108 149
108 5
108 49
108 318
108 836
109 156
109 134
109 127
109 30
109 63
109 63
109 599
110 61
110 114
110 45
110 43
110 45
110 176
110 849
111 175
111 161
111 150
111 79
111 171
111 16
111 188
111 29
111 63
111 26
112 71
112 110
112 169
112 90
112 155
112 2
112 163
112 121
112 50
112 33
112 165
112 103
112 292
112 623
113 99
113 183
113 193
113 121
113 95
113 263
113 555
114 58
114 198
114 95
114 202
114 5
114 36
114 169
114 147
114 9
114 376
115 172
115 165
115 122
115 66
115 176
116 78
116 104
116 113
116 204
116 76
116 200
116 111
116 87
116 12
116 95
116 675
117 89
117 38
117 49
118 51
118 173
118 168
118 165
118 155
118 82
119 113
119 60
119 181
119 925
120 0
120 110
120 146
120 21
120 140
120 98
120 34
120 6
120 128
120 332
120 556
120 600
121 122
121 74
121 172
122 45
122 43
122 175
122 29
122 10
122 38
122 119
122 115
122 22
122 91
122 490
123 109
123 56
123 17
123 9
124 130
124 112
124 81
124 203
124 9
124 199
124 618
125 161
125 105
125 12
125 65
125 54
125 185
125 169
126 54
126 52
126 14
126 171
126 162
126 9
126 312
127 38
127 16
127 133
127 162
127 198
127 149
127 101
127 115
127 7
127 116
127 64
127 51
127 56
128 51
128 181
128 1
128 99
128 92
128 97
128 162
128 776
128 827
129 34
129 43
129 76
129 23
129 12
129 4
129 57
129 21
129 47
130 159
130 192
130 207
131 18
131 35
131 108
131 118
131 23
131 502
132 251
133 125
133 169
133 170
133 190
133 76
133 48
133 152
134 88
134 26
134 64
135 107
135 132
135 61
136 6
136 95
137 93
137 11
137 184
137 4
137 54
137 140
137 1
138 143
138 6
138 34
138 7
138 50
138 3
138 17
138 84
138 143
138 137
138 191
138 111
138 683
139 50
139 122
139 23
139 115
139 101
139 186
139 880
140 95
140 22
140 189
140 87
141 157
141 137
141 22
141 82
141 39
141 882
142 153
142 72
142 136
142 21
142 161
142 48
142 81
142 614
143 71
143 186
143 1
143 28
143 26
143 116
143 144
144 138
144 13
144 97
144 15
144 209
144 211
144 183
145 204
145 213
145 95
145 79
146 191
146 21
146 48
146 94
146 97
146 63
147 75
147 109
147 17
147 110
147 188
147 408
148 90
148 215
148 31
148 199
148 215
148 186
148 138
148 427
149 122
149 15
149 198
149 111
149 36
150 197
150 24
150 155
150 149
150 128
150 177
150 23
150 174
150 86
151 163
151 118
151 202
151 513
152 49
152 26
152 81
152 6
152 69
152 34
152 312
153 46
153 203
153 28
153 161
153 203
153 357
153 333
153 664
154 193
154 48
154 171
154 32
154 192
154 310
155 150
155 147
155 152
155 127
156 111
156 40
156 180
156 215
156 101
156 174
156 96
156 306
156 472
157 111
157 37
157 152
157 201
157 87
157 394
157 506
158 148
158 188
158 73
158 70
158 164
158 73
158 197
158 48
158 148
159 154
159 76
159 126
159 165
160 184
160 86
161 29
161 115
161 184
161 184
161 53
162 73
162 98
162 55
162 104
162 8
163 18
163 22
163 26
163 88
163 10
163 53
164 34
164 100
164 191
164 10
164 100
165 71
165 119
165 16
165 69
165 141
165 41
165 206
165 103
165 43
165 99
165 919
166 179
166 124
166 54
166 172
166 150
166 416
167 47
167 83
167 205
167 883
168 60
168 171
168 39
168 481
168 787
169 115
169 77
169 186
169 61
169 81
169 86
169 72
169 26
169 212
169 127
169 123
169 207
169 17
169 4
170 77
170 119
170 12
170 40
170 70
170 54
170 83
170 100
170 779
171 58
171 134
171 101
172 182
172 143
172 45
172 106
172 153
173 21
173 54
173 213
173 159
173 196
173 45
173 38
173 124
173 8
174 41
174 34
174 152
174 112
175 179
175 140
175 23
175 62
175 152
175 75
175 393
176 193
176 151
176 85
177 32
177 60
177 53
177 152
177 14
177 38
177 994
178 22
178 90
178 149
178 188
179 36
179 14
179 28
180 176
180 4
180 199
180 109
180 211
180 146
180 610
180 829
181 149
181 126
181 45
181 19
181 45
181 164
181 186
181 930
182 176
182 41
183 51
183 82
183 104
183 154
183 192
183 48
184 130
184 30
184 163
184 29
184 13
185 168
185 149
185 165
185 63
185 186
185 179
186 143
186 174
186 191
186 112
186 105
186 180
186 279
186 980
187 74
187 179
187 173
187 146
187 56
187 41
187 41
188 57
188 74
188 47
188 169
188 153
188 13
188 53
188 15
188 156
188 559
189 170
189 13
189 89
189 194
189 30
189 197
189 4
189 60
189 132
189 360
190 15
190 85
190 166
191 20
191 114
191 69
191 1
191 143
192 107
192 150
192 34
192 89
192 99
192 214
192 188
192 54
192 58
192 130
193 83
193 59
193 214
193 61
193 6
193 27
193 802
194 16
194 32
194 128
194 154
194 32
194 68
195 130
195 20
195 192
195 37
195 124
195 631
195 840
196 9
196 112
196 106
196 26
196 58
196 29
196 481
197 83
197 190
197 118
197 198
197 132
197 86
197 497
198 9
198 43
198 158
198 120
198 149
198 184
198 51
198 18
199 194
199 87
199 164
199 134
199 417
199 662
199 747
200 5
200 128
200 130
200 85
200 17
200 144
200 64
200 204
200 2
200 17
200 90
200 169
200 116
201 188
201 70
201 61
201 199
201 44
201 129
201 183
201 15
201 793
202 77
202 42
202 74
202 9
202 1018
203 21
203 209
203 88
203 39
204 211
204 211
204 153
204 36
204 53
204 181
204 115
204 189
204 382
205 119
205 165
205 56
205 241
205 753
206 42
206 179
206 29
206 114
207 197
207 195
207 87
207 71
207 50
207 538
208 62
208 135
208 211
208 83
208 18
208 319
209 102
209 6
209 118
209 62
210 21
210 15
210 75
210 72
210 39
211 48
211 18
211 146
211 93
211 86
211 163
212 200
212 51
212 95
212 141
212 47
212 48
212 99
213 152
213 54
213 692
214 116
214 159
214 23
214 121
214 128
214 495
215 9
215 16
216 411
216 400
216 288
216 264
216 428
216 361
216 257
216 387
216 284
216 270
217 401
217 263
217 324
217 270
217 383
217 363
217 270
217 340
217 337
217 225
218 273
218 221
218 364
218 290
218 427
218 367
218 277
218 327
218 408
218 411
218 301
219 334
219 392
219 374
219 391
219 390
219 412
219 357
219 257
219 319
219 316
219 356
219 221
219 397
219 371
219 223
220 320
220 383
220 282
220 382
220 320
220 425
220 400
220 401
221 358
221 380
221 226
221 427
221 416
221 302
221 342
221 288
221 348
221 366
221 395
221 220
221 402
221 391
221 342
222 364
222 228
222 309
222 364
222 261
222 389
222 362
222 238
222 424
222 359
222 494
223 348
223 295
223 396
223 285
223 247
223 386
223 395
223 375
223 340
223 386
223 380
224 290
224 326
224 327
224 344
224 302
224 312
224 346
224 411
224 247
224 295
224 387
224 1020
224 1016
225 400
225 231
225 276
225 317
225 283
225 243
225 267
225 311
225 271
225 423
225 416
225 377
225 400
226 253
226 216
226 294
226 233
226 281
226 237
226 288
226 426
226 242
227 410
227 260
227 307
227 295
227 262
227 331
227 249
227 375
228 403
228 317
228 291
228 382
228 429
228 407
228 384
228 238
228 302
228 268
228 424
228 406
228 423
228 217
229 227
229 375
229 324
229 388
229 267
229 390
229 322
229 342
229 294
229 238
229 323
229 244
229 382
229 230
229 262
230 349
230 272
230 432
230 353
230 343
230 361
230 225
230 420
230 255
230 252
230 276
231 412
231 235
231 427
231 386
231 320
231 236
231 255
231 244
231 269
231 247
231 267
232 297
232 263
232 323
232 432
232 243
232 384
232 432
232 317
232 331
233 418
233 385
233 378
233 261
233 328
233 220
233 409
233 308
233 299
233 369
233 398
233 420
233 408
233 410
233 371
233 276
233 339
233 226
233 223
234 319
234 352
234 318
234 226
234 300
234 219
234 280
234 255
234 359
234 367
234 291
234 339
235 406
235 350
235 321
235 278
235 398
235 372
235 346
235 350
235 357
235 271
236 386
236 369
236 410
236 256
236 395
236 330
236 427
236 330
236 225
236 306
236 282
236 362
236 296
236 271
237 359
237 307
237 320
237 243
237 232
237 416
237 219
237 241
237 349
237 383
237 379
237 294
237 312
238 264
238 268
238 337
238 265
238 404
238 222
238 412
238 422
238 267
238 278
238 224
238 320
238 361
238 267
238 246
238 348
238 221
239 357
239 428
239 241
239 429
239 251
239 246
240 359
240 237
240 265
240 294
240 239
240 419
240 298
240 311
240 355
240 261
240 383
240 272
240 421
241 254
241 365
241 408
241 372
241 369
241 363
241 236
241 310
241 344
241 389
241 341
241 432
241 326
241 228
241 401
242 432
242 376
242 310
242 313
242 236
242 272
242 330
242 404
243 344
243 418
243 347
243 270
243 298
243 332
243 277
243 309
243 237
243 273
243 417
244 370
244 250
244 403
244 419
244 401
244 260
244 380
244 422
244 234
244 312
244 264
244 421
244 400
244 282
245 352
245 216
245 271
245 274
245 385
245 410
245 273
245 378
245 226
245 401
246 291
246 369
246 429
246 265
246 385
246 346
246 342
246 225
246 288
246 266
246 255
246 219
247 410
247 406
247 396
247 321
247 348
247 376
247 345
247 252
247 391
247 244
247 432
247 253
247 358
247 228
247 290
247 822
248 261
248 257
248 310
248 369
248 370
248 235
248 343
248 233
248 337
248 281
248 372
248 327
249 246
249 272
249 340
249 241
249 322
249 312
249 343
249 310
249 1032
250 339
250 247
250 312
250 379
250 261
250 425
250 400
250 232
250 333
250 287
250 293
251 403
251 238
251 309
251 222
251 365
251 287
251 405
251 362
251 319
251 322
252 260
252 297
252 432
252 225
252 265
252 289
252 416
252 345
252 391
252 382
252 357
253 290
253 322
253 359
253 376
253 254
253 236
253 405
253 381
253 295
253 228
254 431
254 373
254 390
254 318
254 381
254 262
254 217
254 325
254 393
254 314
254 404
254 298
254 417
254 351
254 342
254 276
255 287
255 399
255 325
255 309
255 419
255 381
255 267
255 352
256 370
256 263
256 390
256 284
256 348
256 359
257 241
257 414
257 335
257 283
257 380
257 360
257 327
257 331
257 357
257 322
257 327
257 305
257 404
257 229
257 373
257 256
257 402
258 306
258 311
258 340
258 432
258 294
258 405
258 248
258 432
258 304
258 318
258 237
258 409
258 413
258 379
259 393
259 386
259 382
259 366
259 272
259 375
259 334
259 282
260 323
260 292
260 410
260 346
260 351
260 371
260 362
260 235
260 274
260 391
260 286
260 301
260 365
261 299
261 289
261 398
261 253
261 418
261 320
261 227
261 351
262 323
262 373
262 428
262 259
262 247
262 232
262 246
262 431
262 377
262 361
262 426
262 371
262 1012
263 314
263 357
263 391
263 305
263 242
263 415
263 336
263 316
263 350
263 294
263 422
264 317
264 370
264 351
264 219
264 243
264 418
264 309
264 404
264 244
264 294
265 304
265 366
265 374
265 373
265 327
265 269
265 260
265 281
265 346
265 269
266 423
266 261
266 420
266 280
266 331
266 353
266 262
266 236
266 225
266 252
266 426
266 297
267 316
267 312
267 350
267 245
267 248
267 330
267 290
267 327
267 291
267 377
267 412
267 335
268 388
268 342
268 404
268 381
268 328
268 287
269 423
269 374
269 228
269 406
269 255
269 229
269 280
269 291
269 390
269 268
269 351
270 319
270 366
270 269
270 234
270 292
270 297
270 388
270 253
271 264
271 234
271 340
271 227
271 220
271 325
271 234
271 264
271 232
271 356
271 330
271 398
272 411
272 400
272 299
272 252
272 391
272 358
272 273
272 297
272 292
272 397
272 252
272 219
273 272
273 358
273 221
273 251
273 394
273 242
273 245
273 269
273 374
273 325
273 381
273 260
273 220
274 227
274 430
274 352
274 275
274 321
274 342
274 334
274 396
274 247
275 223
275 357
275 305
275 308
275 398
275 241
275 348
275 384
275 426
276 388
276 357
276 274
276 241
276 331
276 387
276 316
276 251
276 342
276 417
276 407
276 395
277 361
277 303
277 272
277 287
278 295
278 345
278 319
278 221
278 302
278 248
278 231
278 244
278 815
279 394
279 263
279 241
279 278
279 336
279 330
279 320
279 280
279 344
279 392
279 356
279 315
280 423
280 321
280 324
280 297
280 409
280 216
280 402
280 249
280 396
281 253
281 305
281 385
281 331
281 318
281 360
281 280
281 253
281 271
281 323
281 330
281 366
281 411
281 282
281 361
282 262
282 388
282 279
282 305
282 218
282 290
282 392
282 220
282 391
282 351
282 219
282 278
282 398
283 322
283 222
283 367
283 232
283 317
283 235
283 367
283 340
283 313
283 414
283 382
284 352
284 269
284 347
284 429
284 280
284 374
284 375
284 412
284 373
284 356
285 278
285 261
285 411
285 291
285 266
285 430
285 397
285 226
285 356
286 352
286 285
286 217
286 406
286 309
286 410
286 362
286 306
286 289
286 381
286 899
287 395
287 285
287 216
287 398
287 246
287 237
287 341
287 361
288 238
288 371
288 414
288 341
288 348
288 346
289 264
289 303
289 275
289 377
289 383
289 220
289 281
289 219
289 316
290 362
290 249
290 338
290 407
290 317
290 328
290 325
290 309
290 423
290 274
290 252
290 323
290 380
290 324
290 374
291 372
291 317
291 273
291 359
291 348
291 365
291 286
291 350
291 331
291 267
291 310
291 216
291 390
291 426
291 289
291 329
291 312
292 400
292 276
292 228
292 339
292 324
292 419
292 429
292 402
292 291
292 350
292 384
292 233
293 393
293 295
293 371
293 306
293 330
293 292
294 220
294 414
294 267
294 426
294 387
294 280
294 228
294 247
294 249
294 238
294 273
294 362
295 286
295 374
295 324
295 230
295 393
295 365
295 352
295 347
295 275
295 229
295 319
296 363
296 290
296 408
296 336
296 398
296 373
296 390
296 273
297 319
297 388
297 362
297 236
297 255
297 270
297 388
297 414
297 235
298 253
298 358
298 313
298 236
298 358
298 422
298 294
299 339
299 387
299 407
299 326
299 238
299 420
299 229
299 361
299 373
299 238
299 348
299 333
300 413
300 321
300 225
300 282
300 327
300 219
300 241
300 248
300 234
300 266
301 333
301 400
301 280
301 272
301 222
301 291
301 307
301 351
301 400
301 229
301 418
301 245
301 237
301 339
301 298
301 1006
302 266
302 237
302 317
302 414
302 332
302 412
302 432
302 373
302 420
302 412
303 299
303 357
303 287
303 274
303 325
303 346
303 289
303 299
303 256
303 342
304 366
304 372
304 346
304 257
304 328
304 231
304 300
305 410
305 267
305 409
305 260
305 290
305 284
305 365
305 388
306 404
306 432
306 259
306 269
306 308
306 313
306 394
306 384
306 331
306 332
306 301
306 395
306 374
306 240
306 299
306 252
307 308
307 382
307 348
307 365
307 216
307 319
307 252
307 309
307 225
308 376
308 389
308 289
308 260
308 274
308 241
308 342
308 408
308 395
308 420
308 232
309 275
309 380
309 404
309 368
309 338
309 269
309 321
309 261
309 283
309 242
309 297
309 369
309 360
309 367
309 397
309 340
310 287
310 218
310 371
310 233
310 241
310 251
310 354
310 274
310 578
311 346
311 325
311 280
311 406
311 328
311 418
311 388
312 300
312 328
312 296
312 421
312 231
312 329
312 331
313 307
313 228
313 400
313 346
313 422
313 357
313 268
313 326
314 297
314 335
314 415
314 367
314 223
314 246
314 363
314 291
314 286
315 395
315 410
315 228
315 251
315 334
315 242
315 396
315 280
315 219
315 329
315 398
315 272
315 350
315 229
316 417
316 269
316 247
316 284
316 403
316 292
316 234
316 351
316 258
316 319
316 287
316 357
316 358
316 254
316 274
316 341
317 430
317 358
317 400
317 418
317 388
317 379
317 309
317 288
317 302
317 300
317 406
317 304
317 302
318 336
318 381
318 238
318 228
318 430
318 291
318 332
318 302
318 352
318 219
318 418
318 313
319 231
319 344
319 245
319 228
319 264
319 241
319 305
319 430
319 392
319 257
319 275
319 373
320 237
320 232
320 353
320 324
320 238
320 346
320 372
320 393
320 338
321 401
321 289
321 248
321 220
321 365
321 318
321 426
321 320
322 381
322 256
322 354
322 425
322 400
322 354
322 362
322 225
322 316
322 388
322 273
322 257
322 398
322 665
323 411
323 331
323 278
323 361
324 385
324 279
324 410
324 427
324 271
324 297
324 231
324 334
324 221
324 236
324 307
325 379
325 256
325 423
325 285
325 252
325 301
325 260
325 406
325 253
325 260
325 273
325 392
325 262
325 422
325 361
326 381
326 413
326 368
326 261
326 380
326 405
326 387
326 282
326 381
326 321
327 299
327 252
327 241
327 410
327 357
327 230
327 244
327 293
327 392
327 249
327 292
328 387
328 430
328 339
328 265
328 396
328 315
328 391
328 381
328 216
328 420
328 381
328 324
329 410
329 370
329 246
329 282
329 272
329 403
329 234
329 222
329 287
329 386
330 277
330 222
330 310
330 216
330 314
330 231
330 397
330 346
330 261
330 276
330 1000
331 389
331 260
331 396
331 406
331 288
331 373
331 406
331 274
331 396
332 359
332 386
332 371
332 255
332 383
332 409
332 365
332 254
332 297
333 392
333 325
333 364
333 347
333 346
334 270
334 325
334 320
334 225
334 347
334 387
335 229
335 216
335 405
335 350
335 325
335 367
335 328
335 300
335 353
335 232
335 242
335 331
336 303
336 350
336 272
336 377
336 406
336 218
336 339
336 357
336 377
336 389
337 231
337 233
337 267
337 252
337 275
337 428
337 424
337 423
338 264
338 412
338 241
338 258
338 307
338 282
338 335
338 369
338 352
338 297
339 303
339 337
339 239
339 223
339 343
339 406
339 270
339 322
339 282
339 407
340 263
340 273
340 335
340 219
340 371
340 363
340 265
340 751
341 426
341 298
341 282
341 361
341 260
341 362
341 390
341 224
341 336
341 289
341 394
341 323
341 422
341 389
341 325
341 352
341 236
341 249
342 398
342 222
342 296
342 344
342 248
342 274
342 421
342 402
342 326
342 415
342 288
342 277
342 429
343 237
343 218
343 258
343 225
343 275
343 336
343 299
343 392
343 219
343 389
343 347
343 360
343 228
344 301
344 279
344 342
344 286
344 414
344 377
344 338
344 359
344 394
344 337
344 291
344 251
344 398
344 244
345 221
345 246
345 236
345 346
345 331
345 295
345 350
345 402
345 361
345 255
346 316
346 320
346 429
346 388
346 219
346 310
346 367
346 316
346 388
346 387
347 240
347 308
347 222
347 250
347 233
347 241
347 232
348 419
348 251
348 298
348 378
348 233
348 261
348 220
348 228
348 424
348 262
349 232
349 257
349 228
349 304
349 233
349 400
349 250
349 362
349 245
349 395
349 414
350 430
350 290
350 379
350 429
350 266
350 327
350 378
350 313
350 353
350 415
350 257
351 336
351 231
351 251
351 216
351 399
351 356
351 310
351 411
352 219
352 334
352 261
352 412
353 357
353 308
353 218
353 250
353 418
353 333
353 220
353 400
353 376
353 277
353 369
354 242
354 375
354 292
354 357
354 343
354 346
354 320
354 457
355 401
355 323
355 299
355 398
355 363
355 220
355 254
355 370
355 397
356 428
356 360
356 358
356 371
356 234
356 374
356 393
356 386
356 272
357 243
357 218
357 381
357 426
357 322
357 409
357 236
357 430
357 432
357 294
357 394
357 231
357 321
357 309
357 807
358 398
358 407
358 381
358 249
358 250
358 226
358 318
358 294
358 299
358 230
359 301
359 306
359 431
359 339
359 431
359 365
359 369
359 254
359 426
359 229
359 418
359 365
359 423
360 306
360 327
360 252
360 261
360 307
360 258
360 292
360 310
361 320
361 388
361 330
361 380
361 238
361 362
361 258
361 294
361 385
361 384
361 420
361 365
361 409
361 267
362 322
362 241
362 321
362 293
362 272
362 426
362 428
362 323
362 390
363 388
363 381
363 327
363 281
363 330
363 431
363 387
363 372
363 385
363 303
363 224
363 321
363 371
363 266
363 286
363 432
363 970
364 428
364 413
364 274
364 312
364 424
364 381
364 222
364 234
364 304
365 387
365 242
365 310
365 328
365 348
365 272
365 216
366 353
366 363
366 256
366 291
366 278
366 383
366 334
366 289
366 349
366 327
366 238
367 226
367 374
367 347
367 356
367 310
367 302
367 346
367 304
367 304
367 387
367 405
367 384
368 417
368 254
368 259
368 248
368 298
368 347
369 250
369 383
369 334
369 379
369 233
369 409
369 375
369 336
369 253
369 393
369 332
369 380
369 422
370 254
370 324
370 379
370 348
370 239
370 331
370 297
370 217
370 397
370 413
370 237
371 414
371 237
371 331
371 411
371 325
371 351
372 388
372 231
372 351
372 346
372 317
372 264
372 282
372 268
372 409
372 325
372 289
372 378
372 236
373 351
373 395
373 364
373 227
373 372
373 334
373 302
373 238
373 396
373 421
374 324
374 334
374 329
374 359
374 256
374 233
374 221
374 230
374 258
374 279
374 254
375 347
375 407
375 350
375 373
375 727
376 225
376 301
376 411
376 412
376 391
376 383
376 280
376 424
376 256
376 413
376 394
376 289
376 231
376 355
376 225
377 263
377 379
377 395
377 309
377 371
377 409
378 360
378 228
378 406
378 267
378 233
378 248
378 297
378 389
378 343
378 229
378 383
378 379
378 244
378 366
379 247
379 257
379 297
379 222
379 342
379 280
379 288
379 250
379 428
379 268
379 223
379 267
379 431
380 431
380 430
380 310
380 223
380 362
380 229
380 248
380 225
380 229
381 264
381 343
381 390
381 249
381 280
381 413
381 281
381 290
381 330
381 289
381 420
381 521
382 356
382 227
382 224
382 286
382 312
382 263
382 357
382 284
382 218
382 307
382 229
382 311
382 339
383 270
383 270
383 389
383 223
383 281
383 304
383 397
383 236
384 407
384 237
384 256
384 250
384 318
384 220
384 282
384 345
384 244
384 331
384 393
384 228
384 336
384 275
384 281
384 288
385 320
385 347
385 343
385 332
385 221
385 223
385 275
385 334
385 242
385 369
385 305
385 402
385 402
386 246
386 233
386 250
386 259
386 282
386 409
386 340
386 420
386 414
386 287
386 305
386 222
387 331
387 357
387 243
387 287
387 290
387 217
387 217
387 272
387 289
387 379
387 310
388 226
388 286
388 383
388 360
388 286
388 240
388 360
388 319
388 363
388 812
389 303
389 400
389 355
389 357
389 283
389 296
389 420
389 382
389 292
389 428
390 369
390 260
390 399
390 260
390 329
390 308
390 359
390 386
390 361
390 263
390 330
390 377
390 426
390 309
390 381
391 297
391 412
391 274
391 292
391 267
391 274
391 343
391 313
391 371
392 372
392 409
392 364
392 230
392 331
392 266
392 309
392 414
392 224
393 271
393 408
393 384
393 366
393 244
394 311
394 260
394 347
394 413
394 309
394 299
394 299
395 285
395 408
395 283
395 333
395 397
395 238
395 260
395 385
395 348
395 285
396 352
396 428
396 393
396 411
396 287
396 241
396 307
396 262
396 292
396 298
396 256
396 279
396 377
397 300
397 250
397 378
397 427
397 263
397 417
397 363
397 349
397 369
397 245
397 325
397 365
397 390
397 404
398 243
398 247
398 359
398 235
398 340
398 403
398 380
398 424
399 421
399 299
399 236
399 266
399 405
399 253
399 346
399 358
399 256
399 348
399 419
399 412
400 248
400 241
400 418
400 280
400 298
400 299
400 314
400 284
400 242
400 276
400 271
400 393
400 281
400 295
400 269
400 354
400 281
401 350
401 361
401 423
401 292
401 428
401 385
401 396
401 362
401 634
402 232
402 331
402 392
402 357
402 373
402 381
402 272
402 389
402 329
402 311
402 218
402 225
402 221
402 400
402 228
403 351
403 268
403 332
403 263
403 372
403 355
403 332
403 221
403 286
403 311
403 322
403 350
403 361
403 276
403 418
403 377
403 260
404 352
404 398
404 275
404 282
404 251
404 373
404 299
404 364
404 294
404 216
404 307
405 313
405 350
405 318
405 235
405 243
405 327
405 235
405 275
405 307
405 366
406 343
406 381
406 273
406 247
406 361
406 262
406 407
406 402
407 296
407 318
407 228
407 313
407 276
407 317
408 418
408 362
408 385
408 412
408 260
408 417
408 379
408 246
408 319
409 230
409 350
409 300
409 406
409 286
409 216
409 334
409 357
410 415
410 415
410 332
410 315
410 270
410 374
410 288
410 338
410 353
410 280
410 327
410 360
410 305
411 240
411 378
411 310
411 381
411 220
412 341
412 405
412 280
412 352
412 363
412 382
412 243
412 402
412 299
412 374
412 237
412 385
412 422
412 421
413 335
413 317
413 375
413 313
413 402
413 301
413 279
413 403
413 424
413 353
413 404
413 311
414 292
414 407
414 430
414 308
414 262
414 237
414 350
414 392
414 349
414 299
414 339
414 254
415 231
415 306
415 423
415 328
415 326
415 417
415 381
415 348
415 367
415 322
415 341
415 341
416 303
416 400
416 344
416 323
416 412
416 431
416 251
416 290
416 363
417 318
417 277
417 229
417 322
417 359
417 400
417 254
417 339
417 393
417 241
417 328
417 377
417 418
417 229
418 270
418 280
418 296
418 422
418 258
418 383
418 429
418 276
418 220
418 288
418 414
418 431
419 242
419 286
419 355
419 216
419 376
419 425
419 424
419 351
419 251
419 315
419 423
420 383
420 363
420 322
420 358
420 360
420 410
420 332
420 377
420 276
421 223
421 415
421 266
421 331
421 231
422 279
422 358
422 352
422 262
422 428
422 273
422 325
423 348
423 293
423 387
423 291
423 413
423 301
423 314
424 265
424 383
424 383
424 273
424 249
424 376
424 244
424 317
424 342
424 241
424 397
424 372
424 306
425 385
425 407
425 330
425 236
425 395
425 265
425 349
425 402
426 347
426 397
426 335
426 294
426 375
426 245
426 240
426 246
426 313
426 234
426 278
427 291
427 296
427 307
427 413
427 289
427 285
427 306
427 221
427 291
427 376
427 223
427 367
428 285
428 289
428 240
428 233
428 232
428 415
429 356
429 218
429 309
429 361
429 256
429 427
429 236
429 280
429 325
429 227
429 310
429 282
429 423
429 386
429 249
430 309
430 222
430 400
430 330
430 361
430 432
430 341
430 238
430 352
430 319
430 356
430 265
430 405
430 223
430 515
431 349
431 314
431 425
431 244
431 253
431 324
431 343
431 351
431 228
431 296
431 417
431 282
432 414
432 410
432 346
432 382
432 235
432 321
432 383
432 291
432 288
432 344
432 295
432 337
432 358
432 216
433 514
433 458
434 486
434 525
434 552
434 555
435 518
435 511
435 544
435 504
435 448
435 530
435 523
435 478
435 697
436 515
436 535
436 461
437 535
437 552
437 495
437 539
438 457
438 477
438 544
438 486
438 523
438 529
438 443
438 492
439 494
439 523
440 525
440 436
440 544
440 779
441 506
441 513
441 488
441 459
441 487
441 560
441 743
442 501
442 496
442 436
442 543
442 507
442 498
442 547
443 544
443 444
443 436
443 504
443 454
444 484
444 533
444 440
444 456
444 510
445 515
445 515
445 538
445 487
445 552
445 487
445 1012
446 463
446 433
446 526
446 478
446 525
446 443
446 521
447 485
447 525
447 459
447 520
447 556
447 497
447 471
447 519
447 484
447 467
447 531
448 519
448 467
448 517
448 461
448 435
448 455
448 472
448 434
448 522
449 509
449 513
450 559
450 475
450 501
450 597
450 629
451 457
451 558
451 448
451 483
451 516
451 497
451 491
451 523
452 438
452 497
452 561
452 531
452 546
452 516
453 561
453 444
453 478
453 531
453 555
453 529
454 475
454 469
454 438
455 482
455 459
455 478
455 539
456 441
456 477
456 526
456 445
456 550
456 600
456 684
457 563
457 475
457 477
457 548
457 447
457 481
457 537
457 497
458 538
458 496
458 502
458 494
458 522
458 551
458 517
458 503
459 512
459 526
459 559
459 562
459 542
460 518
460 467
460 446
460 522
460 543
460 519
460 466
460 632
460 820
460 1012
461 497
461 513
461 514
461 668
462 519
462 495
462 437
462 493
462 561
462 553
462 439
462 480
463 492
463 539
463 532
463 468
463 561
463 551
463 607
463 633
463 691
463 1004
464 469
464 557
464 533
464 479
464 532
464 452
464 1015
465 507
465 446
465 500
465 525
465 520
465 442
465 488
465 499
465 445
465 538
465 523
465 541
466 435
466 499
467 454
467 560
467 476
467 520
467 554
467 437
467 456
467 561
468 531
468 488
468 444
469 493
469 539
469 446
469 563
469 513
469 499
469 442
469 488
470 544
470 508
470 451
470 561
470 481
471 526
471 552
471 447
471 523
471 500
471 438
471 532
471 517
471 592
472 499
472 479
472 440
472 490
472 539
472 438
473 532
473 448
473 463
473 474
473 556
473 486
473 504
473 482
473 456
473 568
474 458
474 519
474 478
474 456
474 490
474 453
475 558
475 554
475 562
475 443
475 540
475 467
475 436
476 548
476 489
476 556
476 487
476 473
476 563
477 436
477 460
477 466
477 550
477 526
478 433
478 449
478 480
478 435
478 514
478 442
478 471
478 527
478 473
478 442
478 742
479 492
479 471
479 472
479 556
480 473
480 555
480 475
480 506
480 534
480 446
480 483
480 462
480 519
480 447
481 434
481 514
481 493
481 525
481 537
481 510
481 470
481 509
481 659
482 498
482 454
482 490
482 459
482 488
482 564
483 433
483 510
483 518
483 493
483 482
483 553
483 551
483 552
483 526
483 525
484 451
484 562
484 539
484 460
485 459
485 528
485 440
486 465
486 488
486 529
486 526
486 447
486 519
486 522
486 511
486 480
486 441
486 718
487 472
487 465
487 550
487 439
487 442
487 504
487 550
487 453
487 552
487 744
488 478
488 471
488 442
488 545
489 503
489 481
489 492
489 443
489 541
489 483
489 554
489 470
489 472
489 661
490 481
490 515
490 474
490 478
491 476
491 548
492 480
492 547
492 535
492 500
492 474
492 500
492 531
492 441
493 559
493 525
493 1017
494 531
494 519
494 475
495 457
495 543
495 437
495 535
495 536
495 563
495 642
496 532
496 559
496 520
496 542
496 544
497 491
497 504
497 490
497 555
497 489
497 473
497 491
497 490
497 455
497 710
497 902
498 469
498 519
498 451
498 444
498 487
499 498
499 489
500 543
500 502
500 551
500 523
500 498
500 519
500 435
500 558
500 433
500 463
500 505
501 437
501 440
502 476
502 444
502 465
502 443
503 557
503 463
503 529
503 487
503 491
503 444
503 492
504 532
504 446
504 521
505 448
505 524
505 528
505 503
505 450
506 511
506 489
506 560
506 498
506 485
506 517
506 546
506 475
507 472
507 462
507 509
507 542
507 536
507 480
507 536
507 551
508 470
508 554
508 483
509 466
509 436
509 468
509 435
509 463
509 490
509 482
509 693
510 489
510 493
510 554
510 682
511 548
511 546
511 505
511 467
511 543
512 515
512 456
512 521
512 496
512 525
512 693
512 1027
513 471
513 542
513 452
513 535
513 537
513 443
513 460
513 544
513 475
513 531
514 540
514 482
514 500
514 559
514 455
514 470
515 521
515 511
515 483
515 472
515 531
515 471
515 493
515 532
515 539
515 457
515 487
516 458
516 534
516 475
516 580
517 450
517 508
517 533
517 556
517 509
517 954
518 434
518 548
518 476
518 536
518 545
518 468
518 562
518 491
519 503
519 452
519 518
519 503
519 463
519 522
519 479
519 504
519 505
520 525
520 553
520 493
520 462
520 459
520 554
520 507
521 535
521 483
521 497
521 515
521 1000
522 494
522 546
522 546
522 519
522 493
522 472
523 515
523 480
523 462
523 702
523 575
524 487
524 469
524 503
524 463
524 562
524 494
524 477
525 436
525 532
525 519
525 535
525 534
525 488
525 531
525 517
525 513
525 535
525 451
525 448
525 505
525 500
525 459
526 522
526 552
526 454
526 546
526 707
527 529
527 537
528 462
528 498
528 476
528 550
528 530
528 553
529 536
530 529
530 482
530 454
530 434
530 562
530 512
530 1012
531 530
531 532
531 501
531 506
532 456
532 534
532 529
532 473
532 508
532 717
533 443
533 519
533 505
533 529
533 488
533 774
534 439
534 466
534 471
535 465
535 485
535 563
535 539
535 445
535 539
535 546
535 556
535 456
535 517
535 559
536 466
537 466
537 487
537 484
537 501
537 464
537 531
537 528
538 480
538 554
538 450
538 537
538 470
539 513
539 526
539 518
539 436
539 528
539 438
540 493
540 539
540 536
541 447
541 561
541 503
541 552
541 545
541 608
542 531
542 563
542 498
542 454
542 550
542 501
542 532
543 446
543 519
543 508
543 525
543 998
544 446
544 486
544 447
544 561
544 601
545 532
545 520
545 556
545 584
545 655
546 513
546 492
546 517
547 559
547 561
547 537
547 448
547 496
547 1026
548 462
548 467
548 531
548 459
548 551
549 516
549 509
549 528
549 447
549 496
549 553
549 470
550 543
550 484
551 460
551 535
551 548
551 526
551 558
552 453
552 525
552 439
552 521
552 546
552 462
552 514
552 512
552 448
552 444
552 522
552 459
552 450
553 562
553 526
553 520
553 505
553 504
553 442
553 477
553 693
554 479
554 437
554 542
554 555
554 520
554 522
555 480
555 497
555 495
555 524
555 556
555 436
555 992
556 546
556 507
556 484
556 466
556 453
556 516
556 489
556 457
556 524
556 927
557 542
557 462
557 461
557 556
557 539
557 531
558 563
558 670
559 541
559 460
559 497
559 554
559 562
560 547
560 447
560 542
560 559
560 539
560 533
560 525
560 533
560 616
561 459
561 559
561 503
561 486
561 521
561 515
561 515
562 542
562 561
562 546
562 539
562 544
562 531
562 455
563 535
563 553
563 434
563 531
563 699
564 653
564 612
564 673
564 721
564 730
564 567
564 739
564 597
565 640
565 597
565 764
565 747
565 602
565 720
565 764
565 691
565 744
566 603
566 740
566 570
566 612
566 719
567 696
567 696
567 713
567 689
567 665
567 614
567 634
567 588
568 634
568 768
568 745
568 718
568 642
568 689
568 581
568 582
568 750
569 654
569 764
569 593
569 746
569 639
569 773
569 603
569 737
569 657
569 771
569 604
569 702
570 646
570 733
570 780
570 729
570 569
570 584
570 590
570 725
570 692
570 721
570 734
570 706
570 757
570 878
571 660
571 667
571 697
571 661
572 646
572 581
572 678
572 714
572 687
572 650
572 636
572 702
572 604
572 599
573 669
573 653
573 580
573 772
573 588
573 754
573 694
573 640
573 732
573 761
573 625
573 774
573 660
573 575
573 950
574 745
574 644
574 570
574 760
574 568
574 688
574 764
574 608
574 647
574 654
574 658
575 607
575 697
575 749
575 691
575 750
576 630
576 577
576 668
576 693
577 610
577 701
577 664
577 599
577 601
577 653
577 756
577 767
577 617
577 672
577 596
578 743
578 581
578 676
578 745
578 641
578 752
578 606
578 710
579 649
579 569
579 741
579 634
580 715
580 593
580 705
580 700
580 779
580 703
580 734
580 573
580 594
580 644
580 656
580 715
580 737
580 604
580 763
581 752
581 714
581 666
581 750
581 887
582 773
582 766
582 602
582 590
582 733
582 673
582 627
582 699
583 682
583 596
583 637
583 708
583 641
583 772
583 642
583 712
583 765
583 743
583 646
584 720
584 768
584 567
584 702
584 595
584 589
584 663
584 698
584 630
584 670
584 695
584 602
584 663
584 625
585 754
585 743
585 632
585 728
585 681
585 723
585 580
585 694
585 601
585 757
586 656
586 746
586 609
586 673
586 709
586 734
586 872
587 685
587 695
587 649
587 653
587 604
587 773
587 754
587 743
587 593
587 748
587 715
587 595
587 668
587 776
587 575
588 578
588 590
588 699
588 658
588 607
588 651
588 752
588 681
588 636
589 750
589 647
589 775
589 635
589 597
589 664
589 622
590 668
590 682
590 621
590 743
590 582
590 755
590 754
590 646
591 602
591 570
591 706
591 682
591 692
591 730
591 698
591 709
592 762
592 603
592 750
593 625
593 737
593 577
593 584
593 736
593 679
593 771
593 687
593 755
593 623
593 743
593 688
594 579
594 689
594 565
594 668
594 746
594 777
594 933
595 602
595 720
595 567
595 752
595 629
595 610
595 608
596 731
596 663
596 666
596 667
596 635
596 623
596 601
596 700
596 614
596 604
597 657
597 580
597 710
597 619
597 607
597 681
597 571
597 683
597 751
598 663
598 732
598 696
598 618
598 703
598 572
598 693
598 722
598 769
598 691
599 740
599 669
599 647
599 647
599 564
599 680
599 992
600 664
600 603
600 920
601 636
601 692
601 669
602 646
602 773
603 613
603 627
603 711
603 598
603 751
603 691
603 570
603 762
603 649
603 751
603 570
603 685
603 693
604 599
604 688
604 569
604 772
604 592
604 709
604 684
604 571
604 629
604 730
605 763
605 654
605 745
606 685
606 761
606 743
606 679
606 588
606 753
607 600
607 674
607 596
607 584
607 676
607 570
607 766
607 772
607 573
607 640
607 1020
608 759
608 657
608 750
608 581
608 614
608 577
608 698
608 737
608 743
609 603
609 661
609 733
609 640
609 641
609 621
609 745
609 669
609 697
609 650
609 656
609 602
609 666
609 570
609 573
609 599
609 1032
610 672
610 780
610 680
611 570
611 779
611 617
611 613
611 771
611 739
611 754
612 668
612 739
612 741
612 680
612 730
612 656
612 772
612 748
612 582
612 750
612 647
612 728
613 582
613 703
613 768
613 722
613 622
613 603
614 687
614 719
614 619
614 721
614 612
614 751
614 682
614 647
615 700
615 697
615 747
615 585
615 732
615 768
615 778
615 606
615 594
615 732
615 601
615 669
615 699
615 993
616 637
616 624
616 756
616 716
616 772
616 777
617 743
617 742
617 669
617 634
617 774
617 630
617 568
617 742
617 598
617 569
617 687
617 1005
618 634
618 620
618 728
618 667
618 596
618 716
618 635
618 565
618 692
618 779
618 727
618 595
619 742
619 597
619 765
619 646
619 752
619 778
619 592
619 607
619 742
619 608
619 774
619 648
619 783
619 999
620 635
620 711
620 599
620 777
620 773
620 759
620 678
621 572
621 677
621 589
621 603
621 679
621 581
621 656
621 758
621 598
621 770
621 777
621 608
621 612
621 730
621 575
621 662
622 685
622 613
622 765
622 696
622 587
622 687
622 577
622 666
622 581
622 732
622 649
622 698
622 687
623 642
623 631
623 613
623 608
623 582
624 770
624 778
624 626
624 642
624 618
624 663
624 653
624 754
624 694
624 724
624 652
624 701
624 692
624 722
625 632
625 612
625 703
625 778
625 673
625 708
625 639
625 571
625 676
626 612
626 777
626 704
626 733
626 596
626 653
626 778
626 738
627 686
627 709
627 637
627 765
627 690
627 665
628 687
628 774
628 763
628 667
629 750
629 626
629 662
629 772
629 760
629 672
629 618
629 936
630 669
630 649
630 581
630 624
630 776
630 607
630 609
630 621
630 575
630 688
630 581
630 569
630 736
630 719
631 567
631 722
631 592
631 696
631 656
631 584
631 668
631 731
631 673
631 752
632 657
632 663
632 607
632 630
632 927
632 789
633 779
633 646
633 595
633 599
633 631
633 575
633 625
633 843
634 569
634 690
634 587
634 670
634 566
634 613
634 728
634 663
634 602
634 762
634 575
634 600
634 603
634 605
634 737
634 752
634 665
635 572
635 644
635 581
635 750
635 639
635 598
635 699
635 742
635 645
635 729
635 722
635 668
636 727
636 672
636 666
636 599
636 758
636 619
636 694
636 705
637 698
637 751
637 567
637 636
637 688
637 717
637 688
637 760
637 594
637 775
637 872
638 699
638 633
638 732
638 744
638 645
638 693
638 602
639 619
639 630
640 676
640 666
640 593
640 586
640 685
640 747
640 677
640 627
640 571
640 599
640 700
640 807
641 746
641 736
641 605
641 698
641 621
641 1010
642 618
642 633
642 660
642 714
642 690
642 716
642 629
642 677
643 714
643 692
643 776
643 657
643 701
643 689
643 701
643 634
643 644
643 620
644 774
644 567
644 739
644 625
644 733
644 764
644 655
644 587
644 668
644 772
644 662
645 576
645 623
645 615
645 694
645 669
645 602
645 688
645 673
645 584
646 688
646 699
646 772
646 570
646 694
647 663
647 704
647 581
647 613
647 729
647 708
647 762
647 722
648 624
648 642
648 697
648 593
648 641
648 664
648 631
648 779
649 777
649 749
649 732
649 596
649 702
649 668
649 598
649 634
649 644
649 569
649 964
649 1023
650 717
650 746
650 629
650 675
650 771
650 669
650 766
651 739
651 647
651 697
651 593
651 732
652 780
652 706
652 698
653 752
653 687
653 569
653 667
653 713
654 575
654 745
654 660
654 639
654 601
654 715
654 589
654 616
655 712
655 755
655 681
655 678
655 577
655 757
656 575
656 699
656 613
656 577
656 651
656 593
656 655
656 712
656 746
656 745
656 705
657 628
657 725
657 685
657 660
657 596
657 773
657 632
657 714
657 589
657 694
657 617
657 629
657 642
658 759
658 760
659 690
659 607
659 741
659 658
659 716
659 755
659 874
660 619
660 647
660 696
660 567
660 645
660 675
660 566
660 598
660 646
660 615
660 999
661 733
661 712
661 702
661 671
661 929
661 1003
662 597
662 733
662 636
662 631
662 625
662 657
662 777
662 677
662 651
662 613
662 580
662 679
662 735
662 589
662 624
663 777
663 732
663 607
663 693
663 733
663 631
663 748
663 673
663 583
663 751
664 580
664 661
664 735
665 620
665 741
665 751
665 636
666 734
666 722
666 738
666 564
666 780
666 684
666 758
666 687
666 642
666 780
666 676
666 637
666 598
666 598
666 702
666 612
666 755
667 758
667 685
667 700
667 698
667 752
667 780
667 771
667 603
667 635
667 707
667 759
668 648
668 685
668 770
668 604
668 589
668 773
668 729
668 722
669 665
670 770
670 592
670 622
670 705
670 731
670 613
670 645
670 741
670 564
670 594
670 901
671 763
671 598
671 635
671 578
671 605
671 769
671 697
672 650
672 574
672 685
672 592
672 778
672 645
672 666
672 709
672 611
672 589
672 725
672 698
672 647
673 706
673 737
673 607
673 616
673 735
673 764
673 664
673 768
673 1032
674 748
674 752
674 714
675 665
675 605
675 763
675 737
675 711
675 629
675 765
675 710
676 682
676 605
676 614
676 696
676 777
676 692
676 574
676 672
676 613
676 888
677 692
677 718
677 687
677 630
677 610
677 609
678 659
678 692
678 620
678 644
679 598
679 747
679 616
679 591
679 653
679 748
679 603
679 770
679 593
679 962
680 748
680 581
680 614
680 668
680 644
680 697
680 721
680 580
680 720
680 587
681 706
681 702
681 608
681 628
682 711
682 601
682 684
682 738
683 697
683 711
683 739
683 588
683 639
683 726
683 718
683 774
684 612
684 567
684 748
684 577
684 662
684 742
684 622
684 743
684 603
684 596
684 674
685 650
685 647
685 702
685 613
685 581
685 773
685 637
685 650
685 626
685 599
685 608
685 611
685 727
685 617
686 774
686 584
686 721
686 624
686 731
686 740
686 592
686 772
687 629
687 622
687 579
687 778
687 635
687 580
687 635
687 567
687 744
687 698
687 953
687 1029
688 616
688 755
688 672
688 651
688 707
688 638
688 594
688 604
688 777
689 614
689 748
689 568
689 626
689 706
689 719
690 580
690 600
690 726
690 626
690 655
691 604
691 778
691 708
691 575
691 729
691 751
691 567
691 702
691 604
691 653
691 643
691 758
692 637
692 703
692 739
692 772
692 771
692 671
693 649
693 730
693 708
693 737
693 688
693 564
693 567
693 662
693 656
693 626
693 692
693 772
693 750
693 584
693 579
693 751
693 847
694 596
694 630
694 753
694 615
694 649
694 678
694 629
694 640
694 748
694 639
694 741
694 662
694 697
694 735
694 719
695 704
695 594
695 631
695 661
695 754
695 757
696 775
696 750
696 675
696 621
696 704
696 660
697 609
697 577
697 741
697 693
697 696
698 732
698 634
698 716
698 689
698 677
698 667
698 663
699 620
699 774
699 649
699 705
699 759
699 708
700 648
700 695
700 739
700 577
700 647
700 580
700 721
700 776
700 693
701 629
701 595
701 759
701 716
701 666
701 966
702 585
702 692
702 625
702 661
702 758
702 761
702 746
702 681
702 581
702 642
702 581
703 768
703 602
703 743
703 584
703 568
703 707
703 756
703 695
703 614
703 713
704 663
704 636
704 762
704 726
704 639
704 640
705 752
705 765
705 606
705 662
705 709
705 597
705 652
705 754
705 589
705 636
705 631
705 737
706 742
706 574
706 585
706 650
707 714
707 692
707 572
707 627
707 584
707 808
708 696
708 714
708 766
708 637
708 670
708 678
708 766
708 660
708 701
708 654
708 772
708 620
708 853
709 725
709 645
709 621
709 583
709 589
709 708
709 612
709 754
709 576
710 773
710 685
710 717
710 588
710 721
710 761
710 630
710 577
710 759
710 667
710 762
710 721
710 757
710 721
710 571
710 806
711 625
711 628
711 564
711 663
711 669
711 623
711 691
711 710
712 742
712 745
712 707
712 773
712 593
712 764
712 619
712 597
713 629
713 679
713 567
713 770
713 756
713 712
713 667
713 636
714 722
714 657
714 771
714 645
714 731
714 576
714 633
714 762
714 688
714 736
715 566
715 672
715 757
715 618
715 649
715 743
715 698
715 779
715 729
715 696
715 675
715 699
715 594
716 750
716 606
716 754
716 606
716 729
716 661
716 587
716 702
716 711
716 657
716 576
717 596
717 582
717 704
717 591
717 766
718 750
718 747
718 633
718 598
718 771
718 754
718 771
718 670
718 738
719 670
719 751
719 565
719 675
719 645
719 626
719 663
719 701
719 629
720 604
720 715
720 768
720 569
720 667
720 735
720 673
721 690
721 610
721 641
721 837
722 709
722 754
722 591
722 848
723 778
723 642
723 693
723 657
723 667
723 983
724 649
724 775
724 735
724 708
724 577
724 669
724 633
724 669
724 774
725 731
725 762
725 586
725 774
725 663
725 574
725 597
726 752
726 761
726 769
726 753
726 780
726 695
726 732
727 698
727 667
727 593
727 694
727 666
727 764
727 712
727 581
727 771
728 618
728 700
728 591
728 636
728 755
728 641
728 696
728 636
728 567
728 856
729 567
729 639
729 636
729 675
729 700
730 727
730 726
730 606
730 687
730 647
730 716
731 566
731 701
731 735
731 657
731 706
731 716
731 653
731 643
732 741
732 615
732 777
732 587
732 743
732 577
733 641
733 642
733 693
733 679
733 684
733 566
733 625
733 618
733 671
733 614
733 623
733 645
733 570
733 778
734 668
734 662
734 698
734 773
734 664
734 606
734 774
734 714
734 648
735 733
735 591
735 612
735 659
735 621
735 645
735 613
735 698
736 775
736 713
736 565
736 766
736 642
736 641
736 725
736 618
736 612
736 884
737 633
737 767
737 761
737 666
737 710
737 635
737 894
738 691
738 622
738 643
738 666
738 645
738 586
738 651
738 678
738 580
738 702
739 763
739 697
739 716
739 571
739 566
739 772
739 771
739 682
739 579
739 751
739 656
739 731
740 610
740 620
740 638
740 752
740 695
740 646
740 724
740 634
740 688
740 869
741 612
741 650
741 567
741 734
741 593
741 639
741 621
742 597
742 709
742 738
742 684
742 699
742 702
742 660
742 585
743 689
743 690
743 744
743 717
743 623
743 730
743 657
743 696
743 716
743 690
743 701
743 692
743 579
743 722
744 612
744 591
744 771
744 762
744 820
745 584
745 636
745 751
745 777
745 703
745 714
745 681
745 744
745 681
746 572
746 570
746 717
746 691
747 731
747 754
747 590
747 699
747 586
747 666
747 761
748 637
748 607
748 579
748 629
748 897
749 655
749 767
749 672
749 675
749 723
749 760
749 604
749 776
750 736
750 622
750 670
750 761
750 660
750 663
750 695
750 671
750 715
750 664
750 573
750 720
750 625
750 988
751 765
751 715
751 700
751 774
751 620
751 738
751 619
751 603
751 758
751 653
751 599
751 764
751 750
751 674
752 715
752 646
752 568
752 748
752 591
752 663
752 754
752 917
752 980
753 736
753 614
753 743
753 702
753 618
753 625
753 1008
754 637
754 632
754 748
754 636
754 711
754 621
754 616
754 668
754 689
754 710
755 636
755 691
755 742
755 754
755 582
755 699
755 776
756 666
756 710
756 745
756 645
757 603
757 613
757 615
757 714
757 776
758 609
758 626
758 752
758 679
758 686
758 683
758 772
758 569
758 598
758 581
758 589
758 902
759 688
759 585
759 687
759 567
759 608
759 566
759 565
760 735
760 682
760 599
760 662
760 571
760 569
760 687
760 763
761 567
761 590
761 593
761 680
761 599
761 726
761 689
762 745
762 599
762 729
762 748
762 728
762 689
762 759
763 633
763 689
763 721
763 670
763 669
763 611
763 614
764 761
764 603
764 652
764 575
764 714
764 770
764 624
765 665
765 762
765 681
765 662
765 734
765 580
765 616
765 748
765 607
765 611
766 709
766 569
766 634
766 712
766 776
766 660
766 667
766 596
766 719
766 657
766 585
766 619
766 877
767 573
767 581
767 603
767 639
767 778
767 702
767 673
767 666
767 649
767 719
767 600
767 684
767 748
767 765
767 772
768 741
768 729
768 670
768 774
768 653
768 653
768 774
768 590
769 720
769 658
769 706
769 706
769 664
769 597
769 699
769 671
770 567
770 564
770 701
770 642
770 659
770 679
770 641
770 616
770 661
770 565
770 605
770 727
770 914
771 696
771 595
771 612
771 586
771 646
771 576
772 602
772 694
772 752
772 770
772 583
772 571
772 687
772 780
772 737
772 592
772 750
773 692
773 746
773 681
773 598
773 565
773 780
773 615
773 745
773 751
773 759
774 571
774 714
774 663
774 770
774 751
774 705
774 641
774 632
775 682
775 768
775 673
775 696
775 679
775 696
775 663
775 812
776 633
776 775
776 682
776 728
776 583
776 578
776 572
777 572
777 708
777 738
777 694
777 779
777 623
777 666
777 622
777 580
777 896
778 748
778 681
778 739
778 738
778 624
778 680
778 754
778 740
778 747
778 718
778 570
778 660
778 957
779 772
779 695
779 589
779 635
779 722
779 666
779 660
779 701
779 998
780 779
780 680
781 865
781 840
782 849
782 883
782 907
783 826
783 878
783 858
783 924
783 794
784 875
784 803
784 868
785 917
785 904
786 849
786 898
786 915
787 894
788 913
788 787
788 896
788 888
788 973
789 918
789 896
790 917
790 821
791 825
791 825
791 841
792 808
792 918
792 917
792 889
792 807
792 831
793 900
793 789
793 802
793 910
794 844
794 847
794 915
794 967
795 926
795 852
795 809
795 805
795 876
795 888
795 849
795 901
795 793
796 907
796 925
796 894
796 911
797 908
797 826
798 912
798 905
798 823
798 883
798 873
798 905
799 789
799 918
799 883
800 847
800 923
800 919
801 879
801 857
802 836
802 889
802 856
803 847
803 910
803 824
803 800
803 827
803 789
803 884
803 825
804 783
804 837
805 806
805 912
805 873
806 793
806 919
806 868
806 858
806 869
807 889
807 836
807 919
807 813
807 836
807 888
808 883
808 844
808 871
809 785
810 911
810 866
810 891
810 808
810 872
810 781
811 827
811 810
812 819
812 888
812 891
812 815
812 919
813 883
813 798
813 897
813 785
814 864
814 815
815 891
815 878
815 894
815 867
815 921
815 832
816 843
816 794
817 872
818 800
818 862
819 815
819 919
819 869
819 826
819 865
820 826
820 838
820 819
821 791
822 832
822 834
822 814
822 916
822 886
822 924
823 795
823 921
823 816
824 796
824 818
824 894
825 794
825 836
825 829
826 903
826 839
826 803
826 875
826 873
826 896
827 920
827 813
828 850
828 901
828 919
828 877
829 818
829 799
829 914
830 809
830 885
830 869
831 913
831 913
831 899
831 905
832 913
832 834
832 880
833 795
833 883
833 899
833 809
833 887
833 865
833 781
833 802
833 911
834 864
834 840
834 884
834 797
834 916
834 810
835 868
835 809
835 803
835 817
836 865
836 825
836 827
836 875
837 813
837 848
837 794
837 884
837 799
837 883
837 883
838 810
839 867
839 794
839 804
839 834
840 828
840 815
840 862
840 878
841 793
841 853
841 925
841 839
842 812
842 900
842 821
842 877
843 905
844 906
844 846
844 920
844 878
844 913
845 833
845 893
845 791
845 864
845 809
846 862
846 853
846 874
846 812
846 873
847 814
847 793
847 842
847 884
848 889
849 840
849 848
849 906
850 842
850 872
850 793
850 901
850 832
850 916
850 863
850 921
850 1000
851 818
851 821
852 810
852 807
852 906
852 830
853 797
853 871
853 838
853 796
854 816
854 890
854 913
854 782
855 885
855 919
855 827
856 871
856 836
856 919
856 890
856 824
857 858
857 804
857 872
858 788
858 862
858 907
860 829
860 806
861 853
861 904
862 786
862 867
862 838
862 818
862 793
862 901
863 880
863 807
863 885
863 799
863 883
863 911
863 884
864 809
864 836
864 867
864 806
865 899
865 899
865 844
865 811
866 781
866 810
866 795
867 913
868 827
868 831
868 821
868 869
868 846
868 852
869 787
869 865
869 902
869 900
870 913
870 809
870 829
871 885
871 914
872 905
872 895
872 782
872 841
872 893
873 920
873 783
873 799
874 878
874 902
874 896
874 852
874 826
875 838
875 918
875 812
875 902
878 872
878 856
878 856
878 852
878 861
878 804
878 925
879 873
879 792
879 863
880 911
880 884
880 850
881 852
881 926
881 848
881 1036
882 881
882 829
882 810
882 783
883 925
883 822
883 853
884 806
884 841
884 899
884 849
884 927
884 918
884 906
884 801
885 840
885 840
885 850
885 881
885 852
885 918
887 910
887 918
887 850
887 824
888 912
889 908
889 798
889 892
889 781
889 798
889 907
890 798
890 868
890 849
890 864
891 844
891 867
891 833
892 792
892 822
892 966
893 813
894 852
894 884
894 843
894 848
895 902
895 865
895 875
896 827
896 814
896 899
896 912
896 927
897 785
897 876
897 924
897 827
898 867
898 848
898 781
898 859
898 834
898 800
898 834
899 877
899 863
899 887
899 829
899 821
900 886
900 882
900 806
900 800
900 800
900 884
901 841
901 808
901 841
901 980
902 826
902 860
902 793
902 788
903 898
903 905
903 835
903 871
903 856
904 892
904 813
904 824
905 884
905 898
905 860
906 849
906 833
906 881
907 917
907 798
907 868
907 806
908 884
908 910
908 815
908 812
908 811
908 901
908 1035
909 798
909 858
909 888
909 906
910 887
910 857
911 793
911 855
911 904
911 912
911 840
912 820
912 811
912 868
912 827
912 819
913 787
913 785
913 895
913 878
913 919
913 888
913 880
913 910
914 821
914 900
914 801
915 809
915 862
915 916
915 833
916 863
916 812
916 791
917 794
917 837
917 911
917 852
917 816
917 849
917 849
918 919
919 813
919 902
919 827
919 878
920 885
921 822
921 863
921 791
921 885
922 871
922 792
923 905
923 801
924 905
924 892
925 816
925 910
925 892
925 911
926 822
926 842
926 824
926 850
926 921
927 813
927 907
927 786
927 848
927 894
927 864
927 889
928 972
928 959
928 961
928 951
928 948
929 952
929 1003
930 948
930 961
930 939
930 958
930 967
931 936
931 948
931 969
931 954
932 950
932 942
932 988
933 980
933 957
933 976
934 982
935 945
935 941
935 931
936 949
936 956
936 956
936 984
936 928
937 951
939 949
940 944
940 983
941 963
941 963
941 929
942 976
943 948
945 976
946 976
946 985
947 963
947 973
947 954
947 932
948 933
948 939
948 961
948 957
948 956
949 985
949 968
949 956
950 938
950 984
950 970
951 968
952 974
952 987
953 949
954 942
954 936
954 939
955 967
955 967
955 969
955 983
955 950
956 934
956 957
956 932
957 937
957 930
957 979
957 928
957 944
958 965
958 957
958 983
959 938
959 935
959 973
960 954
960 951
960 974
960 974
960 957
960 968
960 930
960 959
960 985
961 959
961 929
961 932
961 933
961 934
962 937
962 929
962 935
963 928
963 958
963 951
963 968
963 941
964 977
964 963
964 978
964 976
964 935
964 978
965 962
965 933
965 954
965 959
966 977
966 985
966 965
967 948
967 980
968 985
968 956
968 949
968 984
969 967
970 948
970 947
971 936
971 979
971 946
971 941
971 958
973 960
973 952
974 963
975 952
975 973
976 973
976 934
976 948
976 982
977 946
978 956
978 967
978 959
978 962
978 957
979 982
979 961
980 947
980 939
980 935
980 957
980 957
980 942
980 948
980 934
980 968
982 931
983 985
983 973
983 956
984 942
984 979
984 930
984 972
984 939
985 948
985 974
985 960
986 1035
986 1012
986 1007
986 1035
987 1037
987 1017
988 1022
988 1030
988 1030
988 1000
989 996
990 987
990 998
990 1001
991 1020
991 1025
991 988
991 1031
991 986
991 994
991 1027
991 1030
992 995
992 1013
993 1008
994 1026
994 1017
994 997
994 1004
995 1032
995 1008
996 987
996 994
996 1007
996 1005
996 1017
996 1018
997 1006
998 989
998 1010
998 1027
999 1002
1000 1023
1000 1035
1000 987
1000 1034
1000 1012
1001 1030
1001 1029
1001 1000
1002 996
1002 1025
1002 1026
1002 986
1002 1034
1003 1017
1004 1026
1004 1003
1004 992
1005 990
1006 1000
1006 1020
1006 994
1007 1024
1007 993
1008 993
1009 998
1009 988
1011 1028
1011 994
1012 1027
1013 991
1015 1007
1015 1003
1015 1018
1015 1002
1016 986
1016 1008
1017 1034
1017 1016
1017 1012
1018 1003
1018 1034
1018 1006
1018 1029
1018 1009
1020 987
1020 993
1020 1028
1020 1007
1020 1021
1021 994
1021 989
1021 1005
1022 991
1022 1020
1023 1030
1024 1026
1025 987
1025 1018
1026 1016
1026 1012
1027 988
1028 1017
1028 999
1028 988
1029 1014
1029 1026
1030 1035
1030 1027
1030 997
1030 1031
1030 1027
1031 1011
1031 998
1032 991
1032 999
1032 1035
1033 1019
1034 988
1034 993
1034 1007
1034 1000
1034 1018
1034 1021
1035 1004
1035 1016
1036 1019
1036 1022
1037 991