0 0
0 8
0 26
0 36
0 8
0 11
0 20
0 25
0 24
0 3
0 20
0 97
0 372
0 551
1 27
1 35
1 35
1 9
1 10
1 3
1 228
1 587
2 11
2 14
2 34
2 4
2 21
2 26
2 16
2 0
2 24
2 34
2 18
2 196
3 14
3 34
3 19
3 0
3 16
3 16
3 31
3 29
3 7
3 151
4 19
4 28
4 8
4 19
4 9
4 15
4 4
4 19
4 26
4 37
4 9
4 35
4 31
4 335
4 549
5 22
5 458
6 33
6 2
6 20
6 43
7 30
7 21
7 0
7 24
7 91
8 37
8 23
8 28
8 18
8 19
8 34
8 23
8 3
8 183
9 0
9 3
9 31
9 13
9 8
9 37
9 19
9 24
9 8
9 136
9 441
10 8
10 0
10 11
10 24
10 33
10 28
10 7
10 286
11 9
11 25
11 29
11 23
11 16
11 373
11 383
12 7
12 33
12 28
12 15
12 12
12 28
12 13
12 12
12 487
13 24
13 7
13 17
14 1
14 33
14 19
14 17
14 36
15 34
15 37
15 1
15 19
15 23
15 7
15 9
15 8
15 337
15 609
15 651
16 12
16 16
16 15
16 0
16 15
16 35
16 15
16 18
16 36
16 11
16 19
16 2
16 6
16 18
16 28
16 31
16 35
16 37
16 288
16 453
17 7
17 34
17 29
17 21
17 49
18 9
18 29
18 31
18 7
18 31
18 2
18 7
18 3
18 9
18 33
18 404
19 5
19 23
19 29
19 2
19 27
19 15
19 28
19 36
19 16
19 24
19 23
19 18
19 14
19 0
19 90
19 111
19 593
20 25
20 34
20 16
20 37
20 2
20 14
20 569
21 1
21 20
21 8
21 36
21 22
21 19
21 24
21 619
22 31
22 2
22 24
22 23
22 26
22 350
23 3
23 7
23 26
23 32
23 16
23 23
23 28
23 33
23 4
23 3
23 13
23 20
24 21
24 16
24 26
24 19
24 18
24 16
24 24
24 37
24 9
24 15
24 19
24 29
24 9
24 9
24 235
25 17
25 26
25 16
25 31
25 15
25 29
25 34
25 9
25 2
25 2
25 37
26 20
26 19
26 18
26 1
26 29
26 8
26 1
26 77
27 35
27 7
27 15
27 18
27 299
28 18
28 24
28 29
28 23
28 34
28 15
28 28
28 33
28 9
28 24
28 9
28 24
28 35
28 45
28 202
28 402
29 27
29 21
29 2
29 5
29 37
29 16
29 3
29 25
29 286
29 316
29 598
30 9
30 28
30 5
30 24
30 33
30 28
30 7
30 6
30 18
30 256
31 5
31 34
31 30
31 24
31 1
31 24
31 6
31 9
31 15
31 13
31 10
31 283
31 383
32 9
32 33
32 23
32 30
32 22
32 15
32 354
33 18
33 18
33 31
33 32
33 18
33 3
33 26
33 34
33 26
33 15
34 7
34 27
34 2
34 14
34 23
34 35
34 28
34 24
34 26
34 2
34 233
35 33
35 37
35 6
35 8
35 21
35 27
35 28
35 14
36 19
36 36
36 33
36 1
36 29
36 25
36 14
37 3
37 2
37 37
37 16
37 23
37 4
37 19
37 29
37 16
37 27
37 8
37 10
37 7
37 29
37 29
37 28
37 28
37 204
38 52
38 67
38 51
38 72
38 65
38 56
38 56
38 73
38 79
38 67
38 46
38 68
38 52
38 66
38 62
38 42
38 65
38 78
38 42
38 260
38 481
38 610
39 60
39 43
39 38
39 41
39 40
39 59
39 52
39 42
39 72
39 77
39 61
39 46
39 39
39 47
39 67
39 53
39 41
39 61
39 67
39 52
39 76
39 38
39 48
39 45
39 55
39 48
39 61
39 56
40 70
40 40
40 64
40 49
40 44
40 45
40 45
40 80
40 38
40 58
40 64
40 44
40 69
40 69
40 69
40 59
40 48
40 520
41 80
41 53
41 43
41 38
41 38
41 75
41 40
41 77
41 38
41 55
41 80
41 64
41 326
41 336
42 57
42 78
42 79
42 69
42 53
42 44
42 42
42 46
42 51
42 43
42 39
42 77
42 48
42 55
42 65
42 67
42 78
42 54
42 71
42 41
42 73
42 179
42 352
43 70
43 56
43 69
43 79
43 40
43 53
43 46
43 52
43 71
43 69
43 52
43 78
43 65
43 74
43 54
43 69
43 73
43 77
43 410
44 62
44 68
44 56
44 64
44 75
44 66
44 76
44 69
44 45
44 66
44 56
44 54
44 40
44 50
44 40
44 49
44 71
44 39
44 66
44 59
44 55
44 45
44 60
44 189
44 202
44 277
44 290
44 400
44 490
44 616
45 65
45 74
45 80
45 53
45 59
45 41
45 44
45 80
45 46
45 57
45 69
45 47
45 76
45 79
45 64
45 74
45 73
45 78
45 39
45 53
45 61
45 43
45 62
45 64
45 77
45 447
46 44
46 62
46 60
46 52
46 48
46 48
46 38
46 52
46 54
46 77
46 63
46 77
46 74
46 68
46 48
46 110
47 69
47 78
47 57
47 60
47 73
47 69
47 61
47 77
47 69
47 40
47 38
47 45
47 57
47 56
47 56
47 74
47 59
47 61
47 341
48 40
48 55
48 56
48 73
48 57
48 64
48 49
48 38
48 53
48 59
48 42
48 65
48 69
48 74
48 93
48 332
49 49
49 69
49 60
49 58
49 76
49 81
49 66
49 45
49 45
49 58
49 47
49 63
49 64
49 55
49 70
49 39
49 52
49 62
49 488
49 567
49 642
50 45
50 81
50 57
50 58
50 71
50 78
50 80
50 43
50 45
50 49
50 54
50 40
50 74
50 80
50 70
50 60
50 51
50 458
51 56
51 52
51 48
51 54
51 46
51 44
51 38
51 57
51 43
51 68
51 74
51 50
51 43
51 69
51 40
51 72
51 64
51 68
51 64
51 41
51 51
51 69
51 450
51 589
52 46
52 74
52 52
52 51
52 78
52 66
52 66
52 48
52 66
52 52
52 79
52 60
52 77
52 74
52 80
52 52
52 65
52 79
52 71
52 38
52 44
52 309
52 403
53 66
53 59
53 42
53 69
53 74
53 43
53 48
53 38
53 44
53 81
53 65
53 76
53 48
53 54
53 55
53 141
53 542
54 56
54 65
54 43
54 66
54 65
54 58
54 66
54 53
54 64
54 44
54 59
54 40
54 398
55 55
55 55
55 61
55 61
55 74
55 80
55 76
55 80
55 39
55 60
55 81
55 77
55 69
55 65
56 66
56 58
56 39
56 55
56 43
56 74
56 66
56 81
56 48
56 65
56 48
56 49
56 64
56 49
56 40
56 41
56 78
56 64
56 79
56 54
56 309
56 581
56 574
57 42
57 50
57 78
57 54
57 39
57 45
57 80
57 60
57 38
57 62
57 43
57 39
57 71
57 61
57 67
57 68
57 48
57 38
57 46
57 50
57 653
58 64
58 52
58 64
58 65
58 53
58 62
58 71
58 49
58 73
58 56
58 80
58 40
58 58
58 41
59 80
59 79
59 66
59 62
59 44
59 62
59 74
59 45
59 62
59 52
59 49
59 55
59 183
60 66
60 69
60 64
60 52
60 51
60 73
60 80
60 79
60 64
60 55
60 79
60 56
60 69
60 80
60 47
60 54
60 56
60 72
60 76
60 76
61 50
61 80
61 40
61 45
61 47
61 42
61 50
61 43
61 43
61 78
61 51
61 48
61 54
61 75
61 51
61 78
61 76
61 47
61 50
61 72
61 119
61 533
62 71
62 70
62 65
62 75
62 65
62 49
62 45
62 70
62 73
62 65
62 80
62 62
62 474
63 42
63 47
63 45
63 42
63 41
63 57
63 40
63 53
63 65
63 40
63 72
63 49
64 73
64 42
64 64
64 40
64 76
64 47
64 49
64 56
64 77
64 80
64 41
64 42
64 44
64 52
64 58
64 61
64 50
64 43
64 62
64 70
64 43
64 76
64 51
64 247
65 60
65 65
65 61
65 78
65 76
65 43
65 79
65 67
65 58
65 74
65 62
65 64
65 63
65 54
65 61
65 39
65 57
65 78
65 47
65 75
65 70
65 38
65 41
65 43
65 77
65 58
65 45
65 38
65 65
65 53
65 258
65 245
65 408
66 71
66 56
66 51
66 38
66 68
66 61
66 64
66 39
66 76
66 40
66 80
66 48
66 79
66 80
66 52
66 67
66 72
66 70
66 80
66 80
66 47
66 57
66 44
67 56
67 39
67 60
67 45
67 62
67 44
67 49
67 63
67 54
67 41
67 53
68 64
68 66
68 43
68 55
68 71
68 72
68 49
68 70
68 220
68 216
69 38
69 54
69 53
69 46
69 44
69 64
69 59
69 55
69 49
69 40
69 49
69 64
69 41
69 60
69 66
69 67
69 46
69 55
69 80
69 81
69 43
69 71
69 52
69 69
69 43
69 78
69 221
69 326
69 373
69 646
70 60
70 60
70 74
70 46
70 53
70 43
70 72
70 73
70 79
70 47
70 79
70 49
70 53
70 76
70 78
70 66
70 151
70 163
70 361
71 48
71 51
71 64
71 52
71 51
71 70
71 68
71 64
71 65
71 52
71 68
72 60
72 57
72 43
72 69
72 40
72 44
72 62
72 76
72 47
72 38
72 38
72 71
72 48
72 45
72 74
72 165
73 46
73 60
73 51
73 44
73 63
73 58
73 51
73 53
73 53
73 75
73 77
73 75
73 51
73 53
73 57
73 231
73 424
73 591
74 75
74 55
74 64
74 81
74 45
74 61
74 67
74 64
74 75
74 57
74 69
74 81
74 66
74 41
74 48
74 46
74 79
74 42
74 69
74 58
74 76
74 73
74 56
74 62
74 41
74 144
74 307
74 539
74 641
75 55
75 79
75 47
75 80
75 48
75 44
75 79
75 58
75 80
75 65
75 66
75 76
75 39
75 39
75 52
75 633
76 52
76 54
76 76
76 52
76 51
76 70
76 47
76 46
76 74
76 65
76 54
76 72
76 65
76 51
76 43
76 60
76 43
76 76
76 81
76 76
76 49
76 67
76 212
76 286
76 327
77 75
77 62
77 71
77 53
77 71
77 54
77 72
77 51
77 59
77 44
77 193
77 300
78 53
78 38
78 44
78 39
78 79
78 70
78 58
78 70
78 43
78 79
78 44
78 51
78 72
78 60
78 58
78 59
78 48
78 68
78 40
78 79
78 72
78 62
78 250
78 545
79 79
79 76
79 53
79 57
79 45
79 51
79 62
79 39
79 71
79 71
79 51
79 41
79 56
79 47
79 520
80 74
80 68
80 54
80 74
80 55
80 79
80 70
80 51
80 64
80 40
80 63
80 71
80 54
80 76
80 38
80 47
80 42
80 47
80 49
80 40
80 71
80 73
80 69
80 53
80 387
81 59
81 64
81 57
81 46
81 73
81 64
81 65
81 55
81 74
82 85
82 96
82 86
82 93
82 91
82 117
82 297
83 94
83 92
84 93
84 95
84 93
84 93
84 236
84 395
85 90
85 95
85 96
85 93
85 128
86 87
86 90
86 250
87 96
87 92
87 83
88 97
88 92
88 95
88 349
89 83
89 90
89 91
89 96
89 93
89 107
90 90
90 90
90 93
90 96
90 594
91 85
91 85
91 83
91 89
92 82
92 85
92 95
93 86
93 89
93 96
93 83
93 90
93 97
93 96
93 82
93 90
93 93
93 606
93 585
94 83
94 86
94 93
94 89
94 94
94 86
95 87
95 93
95 376
96 83
96 94
97 82
97 88
97 90
97 170
97 336
97 471
98 133
98 122
98 108
98 122
98 136
98 106
98 99
98 115
98 130
98 101
98 155
98 99
98 130
98 113
98 106
98 103
98 100
98 148
98 117
98 131
98 137
98 546
98 643
99 119
99 131
99 142
99 113
99 120
99 107
99 110
99 137
99 119
99 146
99 127
99 148
99 301
99 278
99 364
100 125
100 108
100 135
100 106
100 101
100 138
100 131
100 116
100 149
100 140
100 113
100 153
100 113
100 98
100 118
100 106
100 142
100 141
100 155
100 149
100 141
100 121
100 138
100 142
100 145
100 152
100 135
100 104
100 155
100 118
101 121
101 140
101 144
101 121
101 111
101 122
101 116
101 101
101 120
101 104
101 113
101 141
101 115
101 119
101 154
101 129
101 144
101 500
102 114
102 140
102 112
102 123
102 119
102 104
102 107
102 138
102 143
102 146
102 141
102 126
102 106
102 123
102 129
102 124
102 98
102 149
102 140
102 152
102 136
102 149
102 116
102 113
102 104
102 105
102 334
102 414
102 530
103 104
103 137
103 138
103 155
103 123
103 152
103 150
103 141
103 98
103 131
103 130
103 133
103 104
103 121
103 108
103 128
103 120
103 151
103 138
103 125
103 153
103 139
103 139
103 143
103 351
103 403
104 133
104 144
104 137
104 113
104 125
104 131
104 106
104 140
104 142
104 151
104 98
104 128
104 140
104 155
104 149
104 133
104 108
104 105
104 129
104 133
104 109
104 217
105 149
105 101
105 113
105 101
105 105
105 155
105 116
105 118
105 141
105 107
105 100
105 106
105 134
105 99
105 133
105 144
105 118
105 343
106 105
106 108
106 151
106 134
106 132
106 118
106 140
106 143
106 145
107 129
107 144
107 141
107 149
107 154
107 129
107 102
107 148
107 123
107 141
107 131
107 106
107 138
107 152
107 144
107 136
107 112
107 103
107 128
107 145
107 129
107 116
107 115
107 101
107 142
107 155
107 144
107 152
107 98
107 142
107 123
107 129
107 153
107 104
107 109
107 134
107 213
108 149
108 123
108 142
108 140
108 126
108 155
108 115
108 103
108 126
108 139
108 153
108 103
108 149
108 100
109 151
109 125
109 109
109 98
109 102
109 112
109 151
109 129
109 135
109 118
109 105
109 121
109 131
109 126
109 126
109 135
109 114
109 138
109 121
109 148
109 140
109 104
109 153
109 155
109 562
110 150
110 103
110 146
110 105
110 131
110 106
110 119
110 154
110 137
110 109
110 150
110 107
110 112
110 132
110 130
110 136
110 119
110 512
110 530
111 131
111 132
111 130
111 139
111 149
111 143
111 125
111 111
111 118
111 110
111 99
111 151
111 104
111 602
112 142
112 100
112 150
112 133
112 143
112 155
112 125
112 125
112 107
112 145
112 141
112 114
112 119
112 118
112 113
112 101
112 118
112 115
112 130
112 142
112 226
112 261
112 427
112 542
113 125
113 128
113 102
113 147
113 114
113 149
113 142
113 98
113 137
113 155
113 126
113 98
113 124
113 114
113 123
113 101
113 131
113 135
113 125
113 106
113 127
113 157
114 133
114 108
114 134
114 145
114 119
114 136
114 102
114 142
114 107
114 120
114 100
114 115
114 119
114 147
114 130
114 135
114 127
114 114
114 98
114 128
114 154
115 143
115 134
115 98
115 122
115 137
115 120
115 137
115 123
115 108
115 106
115 103
115 126
115 99
115 100
115 122
115 114
115 129
115 134
115 132
115 153
115 119
115 119
115 116
115 105
115 125
115 154
115 113
115 184
116 134
116 120
116 114
116 136
116 148
116 114
116 107
116 102
116 120
116 130
116 148
116 134
116 114
116 148
116 135
116 400
117 132
117 125
117 129
117 111
117 134
117 98
117 105
117 153
117 132
117 111
117 109
117 154
117 145
117 153
117 106
117 151
117 128
117 99
118 131
118 148
118 130
118 104
118 114
118 111
118 129
118 138
118 138
118 130
118 112
118 129
118 140
118 148
118 127
118 147
118 148
118 153
118 151
118 133
118 105
118 112
118 155
118 188
119 152
119 113
119 122
119 135
119 151
119 115
119 148
119 103
119 139
119 107
119 124
120 136
120 129
120 107
120 118
120 101
120 155
120 131
120 121
120 124
120 135
120 121
120 148
120 104
120 142
120 115
120 139
120 152
120 114
120 133
121 105
121 118
121 152
121 135
121 98
121 151
121 121
121 146
121 119
121 133
121 113
121 150
122 123
122 145
122 128
122 119
122 106
122 155
122 142
122 98
122 138
122 143
122 115
122 149
122 102
122 143
122 143
122 101
122 141
122 143
122 304
123 109
123 124
123 143
123 105
123 154
123 105
123 149
123 144
123 116
123 153
123 99
123 137
123 146
123 124
123 139
123 141
123 150
123 127
123 136
123 136
123 118
123 106
123 110
124 150
124 127
124 129
124 106
124 116
124 155
124 104
124 108
124 129
124 143
124 154
124 120
124 134
124 128
124 635
125 153
125 155
125 114
125 98
125 128
125 112
125 133
125 103
125 122
125 119
125 135
125 109
125 135
125 146
125 143
125 153
125 122
125 138
125 128
125 152
125 149
125 133
125 140
125 120
125 295
125 396
125 477
126 110
126 138
126 138
126 148
126 149
126 118
126 103
126 125
126 101
126 124
126 100
126 155
126 124
126 120
126 125
126 100
126 137
126 113
126 116
126 148
126 145
126 154
126 641
127 102
127 144
127 122
127 110
127 122
127 135
127 126
127 121
127 153
127 115
127 137
127 106
127 126
127 137
127 146
127 99
127 247
128 137
128 130
128 107
128 155
128 142
128 155
128 137
128 142
128 108
128 153
128 196
129 122
129 151
129 140
129 152
129 130
129 154
129 109
129 100
129 155
129 137
129 125
129 140
129 143
129 108
129 113
129 136
129 122
129 128
129 123
129 100
129 133
129 150
129 151
130 150
130 154
130 114
130 144
130 150
130 122
130 129
130 143
130 151
130 102
130 101
130 107
130 102
130 139
130 116
130 149
130 102
130 103
130 121
130 480
130 562
130 571
131 133
131 153
131 127
131 109
131 138
131 113
131 155
131 111
131 99
131 103
131 136
131 120
131 123
131 124
131 142
131 143
131 116
131 140
132 113
132 112
132 115
132 118
132 139
132 146
132 138
132 112
132 114
132 151
132 114
132 108
132 99
132 135
132 126
132 132
132 112
132 145
132 127
132 121
132 104
132 108
132 100
132 360
133 131
133 101
133 135
133 125
133 107
133 101
133 120
133 134
133 145
133 114
133 99
133 120
133 139
133 122
133 132
133 115
133 124
133 152
133 137
133 131
133 147
133 136
133 474
134 136
134 112
134 112
134 125
134 146
134 132
134 127
134 118
134 132
134 99
134 147
134 105
134 139
134 109
134 147
134 123
134 152
134 119
134 135
134 124
134 134
134 120
134 137
134 100
134 121
134 123
134 140
134 119
134 208
134 638
135 117
135 106
135 138
135 127
135 143
135 116
135 154
135 141
135 125
135 128
135 123
135 148
135 120
135 147
135 115
135 135
135 151
135 101
135 125
135 146
135 138
135 118
135 104
135 111
135 102
135 136
135 246
135 479
135 491
136 107
136 113
136 138
136 147
136 128
136 155
136 155
136 135
136 147
136 101
136 137
136 141
136 151
136 130
136 104
136 130
136 109
136 135
136 142
136 121
136 118
136 133
136 151
136 155
136 129
136 115
136 115
136 124
136 124
136 158
136 595
137 141
137 137
137 113
137 144
137 105
137 123
137 145
137 136
137 134
137 131
137 102
137 123
137 124
137 143
137 134
137 143
138 107
138 109
138 133
138 154
138 136
138 134
138 153
138 113
138 148
138 117
138 153
138 116
138 148
138 149
138 107
138 113
138 98
138 139
138 124
138 223
139 120
139 129
139 120
139 137
139 106
139 127
139 137
139 107
139 153
139 138
139 116
139 148
139 118
139 148
139 104
139 167
140 102
140 135
140 98
140 142
140 128
140 138
140 128
140 101
140 135
140 113
140 127
140 125
140 111
140 134
140 115
140 113
140 137
140 99
140 103
140 104
140 152
140 114
140 176
140 266
140 354
140 594
141 139
141 101
141 131
141 143
141 152
141 135
141 126
141 123
141 116
141 113
141 100
141 104
141 149
141 142
141 150
141 135
141 122
141 129
141 121
141 152
142 135
142 138
142 117
142 125
142 109
142 106
142 153
142 121
142 103
142 113
142 122
142 148
142 144
142 119
142 121
142 152
142 149
142 141
142 100
142 122
142 133
142 509
143 146
143 140
143 99
143 148
143 100
143 124
143 117
143 142
143 138
143 117
143 135
143 143
143 107
143 120
143 151
143 104
143 118
143 135
143 105
143 126
143 125
143 145
143 100
143 146
143 144
143 107
143 155
143 151
143 135
143 127
143 128
143 128
144 123
144 152
144 151
144 101
144 108
144 141
144 123
144 104
144 151
144 118
144 131
144 99
144 106
144 120
144 135
144 107
144 124
144 107
144 291
144 497
144 584
145 143
145 149
145 108
145 154
145 103
145 127
145 148
145 113
145 129
145 105
145 154
145 105
145 135
145 101
145 112
145 463
146 153
146 139
146 101
146 111
146 134
146 114
146 123
146 154
146 146
146 136
146 126
146 98
146 130
146 129
146 121
146 109
146 126
147 151
147 140
147 116
147 145
147 120
147 111
147 114
147 130
147 141
147 134
147 141
147 141
147 106
147 138
147 154
147 144
147 101
147 110
147 107
147 132
147 107
147 116
147 124
147 117
147 143
147 127
147 133
147 354
148 132
148 147
148 132
148 154
148 126
148 101
148 132
148 150
148 116
148 140
148 149
148 153
148 102
148 111
148 107
148 141
148 123
148 99
148 104
148 149
148 106
148 131
148 123
148 202
148 435
148 643
149 140
149 151
149 141
149 148
149 102
149 111
149 135
149 105
149 149
149 123
149 133
149 146
149 136
149 125
149 120
149 127
149 109
149 109
149 140
149 143
149 120
149 300
149 598
150 114
150 121
150 107
150 100
150 115
150 118
150 109
150 140
150 155
150 111
150 132
150 124
150 115
150 108
151 135
151 147
151 135
151 118
151 155
151 112
151 153
151 141
151 108
151 104
151 121
151 119
151 151
151 103
151 155
151 118
151 106
151 133
151 99
151 131
151 113
151 153
151 155
151 109
151 145
151 123
151 107
151 137
151 143
151 134
151 132
151 143
151 102
151 301
152 108
152 105
152 130
152 117
152 146
152 116
152 105
152 134
152 136
152 155
152 99
152 144
152 142
152 112
152 99
152 128
152 146
152 136
152 109
152 150
152 136
152 579
153 104
153 137
153 138
153 106
153 125
153 137
153 134
153 106
153 155
153 155
153 105
153 130
153 136
153 147
153 137
153 149
153 118
153 125
153 104
153 145
153 118
153 152
153 130
153 145
153 130
153 140
153 119
153 150
153 125
154 125
154 119
154 99
154 126
154 105
154 101
154 142
154 143
154 110
154 130
154 137
154 114
154 104
154 117
154 112
154 152
154 104
154 118
154 134
154 137
154 123
154 137
154 137
154 115
154 141
155 126
155 155
155 109
155 100
155 121
155 125
155 125
155 136
155 126
155 141
155 138
155 141
155 103
155 112
155 236
155 385
155 474
156 183
156 182
156 183
156 183
156 181
156 156
156 163
156 161
156 183
156 166
156 447
156 543
156 567
157 178
157 174
157 173
157 332
157 328
157 629
158 181
158 157
158 169
158 181
158 158
158 165
158 161
158 171
158 174
158 166
158 181
158 174
158 163
158 168
158 338
159 156
159 168
159 162
159 163
160 158
160 164
160 161
160 179
160 156
160 182
160 157
160 156
160 177
160 170
160 469
160 480
160 433
161 157
161 164
161 176
161 175
161 177
161 173
161 172
161 165
161 169
161 590
161 618
162 167
162 159
162 168
162 162
162 164
162 163
162 168
162 159
162 169
162 218
162 369
162 390
162 588
163 165
163 169
163 163
163 157
163 172
163 166
163 167
163 156
163 181
163 273
163 348
164 159
164 173
164 164
164 176
164 181
164 164
164 165
164 158
164 162
164 557
164 644
165 169
165 171
165 180
165 161
165 177
165 172
165 170
165 181
165 183
165 158
165 163
165 182
165 183
165 160
165 287
165 408
166 181
166 177
166 156
166 171
166 164
166 262
166 301
166 449
167 177
167 160
167 172
167 157
167 167
167 170
167 162
167 274
168 179
168 173
168 165
168 175
168 180
168 165
168 180
168 157
168 388
169 159
169 173
169 164
169 175
169 161
169 171
169 164
169 167
169 160
169 161
169 181
169 178
169 210
169 429
169 455
170 167
170 160
170 172
170 179
170 156
170 177
170 157
170 163
170 160
170 615
171 159
171 158
171 183
171 171
171 173
171 179
171 163
172 174
172 170
172 162
172 171
172 168
172 217
173 177
173 183
173 170
173 180
173 180
173 245
174 180
174 180
174 180
174 160
174 168
174 157
174 180
175 170
175 174
175 175
175 170
175 158
175 158
175 158
175 158
175 183
175 171
175 302
176 177
176 164
176 176
176 164
176 177
176 175
176 177
176 175
176 173
176 156
176 171
176 175
176 179
176 179
176 162
176 170
176 172
176 164
176 196
176 378
177 163
177 165
177 174
177 180
177 160
177 171
177 177
177 571
178 165
178 158
178 168
179 164
179 159
179 163
179 180
179 179
179 161
179 181
179 163
179 180
179 361
180 160
180 157
180 179
180 168
180 160
180 164
180 159
180 164
180 164
181 165
181 181
181 157
181 158
181 162
181 165
181 169
181 171
181 166
181 175
181 162
181 180
181 544
181 609
181 640
182 173
182 175
182 180
182 156
182 161
182 172
182 164
182 255
183 160
183 163
183 174
183 166
183 171
183 163
183 166
183 181
183 179
183 167
183 175
183 159
183 179
183 228
184 186
184 185
184 251
185 185
185 187
185 190
185 192
185 195
185 190
185 185
185 184
185 184
185 189
185 571
186 184
186 185
187 190
187 184
187 195
188 184
188 185
188 191
188 191
188 185
188 348
189 193
189 190
189 186
189 190
189 191
189 186
189 291
189 357
189 415
189 437
189 559
190 189
190 185
190 285
190 641
191 190
191 191
191 195
191 196
191 192
191 544
192 186
192 186
192 190
192 195
192 192
192 191
193 186
193 184
193 194
194 184
194 192
194 391
194 529
195 193
195 184
195 188
195 189
195 189
195 193
195 187
195 235
195 442
196 190
196 189
196 189
196 196
196 193
196 194
196 185
197 241
197 217
197 250
197 251
197 203
197 233
197 257
197 225
197 206
197 210
197 214
197 222
198 230
198 231
198 206
198 236
198 246
198 213
198 208
198 222
198 251
198 255
198 228
198 218
198 233
198 225
199 220
199 237
199 229
199 241
199 225
199 248
199 204
199 237
199 237
199 245
199 227
199 255
199 233
199 198
199 219
199 249
200 258
200 239
200 238
200 240
200 213
200 227
200 255
200 227
200 230
200 253
200 218
200 203
200 240
200 226
200 248
200 198
200 239
200 213
201 207
201 235
201 234
201 201
201 254
201 235
201 207
201 212
201 218
201 227
201 210
201 219
201 221
201 203
201 251
201 245
201 258
201 524
202 204
202 251
202 232
202 248
202 249
202 256
202 198
202 245
202 201
202 226
202 249
202 253
202 199
202 256
202 237
202 242
202 226
202 249
202 229
202 400
202 393
203 208
203 257
203 236
203 255
203 224
203 212
203 197
203 198
203 235
203 199
203 239
203 239
203 202
203 208
203 256
203 649
204 218
204 243
204 227
204 248
204 202
204 238
204 237
204 231
204 217
204 237
205 233
205 208
205 205
205 197
205 205
205 198
205 217
205 201
205 246
205 245
205 208
205 256
205 221
205 248
205 202
205 248
205 238
205 217
205 222
205 236
205 231
205 240
205 242
205 243
205 251
205 248
205 467
206 250
206 225
206 218
206 227
206 207
206 228
206 255
206 237
206 242
206 214
206 218
206 199
206 203
206 254
206 252
206 229
206 222
206 238
206 210
206 248
206 248
206 475
206 600
207 220
207 201
207 250
207 247
207 239
207 197
207 242
207 251
207 255
207 216
207 208
207 203
207 220
207 258
207 237
207 246
207 403
207 438
208 204
208 219
208 241
208 239
208 204
208 211
208 246
208 205
208 248
208 237
208 244
208 246
209 209
209 237
209 247
209 206
209 237
209 202
209 242
209 221
209 210
209 248
209 383
209 594
209 632
210 245
210 242
210 229
210 247
210 256
210 224
210 243
210 250
210 244
210 211
210 242
210 254
210 242
210 253
210 384
211 235
211 250
211 245
211 241
211 218
211 212
211 253
211 231
211 200
211 201
211 218
211 237
211 249
211 243
211 204
211 209
211 206
211 233
211 220
211 231
212 242
212 225
212 250
212 250
212 210
212 248
212 226
212 221
212 226
212 245
212 200
212 237
212 227
212 203
212 247
212 201
212 242
212 207
212 393
212 653
213 245
213 225
213 231
213 219
213 212
213 257
213 220
213 210
213 236
213 198
213 240
214 234
214 230
214 230
214 226
214 220
214 201
214 226
214 198
214 214
214 234
214 205
214 227
214 251
214 242
214 255
214 239
214 218
214 230
214 212
214 230
214 223
214 248
214 254
214 253
214 251
214 611
215 253
215 240
215 197
215 211
215 211
215 204
215 394
216 236
216 235
216 216
216 219
216 257
216 228
216 241
216 244
216 233
216 242
216 239
216 227
216 225
216 215
216 224
216 473
217 225
217 242
217 219
217 253
217 217
217 250
217 237
217 233
217 242
217 228
217 211
217 243
217 208
217 197
217 272
217 640
218 207
218 249
218 224
218 222
218 214
218 245
218 219
218 219
218 237
218 220
218 252
218 253
218 246
218 206
218 226
218 235
218 255
218 248
218 237
218 254
218 243
218 227
218 330
219 234
219 255
219 258
219 250
219 199
219 202
219 213
219 245
219 226
219 203
219 231
219 254
219 246
219 224
219 349
220 244
220 256
220 254
220 251
220 227
220 250
220 230
220 224
220 212
220 229
220 206
220 204
220 241
220 223
220 252
220 252
220 202
220 212
220 229
220 242
220 296
221 203
221 205
221 239
221 203
221 213
221 242
221 257
221 221
221 225
221 210
221 598
222 231
222 217
222 239
222 224
222 233
222 216
222 257
222 233
222 233
222 228
222 231
222 214
222 226
222 387
223 226
223 203
223 227
223 229
223 224
223 207
223 258
223 206
223 222
223 214
223 219
223 215
223 227
223 473
224 247
224 228
224 220
224 217
224 204
224 212
224 199
224 245
224 235
224 212
224 233
224 209
224 211
224 653
225 232
225 248
225 229
225 206
225 236
225 204
225 238
225 252
225 228
225 229
225 217
225 209
225 243
225 225
225 198
225 226
225 200
225 236
225 302
225 404
226 238
226 210
226 221
226 230
226 224
226 209
226 232
226 214
226 199
226 576
227 253
227 214
227 206
227 224
227 229
227 248
227 229
227 252
227 235
227 240
227 254
227 232
227 222
227 207
227 236
227 231
227 258
227 229
228 248
228 208
228 217
228 224
228 257
228 225
228 251
228 211
228 241
228 231
228 247
228 241
228 245
228 205
228 208
228 240
228 201
229 211
229 206
229 221
229 244
229 236
229 253
229 197
229 222
229 203
229 245
229 214
229 251
229 245
229 214
229 249
229 218
229 205
229 251
229 212
229 250
229 577
230 254
230 226
230 238
230 197
230 233
230 235
230 241
230 198
231 248
231 197
231 239
231 229
231 198
231 226
231 244
231 221
231 210
231 217
231 220
231 249
231 221
231 250
231 243
231 217
231 241
231 218
231 248
231 237
231 611
231 609
232 239
232 209
232 200
232 208
232 254
232 212
232 250
232 247
232 247
232 204
232 236
232 225
232 249
232 237
233 222
233 243
233 198
233 203
233 205
233 229
233 252
233 231
233 240
233 250
233 256
234 239
234 241
234 231
234 210
234 198
234 224
234 204
234 215
234 248
234 201
234 239
234 197
234 197
234 210
234 239
234 211
234 654
235 224
235 236
235 242
235 207
235 255
235 227
235 220
235 200
235 218
235 240
235 238
235 253
235 224
235 237
235 232
235 258
235 227
235 228
235 257
235 237
235 223
235 203
236 222
236 222
236 238
236 248
236 255
236 253
236 242
236 201
236 250
236 199
236 201
236 249
236 234
236 253
236 237
236 251
236 213
236 236
236 476
236 506
237 216
237 240
237 213
237 224
237 212
237 249
237 212
237 228
237 216
237 252
237 234
237 207
237 228
237 201
237 197
237 235
237 213
237 227
237 231
237 233
237 607
237 647
238 239
238 248
238 240
238 224
238 225
238 240
238 197
238 216
238 212
238 236
238 250
238 226
238 228
238 258
239 227
239 228
239 197
239 255
239 248
239 241
239 208
239 234
239 235
239 203
239 202
239 219
239 455
240 198
240 223
240 204
240 203
240 256
240 258
240 225
240 235
240 241
240 205
240 236
240 249
240 202
240 249
240 384
240 481
241 249
241 197
241 226
241 217
241 249
241 225
242 246
242 197
242 235
242 251
242 235
242 251
242 232
242 228
242 222
242 235
242 255
242 246
242 217
242 248
242 209
242 251
242 242
242 451
243 239
243 229
243 233
243 242
243 246
243 237
243 225
243 255
243 199
243 199
243 219
244 253
244 215
244 236
244 250
244 242
244 212
244 244
244 256
244 224
244 229
244 247
244 222
245 235
245 240
245 224
245 253
245 231
245 234
245 237
245 234
245 219
245 374
245 417
245 444
246 200
246 217
246 243
246 198
246 199
246 258
246 258
246 240
246 219
246 205
246 205
246 211
246 202
246 203
246 249
246 199
246 226
246 231
246 197
246 250
246 645
247 247
247 229
247 202
247 249
247 197
247 258
247 212
247 250
247 251
247 249
247 248
247 258
247 245
247 239
247 231
247 204
247 253
247 236
247 258
247 229
247 232
247 359
248 258
248 202
248 234
248 245
248 246
248 235
248 203
248 251
248 233
248 201
248 221
248 203
248 214
248 242
248 198
248 255
248 203
248 214
248 244
249 237
249 238
249 257
249 215
249 220
249 242
249 214
249 230
249 206
249 200
249 234
249 230
249 251
249 209
249 209
249 211
249 233
250 226
250 246
250 238
250 217
250 250
250 258
250 246
250 213
250 243
250 230
250 222
250 253
250 231
250 254
250 207
250 231
250 231
250 241
251 206
251 211
251 225
251 203
251 255
251 244
251 200
251 216
251 232
251 219
251 242
251 219
251 227
251 217
251 618
251 652
252 212
252 253
252 204
252 222
252 201
252 238
252 197
252 206
252 221
252 255
252 218
252 230
252 224
252 249
252 251
252 214
252 256
253 256
253 243
253 206
253 216
253 204
253 224
253 204
253 198
253 217
253 244
253 258
253 201
253 201
253 312
253 586
254 223
254 232
254 238
254 210
254 206
254 227
254 204
254 223
254 228
254 248
254 254
254 228
254 249
254 250
254 223
254 254
254 197
254 227
254 272
254 599
255 215
255 250
255 227
255 228
255 222
255 216
255 253
255 214
255 218
255 227
255 214
255 212
255 205
255 202
255 214
255 242
255 220
255 254
256 242
256 239
256 233
256 232
256 243
256 204
256 220
256 219
256 214
256 251
256 252
257 206
257 257
257 227
257 210
257 202
257 247
257 241
257 242
257 212
257 249
257 201
257 229
257 236
257 220
258 249
258 227
258 202
258 243
258 205
258 211
258 209
258 234
258 251
258 205
258 203
258 200
258 235
258 240
258 254
258 469
258 649
259 269
259 296
259 270
259 279
259 301
259 292
259 310
259 267
259 295
259 272
259 306
260 269
260 282
260 297
260 283
260 298
260 273
260 301
260 292
260 305
260 266
260 277
260 603
261 291
261 269
261 303
261 287
261 269
261 283
261 308
261 292
261 298
261 295
261 288
261 289
261 304
261 268
261 302
261 508
262 286
262 270
262 312
262 307
262 306
262 298
262 273
262 296
262 307
262 270
262 274
262 283
262 273
262 285
263 294
263 311
263 280
263 289
263 302
263 275
263 276
263 272
263 296
263 306
263 301
263 307
263 295
263 299
263 272
263 312
263 293
263 301
263 460
264 312
264 278
264 291
264 271
264 280
264 301
264 288
264 282
264 277
264 298
264 270
264 268
265 288
265 286
265 268
265 279
265 291
265 292
265 278
265 295
265 291
265 305
266 269
266 263
266 266
266 284
266 305
266 269
266 262
266 310
266 280
266 293
266 276
266 276
266 286
266 289
266 304
266 266
266 633
267 283
267 303
267 272
267 274
267 273
267 283
267 301
267 306
267 293
267 271
267 296
267 286
267 278
267 286
267 276
267 277
268 266
268 269
268 278
268 265
268 298
268 272
268 306
268 266
268 264
268 282
268 443
269 279
269 311
269 263
269 287
269 297
269 265
269 296
269 265
269 305
269 286
269 276
269 297
269 291
269 293
269 264
269 275
269 262
269 290
269 304
269 292
269 615
270 277
270 295
270 308
270 275
270 269
270 298
270 295
270 274
271 310
271 297
271 261
271 281
271 294
271 297
271 291
271 305
271 291
271 309
271 280
271 307
272 305
272 294
272 292
272 294
272 267
272 311
272 302
272 309
272 651
273 294
273 270
273 274
273 293
273 301
273 271
273 298
273 296
273 312
273 308
273 274
273 310
273 277
273 270
273 303
273 282
273 311
273 280
273 290
274 303
274 304
274 261
274 268
274 294
274 261
274 292
274 291
274 304
274 280
274 271
274 280
274 308
274 306
274 290
275 291
275 287
275 279
275 302
275 277
275 298
275 280
275 269
275 293
275 286
275 276
275 286
275 337
276 290
276 307
276 300
276 299
276 302
276 301
276 270
276 264
276 304
276 287
276 299
277 295
277 266
277 271
277 274
277 282
277 307
277 308
277 283
277 276
277 289
277 265
277 300
277 271
277 284
277 294
277 271
277 578
278 282
278 276
278 282
278 300
278 287
278 311
278 298
278 273
278 295
278 274
278 270
278 284
278 269
278 295
278 297
278 284
278 299
278 298
278 259
278 309
278 298
279 288
279 283
279 306
279 279
279 298
279 269
279 274
279 261
279 262
279 265
279 278
279 287
279 296
279 300
279 267
279 263
279 287
279 285
279 305
280 265
280 293
280 277
280 284
280 273
280 292
280 267
280 277
280 301
280 296
280 267
280 286
280 300
280 274
280 284
280 273
281 283
281 280
281 300
281 299
281 278
281 296
281 286
281 263
281 294
281 299
281 309
281 263
281 299
281 283
282 297
282 292
282 311
282 288
282 277
282 292
282 262
282 290
282 422
283 260
283 311
283 262
283 286
283 264
283 297
283 266
283 312
283 270
283 284
283 286
283 407
284 294
284 266
284 273
284 295
284 271
284 309
284 298
284 298
284 271
284 302
284 573
285 298
285 283
285 292
285 283
285 310
285 311
285 293
286 285
286 266
286 267
286 269
286 263
286 262
286 278
286 264
286 304
286 263
286 296
286 260
286 276
286 289
286 369
287 278
287 309
287 277
287 306
287 296
287 273
287 306
287 288
287 262
287 303
287 294
288 277
288 295
288 272
288 283
288 259
288 302
288 294
288 301
288 300
288 279
288 271
288 296
288 307
288 303
288 310
289 299
289 301
289 263
289 279
289 271
289 291
289 285
289 301
289 305
289 292
289 295
289 259
289 271
289 285
289 279
289 304
289 303
289 298
289 296
289 312
290 312
290 289
290 304
290 270
290 289
290 285
290 267
290 260
290 264
290 293
290 312
290 261
290 262
290 292
290 306
291 298
291 294
291 292
291 294
291 297
291 273
291 432
292 305
292 272
292 272
292 260
292 278
292 264
292 284
292 293
292 267
292 280
292 285
292 268
292 264
292 292
292 310
292 292
293 304
293 300
293 284
293 292
293 261
293 277
293 279
293 274
293 271
293 310
294 265
294 310
294 286
294 303
294 292
294 273
294 271
294 284
295 305
295 262
295 274
295 309
295 288
295 311
295 290
295 284
295 286
295 265
295 296
296 267
296 293
296 298
296 288
296 301
296 312
296 308
296 286
296 301
296 617
297 312
297 259
297 265
297 302
297 283
297 301
297 268
297 273
297 312
297 289
297 309
297 259
297 282
297 260
297 653
298 292
298 280
298 311
298 286
298 271
298 269
298 267
298 297
298 259
298 291
298 268
298 312
298 273
298 272
298 302
298 292
298 299
299 301
299 298
299 277
299 300
299 299
299 273
299 305
299 261
299 264
299 263
299 263
299 293
299 640
300 295
300 269
300 312
300 303
300 289
300 275
300 267
300 290
300 271
300 304
300 280
300 293
300 297
300 268
300 282
300 262
300 270
301 280
301 304
301 290
301 279
301 286
301 285
301 276
301 272
301 304
301 267
301 289
301 298
301 287
301 266
301 265
301 279
301 434
302 273
302 261
302 283
302 302
302 280
302 294
302 300
302 267
302 288
302 280
302 301
302 295
302 264
302 270
302 285
302 298
302 304
302 263
302 467
303 286
303 312
303 272
303 296
303 285
303 261
303 286
303 287
303 261
303 278
303 267
303 274
303 298
303 303
303 574
304 309
304 263
304 265
304 299
304 297
304 288
304 290
304 285
305 268
305 262
305 292
305 278
305 281
305 260
305 294
305 301
305 278
305 267
305 261
305 632
306 265
306 292
306 262
306 294
306 300
306 266
306 293
306 310
306 259
306 266
306 292
306 280
306 309
306 288
306 336
307 300
307 263
307 263
307 298
307 294
307 273
307 281
307 273
307 266
307 285
307 266
307 603
308 308
308 263
308 296
308 298
308 299
308 286
308 279
308 269
308 515
308 637
309 283
309 292
309 279
309 294
309 262
309 297
309 297
309 300
309 291
309 297
309 301
309 273
309 283
309 311
309 293
309 417
309 634
310 309
310 275
310 270
310 273
310 259
310 302
310 290
310 283
310 302
310 259
310 264
310 303
310 636
311 269
311 269
311 277
311 299
311 282
311 274
311 260
311 294
311 280
311 263
311 262
311 303
311 303
312 278
312 303
312 291
312 310
312 267
312 262
312 301
312 273
312 274
312 279
312 281
312 286
313 316
313 327
313 326
313 314
313 317
313 326
314 319
314 325
315 324
315 318
315 313
315 327
315 322
316 317
316 323
316 325
316 316
316 315
316 326
316 325
317 327
317 313
317 326
317 319
317 323
317 317
318 321
318 320
318 314
318 326
318 321
318 315
318 324
318 326
319 316
319 325
320 326
320 325
320 325
320 326
320 322
321 313
321 325
322 326
322 323
322 318
322 316
322 315
323 314
323 321
323 326
323 323
323 316
324 325
324 313
324 316
324 323
324 317
324 324
324 315
325 326
325 316
325 317
325 318
325 325
325 314
325 325
325 321
325 321
325 324
326 319
326 318
326 323
326 322
326 314
327 327
327 321
327 315
328 368
328 359
328 343
328 379
328 373
328 348
328 332
328 356
328 360
328 414
329 370
329 353
329 367
329 375
329 366
330 342
330 379
330 357
330 366
330 345
330 363
330 332
330 374
330 361
330 362
330 332
330 328
331 349
331 379
331 339
331 328
331 342
331 374
331 341
331 369
331 336
331 366
331 377
331 357
331 352
331 360
331 375
331 448
332 361
332 364
332 357
332 346
332 376
332 333
332 347
332 372
332 363
332 353
332 355
332 363
332 374
332 646
333 334
333 349
333 364
333 368
333 347
333 375
333 379
333 330
333 362
333 375
333 334
333 355
333 466
333 599
334 367
334 370
334 336
334 365
334 338
334 355
334 374
335 332
335 366
335 336
335 354
335 346
335 378
335 358
335 340
335 332
335 333
335 366
335 377
335 343
336 345
336 367
336 357
336 354
336 357
336 340
336 373
336 363
336 356
336 361
336 371
336 370
336 358
336 329
336 362
336 369
336 378
336 378
336 379
336 374
336 342
336 367
336 363
336 375
336 347
336 352
336 371
336 349
336 529
337 348
337 331
337 378
337 379
337 358
337 346
337 351
337 330
337 356
337 339
337 357
337 337
337 339
337 358
337 346
338 354
338 374
338 357
338 361
338 372
338 354
338 340
338 331
338 346
338 343
338 369
338 391
339 357
339 367
339 346
339 358
339 379
339 347
339 347
339 629
340 357
340 370
340 359
340 366
340 331
340 378
340 379
340 336
340 347
340 345
340 368
340 378
340 357
340 353
340 358
340 329
340 348
340 340
340 356
341 358
341 342
341 337
341 328
341 369
341 347
341 373
342 336
342 348
342 380
342 369
342 355
342 328
342 346
342 331
342 346
342 380
342 340
342 340
342 364
343 352
343 362
343 359
343 344
343 382
343 372
343 340
343 366
343 379
344 349
344 350
344 337
344 371
344 382
344 344
344 330
344 361
344 336
344 348
344 380
344 375
344 372
344 336
344 328
344 379
344 344
345 351
345 332
345 366
345 335
345 352
345 381
345 379
345 333
345 328
345 353
345 369
345 331
345 598
345 625
346 359
346 345
346 342
346 349
346 328
346 346
346 363
346 370
346 328
346 339
346 363
346 357
346 369
347 328
347 362
347 360
347 372
347 357
347 334
347 346
347 362
347 328
347 360
347 334
347 361
347 360
347 348
348 345
348 365
348 377
348 343
348 341
348 345
348 362
348 368
349 373
349 363
349 375
349 354
349 335
349 379
349 364
349 356
349 349
349 350
349 357
349 374
349 356
349 372
350 357
350 367
350 345
350 329
350 334
350 333
350 328
350 353
350 349
350 329
350 335
350 371
350 358
350 358
351 374
351 338
351 344
351 355
351 351
351 353
351 375
351 369
351 367
351 366
352 348
352 336
352 369
352 345
352 354
352 331
352 379
352 348
352 352
352 358
352 356
352 337
352 365
352 351
352 376
353 365
353 333
353 347
353 358
353 341
353 329
353 333
353 361
353 336
353 340
354 355
354 372
354 376
354 353
354 367
354 356
354 338
354 368
354 366
354 346
354 342
354 361
354 373
354 378
354 363
354 370
354 355
354 371
354 357
354 346
354 354
354 348
354 335
354 354
354 342
354 360
354 361
354 380
354 364
355 346
355 363
355 351
355 366
355 343
355 379
355 376
355 334
355 337
355 371
355 340
355 340
355 382
355 355
355 341
355 347
356 364
356 365
356 365
356 357
356 364
356 328
356 333
357 352
357 376
357 347
357 338
357 348
357 368
357 354
357 371
357 379
357 375
357 351
358 343
358 348
358 351
358 358
358 328
358 381
358 363
358 337
358 349
358 344
358 338
358 354
358 379
358 336
358 333
358 358
358 353
359 346
359 352
359 368
359 356
359 360
359 356
359 336
359 339
359 346
359 336
359 330
359 379
359 330
359 342
359 352
360 379
360 379
360 354
360 367
360 362
361 356
361 373
361 373
361 330
361 348
361 371
361 355
361 355
361 359
361 355
361 358
361 330
361 349
361 378
361 347
361 449
362 342
362 369
362 335
362 337
362 339
362 344
362 331
362 365
362 342
362 358
363 336
363 369
363 333
363 354
363 359
363 341
363 330
363 337
363 371
363 351
363 348
363 341
363 376
363 336
363 358
363 340
363 371
363 347
363 369
363 369
363 381
363 353
363 374
364 344
364 361
364 379
364 363
364 362
365 356
365 352
365 366
365 361
365 366
365 354
365 361
365 353
365 348
365 338
365 347
365 340
365 377
366 367
366 367
366 357
366 353
366 381
366 362
366 347
366 353
366 361
366 354
366 341
366 328
367 378
367 333
367 371
367 348
367 332
367 336
367 349
367 336
367 336
368 359
368 329
368 378
368 364
368 333
368 368
368 363
368 358
368 340
368 378
368 337
368 330
369 356
369 333
369 345
369 341
369 330
369 330
369 375
369 330
369 359
369 368
369 361
369 346
369 348
369 350
369 336
369 339
369 338
369 349
369 359
370 354
370 375
370 330
370 342
370 344
370 341
370 359
370 347
370 373
370 348
371 363
371 368
371 339
371 364
371 339
371 361
371 328
371 335
371 358
371 338
371 364
371 366
372 358
372 379
372 363
372 354
372 361
372 367
372 376
372 340
372 345
372 381
372 334
372 357
372 377
372 347
372 354
372 374
373 382
373 361
373 353
373 370
373 379
373 341
373 367
373 369
373 368
373 369
373 346
373 360
373 333
373 367
373 337
373 351
373 336
373 348
373 363
374 345
374 354
374 365
374 345
374 340
374 328
374 369
374 372
374 373
374 332
374 338
374 336
374 356
374 359
375 355
375 351
375 374
375 355
375 328
375 338
375 378
375 334
375 352
375 347
375 333
375 328
375 347
375 369
375 366
376 379
376 365
376 337
376 374
376 362
376 355
376 337
376 342
376 330
377 328
377 333
377 368
377 382
377 337
377 359
377 353
377 376
377 354
377 352
377 378
377 331
377 333
377 335
378 342
378 360
378 361
378 379
378 379
378 380
378 347
378 370
378 382
378 373
378 359
378 336
378 354
378 339
379 364
379 356
379 351
379 340
379 357
379 381
379 357
379 348
379 336
379 359
379 377
379 368
379 365
379 336
379 337
379 379
379 329
379 338
379 378
379 361
379 365
379 337
379 381
379 351
379 350
379 356
379 377
379 359
379 363
379 342
379 414
379 520
379 584
380 344
380 367
380 354
380 371
380 341
381 336
381 343
381 363
381 361
381 346
381 333
381 340
382 363
382 334
382 331
382 373
382 331
382 349
382 368
382 332
382 336
382 358
383 406
383 400
383 398
383 401
383 431
383 429
383 418
383 391
383 400
383 422
383 430
383 420
383 412
383 395
383 410
383 402
383 410
383 427
384 414
384 396
384 404
384 387
384 419
384 414
384 389
384 409
384 384
384 386
384 470
385 416
385 413
385 389
385 391
385 394
385 396
385 397
385 403
385 383
385 481
385 446
385 520
385 579
386 400
386 420
386 416
386 411
386 428
386 386
386 397
386 404
386 414
387 401
387 418
387 395
387 428
387 399
387 422
387 408
387 427
387 400
387 419
387 420
387 416
387 414
387 422
387 414
387 418
387 416
387 414
387 423
387 387
387 416
388 397
388 384
388 418
388 399
388 384
388 409
388 420
388 416
388 402
388 420
388 588
388 654
389 401
389 430
389 419
389 413
389 429
389 423
389 402
389 384
389 427
389 387
389 392
389 403
389 386
389 481
390 403
390 384
390 386
390 385
390 429
390 409
390 413
390 405
390 428
390 417
391 383
391 425
391 406
391 405
391 403
391 428
391 409
391 427
391 405
391 386
392 429
392 394
392 406
392 408
392 405
392 393
392 384
392 425
392 390
393 409
393 425
393 388
393 428
394 420
394 386
394 427
394 395
394 394
394 393
394 427
394 404
394 417
394 383
394 386
394 404
394 429
394 395
394 387
394 386
394 429
394 387
395 418
395 387
395 417
395 428
395 387
395 425
395 394
395 424
396 387
396 401
396 421
396 388
396 388
396 399
396 417
396 403
397 425
397 419
397 384
397 383
397 396
397 414
397 428
397 387
397 413
397 427
397 416
397 383
397 425
397 384
398 417
398 420
398 392
398 407
398 426
398 412
398 392
398 417
398 427
398 427
398 403
398 421
398 393
399 404
399 386
399 397
400 416
400 395
400 417
400 423
400 399
400 400
400 402
400 422
400 393
400 574
400 647
401 389
401 414
401 387
401 428
401 404
401 413
401 384
402 400
402 416
402 411
402 427
402 423
402 391
402 651
403 423
403 426
403 386
403 394
403 389
403 391
403 398
403 428
403 386
403 411
403 394
403 387
403 427
403 427
404 412
404 416
404 386
404 420
404 389
404 417
404 414
405 407
405 407
405 412
405 392
405 393
405 416
405 408
405 405
405 430
405 431
405 407
405 425
405 411
405 397
405 406
405 404
405 396
406 405
406 384
406 389
406 396
406 407
406 422
407 416
407 419
407 386
407 427
407 408
407 395
407 386
407 414
408 410
408 415
408 392
408 425
408 423
408 395
408 418
408 418
408 395
408 383
408 429
408 423
408 387
409 418
409 389
409 408
409 398
409 431
409 385
409 405
409 387
409 418
409 416
409 592
410 424
410 385
410 404
410 405
410 431
410 404
410 411
410 395
410 416
410 421
410 414
410 402
411 406
411 411
411 419
411 419
411 384
411 425
411 404
411 415
411 398
411 389
411 400
411 414
411 410
411 410
412 404
412 408
412 395
412 383
412 386
412 402
412 392
412 383
412 595
413 384
413 405
413 408
413 420
413 427
413 410
413 388
413 417
414 417
414 409
414 393
414 390
414 398
414 419
414 398
414 389
414 383
414 404
414 418
414 398
414 388
414 408
414 424
414 429
414 384
414 427
414 383
414 428
414 420
415 400
415 423
415 395
415 413
415 405
415 416
415 391
415 411
415 388
415 430
415 387
415 395
415 393
415 430
415 407
415 393
415 429
415 412
416 402
416 389
416 404
416 431
416 397
416 424
416 425
416 405
416 425
416 428
416 408
416 422
416 427
416 392
416 410
416 597
417 425
417 418
417 389
417 411
417 398
417 420
417 418
417 411
417 409
418 387
418 391
418 427
418 404
418 398
418 399
418 405
418 392
418 396
418 406
419 425
419 397
419 393
419 415
419 392
419 388
419 411
419 404
419 420
419 388
419 396
419 417
419 404
419 585
420 384
420 386
420 384
421 395
421 395
421 398
421 415
421 412
422 394
422 414
422 401
422 392
422 416
422 423
422 411
422 400
422 424
422 403
422 476
422 604
422 639
423 398
423 395
423 421
423 409
423 405
423 397
423 422
423 400
423 395
423 388
423 388
423 397
423 395
423 523
423 647
424 405
424 413
424 395
424 406
424 427
424 384
424 418
424 390
424 421
424 405
424 411
425 418
425 414
425 426
425 401
425 405
425 428
425 453
426 392
426 428
426 425
426 395
426 420
426 408
426 391
426 408
427 429
427 416
427 427
427 404
427 417
427 423
427 394
427 406
427 384
427 428
427 405
427 410
427 424
427 475
427 623
428 403
428 385
428 394
428 404
428 384
428 430
428 394
428 409
428 401
429 408
429 426
429 388
429 385
429 384
429 414
429 423
429 403
429 415
429 425
429 427
429 420
429 431
429 386
429 397
430 418
430 395
430 405
430 387
430 411
430 429
430 400
430 396
430 401
430 394
430 414
430 430
430 391
430 644
431 390
431 418
431 386
431 396
431 416
431 416
431 389
431 386
431 405
431 401
431 405
431 427
431 413
431 404
432 468
432 481
432 443
432 464
432 460
432 469
432 444
432 434
432 458
432 442
432 466
432 474
433 463
433 433
433 469
433 461
433 445
433 473
433 442
433 445
433 439
433 469
433 432
433 476
433 464
433 468
433 473
433 463
433 474
433 440
433 465
433 448
433 468
433 452
433 439
433 478
434 460
434 441
434 448
434 455
434 466
434 480
434 476
434 453
434 460
434 453
434 468
434 465
434 478
434 448
434 476
434 464
434 435
434 471
434 464
434 527
435 477
435 445
435 442
435 458
435 477
435 478
435 441
435 441
435 444
435 463
435 462
435 477
435 447
435 448
435 473
436 472
436 472
436 460
436 472
436 443
436 451
436 461
436 475
436 468
436 471
436 478
436 439
436 451
436 441
436 458
436 432
436 445
436 452
436 481
437 481
437 461
437 466
437 475
437 453
437 454
437 477
437 453
437 474
437 476
437 449
437 452
437 442
437 480
437 436
437 445
437 466
437 462
437 460
437 444
437 449
437 470
438 455
438 463
438 444
438 472
438 442
438 435
438 442
438 471
438 450
438 473
438 432
438 464
438 471
438 480
438 456
439 437
439 471
439 475
439 448
439 473
439 467
439 454
439 457
439 456
439 446
439 447
439 445
439 454
439 442
439 470
439 468
439 433
439 477
439 577
440 432
440 481
440 435
440 432
440 479
440 451
440 478
440 450
440 464
440 470
440 442
440 474
440 450
440 441
440 432
440 442
440 469
440 456
440 454
440 450
440 464
440 453
440 466
440 454
440 471
440 480
440 608
441 438
441 446
441 471
441 478
441 467
441 446
441 476
441 460
441 478
441 467
441 476
441 481
441 461
441 480
441 445
442 461
442 460
442 447
442 457
442 454
442 446
442 464
442 473
442 461
442 445
442 470
442 447
442 435
442 456
442 478
442 476
442 463
442 436
442 436
442 464
442 473
442 462
442 446
442 467
442 470
442 450
442 449
442 439
442 475
442 654
443 473
443 444
443 436
443 449
443 452
443 468
443 469
443 458
443 471
443 461
443 447
443 456
443 437
443 472
443 459
443 445
443 439
443 451
443 438
443 455
444 436
444 477
444 453
444 438
444 477
444 452
444 446
444 466
444 479
444 475
444 467
444 474
444 433
444 436
444 473
444 436
444 468
444 475
444 468
444 454
444 609
444 573
445 477
445 458
445 466
445 481
445 462
445 445
445 446
445 473
445 450
445 444
445 458
445 455
445 470
445 443
445 473
445 443
445 455
445 437
445 446
445 442
445 463
445 481
445 645
446 438
446 478
446 441
446 450
446 472
446 445
446 481
446 481
446 462
446 478
446 444
446 467
446 455
446 454
446 453
446 481
446 472
446 481
446 480
446 449
446 446
446 462
446 480
446 467
446 468
447 471
447 453
447 466
447 450
447 464
447 440
447 464
447 463
448 442
448 446
448 435
448 434
448 481
448 436
448 444
448 452
448 455
448 451
449 448
449 459
449 468
449 447
449 474
449 462
449 448
449 451
449 443
449 455
449 441
450 434
450 439
450 477
450 470
450 446
450 439
450 472
450 476
450 442
450 470
450 454
450 457
450 459
450 474
450 468
450 455
451 449
451 437
451 473
451 480
451 448
451 436
451 435
451 464
451 447
451 455
451 469
451 456
451 469
451 434
451 437
451 450
452 467
452 469
452 441
452 452
452 451
452 445
452 443
452 481
452 440
452 463
452 449
452 442
452 436
452 479
452 455
452 481
452 465
452 475
453 472
453 445
453 470
453 479
453 432
453 479
453 447
453 474
453 470
453 445
453 450
453 455
453 443
453 470
453 452
453 434
453 453
453 435
453 453
453 449
453 435
453 433
453 436
453 475
453 460
453 479
453 479
453 470
453 443
454 433
454 453
454 481
454 457
454 455
454 469
454 459
454 468
454 469
454 445
454 446
454 437
454 454
454 462
455 443
455 460
455 441
455 455
455 435
455 445
455 457
455 437
455 478
455 436
455 451
455 479
455 451
455 432
455 445
455 460
456 459
456 435
456 453
456 444
456 468
456 446
456 477
456 466
456 462
456 437
456 480
456 434
456 460
456 454
456 470
456 457
456 436
457 440
457 452
457 438
457 440
457 473
457 447
457 443
457 453
457 439
457 448
457 461
457 479
457 441
457 476
458 479
458 464
458 456
458 435
458 455
458 435
458 480
458 479
458 452
458 456
458 433
458 446
458 461
458 469
458 437
458 457
458 466
458 436
458 445
458 473
458 463
458 479
458 460
459 478
459 454
459 466
459 461
459 445
459 481
459 461
459 469
459 476
459 479
459 450
459 454
459 469
459 446
459 452
459 476
460 481
460 471
460 457
460 471
460 459
460 471
460 453
460 469
460 454
460 453
460 450
460 467
460 474
460 458
460 443
460 465
460 455
460 436
461 443
461 457
461 456
461 446
461 436
461 452
461 469
461 432
461 454
461 444
461 476
461 457
461 464
461 456
461 443
461 448
461 475
461 474
461 455
461 442
461 470
461 443
461 476
462 439
462 436
462 462
462 438
462 464
462 474
462 453
462 445
462 446
462 467
462 465
462 468
462 462
462 472
462 468
462 459
462 446
462 447
462 469
463 467
463 476
463 448
463 433
463 441
463 440
463 468
463 434
463 475
463 455
463 450
463 461
463 442
463 479
463 460
463 453
463 470
463 432
464 477
464 437
464 471
464 444
464 469
464 480
464 476
464 443
464 464
464 442
464 475
464 449
464 463
464 437
464 478
464 435
464 461
464 474
464 435
464 463
464 453
465 477
465 472
465 479
465 461
465 439
465 466
465 444
465 437
465 457
465 471
466 440
466 478
466 452
466 445
466 477
466 474
466 470
466 481
466 480
466 460
466 478
466 435
466 449
466 454
466 455
466 445
466 435
466 640
467 476
467 465
467 469
467 437
467 476
467 451
467 480
467 436
467 442
467 475
467 473
467 481
467 462
467 464
467 465
467 442
467 439
468 463
468 475
468 463
468 444
468 469
468 441
468 458
468 434
468 468
468 433
468 455
468 450
468 456
468 456
468 435
468 454
468 464
468 439
468 470
468 456
468 453
468 436
468 458
468 456
468 470
468 466
468 473
468 464
468 469
468 466
468 438
468 434
468 464
468 453
468 435
468 462
468 569
469 473
469 436
469 476
469 470
469 469
469 447
469 437
469 466
469 459
469 445
469 470
469 478
469 446
469 480
469 475
469 478
469 475
469 508
470 441
470 439
470 472
470 433
470 450
470 474
470 480
470 439
470 458
470 481
470 438
470 473
470 447
470 446
470 436
470 432
470 473
470 433
470 436
470 480
471 439
471 444
471 435
471 478
471 475
471 465
471 452
471 451
471 479
471 474
471 475
471 479
471 457
471 469
471 448
471 445
471 476
471 476
471 474
472 440
472 451
472 440
472 458
472 441
472 449
472 472
472 463
472 480
472 448
472 457
472 478
472 478
472 453
472 457
472 440
472 434
472 433
472 464
472 472
472 474
472 474
472 478
472 441
472 462
473 463
473 456
473 467
473 446
473 465
473 444
473 476
473 471
473 448
473 475
473 451
473 479
473 451
473 473
473 442
473 469
473 474
473 444
473 444
473 629
474 478
474 473
474 466
474 480
474 473
474 465
474 463
474 470
474 434
474 468
474 453
474 446
474 458
474 611
475 466
475 481
475 444
475 433
475 472
475 450
475 433
475 478
475 457
475 445
475 458
475 453
475 464
475 461
475 455
475 461
475 474
475 460
475 433
475 626
476 473
476 439
476 455
476 456
476 479
476 468
476 467
476 481
476 467
476 481
476 462
476 477
476 465
476 441
476 453
476 440
476 456
476 461
476 464
476 471
476 480
476 433
477 443
477 443
477 464
477 448
477 468
477 461
477 446
477 469
477 444
477 461
477 444
477 475
477 456
477 472
477 481
477 458
477 445
477 481
477 472
477 467
477 449
477 438
477 467
477 481
477 448
477 461
477 455
477 478
477 474
477 447
477 459
477 437
477 618
478 455
478 444
478 468
478 455
478 433
478 453
478 471
478 434
478 443
478 443
478 454
478 445
478 436
478 460
478 449
478 436
478 480
478 467
478 470
478 470
479 436
479 457
479 465
479 458
479 455
479 472
479 437
479 440
479 450
479 436
479 454
479 471
479 446
479 434
480 462
480 433
480 476
480 462
480 466
480 439
480 440
480 433
480 459
480 440
480 480
480 466
480 432
480 472
480 436
480 458
480 449
480 458
480 444
480 438
480 472
480 448
480 466
480 465
480 442
480 449
481 468
481 443
481 479
481 477
481 455
481 445
481 477
481 443
481 472
481 468
481 433
481 466
481 456
481 451
481 458
481 462
481 441
481 476
481 440
481 470
481 466
481 638
482 486
482 488
482 496
482 487
482 492
482 499
483 494
483 482
483 485
483 494
483 487
484 496
484 499
484 486
484 497
484 486
485 496
485 485
485 487
485 494
485 495
486 494
486 498
486 497
486 496
486 494
486 500
486 486
486 497
486 499
486 487
486 500
486 493
486 489
487 484
487 495
487 491
487 497
487 487
487 498
487 494
487 489
487 494
487 489
487 502
487 482
488 487
488 486
488 497
488 500
488 498
488 493
489 497
489 495
489 487
489 487
489 496
489 496
489 486
489 487
489 482
489 499
489 484
490 497
490 488
490 487
490 494
490 498
490 494
491 498
491 494
492 490
492 490
492 488
492 486
492 490
493 500
493 488
493 500
493 486
494 482
494 485
494 484
494 487
494 491
494 497
494 486
494 497
494 497
494 502
494 488
495 484
495 502
495 502
496 496
496 494
496 496
496 491
496 482
496 484
496 490
496 498
496 497
497 494
497 497
497 497
497 492
497 485
497 486
497 487
498 500
498 495
498 489
498 493
498 502
498 490
498 492
498 485
498 489
498 482
498 499
499 484
499 486
499 495
499 502
500 486
500 490
500 498
500 489
500 482
500 486
501 487
501 483
501 487
501 496
501 500
501 496
502 496
502 491
502 487
502 492
503 515
503 509
503 505
503 513
504 506
504 518
504 504
504 518
505 514
505 516
505 505
505 516
505 508
506 514
506 515
506 514
506 516
507 515
507 509
507 505
507 508
507 511
507 515
508 519
508 510
508 520
508 512
508 508
508 508
508 509
508 508
508 509
508 520
508 520
508 510
508 504
508 516
508 515
509 518
509 507
509 516
509 512
509 514
509 515
509 514
509 507
509 520
510 516
510 511
510 508
510 507
511 519
511 509
511 513
511 520
511 514
511 508
511 503
511 520
511 516
511 510
512 515
512 511
512 509
512 516
513 513
513 506
513 515
513 503
514 507
514 505
514 519
515 508
515 510
515 512
515 516
516 508
516 513
517 506
517 517
517 508
517 507
517 508
517 643
518 508
518 508
518 509
518 517
518 510
519 505
519 503
519 506
519 509
519 506
519 511
519 518
520 513
521 524
522 526
522 536
522 532
523 527
523 532
523 526
524 523
524 527
524 524
524 530
524 521
524 524
524 527
524 527
524 524
525 527
525 532
525 522
525 536
525 525
525 535
525 529
525 527
526 528
526 533
526 537
526 536
526 529
526 537
526 524
526 529
526 521
526 536
527 533
527 527
527 528
527 529
527 529
527 523
527 527
527 530
527 527
527 536
527 531
527 531
528 532
528 529
528 532
528 523
528 530
529 525
529 528
529 526
529 526
529 527
529 524
529 531
529 537
530 522
530 521
530 525
530 536
530 531
530 537
530 569
531 532
531 529
531 536
531 527
531 528
532 522
532 523
532 521
532 531
532 528
532 526
532 530
533 527
533 527
533 531
533 530
533 528
533 530
533 528
534 530
535 532
535 521
535 523
535 522
536 521
536 527
536 531
536 524
537 534
537 530
537 528
538 557
538 563
538 547
538 561
538 549
538 567
538 550
538 554
538 551
538 559
538 548
538 546
538 539
538 549
538 539
538 551
538 566
539 553
539 548
539 554
539 553
539 545
539 547
539 566
539 557
539 548
540 557
540 544
540 542
540 551
540 546
540 559
540 557
540 538
540 551
541 547
541 557
541 548
541 552
541 567
541 566
541 546
541 565
541 567
541 541
541 543
542 562
542 566
542 562
542 559
542 563
542 557
542 538
542 554
542 560
542 554
542 559
542 564
542 543
542 541
542 561
542 550
543 539
543 557
543 559
543 557
543 551
543 561
543 550
543 539
543 551
543 538
543 539
544 542
544 567
544 561
544 559
544 541
544 556
544 567
545 548
545 562
545 562
545 562
545 559
545 538
545 566
545 544
545 562
545 542
546 549
546 538
546 557
546 539
546 561
546 549
547 557
547 567
547 561
547 557
547 546
547 557
547 547
547 542
548 559
548 562
548 543
548 566
548 540
548 548
548 540
549 559
549 552
549 559
549 567
549 563
549 564
550 562
550 552
550 551
550 540
550 560
550 546
550 562
550 556
550 561
550 559
551 567
551 544
551 548
551 563
551 544
551 561
551 549
551 550
551 544
551 562
551 553
551 551
551 541
551 543
552 546
552 547
552 559
552 544
552 545
552 563
552 556
552 550
552 544
553 541
553 559
553 538
553 541
553 560
553 538
553 550
553 560
553 541
553 548
553 540
553 566
553 563
553 539
553 559
553 542
553 557
553 543
554 556
554 557
554 559
554 556
554 557
554 560
554 538
554 541
554 560
554 551
554 550
555 553
555 543
556 557
556 540
556 557
556 547
556 561
556 547
557 554
557 551
557 544
557 559
557 567
557 557
557 560
557 538
557 540
557 561
557 559
557 551
557 557
557 540
557 554
557 540
557 557
557 538
557 549
557 547
558 566
558 544
558 546
558 543
558 543
558 567
558 557
558 559
558 551
558 545
558 545
558 538
559 550
559 562
559 553
559 561
559 558
559 566
559 547
559 556
559 559
559 553
559 547
559 562
559 556
559 558
560 557
560 541
560 541
560 564
560 543
560 551
560 538
560 550
560 548
560 552
560 540
560 547
560 554
560 546
560 545
561 562
561 552
561 543
561 542
561 538
561 542
561 563
561 560
561 557
562 558
562 559
562 549
562 543
562 542
562 562
562 560
562 562
562 564
562 556
562 559
563 547
563 543
563 557
563 553
563 548
563 550
563 564
563 546
563 540
563 542
563 554
564 560
564 561
564 543
564 538
564 563
564 553
564 540
564 550
564 538
565 563
565 541
565 541
565 564
566 556
566 538
566 564
566 562
566 560
566 538
566 544
566 564
566 543
566 557
566 551
566 555
566 545
567 546
567 541
567 554
567 560
567 548
567 559
567 548
567 553
567 561
567 558
567 548
568 611
568 581
568 579
568 603
568 583
568 592
568 587
568 568
569 597
569 590
569 583
569 613
569 602
569 606
569 572
569 600
569 598
569 577
569 601
569 578
569 578
569 609
569 595
569 571
569 611
570 593
570 614
570 593
570 614
570 611
570 607
570 596
570 615
570 589
570 573
570 570
570 573
570 605
570 574
570 586
570 573
570 611
570 596
570 613
570 613
570 576
570 615
570 601
570 603
570 593
570 616
570 612
571 592
571 607
571 604
571 577
571 584
571 570
571 582
571 612
571 593
571 570
571 589
571 606
571 605
571 592
571 569
571 601
571 575
571 596
571 599
571 596
571 569
571 581
572 572
572 589
572 613
572 598
572 580
572 591
572 593
572 580
572 604
572 574
572 612
572 611
572 597
572 604
572 572
572 592
572 622
573 595
573 607
573 568
573 582
573 610
573 595
573 581
573 577
573 614
573 574
573 574
573 606
573 573
573 590
573 576
573 585
573 583
573 572
573 579
573 616
573 574
573 598
573 580
573 577
573 575
573 568
573 577
574 612
574 581
574 589
574 584
574 601
574 588
574 598
574 594
574 592
574 568
574 610
574 593
574 615
574 598
575 593
575 570
575 613
575 569
575 609
575 596
575 606
575 579
575 612
575 611
575 613
575 585
575 603
575 595
575 578
575 605
575 612
575 601
575 569
575 626
576 603
576 580
576 576
576 578
576 572
576 577
576 592
577 592
577 587
577 570
577 613
577 600
577 605
577 590
577 591
577 577
577 609
577 569
577 593
577 597
577 581
577 583
577 610
577 573
578 604
578 575
578 585
578 569
578 573
578 590
578 586
578 575
578 584
578 611
578 581
578 616
578 570
578 583
578 605
578 569
578 590
578 598
579 598
579 609
579 602
579 581
579 594
579 594
579 604
580 598
580 576
580 599
580 596
580 607
580 612
580 613
580 577
580 586
580 600
581 577
581 604
581 600
581 584
581 607
581 608
581 593
581 588
581 607
581 574
581 603
581 585
581 575
581 578
581 590
581 581
582 577
582 604
582 570
582 601
582 601
582 581
582 612
582 587
582 589
582 607
583 581
583 587
583 575
583 601
583 568
583 570
583 582
583 571
583 588
583 611
583 580
583 583
583 609
583 590
583 609
583 574
583 570
583 603
583 607
583 614
583 614
583 584
584 580
584 616
584 570
584 569
584 589
584 603
584 577
584 598
584 607
584 595
584 602
584 581
584 575
584 603
584 587
584 585
584 574
584 615
584 580
584 613
584 590
585 615
585 575
585 578
585 595
585 593
585 571
585 582
585 585
585 596
585 583
585 583
585 588
585 592
585 610
585 572
585 571
585 591
586 574
586 574
586 593
586 611
586 569
586 586
586 611
586 574
586 573
586 588
586 602
586 600
586 571
586 580
586 572
587 603
587 577
587 593
587 616
587 580
587 592
587 602
587 574
587 598
587 589
587 585
587 574
587 611
587 583
587 591
587 591
587 603
588 609
588 599
588 610
588 599
588 598
588 604
588 604
588 614
588 596
588 595
588 579
588 603
588 584
588 593
588 616
588 589
588 609
588 608
589 607
589 611
589 590
589 595
589 591
589 587
589 599
590 613
590 586
590 611
590 603
590 581
590 608
590 574
590 598
590 579
590 615
590 581
590 585
590 607
590 610
590 581
590 608
590 584
590 603
590 616
590 585
590 610
591 603
591 574
591 587
591 570
591 582
591 596
591 584
591 572
591 611
591 579
591 601
591 570
591 597
591 590
592 582
592 598
592 575
592 579
592 612
592 575
592 579
592 607
592 602
592 600
592 614
592 583
592 573
592 582
592 606
592 583
592 573
592 571
592 611
592 608
592 570
592 616
593 581
593 589
593 605
593 595
593 597
593 599
593 598
593 580
593 569
593 591
593 583
593 588
593 589
593 573
593 604
593 599
593 584
593 571
594 610
594 573
594 600
594 603
594 607
594 588
594 579
594 604
594 568
594 589
594 592
594 612
594 588
594 611
594 587
594 615
594 576
594 608
594 611
594 596
594 588
594 614
594 584
594 606
594 570
594 614
595 593
595 595
595 593
595 572
595 604
595 581
595 579
595 585
595 574
595 592
595 570
595 595
595 569
595 591
595 570
595 598
595 594
595 575
596 589
596 588
596 586
596 611
596 577
596 594
596 578
596 568
596 572
596 575
596 584
596 593
596 611
596 590
596 577
596 576
596 587
596 581
597 588
597 572
597 597
597 614
597 571
597 605
597 597
597 605
597 588
597 596
597 607
597 600
597 577
597 590
597 602
597 569
597 590
597 604
597 606
597 602
597 574
597 599
598 579
598 605
598 588
598 606
598 594
598 585
598 569
598 594
598 596
598 575
598 570
598 586
598 569
598 605
598 587
598 577
598 598
598 603
598 569
598 587
598 589
598 616
598 590
598 590
598 594
598 582
598 588
598 568
598 585
598 583
598 585
598 619
599 585
599 571
599 582
599 603
599 611
599 602
599 587
599 597
599 606
599 570
599 580
599 604
599 573
600 602
600 569
600 603
600 576
600 569
600 609
600 575
600 599
600 589
600 573
600 601
600 593
600 596
600 571
600 596
600 593
600 610
600 615
600 606
601 588
601 609
601 608
601 606
601 611
601 578
601 586
601 611
601 596
601 603
601 603
601 592
601 599
601 616
601 604
601 587
601 584
601 599
601 610
602 592
602 597
602 601
602 605
602 613
602 582
602 612
602 614
602 586
602 575
602 597
602 603
602 588
603 580
603 572
603 575
603 598
603 588
603 603
603 608
603 576
603 591
603 603
603 587
603 607
603 591
603 592
603 574
603 588
603 582
603 607
603 615
603 592
603 604
603 577
603 603
603 613
604 598
604 609
604 584
604 595
604 594
604 612
604 607
604 570
604 611
604 594
604 573
604 590
604 592
604 587
604 614
604 573
604 607
604 609
604 581
604 613
604 603
604 592
604 588
605 569
605 608
605 581
605 582
605 595
605 570
605 596
605 609
605 614
605 594
605 602
605 607
605 624
606 607
606 610
606 572
606 578
606 615
606 601
606 603
606 612
606 606
606 613
606 589
606 583
606 608
606 571
607 603
607 603
607 593
607 612
607 615
607 588
607 578
607 616
607 579
607 611
607 589
607 605
607 613
607 577
607 594
607 591
607 598
607 569
607 577
607 609
607 579
607 577
607 583
607 594
607 574
607 588
607 611
607 606
607 602
608 574
608 573
608 574
608 596
608 616
608 599
608 601
608 590
608 576
608 608
608 581
608 604
608 609
608 616
608 614
608 598
608 610
608 590
608 592
608 585
608 598
608 569
608 611
608 598
608 603
608 646
609 574
609 569
609 597
609 605
609 608
609 614
609 600
609 581
609 577
609 608
609 596
609 591
609 577
609 606
609 598
609 605
609 599
609 614
610 585
610 592
610 604
610 588
610 590
610 585
610 607
610 611
610 577
610 589
610 592
610 613
610 615
610 593
610 589
610 590
610 638
611 595
611 574
611 573
611 610
611 601
611 598
611 610
611 569
611 591
611 596
611 588
611 581
611 571
611 615
611 606
611 582
611 591
611 579
611 576
611 608
611 593
611 585
611 586
611 594
611 631
612 586
612 609
612 570
612 606
612 590
612 592
612 579
612 583
613 605
613 603
613 592
613 602
613 576
613 585
613 571
613 577
613 615
613 611
613 614
613 606
613 607
614 602
614 603
614 597
614 578
614 568
614 600
614 586
614 610
614 569
614 611
614 591
614 570
614 581
614 569
614 583
615 588
615 586
615 604
615 611
615 572
615 575
615 607
615 602
615 583
615 603
615 577
615 576
615 569
615 612
615 568
615 607
615 606
615 606
615 571
615 594
616 580
616 588
616 604
616 608
616 579
616 592
616 575
616 600
616 599
616 591
616 594
616 573
616 588
617 651
617 637
617 640
617 627
617 621
617 653
617 621
618 644
618 631
618 617
618 641
618 638
618 624
618 637
618 625
618 628
618 638
618 626
619 638
619 629
619 653
619 633
619 634
619 631
619 632
619 653
619 617
619 637
619 634
619 649
619 630
619 630
619 618
619 629
620 625
620 626
620 619
620 654
620 621
620 638
620 652
620 626
620 643
620 640
620 620
620 628
620 640
620 653
620 651
620 644
621 647
621 635
621 650
621 618
621 648
621 641
621 643
621 653
621 621
621 636
621 637
622 630
622 618
622 643
622 640
622 628
622 642
622 636
622 641
622 645
623 626
623 647
623 647
623 625
623 626
623 636
623 651
623 630
623 624
624 635
624 628
624 619
624 624
624 638
624 637
624 625
624 627
624 641
624 640
624 641
624 629
624 635
624 630
625 648
625 629
625 632
625 628
625 633
625 647
625 635
625 625
625 629
626 639
626 637
626 627
626 648
626 640
626 632
626 652
626 631
626 632
626 637
626 621
626 632
626 646
626 640
626 618
626 627
627 643
627 653
627 640
627 629
627 649
627 625
627 619
627 645
627 631
627 631
627 618
628 631
628 632
628 646
628 620
628 629
628 629
628 649
628 618
629 625
629 621
629 639
629 617
629 635
629 640
629 620
629 632
629 618
629 638
630 647
630 618
630 644
630 634
630 653
630 638
630 643
630 653
630 653
630 641
630 628
630 642
630 650
630 636
630 624
630 639
631 643
631 652
631 641
631 628
631 641
631 631
631 642
631 626
631 634
632 627
632 634
632 643
632 649
632 654
632 623
632 645
632 634
632 640
632 619
632 638
632 634
632 650
633 638
633 627
633 617
633 641
633 635
633 632
633 624
633 645
633 641
633 645
633 630
634 632
634 630
634 628
634 642
634 647
634 629
634 644
634 639
634 635
634 618
634 634
634 648
634 620
634 624
634 629
634 626
634 630
634 624
634 622
634 626
634 618
634 646
634 632
634 636
635 641
635 639
635 622
635 627
635 639
635 622
635 617
635 626
635 640
635 648
636 629
636 648
636 643
636 644
636 620
636 641
636 638
636 640
636 628
637 643
637 632
637 618
637 634
637 640
637 652
637 635
637 629
637 648
637 630
637 622
637 622
638 626
638 626
638 639
638 630
638 621
638 640
638 646
638 642
638 651
638 630
638 627
638 622
638 631
638 631
638 642
638 632
638 646
638 617
639 638
639 645
639 643
639 622
639 632
639 624
639 645
639 627
639 624
639 643
639 629
639 639
639 631
639 652
639 627
639 617
640 650
640 621
640 625
640 649
640 634
640 635
640 651
640 619
640 629
640 646
640 635
640 620
640 623
640 654
640 619
640 633
640 621
640 651
640 626
640 632
641 617
641 640
641 626
641 633
641 644
641 638
641 626
641 630
641 621
641 646
641 650
641 646
641 636
641 624
641 640
641 653
641 626
641 653
641 650
641 643
641 641
641 620
641 642
641 633
642 638
642 628
642 628
642 621
642 646
642 651
642 618
642 643
642 647
642 622
642 618
642 651
642 631
642 617
642 648
642 633
642 650
643 617
643 651
643 643
643 640
643 652
643 631
643 633
643 648
643 639
643 631
643 642
643 628
643 649
643 620
643 621
643 641
643 630
643 641
643 639
643 617
643 652
643 640
643 628
643 634
644 623
644 645
644 625
644 618
644 618
644 629
644 653
644 641
644 626
644 638
644 628
644 642
644 653
644 632
644 620
645 649
645 638
645 631
645 636
645 641
645 644
645 622
645 622
645 637
645 638
645 631
645 642
645 620
645 625
645 630
646 626
646 618
646 653
646 619
646 634
646 629
646 650
646 620
646 637
646 633
647 623
647 640
647 640
647 625
647 632
647 641
647 628
647 650
647 649
647 634
648 622
648 644
648 632
648 637
648 626
648 636
648 627
648 644
648 621
648 650
648 642
649 647
649 653
649 639
649 649
649 647
649 650
649 627
649 633
649 628
650 649
650 622
650 634
650 632
650 653
650 630
650 622
650 630
650 632
651 638
651 623
651 628
651 619
651 638
651 643
651 653
651 644
651 635
651 651
651 651
651 650
651 651
651 639
651 653
651 622
651 642
651 635
652 629
652 627
652 631
652 637
652 618
652 647
652 649
652 618
652 638
652 634
652 623
652 632
652 619
653 644
653 651
653 633
653 629
653 633
653 636
653 639
653 648
653 651
653 628
653 624
653 640
653 638
653 626
653 631
653 638
653 633
654 646
654 622
654 634
654 628
654 619
654 630
654 633