0 39
0 53
0 27
0 76
0 94
0 96
0 76
0 4
0 31
0 86
0 87
1 30
1 49
1 61
1 64
1 79
1 96
1 84
1 89
1 87
1 43
1 34
1 6
1 54
1 26
2 14
2 6
2 14
2 81
2 43
2 51
2 42
2 11
2 103
2 8
2 90
2 87
2 80
3 86
3 82
3 76
3 76
3 23
3 6
3 80
3 36
3 59
3 12
4 31
4 1
4 47
4 68
4 91
4 25
4 71
4 41
4 34
4 64
4 35
4 36
4 210
5 18
5 1
5 8
5 49
5 42
5 14
5 28
5 33
5 40
5 1
5 25
5 63
5 12
5 90
5 71
5 224
5 344
6 54
6 77
6 2
6 17
6 69
6 105
6 37
6 83
7 39
7 77
7 13
7 106
7 98
7 105
7 56
7 71
7 56
7 50
7 0
7 48
7 24
7 92
7 3
7 40
8 36
8 70
8 43
8 4
8 43
8 36
8 89
8 86
8 33
8 76
8 88
8 10
8 44
8 69
8 55
8 90
8 24
8 37
8 479
9 84
9 88
9 78
9 78
9 49
9 83
9 23
9 32
9 100
10 6
10 81
10 52
10 16
10 65
10 63
10 24
10 50
10 68
10 83
10 348
10 304
11 41
11 69
11 102
11 38
11 33
11 42
11 3
11 84
11 101
11 8
11 76
11 12
11 78
11 352
12 27
12 17
12 28
12 97
12 67
12 50
12 94
12 43
12 17
12 59
12 327
13 38
13 2
13 25
13 76
13 9
13 62
13 16
13 85
13 13
13 72
13 93
14 2
14 18
14 78
14 66
14 4
14 27
14 7
14 98
14 47
14 32
14 70
14 30
14 43
14 86
14 455
15 40
15 70
15 15
15 20
15 80
15 51
15 94
15 18
15 29
15 61
15 74
15 53
15 358
16 1
16 60
16 66
16 19
16 62
16 74
16 25
16 40
16 29
16 43
16 56
16 69
16 18
16 16
16 104
16 29
16 469
17 40
17 22
17 18
17 26
17 9
17 94
17 57
17 63
17 10
17 20
17 42
17 99
17 3
17 15
17 84
17 91
17 69
17 56
17 51
17 5
17 54
17 1
18 96
18 98
18 33
18 70
18 60
18 65
18 62
18 105
18 71
18 11
18 10
19 41
19 29
19 68
19 23
19 66
19 25
19 11
19 1
19 5
19 1
19 91
19 73
19 99
20 73
20 62
20 16
20 74
20 50
20 50
20 24
20 29
20 90
20 11
21 55
21 16
21 41
21 76
21 15
21 85
21 0
21 67
21 56
21 6
21 89
21 79
21 43
21 93
21 73
22 2
22 45
22 19
22 45
22 69
22 27
22 3
22 54
22 1
22 76
23 17
23 93
23 90
23 3
23 38
23 19
23 96
23 499
24 45
24 50
24 107
24 88
24 104
24 50
24 50
24 1
24 91
24 74
24 63
24 27
24 516
25 51
25 17
25 65
25 99
25 20
25 67
25 90
25 89
25 16
25 1
25 14
25 91
25 78
25 58
25 50
25 14
25 10
25 83
25 252
25 260
25 317
26 29
26 50
26 427
27 98
27 102
27 97
27 34
27 0
27 34
27 43
27 96
27 81
27 93
27 201
28 47
28 65
28 78
28 15
28 89
28 83
28 16
28 68
28 103
29 62
29 65
29 51
29 56
29 91
29 103
29 46
29 78
29 20
29 50
29 70
29 26
29 40
29 42
29 6
29 63
29 459
29 390
30 89
30 75
30 12
30 44
30 93
30 66
30 32
31 97
31 49
31 83
31 43
31 17
31 29
31 57
31 99
31 64
31 45
31 37
32 16
32 14
32 41
32 44
32 32
32 20
32 70
32 20
32 62
32 102
32 76
32 64
32 33
32 82
32 93
32 420
33 49
33 79
33 25
33 59
33 105
33 81
33 348
34 106
34 37
34 79
34 79
34 36
34 100
34 14
34 59
34 32
34 83
34 35
34 8
34 80
34 4
34 68
35 86
35 63
35 10
35 8
35 56
36 107
36 19
36 91
36 97
36 8
36 20
36 5
36 29
36 42
36 69
36 65
36 62
36 1
36 159
37 49
37 16
37 96
37 50
37 29
37 70
37 9
37 101
37 15
38 46
38 79
38 88
38 34
38 50
38 32
38 44
38 13
38 59
38 21
39 43
39 98
39 1
39 83
40 107
40 42
40 83
40 90
40 94
40 18
40 60
40 14
40 1
40 102
40 94
40 74
40 97
40 94
40 13
40 54
40 103
40 35
40 99
40 84
41 80
41 84
41 54
41 42
41 45
41 5
41 78
41 33
41 101
41 24
41 41
41 30
41 73
41 12
41 214
41 259
41 344
42 41
42 99
42 29
42 98
42 35
42 43
42 18
42 46
42 7
42 8
42 49
42 95
42 49
42 27
42 11
42 481
43 34
43 81
43 70
43 12
43 85
43 17
43 14
43 42
43 40
43 37
43 84
43 9
43 60
43 40
43 13
43 43
43 43
43 23
43 84
43 93
44 92
44 15
44 27
44 38
44 17
44 63
44 59
44 65
44 62
44 419
45 13
45 4
45 75
45 26
45 40
45 67
45 23
45 32
45 41
45 4
45 3
45 400
46 75
46 44
46 24
46 59
46 92
46 83
46 61
46 53
46 73
46 32
46 347
46 404
47 103
47 73
47 16
47 28
47 84
47 56
47 68
47 37
47 45
47 105
47 54
47 94
47 50
48 79
48 15
48 4
48 93
48 73
49 72
49 8
49 30
49 107
49 32
49 79
49 12
49 99
49 57
49 99
49 59
49 68
49 87
49 28
50 34
50 63
50 36
50 66
50 70
50 13
50 18
50 16
50 44
50 41
50 21
50 43
50 1
50 66
50 84
50 0
50 98
51 78
51 37
51 70
51 62
51 30
51 2
51 46
51 91
51 4
51 78
51 186
52 71
52 19
52 45
52 4
52 42
52 57
52 56
52 42
52 1
52 96
52 400
53 12
53 47
53 83
53 95
53 62
53 15
53 16
53 18
53 16
53 74
53 45
53 87
53 90
53 249
54 79
54 3
54 17
54 100
54 18
54 74
54 44
54 91
54 74
55 40
55 2
55 30
55 22
55 58
55 62
56 29
56 18
56 44
56 93
56 87
56 67
56 45
56 52
56 69
56 75
56 63
57 94
57 94
57 59
57 103
57 90
57 29
57 64
57 16
57 61
57 23
57 44
57 52
57 8
57 34
57 5
58 34
58 76
58 105
58 96
58 27
58 15
58 78
58 80
58 86
58 58
59 73
59 29
59 79
59 4
59 29
59 4
59 11
59 60
59 7
59 107
59 67
59 12
59 84
59 93
59 42
59 11
59 10
59 0
59 207
60 94
60 5
60 96
60 61
60 50
60 43
60 12
60 12
60 4
60 98
60 17
60 53
60 88
61 27
61 45
61 14
61 51
61 8
61 91
61 85
61 76
61 29
61 15
61 11
62 77
62 36
62 85
62 36
62 68
62 19
62 30
62 106
62 64
62 99
62 107
62 80
62 4
62 22
62 52
62 60
62 231
63 93
63 104
63 3
63 14
63 5
63 70
63 39
63 38
63 93
63 98
63 43
63 4
63 20
63 267
64 18
64 6
64 85
64 8
64 62
64 35
64 30
64 77
64 24
64 95
64 45
64 49
64 15
64 6
64 96
64 329
65 64
65 87
65 25
65 50
65 32
65 5
65 62
65 71
65 38
65 5
65 55
65 0
65 20
65 3
65 66
65 4
65 32
65 56
65 106
65 90
65 87
65 328
65 299
66 86
66 43
66 32
66 70
66 10
66 69
66 74
66 64
66 25
66 187
67 39
67 73
67 27
67 107
67 67
67 41
67 60
67 88
67 36
67 96
67 6
67 63
67 5
67 81
67 105
67 48
67 101
67 153
67 470
68 66
68 67
68 72
68 103
68 83
68 25
68 96
68 86
68 55
68 88
68 2
68 39
68 34
68 76
68 25
68 92
68 64
68 23
68 23
68 66
68 46
68 84
68 27
68 58
68 63
68 44
68 76
68 48
69 7
69 102
69 21
69 34
69 42
69 44
69 40
69 39
69 32
69 42
69 11
69 46
69 55
69 74
69 19
69 34
69 103
69 79
69 40
69 64
69 10
70 80
70 65
70 102
70 34
70 12
70 87
70 2
70 22
70 77
70 75
70 2
70 8
70 16
70 62
71 42
71 3
71 27
71 28
71 101
71 57
71 46
71 79
71 78
71 51
71 493
72 9
72 65
72 14
72 66
72 81
72 85
72 26
72 371
73 29
73 64
73 91
73 30
73 61
73 80
73 31
73 27
73 19
73 23
73 344
74 6
74 89
74 11
74 28
74 29
74 24
74 40
75 26
75 23
75 51
75 69
75 30
75 32
75 53
75 34
75 32
76 34
76 73
76 103
76 27
76 43
76 26
76 42
76 42
76 38
76 93
76 48
76 14
76 19
76 25
76 40
76 97
76 39
76 17
76 65
76 53
76 75
76 299
77 71
77 1
77 69
77 40
77 23
77 11
77 29
77 32
77 3
77 57
77 73
77 97
77 3
78 15
78 26
78 93
78 25
78 53
78 42
79 58
79 95
79 80
79 69
79 29
79 105
79 41
79 46
79 73
79 10
79 43
79 42
79 10
79 80
79 188
79 237
79 325
80 86
80 12
80 77
80 17
80 107
80 4
80 73
80 48
80 62
80 17
80 49
80 56
80 376
81 99
81 17
81 107
81 40
81 14
81 97
81 103
81 107
81 68
81 64
81 349
81 406
82 75
82 40
82 22
82 70
82 6
82 59
82 51
82 74
83 3
83 7
83 79
83 103
83 10
83 65
83 60
83 52
83 62
83 14
83 10
83 14
83 36
83 70
83 229
84 15
84 46
84 0
84 102
84 39
84 37
84 5
85 67
85 31
85 89
85 92
85 92
85 16
85 88
86 35
86 4
86 57
86 64
86 14
86 91
86 314
87 71
87 87
87 68
87 46
87 31
87 87
87 101
87 1
87 97
87 27
87 10
87 83
87 15
87 55
88 43
88 57
88 78
88 8
88 51
88 43
88 6
88 34
88 44
88 47
88 6
88 81
88 79
88 40
88 59
88 118
88 456
89 89
89 88
89 44
89 86
89 71
89 85
89 40
89 62
90 33
90 106
90 85
90 41
90 36
90 56
90 26
90 91
90 70
90 104
90 400
91 65
91 92
91 51
91 3
91 17
91 18
91 80
91 5
92 17
92 50
92 13
92 95
92 7
92 68
92 11
92 50
92 71
92 73
92 95
92 285
93 79
93 84
93 7
93 55
93 72
93 19
93 72
93 25
93 18
93 96
93 52
93 93
93 87
93 91
93 73
93 70
93 55
93 97
93 58
93 34
93 9
93 230
94 14
94 13
94 25
94 19
94 62
94 11
95 81
95 18
95 34
95 22
95 16
95 41
95 16
95 95
95 36
95 12
95 2
95 87
95 91
95 93
95 95
95 91
96 103
96 54
96 42
96 87
96 32
96 41
96 43
96 27
96 65
96 49
96 44
96 50
96 75
96 50
96 44
96 5
96 64
96 90
96 21
96 12
96 20
96 23
96 53
96 51
96 94
97 105
97 103
97 94
97 61
97 65
97 25
97 93
97 100
97 91
97 67
97 80
97 91
97 92
97 6
98 50
98 5
98 40
98 43
98 15
98 76
98 83
98 96
98 14
98 77
98 93
98 14
98 42
98 40
98 62
98 24
98 34
98 89
98 83
98 47
98 194
98 410
99 41
99 107
99 54
99 79
99 29
99 10
99 80
99 9
99 22
99 12
99 97
99 47
99 87
99 33
99 12
99 0
99 94
100 91
100 90
100 23
100 31
100 51
100 80
100 36
100 47
100 22
100 9
100 105
100 1
100 76
100 350
100 476
101 14
101 9
101 93
101 29
101 8
101 24
102 53
102 52
102 1
102 43
102 34
102 15
102 94
102 59
102 96
102 68
102 24
102 98
102 393
103 104
103 107
103 100
103 69
103 85
103 27
103 42
103 85
103 81
104 36
104 10
104 15
104 79
104 34
105 51
105 100
105 64
105 105
105 74
105 40
105 51
105 21
105 55
106 57
106 68
106 3
106 105
106 58
106 242
107 85
107 69
107 97
107 41
107 73
107 105
107 14
107 94
107 40
107 80
107 17
107 33
107 27
107 29
107 100
107 96
107 150
107 217
108 212
108 174
108 150
108 200
108 155
108 204
108 135
108 155
108 178
108 132
108 194
108 151
108 143
108 206
108 117
108 167
108 183
108 212
108 139
108 171
108 193
109 177
109 149
109 173
109 185
109 110
109 214
109 169
109 141
109 156
109 124
109 200
109 192
109 188
109 140
109 161
109 128
110 156
110 115
110 108
110 142
110 187
110 201
110 115
110 137
110 113
110 191
110 207
110 210
110 157
110 123
110 187
110 185
110 155
110 154
110 132
110 211
110 115
110 109
110 206
110 124
111 121
111 169
111 213
111 192
111 111
111 114
111 194
111 134
111 194
111 197
111 117
111 112
111 168
112 128
112 110
112 207
112 109
112 183
112 129
112 121
112 117
112 203
112 166
112 195
112 202
112 114
112 174
112 180
112 198
112 170
112 202
112 190
112 189
112 135
112 131
112 180
113 144
113 195
113 172
113 140
113 205
113 125
113 125
113 119
113 158
113 130
113 126
113 159
113 182
113 167
113 128
113 148
113 126
113 177
113 184
113 190
113 149
113 167
113 120
113 188
113 150
113 163
114 156
114 213
114 211
114 168
114 166
114 180
114 210
114 124
114 111
114 208
114 193
114 120
114 198
114 214
114 215
114 115
114 138
114 205
114 209
114 174
114 137
114 110
114 169
114 188
114 197
114 144
114 210
114 169
115 147
115 130
115 208
115 123
115 115
115 155
115 113
115 134
115 168
115 128
115 191
115 160
115 120
115 118
115 158
115 123
115 127
116 133
116 155
116 150
116 111
116 194
116 134
116 179
116 208
116 123
116 122
116 175
116 179
116 215
116 129
116 123
116 181
116 113
116 128
116 140
117 115
117 185
117 135
117 120
117 177
117 144
117 202
117 202
117 162
117 156
117 168
117 200
117 177
117 142
117 153
117 198
117 213
117 195
117 179
117 170
117 171
117 148
117 194
118 210
118 141
118 117
118 110
118 181
118 146
118 202
118 134
118 132
118 215
118 120
118 139
118 214
118 116
118 192
118 142
118 109
118 121
118 205
118 164
118 193
118 170
118 210
118 116
119 148
119 201
119 194
119 214
119 201
119 144
119 166
119 169
119 206
119 111
119 155
119 165
120 194
120 126
120 177
120 200
120 196
120 184
120 134
120 111
120 170
120 150
120 114
120 198
120 194
120 192
120 180
120 168
120 165
120 131
120 155
120 122
120 133
120 197
120 141
121 146
121 109
121 111
121 177
121 159
121 211
121 198
121 180
121 202
121 148
121 126
121 176
121 174
121 142
121 146
121 163
121 155
121 161
121 214
121 199
121 154
121 180
121 143
121 182
121 162
121 109
121 156
121 215
121 133
121 170
122 214
122 182
122 168
122 191
122 165
122 160
122 214
122 140
122 160
122 154
122 115
122 167
122 114
122 168
122 186
122 121
122 157
122 214
122 156
122 138
122 208
122 240
123 116
123 148
123 197
123 131
123 154
123 197
123 162
123 156
123 112
123 179
123 161
123 160
123 148
123 180
123 123
123 163
123 212
123 198
123 173
123 148
123 154
123 156
124 172
124 174
124 112
124 158
124 148
124 119
124 181
124 175
124 110
124 176
124 130
124 188
124 166
124 125
124 121
124 146
124 115
124 201
124 139
124 192
124 126
124 153
125 150
125 159
125 214
125 126
125 115
125 133
125 164
125 175
125 121
125 116
125 122
125 170
125 123
125 114
125 178
125 167
125 180
125 126
125 121
125 155
125 129
125 117
125 201
125 134
125 185
126 146
126 135
126 148
126 174
126 201
126 207
126 183
126 196
126 137
126 119
126 182
126 117
126 139
126 163
126 162
126 212
126 151
126 183
127 130
127 185
127 198
127 149
127 130
127 166
127 153
127 124
127 124
127 153
127 113
127 183
127 198
127 137
127 110
127 189
127 166
127 148
127 117
127 161
127 130
127 201
127 136
128 206
128 207
128 112
128 144
128 192
128 158
128 174
128 153
128 156
128 110
128 141
128 192
128 109
128 128
128 110
128 178
128 182
128 174
128 166
128 130
128 124
128 126
129 193
129 198
129 161
129 117
129 108
129 115
129 154
129 156
129 213
129 175
129 210
129 193
129 202
129 121
129 185
129 166
130 129
130 130
130 214
130 122
130 198
130 209
130 193
130 210
130 118
130 163
130 129
130 185
130 173
130 149
130 163
130 131
130 211
130 149
130 143
130 116
130 119
131 177
131 184
131 135
131 167
131 153
131 123
131 114
131 188
131 187
131 198
131 147
131 191
131 183
131 193
131 166
131 199
131 192
131 203
131 144
131 205
131 115
131 182
131 201
131 158
131 123
131 201
131 198
131 178
131 119
131 129
132 159
132 165
132 138
132 142
132 161
132 174
132 164
132 172
132 214
132 152
132 126
132 150
132 166
132 113
132 162
132 130
132 206
132 156
132 122
132 142
132 195
132 451
133 140
133 111
133 171
133 175
133 129
133 196
133 152
133 124
133 130
133 126
133 131
133 178
133 189
133 182
133 190
133 145
133 176
133 159
133 192
133 155
133 233
134 114
134 146
134 129
134 113
134 108
134 155
134 128
134 113
134 123
134 157
134 158
134 139
134 198
134 203
134 109
134 142
134 133
134 210
134 133
134 182
134 211
134 154
135 174
135 112
135 170
135 198
135 115
135 163
135 160
135 195
135 169
135 203
135 159
135 154
135 151
135 179
135 130
135 145
135 163
135 188
136 191
136 182
136 164
136 134
136 150
136 142
136 152
136 170
136 204
136 181
136 188
136 174
136 129
136 210
136 192
136 190
136 159
136 131
136 171
136 201
136 184
137 142
137 194
137 133
137 186
137 154
137 204
137 214
137 126
137 198
137 198
137 113
137 174
137 122
137 169
137 208
137 118
137 146
137 139
137 250
138 201
138 113
138 110
138 177
138 150
138 195
138 205
138 209
138 175
138 169
138 142
138 114
138 176
138 172
138 126
138 179
138 117
138 177
138 133
138 157
138 116
138 140
138 202
139 172
139 113
139 179
139 194
139 118
139 112
139 130
139 157
139 147
139 194
139 144
139 163
139 168
139 215
139 174
139 140
139 160
139 148
139 165
139 157
139 197
139 173
140 190
140 212
140 147
140 139
140 160
140 173
140 163
140 152
140 165
140 135
140 194
140 126
140 142
140 168
140 141
140 154
140 210
140 124
140 183
140 143
140 135
140 202
140 124
140 148
141 214
141 166
141 131
141 134
141 168
141 178
141 178
141 142
141 186
141 151
141 109
141 114
141 138
141 119
141 172
141 124
141 138
141 129
141 160
142 214
142 183
142 201
142 159
142 133
142 182
142 192
142 202
142 114
142 212
142 165
142 108
142 170
142 129
142 154
142 116
142 158
142 122
142 113
142 141
142 210
142 189
142 137
142 168
142 129
142 193
142 148
142 170
142 163
142 146
142 196
142 200
142 146
142 199
142 196
142 143
142 203
142 155
142 135
143 140
143 169
143 149
143 184
143 200
143 173
143 168
143 113
143 157
143 214
144 115
144 214
144 157
144 168
144 214
144 138
144 158
144 165
144 121
144 159
144 133
144 149
144 169
144 188
144 164
144 130
144 146
144 127
144 209
144 182
144 185
144 186
144 214
145 189
145 179
145 179
145 206
145 132
145 127
145 200
145 121
145 160
145 113
145 166
146 154
146 201
146 146
146 148
146 155
146 178
146 119
146 196
146 140
146 170
146 144
146 165
146 187
146 131
146 123
146 177
146 122
146 189
146 133
146 140
146 207
146 116
146 168
146 120
146 164
146 140
147 164
147 181
147 169
147 131
147 180
147 163
147 151
147 159
147 208
147 120
147 189
147 151
147 140
147 201
148 193
148 111
148 189
148 155
148 211
148 113
148 195
148 142
148 204
148 215
148 148
148 140
148 180
148 137
148 143
148 166
148 119
148 196
148 132
148 111
148 211
148 121
148 109
148 118
149 213
149 156
149 114
149 159
149 165
149 201
149 141
149 119
149 205
149 112
149 177
149 132
149 214
149 113
149 130
149 212
149 200
149 124
149 160
149 160
149 125
149 121
149 168
149 175
149 180
149 112
149 133
149 221
150 125
150 119
150 170
150 159
150 160
150 170
150 133
150 159
150 109
150 127
150 170
150 200
150 137
150 125
150 186
150 148
150 169
151 109
151 113
151 204
151 125
151 172
151 172
151 196
151 155
151 138
151 197
151 188
151 185
151 205
151 134
151 186
151 207
151 143
152 144
152 186
152 197
152 174
152 165
152 151
152 214
152 175
152 186
152 120
152 184
152 149
152 151
152 130
152 132
152 189
152 157
152 192
152 194
152 165
153 192
153 116
153 117
153 180
153 150
153 205
153 147
153 199
153 214
153 110
153 194
153 145
153 112
153 157
153 184
153 183
153 155
153 109
153 202
153 111
153 174
153 185
153 212
153 126
153 120
153 198
153 111
153 188
153 174
154 128
154 146
154 198
154 200
154 179
154 174
154 178
154 187
154 167
154 202
154 201
154 140
154 182
154 117
154 161
154 137
154 123
155 132
155 172
155 154
155 126
155 122
155 160
155 204
155 187
155 124
155 108
155 204
155 149
155 182
155 203
155 155
155 200
155 208
155 143
155 163
155 140
155 182
155 174
155 211
155 132
156 178
156 186
156 129
156 120
156 139
156 138
156 191
156 200
156 131
156 194
156 136
156 154
156 214
156 151
156 192
156 132
156 183
156 202
156 190
156 153
156 214
156 130
156 164
157 201
157 152
157 169
157 154
157 199
157 154
157 200
157 202
157 177
157 171
157 159
157 169
157 165
157 207
157 138
157 200
157 159
157 150
157 143
157 145
158 165
158 137
158 163
158 123
158 165
158 133
158 128
158 143
158 152
158 200
158 182
158 151
158 154
158 145
158 184
158 167
158 194
158 116
159 170
159 177
159 161
159 122
159 167
159 151
159 194
159 113
159 199
159 168
159 118
159 122
159 193
159 158
159 155
159 152
159 138
159 150
159 134
159 200
159 139
159 170
159 186
159 150
159 168
159 122
159 187
159 187
160 133
160 157
160 214
160 160
160 173
160 209
160 198
160 186
160 135
160 149
160 197
160 201
160 126
160 137
160 147
160 205
160 214
160 177
160 169
160 157
160 256
161 195
161 211
161 201
161 135
161 108
161 175
161 170
161 212
161 192
161 129
161 183
161 124
161 160
161 130
161 140
161 196
161 152
161 175
161 210
162 180
162 202
162 119
162 207
162 157
162 131
162 136
162 137
162 205
162 146
162 178
162 154
162 110
163 168
163 173
163 202
163 179
163 123
163 123
163 162
163 127
163 146
163 200
163 117
163 191
163 112
163 213
163 194
164 173
164 170
164 167
164 181
164 192
164 181
164 134
164 117
164 189
164 180
164 204
164 108
164 141
164 147
164 215
164 181
164 119
164 141
164 110
164 174
164 169
164 122
165 145
165 192
165 177
165 128
165 138
165 168
165 197
165 184
165 123
165 174
165 162
165 160
165 133
165 141
165 197
165 118
165 116
165 185
165 110
165 202
166 205
166 170
166 199
166 122
166 171
166 195
166 215
166 168
166 158
166 141
166 124
166 136
166 120
166 175
166 174
166 170
166 121
166 161
166 124
166 202
166 124
166 160
166 127
166 188
166 175
166 155
166 187
166 139
166 162
166 135
167 123
167 158
167 180
167 168
167 167
167 156
167 183
167 182
167 201
167 131
167 126
167 140
167 146
167 187
167 157
167 193
167 180
167 166
168 181
168 178
168 188
168 205
168 185
168 176
168 210
168 184
168 211
168 152
168 126
168 159
168 136
168 204
168 197
168 122
168 119
168 185
168 132
169 138
169 144
169 123
169 202
169 171
169 130
169 173
169 153
169 173
169 143
169 207
169 137
169 172
169 150
169 150
169 119
169 116
169 177
169 112
169 139
169 118
169 172
169 113
170 186
170 206
170 154
170 154
170 143
170 170
170 142
170 169
170 163
170 130
170 195
170 162
170 127
170 161
170 117
170 154
170 157
170 151
170 175
170 147
170 177
170 124
170 122
170 210
170 163
170 384
171 138
171 201
171 119
171 181
171 200
171 211
171 170
171 194
171 156
171 169
171 135
171 140
171 179
171 150
171 209
171 205
171 165
171 190
171 117
172 202
172 120
172 125
172 202
172 122
172 169
172 177
172 157
172 152
172 180
172 181
172 163
172 215
172 142
173 136
173 172
173 213
173 191
173 113
173 127
173 185
173 185
173 131
173 183
173 205
173 153
173 136
173 130
173 133
173 199
173 209
173 182
173 207
173 113
173 176
173 109
173 125
173 171
173 177
173 184
173 122
174 194
174 201
174 145
174 121
174 138
174 117
174 139
174 166
174 168
174 141
174 120
174 150
174 169
174 122
174 208
174 201
174 116
174 148
174 108
174 212
174 197
174 298
175 167
175 190
175 196
175 135
175 206
175 206
175 116
175 126
175 211
175 154
175 136
175 142
175 155
175 154
175 181
176 144
176 191
176 115
176 151
176 126
176 121
176 118
176 116
176 191
176 129
176 157
176 234
177 164
177 165
177 148
177 148
177 181
177 198
177 207
177 108
177 133
177 141
177 108
177 190
177 142
177 192
177 122
177 207
178 206
178 182
178 147
178 123
178 201
178 124
178 134
178 131
178 189
178 212
178 119
178 186
178 209
178 211
178 132
178 126
178 199
178 200
178 202
179 111
179 200
179 123
179 166
179 108
179 193
179 203
179 130
179 148
179 168
179 108
179 111
179 133
179 180
179 188
179 139
179 137
179 200
179 154
179 145
179 159
179 149
179 127
179 131
180 196
180 182
180 166
180 148
180 169
180 164
180 155
180 143
180 187
180 156
180 144
180 119
180 142
180 210
180 210
180 154
180 191
180 142
180 137
181 200
181 192
181 210
181 198
181 109
181 162
181 192
181 172
181 185
181 131
181 163
181 211
181 178
181 203
182 169
182 191
182 172
182 200
182 151
182 169
182 195
182 129
182 133
182 138
182 213
182 211
182 166
182 185
182 168
182 149
182 189
182 189
183 210
183 124
183 192
183 135
183 119
183 137
183 201
183 212
183 140
183 181
183 164
183 214
183 142
183 158
183 114
183 191
183 110
183 444
184 168
184 159
184 177
184 129
184 191
184 215
184 118
184 164
184 203
184 131
184 120
184 154
184 169
184 127
184 132
184 127
184 201
184 196
184 119
184 177
184 131
184 186
184 119
185 135
185 115
185 117
185 173
185 158
185 127
185 110
185 143
185 160
185 173
185 163
185 117
185 121
185 206
185 208
185 213
185 152
186 198
186 136
186 154
186 197
186 131
186 181
186 139
186 183
186 215
186 153
186 142
186 150
186 177
186 162
186 171
186 155
186 123
186 159
187 172
187 156
187 116
187 148
187 115
187 209
187 207
187 131
187 177
187 191
187 160
187 172
187 152
188 162
188 120
188 150
188 166
188 110
188 133
188 196
188 134
188 116
188 190
188 117
188 162
188 174
188 167
189 140
189 201
189 148
189 119
189 143
189 202
189 164
189 142
189 199
189 127
189 155
190 185
190 129
190 110
190 210
190 205
190 142
190 164
190 149
190 180
190 111
190 192
190 152
190 211
190 199
190 121
190 142
190 173
191 167
191 119
191 128
191 154
191 167
191 144
191 203
191 152
191 143
191 130
191 157
191 192
191 188
191 158
191 155
191 192
191 208
191 140
191 193
192 121
192 202
192 144
192 122
192 127
192 132
192 170
192 155
192 149
192 188
192 141
192 153
192 183
192 209
192 214
192 169
192 126
192 134
192 178
192 124
192 166
192 214
192 150
192 142
192 114
192 203
192 116
193 194
193 140
193 114
193 134
193 192
193 198
193 144
193 191
193 121
193 142
193 139
193 166
193 147
193 108
193 202
193 123
193 169
193 168
193 174
193 139
193 195
193 135
193 158
193 109
193 118
193 201
194 123
194 169
194 182
194 136
194 179
194 192
194 145
194 195
194 186
194 131
194 126
194 186
194 211
194 147
194 122
194 120
194 155
194 110
194 155
194 144
194 169
194 143
194 185
195 154
195 144
195 189
195 171
195 129
195 118
195 209
195 179
195 110
195 202
195 119
195 206
195 184
195 213
195 119
195 159
195 174
195 144
195 121
195 194
196 215
196 136
196 200
196 213
196 162
196 119
196 118
196 172
196 131
196 112
196 174
196 122
196 146
196 204
196 130
196 207
196 200
196 178
196 169
196 177
196 151
196 111
196 210
197 110
197 135
197 186
197 159
197 195
197 186
197 174
197 173
197 211
197 128
197 173
197 117
197 125
197 189
197 113
197 116
197 193
197 176
197 157
197 213
197 127
197 126
197 191
197 126
197 164
197 280
198 152
198 142
198 133
198 130
198 214
198 121
198 148
198 170
198 193
198 179
198 141
198 170
198 210
198 169
198 187
198 114
198 136
198 119
198 111
198 115
198 130
198 122
198 121
198 160
198 185
198 160
198 179
199 195
199 203
199 193
199 180
199 140
199 195
199 146
199 175
199 185
199 202
199 215
199 181
199 187
199 184
199 117
199 132
199 207
199 113
199 291
200 203
200 149
200 183
200 193
200 170
200 205
200 201
200 209
200 121
200 130
200 185
200 135
200 124
200 127
200 165
200 161
200 190
200 110
200 198
200 115
200 144
200 119
200 143
200 135
200 213
200 145
200 113
201 119
201 152
201 184
201 181
201 117
201 156
201 206
201 187
201 155
201 208
201 184
201 144
201 132
201 209
201 127
201 128
201 120
201 154
201 147
201 188
201 126
201 191
201 192
201 112
201 169
201 215
201 142
201 124
201 137
201 179
201 190
201 127
201 120
201 497
202 163
202 109
202 157
202 195
202 117
202 199
202 144
202 139
202 114
202 193
202 151
202 151
202 192
202 189
202 118
202 124
202 203
202 143
202 131
202 131
202 203
202 197
202 140
202 182
202 214
202 116
202 158
202 136
202 187
203 196
203 111
203 132
203 199
203 196
203 135
203 166
203 189
203 169
203 169
203 154
203 179
203 141
203 142
203 188
203 124
203 148
203 142
203 163
203 178
203 150
203 108
203 173
204 142
204 195
204 191
204 201
204 150
204 196
204 177
204 154
204 142
204 211
204 214
204 178
204 140
204 130
205 142
205 143
205 115
205 159
205 166
205 121
205 172
205 123
205 140
205 197
205 122
205 191
205 134
205 166
205 114
206 210
206 145
206 142
206 182
206 182
206 114
206 162
206 114
206 144
206 138
206 194
206 177
206 128
206 134
206 138
206 188
206 157
206 110
206 109
206 204
206 173
207 118
207 190
207 147
207 125
207 130
207 141
207 151
207 205
207 112
207 161
207 153
207 157
207 164
207 142
208 187
208 134
208 115
208 157
208 152
208 194
208 114
208 113
208 110
208 212
208 130
208 112
208 205
208 161
208 166
208 207
208 132
208 212
208 162
208 176
208 208
208 124
208 180
208 181
209 122
209 114
209 166
209 212
209 174
209 138
209 190
209 206
209 213
209 133
209 144
209 166
209 186
209 200
209 155
209 114
209 119
209 153
209 160
209 193
209 155
209 133
210 120
210 164
210 203
210 143
210 122
210 186
210 155
210 133
210 186
210 188
210 184
210 125
210 137
210 172
210 193
210 141
210 215
210 196
210 148
210 150
210 161
210 158
210 185
210 127
210 137
210 153
210 120
210 157
211 191
211 134
211 163
211 176
211 163
211 155
211 113
211 197
211 161
211 185
211 168
211 200
211 149
211 139
211 114
211 127
212 170
212 189
212 188
212 108
212 166
212 121
212 125
212 148
212 154
212 184
212 168
212 200
212 199
212 116
212 209
212 144
212 187
212 369
213 124
213 157
213 135
213 125
213 179
213 131
213 198
213 133
213 191
213 199
213 123
213 162
213 211
213 189
213 136
213 198
213 164
213 123
213 172
213 132
213 177
213 170
214 168
214 168
214 150
214 134
214 199
214 189
214 211
214 173
214 167
214 152
214 175
214 121
214 180
214 213
214 126
214 183
214 182
214 188
214 124
214 204
214 158
214 168
214 140
214 169
214 208
214 153
214 145
214 114
214 114
214 193
215 179
215 177
215 145
215 163
215 183
215 142
215 121
215 158
215 159
215 188
215 144
215 118
215 183
215 174
215 153
215 201
215 204
215 135
215 108
215 171
215 145
215 160
216 229
216 228
216 249
216 229
216 271
216 220
216 268
216 244
216 267
216 271
216 231
216 223
216 238
217 247
217 258
217 237
217 216
217 264
217 250
217 276
217 255
217 268
217 242
217 267
217 241
217 271
217 220
217 456
218 221
218 260
218 242
218 242
218 265
218 222
218 268
218 258
218 275
218 260
218 225
219 259
219 229
219 270
219 243
219 243
220 280
220 221
220 224
220 233
220 245
220 258
220 227
220 259
220 245
220 276
220 242
220 228
220 236
221 241
221 276
221 258
221 271
221 253
221 278
221 248
221 230
221 222
221 223
221 240
221 228
221 224
221 264
221 276
221 262
221 278
221 226
221 250
222 252
222 268
222 261
222 280
222 255
222 235
222 261
222 217
222 257
222 278
222 240
222 226
222 217
222 335
223 266
223 250
223 226
223 242
223 263
223 252
223 247
223 257
223 232
223 225
223 278
223 255
223 224
224 230
224 227
224 267
224 261
224 245
224 264
224 277
224 230
225 280
225 223
225 260
225 224
225 225
225 253
225 268
225 241
225 276
225 266
225 248
225 268
225 244
225 243
225 272
225 271
225 232
225 261
225 240
226 236
226 250
226 227
226 270
226 248
226 220
226 256
226 240
226 224
226 233
226 325
227 272
227 267
227 274
227 230
227 224
227 299
228 264
228 242
228 218
228 280
228 237
228 237
228 261
228 239
228 233
228 239
228 245
228 264
228 240
228 235
228 221
228 269
228 232
228 346
228 283
228 486
229 247
229 223
229 258
229 220
229 252
229 253
230 252
230 221
230 279
230 273
230 217
230 276
230 259
230 248
230 262
230 268
231 266
231 268
231 256
231 228
231 230
231 224
231 233
231 237
231 226
232 219
232 238
232 238
232 278
232 228
232 223
232 245
232 267
232 216
232 241
232 259
232 245
232 258
233 226
233 216
233 268
233 277
233 260
233 272
233 221
233 225
234 275
234 276
234 221
234 217
234 268
234 248
234 252
234 253
234 235
234 233
234 218
234 262
234 259
234 267
234 245
234 273
234 267
234 271
234 235
235 243
235 258
235 278
235 268
235 254
235 233
235 224
235 327
236 276
236 217
236 219
236 225
236 260
236 271
236 231
236 241
236 240
236 231
236 259
236 225
236 225
236 242
236 254
237 225
237 248
237 223
237 241
237 267
237 263
237 229
237 271
237 256
237 242
237 275
237 266
237 246
238 225
238 278
238 259
238 217
238 232
238 235
239 233
239 242
239 260
239 240
239 248
239 221
239 382
240 267
240 244
240 255
240 226
240 258
240 220
240 248
240 221
240 228
240 228
240 253
240 218
240 217
240 280
240 253
240 267
240 247
240 221
240 250
240 242
240 278
240 243
240 249
240 262
240 346
241 257
241 253
241 228
241 241
241 251
241 223
241 217
241 245
241 236
241 267
241 230
241 224
242 238
242 230
242 251
242 244
242 241
242 263
242 264
242 274
242 250
242 243
242 220
242 224
242 228
242 226
242 244
243 228
243 260
243 255
243 276
243 252
243 224
243 228
243 263
243 268
244 235
244 276
244 231
244 268
244 275
244 240
244 266
244 263
244 234
244 274
244 240
244 255
244 279
244 257
244 247
244 277
245 246
245 257
245 278
245 275
245 272
246 230
246 267
246 242
246 272
246 270
246 223
246 245
246 253
246 267
246 267
247 219
247 255
247 262
247 245
247 238
247 279
247 266
247 228
247 271
247 265
247 252
247 244
247 280
247 264
247 229
247 233
247 261
247 243
247 253
247 217
247 221
247 224
247 225
247 356
248 249
248 279
248 274
248 230
248 240
248 271
248 240
248 255
248 272
249 278
249 221
249 272
249 280
249 258
249 279
249 235
249 276
249 260
249 232
250 231
250 267
250 280
250 220
250 258
250 250
250 224
250 271
250 273
250 254
250 260
250 278
250 227
250 273
250 268
251 260
251 238
251 236
251 243
251 225
251 251
251 244
251 220
251 254
251 267
251 231
251 380
252 262
252 268
252 217
252 238
252 236
252 224
252 261
252 252
252 233
252 234
252 253
252 218
252 242
253 261
253 279
253 266
253 280
253 264
253 278
253 366
254 229
254 242
254 225
254 221
254 246
254 229
255 234
255 277
255 251
255 232
255 256
255 242
255 225
255 240
255 276
255 491
256 261
256 229
256 252
256 216
256 242
256 226
256 244
256 279
256 229
256 229
256 261
256 280
256 265
256 220
256 218
256 229
256 242
256 235
256 229
256 266
257 258
257 232
257 255
258 280
258 258
258 273
258 240
258 231
258 221
258 259
258 276
258 266
258 243
258 228
258 262
258 258
258 229
258 225
258 255
258 226
258 265
258 257
258 263
259 256
259 264
259 267
259 267
259 255
259 255
259 265
259 222
259 273
259 252
259 234
259 264
259 223
259 258
259 275
259 245
259 254
260 277
260 236
260 280
260 256
260 238
260 232
260 240
260 227
260 267
260 258
260 244
260 218
260 259
261 277
261 254
261 257
261 246
261 228
261 260
261 235
261 230
261 267
261 271
261 252
261 264
261 250
261 277
261 273
261 278
261 222
261 228
261 228
261 217
261 264
262 248
262 259
262 228
262 247
262 241
262 240
262 224
262 218
263 228
263 229
263 250
263 243
264 240
264 265
264 271
264 231
264 240
264 245
264 217
264 258
264 228
264 221
264 238
264 243
264 231
264 220
264 259
264 252
264 239
264 236
265 245
265 232
265 272
265 244
265 277
265 224
265 256
265 266
265 259
265 221
265 271
265 233
265 234
265 289
266 216
266 242
266 249
266 248
266 228
266 244
266 261
266 268
267 269
267 265
267 251
267 246
267 226
267 223
267 231
267 234
267 270
267 229
268 236
268 250
268 246
268 261
268 280
268 230
268 239
269 249
269 218
269 238
269 258
269 237
269 272
270 246
270 280
270 241
270 242
270 240
271 235
271 276
271 250
271 264
271 267
271 260
271 274
271 220
271 259
271 237
271 241
271 241
271 272
271 242
271 217
271 262
271 240
271 275
271 253
271 276
271 516
272 258
272 248
272 221
272 234
272 250
272 268
272 261
272 242
272 264
272 230
272 257
272 265
272 225
272 242
273 273
273 245
273 223
273 259
273 234
273 278
273 242
273 259
273 276
273 226
274 238
274 261
274 251
274 241
274 246
274 231
274 269
274 241
274 262
274 256
275 229
275 251
275 237
275 244
275 264
275 260
275 278
275 240
275 255
275 232
276 231
276 266
276 274
276 241
276 244
276 229
276 255
276 243
276 258
276 237
276 280
276 278
276 316
277 259
277 216
277 271
277 262
277 248
277 237
277 225
277 224
277 299
278 271
278 225
278 241
278 256
278 229
279 272
279 267
279 270
279 232
279 272
279 216
280 280
280 231
280 267
280 265
280 267
280 222
280 253
280 228
280 256
280 247
280 240
280 278
280 224
280 217
280 222
280 395
281 346
281 369
281 376
281 297
281 286
281 327
281 387
281 313
281 321
281 384
281 281
281 362
282 335
282 321
282 377
282 370
282 324
282 302
282 309
282 321
282 344
282 371
282 316
282 285
282 330
282 321
282 376
282 308
282 308
282 327
282 316
282 313
282 329
282 302
282 328
282 321
282 353
282 319
283 301
283 340
283 306
283 299
283 315
283 362
283 385
283 329
283 335
283 363
283 380
283 316
283 356
283 306
283 383
283 340
284 344
284 307
284 286
284 374
284 331
284 290
284 320
284 357
284 366
284 363
284 318
284 373
284 340
285 286
285 326
285 345
285 325
285 289
285 382
285 284
285 289
285 349
285 291
285 387
285 286
285 331
285 289
285 368
285 314
285 360
286 295
286 340
286 381
286 310
286 325
286 361
286 337
286 291
286 371
286 354
286 315
286 384
286 369
286 300
286 326
286 383
286 356
286 292
286 366
287 317
287 295
287 322
287 328
287 333
287 312
287 345
287 331
287 328
287 292
288 308
288 287
288 323
288 358
288 340
288 382
288 367
288 360
288 343
288 330
288 334
288 361
288 282
288 346
288 324
288 290
288 330
289 288
289 294
289 340
289 379
289 333
289 334
289 359
289 302
289 362
289 387
289 419
289 473
290 348
290 324
290 328
290 330
290 281
290 351
290 298
290 348
290 381
290 377
290 285
290 501
291 321
291 349
291 364
291 307
291 333
291 368
291 335
291 304
291 289
291 340
291 386
291 368
291 285
291 362
292 352
292 328
292 337
292 338
292 349
292 345
292 318
292 291
292 334
292 283
292 360
292 284
292 361
292 339
293 308
293 291
293 377
293 365
293 351
293 289
293 346
293 315
293 295
293 316
293 369
293 317
293 375
293 320
294 377
294 289
294 328
294 372
294 364
294 283
294 344
294 296
294 313
294 367
294 346
294 365
294 329
294 326
294 356
294 372
294 384
294 354
294 320
295 347
295 306
295 326
295 377
295 332
295 298
295 295
295 347
295 342
295 384
295 346
295 348
295 385
295 305
295 283
295 285
295 514
296 363
296 353
296 385
296 284
296 297
296 354
296 354
296 368
296 387
296 333
296 370
296 289
296 312
296 340
296 306
296 443
297 307
297 298
297 378
297 287
297 331
297 377
297 315
297 314
297 367
297 364
297 283
297 317
297 314
297 315
297 365
297 310
297 294
297 309
297 382
297 359
297 310
297 367
297 309
297 362
297 285
297 380
297 365
297 352
297 286
298 354
298 385
298 377
298 308
298 303
298 331
298 349
298 362
298 372
298 341
298 372
298 321
298 384
298 370
298 348
298 315
298 330
298 497
299 354
299 359
299 287
299 327
299 299
299 364
299 347
299 343
299 319
299 319
299 360
299 365
299 381
299 287
299 338
299 283
299 302
299 350
299 285
299 374
300 310
300 309
300 368
300 368
300 294
300 384
300 369
300 286
300 288
300 381
300 310
300 332
300 322
300 298
300 328
300 370
300 291
300 301
300 381
300 318
300 306
300 335
300 281
300 353
300 314
300 353
300 458
301 292
301 348
301 283
301 313
301 352
301 367
301 376
301 377
301 305
301 291
301 296
301 378
301 368
301 349
301 299
301 351
301 319
301 298
301 282
301 281
301 334
302 303
302 331
302 383
302 300
302 378
302 382
302 300
302 349
302 365
302 356
302 377
302 310
302 281
302 325
302 348
302 292
302 377
302 292
302 368
302 328
302 283
302 291
302 349
302 329
303 286
303 339
303 339
303 339
303 302
303 372
303 314
303 304
303 367
303 290
303 362
303 344
303 358
304 371
304 336
304 355
304 298
304 352
304 312
304 349
304 369
304 299
304 327
304 294
304 414
304 442
305 313
305 383
305 295
305 296
305 365
305 333
305 292
305 300
305 351
305 342
305 307
305 310
305 373
305 376
305 297
305 373
305 286
305 289
305 365
306 369
306 294
306 345
306 336
306 289
306 309
306 301
306 387
306 282
306 293
306 333
306 297
306 314
306 403
306 441
306 465
306 483
307 386
307 316
307 299
307 303
307 376
307 342
307 298
307 370
307 353
307 319
307 360
307 309
307 346
307 284
307 312
307 373
307 344
307 360
307 294
307 297
307 302
307 333
308 342
308 343
308 371
308 335
308 384
308 328
308 321
308 372
308 307
308 303
308 382
308 326
308 352
308 283
309 358
309 356
309 296
309 343
309 345
309 299
309 362
309 282
309 309
309 345
309 369
309 293
309 302
309 357
309 348
309 309
310 330
310 368
310 330
310 307
310 302
310 353
310 308
310 321
310 323
310 385
310 353
310 294
310 318
310 365
310 308
310 335
310 310
310 376
310 388
311 332
311 319
311 335
311 351
311 337
311 368
311 356
311 384
311 316
311 284
311 370
311 282
311 367
311 376
311 333
312 325
312 377
312 371
312 347
312 319
312 351
312 326
312 351
312 385
312 352
312 353
312 326
312 342
312 369
312 294
312 286
312 310
312 305
312 345
312 388
313 311
313 315
313 356
313 345
313 388
313 336
313 324
313 300
313 382
313 284
313 284
313 290
313 377
313 332
313 362
313 317
313 344
313 340
313 374
313 356
313 299
314 305
314 385
314 354
314 283
314 330
314 361
314 354
314 378
314 365
314 373
314 310
314 376
314 337
314 353
314 295
314 318
314 312
314 326
314 356
315 333
315 299
315 344
315 292
315 350
315 327
315 331
315 290
315 302
315 325
315 308
315 326
315 381
315 293
315 302
315 347
315 331
315 372
315 351
315 287
315 294
315 500
316 319
316 289
316 365
316 384
316 343
316 298
316 353
316 334
316 317
316 336
316 387
316 302
316 320
316 327
316 385
316 380
316 322
316 329
316 296
316 439
317 283
317 308
317 312
317 360
317 356
317 304
317 357
317 357
317 308
317 294
317 293
317 303
317 320
317 423
318 300
318 286
318 332
318 308
318 375
318 361
318 306
318 316
318 314
318 379
318 382
318 349
318 369
318 368
318 330
318 377
318 380
318 317
318 344
318 336
318 315
318 345
318 345
318 333
319 302
319 372
319 356
319 349
319 376
319 308
319 368
319 284
319 335
319 359
319 352
319 335
319 314
320 332
320 348
320 293
320 388
320 302
320 381
320 295
320 316
320 363
320 290
320 388
320 302
320 386
320 369
320 302
321 381
321 358
321 287
321 359
321 337
321 291
321 378
321 327
321 385
321 323
321 306
322 368
322 325
322 310
322 361
322 320
322 371
322 366
322 327
322 376
322 282
322 369
322 331
323 324
323 316
323 330
323 367
323 360
323 321
323 316
323 340
323 380
323 330
323 373
323 289
323 297
324 332
324 358
324 352
324 360
324 359
324 299
324 365
324 301
324 300
325 349
325 368
325 283
325 283
325 335
325 342
325 288
325 335
325 336
325 330
325 341
325 310
325 304
325 321
325 368
325 309
325 382
325 322
325 354
325 344
325 313
326 370
326 383
326 354
326 335
326 350
326 309
326 321
326 319
326 300
326 367
326 373
326 326
326 370
326 375
326 356
326 333
326 387
326 371
326 335
327 293
327 302
327 341
327 314
327 335
327 308
327 367
327 300
327 368
327 378
327 359
328 326
328 384
328 368
328 348
328 353
328 320
328 289
328 295
328 290
328 333
328 286
328 299
328 362
328 377
328 337
328 310
328 325
328 386
328 302
328 313
328 311
329 381
329 352
329 295
329 332
330 334
330 368
330 361
330 327
330 361
330 346
330 340
330 365
330 310
330 358
330 347
330 330
330 382
331 311
331 327
331 326
331 300
331 378
331 361
331 328
331 361
331 321
331 336
331 359
331 374
331 340
332 292
332 290
332 302
332 306
332 379
332 306
332 379
333 291
333 282
333 386
333 294
333 366
333 388
333 381
333 309
333 299
333 289
333 294
333 291
333 332
333 283
333 300
333 291
333 357
333 387
334 310
334 335
334 299
334 319
334 354
334 286
334 376
334 306
334 373
334 312
334 378
335 288
335 294
335 307
335 320
335 334
335 314
335 297
335 288
335 295
335 343
335 368
335 321
335 324
335 307
335 311
335 344
335 346
335 288
335 298
335 318
335 336
336 352
336 343
336 370
336 300
336 357
336 340
336 314
336 302
336 298
336 297
336 341
336 377
336 297
336 315
336 313
336 368
336 366
336 340
336 367
336 374
336 465
337 327
337 335
337 385
337 366
337 343
337 385
337 284
337 353
337 288
337 328
337 328
337 387
337 296
337 491
338 308
338 359
338 336
338 337
338 339
338 378
338 305
338 299
338 357
338 294
338 366
338 365
338 307
338 343
338 292
338 309
338 313
338 303
338 350
338 338
339 309
339 333
339 337
339 291
339 283
339 378
339 369
339 344
339 368
339 380
339 332
339 346
339 361
339 319
339 386
339 291
339 331
339 291
339 379
339 289
339 366
339 295
339 295
339 347
339 353
339 289
339 284
339 284
339 373
339 356
339 355
339 362
339 328
339 382
340 305
340 319
340 353
340 307
340 300
340 377
340 356
340 352
340 358
340 287
340 307
340 331
340 474
341 335
341 381
341 340
341 284
341 335
341 290
341 313
341 369
341 382
341 309
341 358
341 352
341 383
341 366
341 372
341 301
341 285
341 356
341 376
342 335
342 384
342 296
342 359
342 324
342 322
342 318
342 348
342 305
342 336
342 334
342 284
342 290
342 388
343 358
343 354
343 340
343 373
343 363
343 387
343 372
343 346
343 367
343 366
343 324
343 286
343 364
343 305
343 370
343 353
343 285
343 323
343 320
343 319
343 336
343 361
344 366
344 321
344 355
344 286
344 315
344 324
344 323
344 313
344 293
344 333
344 292
345 293
345 340
345 320
345 374
345 383
345 367
345 337
345 388
345 314
345 294
345 331
345 345
345 312
345 309
345 356
345 359
345 353
345 351
346 381
346 336
346 317
346 300
346 355
346 284
346 294
346 376
346 342
346 288
346 373
346 377
346 326
346 296
346 291
346 288
347 366
347 312
347 286
347 295
347 370
347 363
347 291
347 348
347 292
347 339
348 300
348 374
348 296
348 379
348 367
348 296
348 337
348 377
348 383
348 299
348 287
348 328
348 336
348 329
348 299
348 291
348 348
348 381
348 358
348 379
348 386
348 346
348 344
348 311
348 410
349 374
349 351
349 363
349 300
349 330
349 319
349 337
349 353
349 346
349 333
349 326
349 376
349 304
349 366
349 325
349 361
350 319
350 321
350 324
350 324
350 286
350 349
350 336
350 327
350 320
350 359
350 380
350 326
350 304
350 315
350 282
350 321
350 306
350 345
350 299
350 360
350 353
350 377
350 336
350 354
351 382
351 293
351 377
351 326
351 337
351 354
351 352
351 344
351 286
351 337
351 293
351 303
351 282
352 373
352 307
352 308
352 340
352 297
352 363
352 311
352 346
352 344
352 384
352 383
352 381
352 372
352 481
353 337
353 308
353 286
353 295
353 286
353 346
353 356
353 343
353 291
353 326
353 357
353 337
353 283
353 328
353 330
353 283
353 281
353 350
353 366
353 387
353 362
353 315
354 348
354 304
354 311
354 300
354 346
354 328
354 337
354 357
354 365
354 381
354 326
354 353
354 380
354 323
354 363
354 331
354 354
354 335
354 351
354 295
354 289
354 356
354 359
355 387
355 312
355 345
355 354
355 372
355 366
355 365
355 343
355 316
355 301
355 306
355 297
355 327
355 335
355 328
355 340
355 313
355 366
355 355
355 368
355 308
356 327
356 353
356 310
356 297
356 360
356 289
356 372
356 342
356 384
356 329
356 281
356 353
356 326
356 325
356 300
356 307
356 373
356 287
356 362
357 318
357 335
357 321
357 315
357 386
357 314
357 362
357 307
357 349
357 296
357 348
358 293
358 295
358 371
358 301
358 350
358 290
358 333
358 368
358 299
358 310
358 384
358 309
358 344
358 380
359 352
359 359
359 370
359 346
359 294
359 303
359 326
359 349
359 304
359 376
359 326
359 282
359 295
359 289
359 308
359 367
360 347
360 324
360 297
360 291
360 299
360 380
360 382
360 297
360 373
360 384
360 314
360 327
360 319
360 377
360 351
361 358
361 364
361 354
361 323
361 312
361 358
361 369
361 337
361 289
361 333
361 313
361 335
361 378
361 297
361 296
361 378
361 388
362 352
362 364
362 351
362 285
362 385
362 333
362 331
362 306
362 293
362 375
362 381
362 386
362 297
362 292
362 344
362 374
362 319
362 354
362 368
362 323
362 420
363 313
363 387
363 368
363 297
363 372
363 289
363 318
363 317
363 336
363 360
363 316
363 361
363 330
363 348
363 320
363 282
364 289
364 356
364 299
364 337
364 362
364 299
364 369
364 346
364 318
364 285
364 373
364 384
364 357
364 291
364 321
364 512
365 310
365 302
365 353
365 343
365 288
365 332
365 343
365 282
365 343
365 358
365 356
365 375
365 383
365 307
365 381
365 371
365 348
365 414
366 330
366 302
366 359
366 295
366 335
366 381
366 305
366 282
366 282
366 375
366 295
366 349
366 330
366 379
366 343
366 332
366 367
366 354
366 322
366 306
367 360
367 378
367 284
367 341
367 321
367 375
367 382
367 372
367 290
367 360
367 290
367 352
367 299
367 371
367 309
367 309
367 303
367 376
367 331
367 319
367 293
367 369
367 342
367 293
367 367
367 365
367 347
367 497
368 348
368 286
368 296
368 303
368 326
368 317
368 303
368 309
368 317
368 349
368 387
368 337
368 340
368 335
368 324
368 365
368 351
368 333
368 360
368 307
368 336
368 297
368 296
368 332
368 342
368 289
368 366
368 388
368 288
368 315
369 345
369 361
369 319
369 336
369 355
369 293
369 283
369 332
369 362
369 346
369 357
369 311
369 324
369 365
369 370
369 324
370 360
370 293
370 309
370 299
370 281
370 325
370 332
370 338
370 344
370 322
370 328
370 302
370 311
370 321
370 328
371 356
371 304
371 379
371 342
371 370
371 364
371 332
371 283
371 309
371 309
371 310
371 302
371 349
371 367
371 367
371 319
371 307
371 288
372 348
372 340
372 302
372 363
372 336
372 388
372 338
372 355
372 367
372 365
372 332
372 348
372 374
372 309
372 351
372 380
372 387
372 342
372 510
373 329
373 374
373 378
373 369
373 283
373 347
373 308
373 315
373 357
373 334
373 286
373 368
373 312
373 363
373 385
373 335
373 356
374 355
374 329
374 340
374 295
374 380
374 324
374 382
374 357
374 299
374 308
375 298
375 292
375 287
375 321
375 316
375 314
375 353
375 309
375 368
375 353
375 386
375 382
375 377
375 336
375 311
375 287
376 372
376 283
376 357
376 363
376 357
376 364
376 356
376 304
376 388
376 295
376 369
376 286
376 378
376 281
376 314
376 290
376 301
376 339
376 335
376 289
377 317
377 329
377 337
377 342
377 308
377 310
377 362
377 291
377 377
377 344
377 282
377 346
377 344
377 381
377 344
377 349
377 348
377 297
377 386
377 410
377 470
378 303
378 311
378 356
378 366
378 362
378 337
378 351
378 289
378 327
378 335
378 306
378 309
378 332
378 321
378 299
379 347
379 376
379 372
379 308
379 335
379 367
379 313
379 362
379 333
379 342
379 351
379 382
379 348
379 292
379 343
379 373
379 292
379 314
379 330
380 297
380 381
380 372
380 353
380 316
380 335
380 339
380 319
380 283
380 331
380 333
380 285
380 347
380 294
380 335
380 325
380 329
380 313
381 384
381 306
381 296
381 359
381 351
381 289
381 281
381 313
381 289
381 360
381 283
381 378
381 304
381 335
381 316
381 373
381 372
381 328
381 358
381 305
381 317
381 342
381 354
381 293
382 328
382 356
382 357
382 315
382 343
382 312
382 382
382 374
382 302
382 368
382 332
382 352
383 342
383 370
383 350
383 297
383 296
383 315
383 294
383 287
383 323
383 354
383 333
383 340
383 326
384 352
384 332
384 367
384 281
384 371
384 345
384 355
384 302
384 321
384 300
384 349
384 341
384 336
385 328
385 354
385 352
385 305
385 367
385 295
385 296
386 315
386 309
386 362
386 302
386 361
386 329
386 285
386 315
386 357
386 346
386 342
386 330
386 347
386 343
386 366
386 386
386 287
386 377
386 357
386 373
386 355
386 319
386 359
386 448
387 315
387 373
387 378
387 301
387 310
387 348
387 289
387 385
387 372
387 337
387 360
387 307
387 348
387 345
387 333
387 326
387 401
388 362
388 343
388 299
388 361
388 344
388 321
388 329
388 301
388 311
388 322
388 356
388 354
388 282
388 282
388 352
388 388
388 347
388 310
389 432
389 427
389 432
389 441
389 399
389 402
389 413
389 402
389 446
389 402
389 426
390 416
390 398
390 426
390 455
390 394
391 392
391 439
391 416
391 446
391 451
392 423
392 393
392 414
392 430
392 436
392 430
392 459
392 399
392 444
392 416
392 433
393 419
393 391
393 412
393 456
393 443
393 396
393 440
393 433
393 450
393 389
393 422
393 453
393 450
393 427
393 424
393 453
393 447
393 420
393 440
394 398
394 416
394 449
394 401
394 401
394 405
394 427
394 415
395 426
395 393
395 416
395 459
396 422
396 418
396 392
396 453
396 456
396 405
396 410
397 449
397 441
397 459
398 394
398 418
398 422
398 401
398 405
398 389
398 416
398 421
398 399
398 440
398 447
398 421
399 408
399 453
399 456
399 421
399 389
399 393
399 393
399 425
399 450
399 416
399 405
399 423
399 443
399 405
399 451
400 398
400 409
400 393
400 389
400 411
400 418
401 412
401 389
401 417
401 412
401 440
401 405
401 446
401 416
401 445
401 453
401 399
401 399
401 399
402 410
402 410
402 399
402 433
402 441
402 455
402 442
402 391
402 393
403 414
403 426
403 455
404 432
404 395
405 429
405 445
405 425
405 403
405 446
405 441
405 425
405 424
405 446
405 406
405 398
405 417
405 415
406 405
406 461
406 442
406 442
406 430
406 392
406 418
407 411
407 434
407 458
407 391
407 421
407 425
408 452
408 459
408 401
408 441
408 398
408 452
409 447
409 393
409 442
409 428
409 407
409 408
410 405
410 443
410 398
410 419
410 442
411 456
411 394
411 407
411 421
411 393
411 404
411 433
412 389
412 430
412 405
412 460
412 450
413 413
413 421
413 427
413 421
413 419
414 404
414 409
414 412
414 390
414 400
414 453
414 446
414 438
414 417
414 416
414 458
414 419
414 407
414 393
414 409
414 505
415 401
415 449
415 410
415 421
415 455
415 399
415 452
416 439
416 389
416 402
416 400
416 430
416 443
416 420
416 438
416 409
416 412
416 446
417 426
417 440
417 401
417 395
417 438
417 434
417 421
417 393
417 404
417 401
417 401
417 397
417 431
417 419
417 461
418 423
418 432
418 434
418 458
418 440
419 426
419 447
419 422
419 392
419 461
419 443
419 395
419 389
419 452
419 461
419 399
420 404
420 421
420 410
420 448
420 399
420 428
420 408
420 458
420 431
420 420
420 445
420 432
420 398
421 431
421 401
421 389
421 437
421 423
422 402
422 394
422 399
422 398
422 399
422 395
422 453
422 434
423 436
423 455
423 425
423 414
423 455
423 398
423 393
423 398
424 399
424 417
424 453
424 445
425 437
425 429
425 411
425 416
425 399
425 397
425 458
426 417
426 402
426 426
426 417
426 396
426 389
427 395
427 454
427 425
427 434
427 398
427 440
427 445
427 414
427 416
427 441
427 440
428 458
428 393
428 401
428 424
428 390
428 399
428 430
428 395
428 389
429 421
429 412
429 406
429 413
429 431
429 414
430 417
430 400
430 419
430 389
431 435
431 425
431 458
431 404
432 425
432 442
432 421
432 441
432 425
432 444
432 460
432 414
433 396
433 427
433 458
433 407
433 461
433 397
433 411
434 416
434 436
434 454
434 455
434 393
434 461
434 441
434 443
435 445
435 441
435 395
435 428
435 420
435 446
435 428
436 405
436 436
436 450
436 439
436 414
436 452
436 445
436 425
437 447
437 421
437 427
438 396
438 442
438 446
438 395
438 414
438 417
438 409
438 401
438 459
439 437
439 449
439 430
439 398
439 423
439 433
439 389
439 418
439 444
439 452
440 391
440 399
440 410
440 447
440 425
440 447
441 442
441 392
441 426
441 401
441 439
441 406
442 398
442 448
442 438
442 431
442 427
442 456
442 436
442 459
443 442
443 420
443 450
443 389
443 400
443 427
443 426
443 420
443 404
444 410
444 402
444 421
444 440
444 410
445 415
445 426
445 403
445 409
446 391
446 393
446 430
446 398
446 413
446 435
446 444
446 491
447 439
447 393
447 431
447 412
447 455
447 457
447 389
447 389
448 409
448 454
448 460
448 439
448 405
448 454
448 440
448 421
448 448
448 445
448 437
448 419
448 425
449 455
449 453
449 399
449 414
449 452
449 409
449 452
450 412
450 418
450 453
450 414
450 432
450 452
450 437
450 452
450 398
450 394
451 437
451 447
451 397
451 436
451 428
451 399
451 414
451 412
451 457
452 445
452 422
452 401
452 422
452 424
452 398
452 509
453 442
453 453
453 438
453 421
453 397
453 399
453 420
454 397
454 402
454 413
454 440
454 392
454 423
455 440
455 416
455 416
455 391
455 450
455 447
455 452
455 456
455 422
456 446
456 435
456 445
456 401
456 398
456 405
456 452
457 419
457 422
457 396
458 431
458 411
458 417
458 395
458 435
458 395
458 414
458 410
459 426
459 404
459 442
459 450
459 427
460 399
460 443
461 399
461 453
461 443
461 457
461 421
461 457
461 407
461 415
462 471
462 462
462 468
462 468
462 482
462 468
463 477
463 464
463 468
464 488
464 476
464 477
464 485
464 470
464 470
465 483
465 478
465 465
465 467
465 478
465 473
465 470
465 484
466 486
466 467
466 465
467 488
467 470
467 482
467 473
467 463
467 476
467 467
468 474
468 462
468 467
468 488
468 465
468 483
468 480
469 469
469 469
469 469
469 484
469 478
469 473
469 476
470 480
470 462
470 490
471 472
471 481
472 476
472 485
473 479
473 465
473 483
473 490
473 470
473 477
473 472
473 489
473 477
473 480
473 488
473 482
473 490
473 471
474 485
474 483
474 478
474 470
474 480
474 473
474 479
474 473
474 479
475 486
475 468
475 462
476 464
476 464
476 476
476 487
477 468
477 470
477 473
477 470
477 485
477 469
477 473
477 480
477 476
477 478
477 481
477 482
478 463
478 485
478 476
478 472
478 463
478 477
478 463
479 480
479 462
480 488
480 462
480 473
480 486
480 475
480 472
480 489
480 468
481 485
481 469
481 485
481 478
482 488
482 483
482 486
482 466
482 479
482 471
483 484
483 477
483 485
483 470
483 478
485 479
486 464
486 473
486 471
486 481
486 471
486 483
486 469
487 486
487 481
487 473
487 469
487 480
487 465
487 469
488 478
488 462
488 462
488 487
489 486
489 470
489 488
489 487
489 465
489 471
490 473
490 488
490 468
490 483
490 487
490 464
491 498
491 497
491 498
491 493
491 506
491 507
491 496
491 511
491 501
491 497
492 509
492 491
492 506
493 501
493 512
493 504
493 501
493 514
493 511
493 497
493 509
493 502
494 496
494 515
494 496
494 515
494 507
494 496
494 511
495 509
495 505
496 505
496 501
496 502
496 493
497 516
497 504
497 494
497 507
497 506
497 494
497 507
497 493
497 509
498 516
498 491
498 494
498 505
499 512
500 494
500 494
501 498
501 515
501 515
502 505
503 503
503 516
504 497
504 516
504 496
504 503
504 495
505 507
505 516
505 516
505 491
506 512
506 508
506 516
506 499
506 497
506 514
506 493
506 500
506 507
507 511
507 505
508 513
508 508
508 497
508 500
508 510
508 496
508 496
508 516
509 500
510 516
510 504
511 512
511 491
512 494
512 503
512 494
512 494
512 507
512 493
512 501
512 497
512 515
512 494
512 493
513 497
513 515
513 494
514 507
514 497
515 516
515 494
515 508
515 492
515 491
516 510
516 496
516 516
516 501
516 501
516 500
516 491
516 501
516 508
516 496
516 516
516 493
516 506
516 496
516 493