0 103
0 118
1 126
1 337
2 75
2 378
2 126
2 175
3 53
4 411
4 35
5 417
5 244
5 309
5 1250
6 337
6 17
6 251
6 157
6 16
6 176
6 142
7 163
7 270
7 282
8 271
8 306
9 27
9 103
9 186
9 292
10 176
10 346
10 424
10 319
10 363
11 48
12 410
12 170
12 34
12 65
12 1023
13 214
13 383
14 423
14 421
16 185
16 306
16 395
16 11
16 241
16 80
16 370
16 330
16 197
16 303
16 126
16 295
16 122
16 16
16 241
16 82
16 193
16 103
16 423
16 671
16 964
17 327
17 90
17 60
17 396
18 76
18 3
18 350
18 115
18 46
18 330
18 275
18 20
19 188
21 350
21 176
22 389
23 76
24 429
24 46
24 295
24 312
24 653
25 22
25 347
27 296
27 350
28 360
28 424
28 396
28 270
28 126
28 337
28 629
29 589
30 342
30 200
30 103
31 99
32 350
33 270
33 1249
34 31
34 214
34 375
34 350
34 157
34 76
34 273
34 16
35 361
36 429
37 284
38 172
38 91
38 157
38 221
38 211
40 342
40 126
40 61
41 347
41 350
42 429
43 326
43 398
43 118
43 62
43 244
43 67
43 165
43 363
43 6
43 1770
44 356
44 328
44 380
46 350
46 350
46 368
46 429
46 54
47 140
47 126
48 90
48 220
48 410
48 142
48 410
48 354
48 421
48 292
48 253
48 99
48 314
48 183
49 64
49 11
50 126
50 227
51 172
51 65
51 382
52 0
52 34
53 227
53 214
54 227
54 157
54 261
54 378
54 357
54 138
54 252
54 256
54 804
55 192
55 214
55 329
55 352
55 350
55 103
55 584
56 200
56 410
56 381
56 132
57 429
57 135
57 151
57 291
58 130
58 433
58 126
59 388
59 41
59 433
59 18
60 182
61 34
61 67
62 66
62 251
62 347
62 383
62 429
62 347
62 42
62 243
62 38
62 836
62 1893
63 182
63 17
64 26
64 126
64 338
64 64
64 416
65 44
66 313
67 214
67 329
67 316
67 17
67 235
67 396
67 244
67 185
67 67
68 188
69 389
69 355
70 328
70 350
70 383
70 224
70 89
70 126
71 592
72 151
73 241
75 350
75 424
75 2
75 350
75 264
75 59
75 176
75 383
75 135
75 350
77 423
77 185
77 191
77 211
78 291
78 176
79 414
80 347
80 43
80 200
80 319
80 350
81 1
81 196
82 319
82 188
82 395
82 1673
83 355
84 126
84 71
85 410
85 333
85 256
85 220
85 321
86 264
86 283
87 291
87 410
88 67
88 41
88 117
90 34
90 105
90 293
90 109
90 291
91 137
91 350
92 291
92 46
93 86
94 330
94 350
95 151
96 27
98 378
98 423
98 284
99 125
100 270
100 513
103 250
103 185
103 239
103 350
103 316
103 202
103 423
103 424
103 299
103 319
103 388
103 348
103 291
104 410
104 20
104 181
104 404
104 319
104 60
104 874
105 319
105 291
107 13
107 350
108 348
109 329
109 423
109 390
109 181
109 291
110 126
111 429
111 977
112 426
112 320
112 372
113 239
113 28
113 126
114 179
114 35
115 321
115 85
117 337
117 181
117 291
117 270
117 228
117 410
118 353
118 126
118 157
118 103
119 91
119 270
119 126
120 95
122 350
122 378
122 293
122 337
122 15
122 26
122 202
123 127
123 396
123 1638
124 176
124 432
125 348
126 224
126 295
126 272
126 137
126 126
126 118
126 430
126 133
126 55
126 346
126 16
126 20
126 327
126 395
126 211
126 244
126 305
126 171
126 207
126 24
126 72
126 410
126 122
126 299
126 91
126 312
126 386
126 424
126 362
126 19
126 140
126 383
126 84
126 181
126 430
126 151
126 396
126 188
126 319
126 246
126 353
126 39
126 410
126 347
126 350
126 185
126 193
126 75
126 384
126 231
126 141
126 138
126 353
126 801
126 1638
129 75
129 142
129 291
129 41
129 291
129 323
129 126
129 282
132 181
132 335
133 214
133 337
134 271
134 611
135 329
135 350
135 1250
136 204
136 270
139 120
139 396
139 16
139 43
140 270
140 423
140 419
140 171
140 220
140 156
140 259
140 0
140 960
141 402
141 182
141 303
142 350
142 157
143 217
144 396
144 28
145 390
145 126
146 268
147 35
148 321
149 345
149 155
149 312
149 254
149 126
150 36
150 270
150 429
151 423
151 207
151 126
151 111
152 0
152 176
153 75
153 337
153 175
153 122
153 424
154 327
155 127
155 117
155 350
155 151
155 321
156 397
157 126
157 85
157 342
157 220
157 244
157 335
157 46
157 185
157 379
157 433
157 270
157 230
157 224
157 270
157 18
157 193
158 350
160 424
160 422
160 142
160 111
160 410
160 494
162 410
162 319
162 139
162 67
163 27
163 182
164 59
165 364
166 122
166 67
167 263
167 185
168 368
169 254
169 352
169 933
169 1262
171 62
171 423
171 108
171 78
171 219
172 270
172 410
172 176
173 26
174 367
174 16
174 314
175 80
176 360
176 410
176 16
176 248
176 102
176 253
176 309
176 257
176 337
176 363
176 410
176 250
176 152
176 342
176 404
176 419
176 312
177 390
177 45
177 126
178 160
178 214
180 375
180 424
181 54
181 322
181 103
181 429
181 353
181 104
181 383
181 204
181 256
181 368
181 383
181 206
181 283
181 44
181 330
181 39
181 337
181 276
181 272
181 329
181 337
181 166
181 103
181 344
181 214
182 6
182 425
182 118
182 350
182 291
182 214
182 255
182 350
182 350
183 328
183 268
183 126
183 264
183 16
184 291
185 141
185 390
185 383
185 356
185 151
185 410
185 182
185 335
185 359
185 203
185 147
185 157
185 171
185 226
186 95
186 186
188 410
188 351
188 192
188 126
188 34
188 16
188 429
188 244
188 350
188 176
188 196
188 298
188 1472
189 3
189 103
189 415
189 424
189 78
189 378
190 430
191 387
191 2
192 250
193 55
193 151
194 602
195 368
195 363
196 319
196 1898
197 126
197 283
197 220
197 649
198 85
199 321
200 311
200 429
201 420
201 428
201 112
201 199
201 337
202 312
202 419
202 296
202 270
202 169
202 242
202 179
202 122
202 422
202 276
202 433
202 291
203 406
204 291
204 406
204 126
204 0
204 318
204 126
204 715
205 260
205 206
205 28
205 175
207 196
207 181
207 204
208 425
209 212
209 220
209 258
209 270
209 350
209 246
210 40
211 181
213 34
213 51
214 196
214 348
214 350
214 284
214 176
214 48
214 425
214 396
214 390
214 326
214 132
214 204
214 119
214 188
214 16
214 423
214 254
214 218
214 72
214 33
214 1770
215 378
215 670
216 410
216 376
217 350
218 224
219 79
219 309
219 223
219 422
219 176
219 140
219 157
220 185
220 425
220 330
220 160
220 78
220 75
220 371
220 67
220 43
220 315
220 993
221 142
221 350
221 396
221 429
221 129
221 168
221 264
221 240
222 223
222 200
222 869
223 167
223 5
224 121
224 295
224 294
224 65
224 277
224 270
224 94
224 48
224 395
224 249
224 363
224 343
224 46
224 67
224 12
224 378
224 363
224 350
224 638
225 85
225 27
225 85
225 62
225 299
225 391
226 77
226 84
226 407
226 43
226 220
226 406
226 221
227 316
227 318
227 16
227 119
227 449
228 350
230 201
230 348
230 160
230 272
231 344
233 211
233 140
233 329
233 34
234 291
234 254
234 221
234 40
234 43
234 350
234 126
235 317
235 359
235 126
235 152
236 350
236 312
236 157
237 355
237 53
237 431
237 388
237 423
237 189
238 171
238 350
238 270
239 182
239 170
239 311
239 75
239 224
239 228
239 103
239 151
239 126
239 169
239 382
239 572
239 1521
239 1812
240 59
240 214
240 410
241 350
241 244
241 266
241 34
241 260
242 244
243 312
243 56
243 353
243 115
243 249
244 59
244 214
244 359
244 212
244 181
244 16
244 16
244 324
244 252
244 74
244 357
244 425
244 350
244 184
244 126
244 18
244 311
244 85
244 214
244 292
244 132
244 337
244 201
244 221
244 347
244 1684
245 18
245 291
246 323
246 123
246 312
246 59
246 321
247 305
248 337
248 305
248 273
249 18
249 260
250 67
251 65
251 270
251 388
252 207
254 64
254 869
254 1638
255 321
256 318
256 391
256 39
256 162
257 319
257 350
258 126
258 373
259 124
259 53
259 1472
260 17
260 244
260 18
260 227
261 181
261 143
262 126
263 122
263 409
263 171
263 350
264 383
264 83
264 183
264 147
264 319
264 235
264 225
264 350
264 76
264 296
264 220
264 363
264 238
264 396
265 280
265 799
266 413
269 74
270 410
270 75
270 304
270 350
270 1
270 350
270 295
270 291
270 389
270 260
270 432
270 179
270 425
270 112
270 103
270 394
270 126
270 64
270 239
270 185
270 355
270 68
270 215
270 406
270 23
270 429
270 68
270 126
270 347
270 214
270 9
270 164
270 114
270 120
270 100
270 188
270 127
271 421
271 319
271 347
272 18
272 225
273 126
273 160
274 155
274 691
275 372
275 292
275 37
276 337
276 103
276 169
277 48
277 188
277 325
278 171
279 353
280 347
280 38
282 423
283 220
283 181
283 191
283 319
283 686
285 224
285 291
285 234
285 154
285 799
286 378
287 244
288 351
288 25
288 39
288 319
289 304
290 379
290 309
290 85
290 140
290 429
291 111
291 321
291 309
291 312
291 34
291 350
291 180
291 185
291 71
291 85
291 291
291 410
291 329
291 297
291 13
291 343
291 166
291 433
291 16
291 270
291 350
291 239
291 44
291 270
292 140
292 393
292 161
292 291
292 117
292 337
293 210
293 312
293 293
293 62
293 239
293 224
293 176
293 210
293 797
294 383
295 342
295 126
295 383
295 234
295 207
295 177
295 303
295 1894
296 429
296 103
296 175
296 151
297 143
297 270
297 410
297 422
297 59
298 350
298 1898
299 85
299 329
299 350
300 135
300 428
300 185
300 244
300 60
301 244
301 753
303 312
304 350
305 59
305 383
305 292
305 365
305 15
305 30
305 290
305 257
305 195
305 270
305 161
306 327
308 126
309 200
309 396
309 381
309 181
309 408
309 403
311 16
311 181
311 382
312 388
312 383
312 232
312 341
312 188
312 398
312 383
312 126
312 686
312 695
313 291
313 182
313 259
314 334
314 382
315 43
315 62
315 212
319 350
319 244
319 316
319 140
319 126
319 38
319 310
319 428
319 122
319 126
320 350
321 312
321 46
322 350
323 43
323 241
323 176
324 369
325 278
328 126
328 337
329 160
329 181
329 103
329 76
329 202
329 204
329 207
329 683
331 228
332 350
333 154
333 363
334 197
334 241
335 361
336 143
336 396
336 263
337 183
337 5
337 38
337 389
337 350
337 409
337 342
337 398
337 222
337 368
337 424
337 291
337 58
337 242
337 18
337 429
337 146
337 251
337 185
337 183
337 185
337 308
337 198
338 350
338 212
338 239
339 253
340 383
340 140
340 1521
341 79
342 306
342 245
342 225
343 270
343 239
344 8
344 140
344 350
344 103
344 353
344 419
345 366
345 291
346 411
346 229
346 260
346 350
346 28
346 667
347 315
347 306
347 270
347 182
347 0
347 278
347 239
347 157
347 416
347 351
347 126
348 152
348 244
348 389
348 347
348 132
348 185
348 1478
349 103
349 32
349 11
350 292
350 71
350 376
350 383
350 256
350 284
350 210
350 410
350 328
350 270
350 378
350 104
350 122
350 350
350 85
350 56
350 312
350 390
350 140
350 126
350 157
350 25
350 328
350 119
350 160
350 244
350 18
350 342
350 64
350 383
350 194
350 288
350 208
350 220
350 181
350 312
350 395
350 176
350 185
350 378
350 202
350 374
350 194
350 350
350 366
350 88
350 350
350 282
350 156
350 126
350 243
350 342
350 167
350 224
350 428
350 277
350 0
350 291
350 14
350 291
350 75
350 307
350 224
350 324
350 383
350 220
350 216
350 268
350 216
350 126
350 229
350 31
350 182
350 85
350 117
350 353
350 160
350 131
350 430
350 358
350 685
350 717
350 921
350 1511
350 1408
350 1364
350 1706
350 1864
351 8
351 260
351 19
351 298
352 380
352 247
352 106
353 256
353 233
353 303
353 291
353 69
353 2
353 379
353 396
353 165
353 295
353 28
353 754
354 324
354 424
355 396
356 264
356 419
357 208
358 270
359 89
359 223
359 103
359 355
359 1138
361 1
361 305
361 389
361 347
362 319
362 140
363 350
363 423
363 166
363 270
363 234
363 33
363 110
363 400
363 253
363 27
363 431
363 263
364 161
366 196
366 119
366 151
366 13
366 176
366 15
367 121
367 33
367 197
368 337
368 117
368 204
368 337
368 232
370 53
370 18
371 117
372 126
373 410
374 224
374 75
374 372
374 252
375 291
376 295
376 379
376 20
377 48
378 202
378 339
378 338
378 241
378 224
378 169
378 372
378 369
378 363
379 151
379 390
379 176
379 421
379 16
379 443
380 284
380 686
381 350
381 256
381 226
381 184
382 16
382 429
383 91
383 191
383 327
383 188
383 347
383 293
383 375
383 429
383 350
383 295
383 185
383 129
383 181
383 367
383 329
383 350
383 394
383 383
383 188
383 350
383 244
383 126
383 117
383 126
383 1167
384 2
384 250
385 116
385 16
385 185
386 171
387 346
387 350
387 59
387 625
388 215
388 164
388 214
388 424
388 355
388 214
388 344
388 104
389 116
389 304
389 244
389 350
389 383
389 235
389 378
389 380
389 98
389 12
389 312
389 219
389 378
389 350
389 425
389 429
389 183
389 34
389 512
390 350
390 175
390 140
390 270
390 59
390 126
390 270
390 1865
391 350
391 58
391 350
392 319
392 380
394 16
395 799
396 70
396 224
396 28
396 226
396 176
396 321
396 241
396 363
396 422
396 94
396 176
396 359
396 265
397 350
397 410
397 270
398 57
398 76
399 149
399 973
400 62
400 260
400 956
400 1386
401 34
403 164
403 270
404 156
405 410
405 393
406 300
406 288
406 424
406 34
406 46
406 363
406 264
406 337
406 249
406 389
406 359
407 158
407 283
407 389
408 329
409 431
410 319
410 140
410 200
410 137
410 347
410 389
410 350
410 115
410 419
410 9
410 430
410 362
410 64
410 176
410 183
410 66
410 350
410 182
410 70
410 126
410 350
410 126
410 257
410 126
410 311
410 270
410 46
410 337
410 256
410 182
410 374
410 1604
410 1883
410 1876
411 244
412 350
413 34
413 381
413 31
414 74
415 431
415 220
415 359
415 424
415 378
416 176
416 321
416 425
416 1607
418 393
418 291
418 34
419 65
419 291
420 20
420 126
421 350
421 327
422 348
422 329
422 254
422 350
422 220
423 349
423 350
423 350
423 176
423 82
423 311
423 186
423 312
423 55
423 263
423 150
423 338
423 329
423 195
423 754
423 1147
424 429
424 181
424 263
424 193
424 294
424 430
424 347
424 245
424 312
424 283
424 350
424 204
424 474
424 1458
424 1715
425 220
425 383
425 10
425 78
425 28
425 317
426 291
426 350
426 48
426 319
426 1728
427 300
427 386
427 270
428 224
428 295
428 294
428 350
428 350
428 314
428 376
429 27
429 429
429 70
429 162
429 129
429 47
429 326
429 196
429 383
429 427
429 34
429 27
430 214
430 350
430 428
430 212
430 334
430 126
431 350
431 154
431 396
431 337
431 354
431 1866
432 961
434 244
434 389
435 462
436 523
438 646
438 585
438 653
439 661
440 541
440 487
444 572
444 637
444 646
445 494
445 635
446 585
446 529
446 1472
447 608
447 533
447 523
448 494
448 538
448 638
448 506
448 611
448 584
450 457
450 611
450 499
451 595
451 515
453 464
454 488
454 623
455 667
455 472
455 549
457 653
457 462
457 646
457 608
457 645
457 482
457 462
457 581
457 559
458 680
458 480
459 505
459 492
459 1148
460 707
461 638
462 522
462 490
462 497
463 448
463 441
463 671
464 680
464 671
465 449
465 512
466 494
466 569
466 653
466 490
466 646
466 474
466 605
466 584
467 518
467 512
467 577
468 584
468 758
469 611
469 653
470 512
470 577
470 548
471 658
471 529
471 488
471 1719
472 646
472 660
473 624
473 653
474 450
474 653
474 463
474 519
474 549
474 563
474 529
474 680
474 602
474 513
474 627
474 712
474 797
474 999
474 1158
474 1801
475 638
475 1898
476 474
476 671
476 584
476 596
476 577
476 535
476 669
476 440
476 1480
477 529
477 584
478 581
478 469
479 529
479 574
479 497
480 466
481 627
482 639
482 653
483 504
483 653
483 612
485 680
485 586
485 680
485 512
485 1598
486 638
487 497
487 445
487 571
487 464
487 660
487 665
487 634
487 646
487 667
487 671
487 488
487 494
487 653
487 492
487 615
487 573
487 659
487 672
487 1272
487 1753
488 653
488 512
488 490
488 620
488 675
488 657
488 502
488 495
488 633
488 1727
488 1613
489 680
489 1604
490 488
490 463
490 488
490 584
490 478
490 457
490 671
490 474
490 448
490 436
490 653
491 638
491 653
492 470
492 627
492 584
492 445
492 638
492 572
492 680
493 644
494 680
494 646
494 609
494 494
494 537
494 502
494 465
494 653
494 646
494 466
494 1482
494 1472
495 659
495 512
496 564
496 754
496 1805
497 474
497 653
497 466
498 530
498 675
498 1059
499 653
499 436
499 590
499 595
500 523
501 653
501 457
501 653
502 637
502 495
502 644
503 444
503 669
503 478
504 579
505 524
505 483
505 636
506 469
507 660
507 667
508 459
510 487
511 679
511 548
512 449
512 448
512 517
512 466
512 527
512 590
512 474
512 512
512 584
512 486
512 619
512 660
512 487
512 559
512 485
512 666
512 1309
512 1768
513 584
513 646
513 457
513 606
513 671
513 629
513 1760
514 461
514 653
514 646
514 464
514 670
514 509
515 627
515 634
516 584
516 545
517 547
517 585
518 799
519 584
519 563
519 505
519 623
519 646
521 646
523 639
523 577
523 590
523 627
523 653
523 578
523 646
523 457
523 642
524 623
525 642
525 659
526 494
526 530
526 488
526 653
527 474
527 558
528 499
528 561
529 676
529 644
529 490
529 627
529 487
529 458
529 653
529 463
529 620
529 646
529 592
529 548
529 573
529 524
529 622
529 502
529 487
529 811
529 724
531 512
531 502
531 571
531 572
532 502
532 461
533 492
533 646
534 529
534 608
534 492
534 590
534 580
535 671
535 682
535 627
535 1057
536 653
537 671
537 492
537 627
537 674
538 1625
540 453
540 652
540 653
540 662
540 665
540 535
540 536
540 499
541 584
542 584
542 547
542 620
543 456
544 657
544 482
544 623
544 523
545 646
545 443
546 450
547 512
547 671
548 638
548 633
549 466
549 680
549 646
549 661
549 578
549 669
549 1478
549 1684
550 457
551 563
552 523
553 667
553 1659
554 457
555 625
555 1684
556 653
557 466
558 574
558 545
559 450
559 680
560 498
561 490
561 538
561 672
561 563
561 649
561 492
562 512
563 646
565 651
565 1165
567 535
567 569
568 652
570 653
570 591
571 1722
572 680
572 545
572 665
573 502
573 512
573 587
574 605
574 677
575 1156
576 653
577 542
577 463
577 680
577 1604
578 660
578 675
578 617
578 653
578 669
580 653
580 450
581 586
581 446
581 563
581 627
581 512
581 584
581 1869
582 491
583 675
584 671
584 488
584 520
584 540
584 584
584 470
584 591
584 585
584 534
584 667
584 649
584 481
584 653
584 657
584 442
584 653
584 672
584 529
584 540
584 494
584 468
584 523
584 494
584 451
584 653
584 623
584 636
584 646
584 602
584 653
584 512
584 627
584 459
584 504
584 627
584 680
584 533
584 680
584 476
584 574
584 654
584 802
584 1307
584 1722
585 507
585 680
586 474
586 673
587 672
587 599
587 512
588 574
588 529
589 677
589 615
589 671
590 604
590 611
590 523
590 446
590 628
590 612
590 574
590 476
590 655
590 1521
591 655
591 638
591 1688
592 486
593 562
593 650
593 1643
595 630
596 638
597 614
597 646
597 570
597 490
598 442
598 611
598 448
598 667
598 631
598 659
599 658
599 633
599 667
599 476
599 529
599 672
599 680
599 737
600 561
600 532
601 487
601 480
601 703
602 501
602 601
602 641
602 512
602 474
602 644
602 550
603 627
604 466
604 509
604 551
605 638
605 482
606 653
606 579
606 655
608 584
608 660
608 672
608 490
608 445
608 503
608 632
608 817
608 1373
609 584
609 602
610 608
610 460
611 599
611 649
611 451
611 494
611 653
611 483
611 653
611 587
611 514
611 653
611 476
611 1096
612 1472
613 638
614 485
615 662
615 560
615 575
615 655
615 1760
616 667
616 437
616 585
617 516
617 495
617 662
617 564
618 653
619 667
619 627
620 456
620 529
620 669
620 666
620 529
620 590
620 624
621 660
622 474
622 593
622 653
623 532
623 485
623 543
623 671
623 653
623 526
623 667
623 584
623 584
623 580
623 1271
624 798
625 665
625 572
626 634
626 614
627 512
627 627
627 644
627 646
627 647
627 667
627 591
627 629
627 584
627 661
627 584
627 657
627 577
627 523
627 649
627 497
627 520
627 547
627 540
627 528
627 457
627 535
627 678
627 640
627 646
627 672
627 457
627 602
627 474
627 602
627 492
627 443
627 1455
627 1122
627 1659
627 1728
627 1714
628 513
629 1266
631 659
631 632
631 647
632 529
632 1373
633 621
633 492
633 518
634 566
634 584
634 569
634 677
634 499
635 542
635 452
637 466
637 577
638 627
638 627
638 512
638 623
638 667
638 480
638 581
638 680
638 655
638 671
638 653
638 552
638 584
638 653
638 623
638 647
638 774
638 1757
639 653
639 494
639 584
639 593
639 487
640 570
640 532
642 652
642 650
643 655
643 474
643 529
644 667
644 490
644 672
644 456
644 682
644 474
644 635
644 602
644 1778
646 584
646 466
646 523
646 604
646 543
646 590
646 499
646 638
646 584
646 634
646 653
646 659
646 513
646 653
646 584
646 579
646 646
646 627
646 577
646 626
646 456
646 512
646 655
646 653
646 611
646 574
646 472
646 669
646 518
646 561
646 653
646 1472
646 1236
646 1790
646 1748
647 512
647 623
647 564
648 584
649 502
649 535
649 611
649 512
649 665
649 457
650 646
650 584
650 669
651 653
651 828
652 493
652 599
652 1814
653 638
653 581
653 573
653 582
653 568
653 653
653 483
653 548
653 627
653 523
653 522
653 615
653 452
653 581
653 646
653 476
653 586
653 526
653 450
653 595
653 590
653 649
653 660
653 584
653 653
653 631
653 614
653 572
653 529
653 592
653 638
653 598
653 476
653 489
653 653
653 653
653 523
653 611
653 490
653 490
653 602
653 682
653 494
653 623
653 485
653 556
653 449
653 551
653 682
653 461
653 638
653 651
653 559
653 584
653 601
653 621
653 562
653 466
653 459
653 544
653 608
653 452
653 647
653 492
653 669
653 644
653 657
653 474
653 474
653 780
653 813
653 685
653 1444
653 1071
653 1076
653 1480
653 1638
653 1704
654 592
655 638
655 642
655 612
655 665
655 634
655 627
655 474
655 638
655 523
655 447
655 607
655 512
655 603
656 487
656 638
657 530
657 449
657 523
657 499
658 673
659 1757
660 653
660 627
660 645
660 512
660 634
660 584
660 499
660 482
660 527
660 450
660 638
660 512
660 826
660 1277
661 474
661 564
661 646
661 1063
662 664
662 487
662 551
662 1757
663 579
665 623
665 487
665 680
665 592
665 584
665 446
665 635
665 1732
666 599
666 646
666 557
666 608
666 1756
667 490
667 657
667 653
667 640
667 579
667 584
667 637
667 584
667 638
667 549
667 606
667 1769
667 1721
668 615
668 495
668 599
669 474
669 653
669 653
669 629
669 490
669 527
669 669
669 1065
669 1153
670 625
671 653
671 457
671 653
671 627
671 608
671 1102
672 549
673 1898
674 453
675 524
675 653
675 437
675 634
675 818
676 637
676 680
676 501
677 589
677 675
678 512
678 490
678 654
679 599
680 626
680 523
680 623
680 628
680 521
680 581
680 502
680 654
680 649
680 632
680 476
680 608
680 496
680 534
680 451
680 514
680 529
680 675
680 529
680 519
680 672
680 478
680 584
680 476
680 499
680 549
680 488
680 529
680 579
680 653
680 546
680 1331
680 1472
680 1793
680 1775
681 463
681 523
681 627
682 552
683 708
683 700
683 796
683 764
683 686
683 753
683 798
683 702
683 715
683 736
683 724
683 1159
683 1174
684 748
684 805
684 791
685 826
685 830
686 693
686 722
686 712
686 762
686 733
686 790
686 703
686 822
686 748
686 704
686 780
686 711
686 687
686 739
686 685
686 794
686 712
686 755
686 696
686 709
686 802
686 821
686 765
686 691
686 754
686 754
686 738
686 746
686 754
686 799
686 716
686 811
686 771
686 826
686 764
686 710
686 1004
686 1359
686 1625
686 1684
687 769
687 712
687 685
687 799
687 686
687 1472
688 754
688 742
688 822
688 736
688 770
688 827
688 780
689 693
689 764
690 729
690 750
690 1294
690 1669
691 834
691 797
691 709
691 799
691 766
691 774
691 703
692 728
692 774
692 1057
693 715
693 797
693 771
693 762
693 759
693 791
693 799
693 780
693 785
693 1262
693 1875
694 686
694 1502
695 736
695 780
695 736
695 757
695 807
695 798
696 771
696 786
696 718
696 688
697 797
697 811
697 687
697 736
698 1277
699 826
699 724
699 771
699 811
699 799
701 702
701 739
701 711
702 724
702 774
702 711
702 780
702 1306
703 724
703 683
703 687
703 737
703 791
703 824
703 724
703 776
703 828
703 797
703 776
703 713
703 779
703 766
703 811
703 833
703 703
703 715
703 766
703 1363
703 1657
704 769
704 686
704 821
704 753
704 765
704 748
704 780
704 683
705 794
705 712
705 765
705 826
705 782
705 1342
706 834
707 683
707 834
707 830
707 712
707 685
707 690
707 703
709 816
709 811
709 693
709 701
709 754
709 791
709 712
709 764
709 1581
710 683
710 799
711 790
712 828
712 797
712 787
712 771
712 755
712 765
712 761
712 780
712 765
712 811
712 799
713 685
713 1319
714 1355
715 776
715 708
715 806
715 811
715 686
715 712
715 1224
715 1312
715 1523
716 699
716 686
716 771
716 797
716 826
716 724
716 766
717 699
718 785
718 754
718 802
718 753
718 765
718 826
719 792
719 791
720 699
720 712
720 774
722 799
722 713
722 754
723 782
724 788
724 794
724 686
724 736
724 715
724 794
724 683
724 764
724 773
724 686
724 765
725 801
726 741
727 704
727 703
727 726
727 683
727 797
727 777
727 748
727 772
727 791
727 780
727 929
728 736
728 765
728 712
729 757
729 709
730 727
730 703
731 757
733 824
734 736
734 761
734 712
734 715
734 686
736 764
736 799
736 780
736 697
736 775
736 683
736 820
736 736
737 736
737 754
737 816
738 700
738 686
739 756
740 736
740 695
741 795
742 685
742 729
743 792
743 736
744 686
744 684
744 727
745 686
745 737
745 707
745 806
745 787
745 1877
746 811
746 1684
748 700
750 771
750 724
750 828
751 801
751 754
751 798
752 797
752 791
753 737
753 764
753 799
754 715
754 764
754 834
754 777
754 828
754 815
754 686
754 791
754 771
754 1215
754 1473
755 739
755 771
755 765
755 803
755 764
755 763
755 721
755 693
755 691
756 790
756 738
756 683
756 736
756 791
757 767
757 803
757 796
757 703
757 754
757 790
757 821
757 1082
757 1604
759 799
759 757
759 1250
760 716
760 788
760 1057
761 833
761 746
762 719
762 683
763 703
763 792
764 823
764 771
764 699
764 797
764 791
764 797
764 686
764 803
764 741
764 815
764 788
764 993
765 754
765 715
765 774
765 762
765 707
765 732
765 736
765 828
765 714
765 780
765 684
765 711
765 703
765 788
765 825
765 833
765 825
765 794
765 774
765 742
765 1415
765 1348
765 1082
765 1482
766 717
766 703
766 715
766 828
767 744
767 717
767 859
767 1451
768 767
768 780
768 765
768 745
768 709
768 703
770 775
770 762
770 1216
771 806
771 791
771 829
771 754
771 691
771 834
771 799
771 686
771 755
771 1038
772 686
773 794
773 826
774 754
774 785
774 688
774 826
774 764
774 810
774 771
774 774
774 812
774 765
774 785
774 754
774 815
774 771
776 715
776 797
777 715
777 790
778 686
778 754
778 752
778 826
780 799
780 703
780 757
780 782
780 765
780 809
780 736
780 827
780 1151
780 1496
780 1365
782 1156
783 718
783 724
783 712
783 730
784 757
784 760
785 794
785 755
785 724
785 701
786 774
786 774
787 748
787 764
788 765
788 780
789 750
790 780
790 691
790 826
791 724
791 796
791 713
791 804
791 769
791 780
791 686
791 771
791 792
791 780
791 695
791 757
792 790
792 815
793 713
794 751
794 754
794 811
794 817
794 703
794 820
794 686
794 683
795 817
795 786
795 792
795 686
796 708
797 830
797 799
797 733
797 791
797 775
797 799
797 800
797 832
797 709
797 686
797 780
797 774
797 724
797 865
797 1346
797 1538
799 774
799 697
799 754
799 799
799 686
799 817
799 695
799 765
799 791
799 707
799 773
799 799
799 764
799 745
799 791
799 797
799 757
799 817
799 704
799 769
799 729
799 802
799 771
799 716
799 685
799 712
799 683
799 891
799 1511
799 1324
801 797
801 727
801 805
801 755
801 775
801 725
802 762
802 810
802 686
803 736
803 799
803 801
804 686
805 834
805 707
806 811
806 823
806 799
806 737
807 691
807 683
807 780
808 692
809 683
809 704
810 791
810 833
811 741
811 791
811 686
811 777
811 1760
812 834
812 720
812 683
812 706
813 765
814 690
814 683
814 1423
815 707
815 764
815 713
815 791
815 685
815 750
816 811
816 686
817 686
817 765
817 765
817 780
818 828
818 738
818 780
818 782
819 771
820 683
820 797
820 727
820 758
820 733
820 705
821 817
821 765
822 780
822 685
823 804
823 711
823 799
825 716
825 789
825 703
825 828
826 830
826 821
826 802
826 818
826 815
826 709
826 686
826 815
826 866
826 966
826 1871
827 737
827 686
827 821
828 759
828 773
828 762
828 826
828 794
828 686
828 729
828 1760
829 727
829 693
829 771
829 753
829 1012
830 686
830 749
831 1392
834 713
834 736
835 838
835 843
836 843
836 838
836 846
836 846
836 836
836 838
836 836
837 842
837 838
837 846
838 840
838 836
838 836
838 839
838 849
838 839
838 838
838 838
838 842
838 840
838 847
838 847
838 836
839 836
840 839
840 836
840 838
840 848
840 835
840 842
841 846
842 836
842 843
842 835
842 843
842 840
843 842
843 835
843 840
843 838
843 838
843 845
844 838
845 848
846 836
846 838
847 835
848 838
848 839
849 836
849 842
850 917
851 990
851 963
852 885
852 965
854 943
854 869
855 901
856 864
857 974
857 900
857 898
857 931
857 870
858 878
859 973
859 1081
860 952
860 961
860 929
861 959
861 852
862 960
863 994
863 886
864 882
864 974
864 973
866 908
867 909
867 888
869 853
869 850
869 973
869 869
869 891
869 850
869 859
869 912
869 964
870 979
870 870
870 913
870 998
870 976
870 898
870 994
870 850
870 870
870 945
870 891
870 887
870 980
870 930
871 851
872 961
872 906
873 929
873 947
873 943
874 969
874 961
874 920
875 929
875 993
876 916
876 910
876 891
876 966
877 962
878 934
879 991
880 862
880 952
880 901
881 991
881 985
882 958
882 935
882 874
882 950
882 890
882 985
882 902
883 915
883 920
883 991
884 953
886 997
886 935
886 924
886 983
886 943
886 918
886 943
886 957
887 934
887 993
887 997
887 983
887 922
888 891
889 997
890 985
890 980
890 965
890 882
891 997
891 886
891 951
891 974
891 998
891 882
891 891
891 876
891 891
891 983
891 942
891 875
891 983
891 990
891 976
891 966
891 915
891 963
891 869
891 964
891 947
891 978
891 924
891 993
891 932
891 896
891 882
891 990
891 1552
892 956
892 987
893 943
893 869
893 914
894 882
895 926
895 870
896 890
896 879
896 951
896 945
896 883
897 895
898 1720
899 953
899 881
900 976
901 925
901 926
901 890
902 890
903 935
903 911
903 885
904 897
905 986
905 883
905 888
905 906
905 975
906 960
909 864
909 921
910 990
910 876
911 873
912 986
912 899
912 891
913 923
913 882
913 870
913 882
913 946
913 962
913 993
913 965
913 872
914 957
914 1565
915 916
915 934
915 944
916 889
916 893
917 894
919 942
919 877
919 889
920 962
920 976
920 961
921 932
922 860
924 891
924 891
925 894
925 900
925 976
926 968
926 1130
928 891
928 904
928 865
929 922
930 862
930 1012
931 945
932 997
933 894
933 1057
934 897
934 983
934 873
934 872
934 947
934 922
934 984
934 854
935 882
935 931
936 967
937 901
937 965
938 934
938 904
938 971
938 891
941 864
942 934
942 952
942 1140
943 882
943 901
944 904
945 880
945 871
946 934
946 853
947 899
947 941
948 917
948 978
949 950
949 982
949 930
950 994
950 913
950 924
951 951
951 986
952 879
953 981
953 924
953 893
953 865
954 903
955 869
955 900
956 965
956 867
957 965
957 869
957 920
958 891
958 888
958 959
959 896
959 892
960 961
961 964
961 953
961 956
961 951
961 997
961 867
961 852
961 856
961 972
962 937
964 929
964 852
964 918
964 886
964 873
965 896
965 867
965 921
965 891
965 891
965 993
965 993
965 862
967 891
968 940
968 988
969 898
969 869
969 1476
970 886
970 891
970 1902
971 953
971 937
971 961
971 909
972 904
973 957
973 978
974 918
974 954
975 961
975 893
975 921
975 899
975 926
975 934
975 976
976 935
976 871
976 941
976 986
976 981
976 929
976 994
977 894
978 871
978 869
980 891
980 986
980 977
981 901
982 870
983 988
983 986
984 925
985 891
985 863
986 887
986 871
988 889
989 908
989 882
990 945
990 953
990 993
991 858
992 891
992 905
993 921
993 882
993 880
993 869
993 923
993 961
993 869
993 934
993 850
994 948
994 934
994 969
994 961
995 906
996 909
996 870
996 923
997 922
999 1366
999 1115
999 1223
999 1136
999 1527
999 1226
999 1226
1000 1076
1000 1532
1000 1044
1001 1158
1001 1409
1001 1574
1001 1060
1001 1409
1001 1528
1001 1377
1001 1424
1001 1401
1001 1330
1001 1055
1001 1674
1003 1511
1004 1008
1004 1046
1004 1057
1004 1684
1005 1288
1006 1403
1006 1157
1006 1053
1007 1016
1007 1525
1007 1232
1009 1346
1009 1057
1010 1154
1010 1039
1010 1159
1011 1053
1011 1221
1012 1472
1012 1569
1012 1511
1012 1124
1013 1156
1014 1103
1014 1016
1014 1472
1014 1511
1015 1076
1015 1401
1016 1444
1016 1057
1016 1159
1016 1454
1017 1383
1019 1057
1019 1348
1020 1057
1020 1488
1020 1337
1020 1568
1021 1152
1021 1557
1022 1552
1022 1165
1023 1420
1023 1160
1024 1496
1027 1231
1027 1120
1028 1057
1029 1365
1029 1057
1029 1229
1030 1429
1030 1552
1031 1377
1031 1052
1033 1511
1033 1472
1035 1022
1035 1219
1035 1326
1035 1312
1035 1158
1036 1511
1036 1212
1037 1183
1037 1280
1038 1413
1038 1195
1039 1023
1039 1268
1041 1089
1041 1277
1041 1455
1041 1318
1041 1565
1041 1236
1041 1423
1041 1426
1042 1239
1042 1472
1042 1196
1042 1482
1043 1184
1043 1104
1044 1076
1044 1402
1044 1079
1045 1472
1045 1409
1045 1472
1047 1012
1048 1294
1048 1472
1048 1262
1048 1264
1048 1189
1048 1119
1048 1121
1048 1104
1048 1472
1048 1468
1048 1409
1048 1496
1048 1472
1048 1400
1049 1256
1049 1488
1049 1098
1050 1060
1051 1109
1052 1572
1052 1159
1055 1130
1055 1509
1056 1047
1056 1082
1057 1490
1057 1269
1057 1545
1057 1012
1057 1277
1057 1496
1057 1269
1057 1428
1057 1564
1057 1552
1057 1116
1057 1262
1057 1161
1057 1057
1057 1539
1057 1446
1057 1262
1057 1366
1057 1428
1057 1310
1057 1344
1057 1461
1057 1375
1057 1309
1057 1139
1057 1340
1057 1193
1057 1335
1057 1480
1057 1510
1057 1472
1057 1527
1057 1496
1057 1053
1057 1258
1057 1277
1057 1348
1057 1180
1057 1213
1057 1311
1057 1241
1057 1244
1057 1472
1057 1035
1057 1365
1057 1358
1057 1571
1057 1068
1057 1444
1057 1375
1057 1497
1057 1340
1057 1511
1057 1377
1057 1082
1057 1092
1057 1296
1057 1575
1057 1050
1057 1280
1057 1271
1057 1437
1057 1200
1057 1511
1057 1444
1057 1233
1057 1389
1057 1511
1057 1521
1057 1171
1057 1064
1057 1122
1057 1472
1057 1095
1057 1778
1058 1226
1058 1044
1059 1028
1059 1154
1060 1365
1060 1254
1060 1326
1060 1122
1060 1079
1060 1402
1060 1472
1060 1366
1061 1124
1061 1203
1061 1509
1062 1373
1064 1272
1064 1057
1064 1115
1064 1012
1064 1684
1066 1511
1067 1476
1067 1079
1067 1473
1069 1009
1070 1563
1071 1191
1071 1294
1074 1511
1076 1496
1076 1262
1076 1140
1076 1470
1076 1478
1076 1472
1076 1035
1076 1541
1076 1204
1076 1057
1076 1444
1076 1145
1078 1196
1078 1472
1079 1511
1079 1187
1079 1496
1079 1096
1079 1205
1079 1024
1079 1183
1079 1308
1079 1057
1079 1493
1079 1452
1079 1365
1079 1104
1079 1057
1079 1441
1079 1048
1079 1297
1079 1748
1081 1159
1081 1392
1081 1419
1081 1288
1082 1480
1082 1444
1082 1159
1082 1263
1082 1504
1082 1127
1082 1159
1082 1028
1082 1062
1082 1472
1082 1313
1082 1033
1082 1029
1082 1091
1082 1366
1082 1504
1082 1079
1082 1545
1082 1411
1083 1535
1084 1091
1084 1292
1085 1373
1085 1528
1086 1108
1086 1269
1087 1590
1089 1472
1090 1504
1090 1498
1090 1179
1091 1263
1091 1419
1091 1468
1091 1472
1094 1368
1094 1120
1095 1036
1096 1159
1096 1387
1096 1202
1096 1351
1096 1115
1096 1194
1097 1465
1098 1104
1098 1268
1099 1418
1100 1514
1100 1365
1101 1553
1101 1135
1102 1544
1102 1277
1102 1236
1103 1160
1103 1499
1104 1191
1104 1401
1104 1238
1104 1366
1104 1096
1104 1127
1104 1283
1104 1395
1107 1520
1107 1431
1107 1469
1107 1262
1108 1483
1108 1063
1108 1568
1108 1344
1108 1057
1108 1511
1108 1310
1108 1001
1109 1161
1109 1074
1110 1252
1111 1293
1112 1168
1112 1161
1112 1127
1112 1576
1112 1480
1113 1272
1113 1410
1113 1472
1114 1077
1114 1031
1115 1560
1115 1504
1115 1387
1115 1227
1115 1319
1115 1427
1115 1379
1115 1505
1115 1179
1115 1561
1115 1057
1115 1045
1115 1066
1115 1366
1115 1346
1115 1106
1115 1053
1115 1540
1115 1196
1115 1018
1115 1339
1115 1297
1115 1840
1115 1864
1116 1042
1116 1493
1116 1096
1117 1346
1119 1472
1120 1262
1120 1444
1120 1504
1121 1520
1121 1581
1122 1040
1122 1057
1122 1311
1122 1033
1122 1262
1122 1099
1123 1328
1123 1472
1124 1537
1124 1195
1124 1472
1124 1531
1124 1083
1125 1299
1125 1261
1127 1082
1127 1076
1127 1418
1127 1415
1127 1448
1127 1451
1127 1441
1128 1264
1128 1472
1128 1057
1129 1159
1129 1061
1129 1503
1130 1157
1130 1520
1130 1016
1131 1127
1131 1310
1132 1056
1132 1509
1132 1139
1132 1286
1133 1528
1135 1365
1135 1082
1135 1483
1135 1387
1135 1379
1135 1439
1135 1128
1136 1057
1136 1502
1136 1011
1137 1108
1137 1377
1137 1115
1137 1297
1138 1171
1138 1064
1138 1076
1138 1342
1138 1339
1139 1015
1139 1143
1139 1444
1139 1342
1139 1084
1139 1057
1140 1137
1140 1527
1142 1001
1142 1139
1142 1472
1142 1511
1144 1262
1144 1423
1145 1220
1145 1213
1145 1060
1145 1290
1146 1197
1146 1579
1147 1554
1147 1339
1148 1510
1148 1127
1148 1515
1148 1601
1149 1381
1149 1098
1152 1399
1152 1268
1152 1472
1152 1409
1153 1159
1153 1076
1154 1161
1155 1007
1156 1013
1156 1057
1158 1163
1158 1215
1158 1520
1159 1053
1159 1225
1159 1215
1159 1448
1159 1265
1159 1286
1159 1377
1159 1152
1159 1510
1159 1293
1159 1262
1159 1463
1159 1472
1159 1152
1159 1057
1159 1048
1159 1262
1159 1189
1159 1472
1159 1365
1159 1578
1159 1301
1159 1804
1159 1883
1160 1523
1160 1178
1160 1407
1160 1468
1160 1519
1160 1365
1160 1219
1161 1333
1162 1472
1162 1152
1163 1551
1163 1451
1163 1423
1165 1511
1165 1581
1166 1114
1167 1003
1167 1504
1167 1133
1167 1057
1167 1276
1168 1263
1168 1387
1169 1528
1170 1537
1172 1392
1174 1398
1175 1124
1177 1394
1177 1115
1178 1108
1178 1170
1179 1502
1179 1545
1179 1474
1179 1348
1179 1282
1179 1504
1179 1025
1179 1472
1179 1537
1179 1057
1179 1316
1179 1439
1179 1057
1179 1012
1179 1429
1179 1402
1179 1082
1179 1501
1179 1325
1179 1122
1179 1403
1179 1577
1179 1757
1180 1472
1180 1148
1180 1232
1181 1256
1181 1057
1181 1553
1182 1276
1182 1355
1182 1047
1184 1209
1184 1264
1184 1015
1185 1290
1185 1179
1186 1504
1188 1472
1188 1245
1189 1300
1189 1057
1190 1442
1191 1221
1192 1104
1192 1529
1193 1340
1195 1172
1195 1370
1195 1421
1195 1228
1195 1463
1195 1420
1195 1156
1195 1056
1195 1457
1195 1475
1195 1732
1196 1057
1196 1025
1196 1159
1196 1116
1197 1497
1198 1005
1199 1175
1199 1044
1199 1274
1199 1488
1200 1057
1200 1012
1201 1307
1202 1136
1203 1057
1203 1076
1204 1278
1204 1033
1205 1178
1205 1518
1206 1472
1207 1291
1208 1268
1208 1064
1208 1163
1209 1520
1209 1130
1209 1268
1210 1439
1210 1166
1210 1332
1211 1269
1212 1579
1212 1121
1212 1205
1213 1511
1213 1231
1213 1569
1213 1297
1213 1357
1213 1035
1213 1159
1213 1076
1213 1159
1213 1159
1213 1055
1213 1172
1213 1578
1213 1233
1213 1314
1213 1041
1214 1203
1215 1064
1215 1194
1215 1035
1215 1482
1215 1124
1215 1310
1215 1159
1215 1001
1215 1313
1215 1144
1215 1537
1215 1082
1215 1139
1215 1139
1216 1175
1216 1421
1216 1560
1216 1472
1217 1245
1218 1155
1218 1076
1218 1472
1218 1465
1218 1138
1218 1414
1218 1275
1218 1059
1218 1472
1219 1338
1220 1314
1220 1472
1221 1573
1221 1468
1221 1511
1221 1311
1221 1067
1221 1446
1221 1453
1222 1430
1223 1057
1223 1240
1223 1159
1224 1222
1224 1057
1224 1317
1225 1263
1226 1501
1226 1059
1226 1238
1226 1497
1227 1578
1227 1483
1227 1355
1228 1470
1228 1472
1228 1391
1229 1137
1231 1534
1232 1042
1232 1227
1232 1144
1232 1521
1232 1115
1232 1531
1233 1511
1233 1509
1233 1444
1233 1472
1234 1763
1234 1840
1235 1377
1235 1496
1235 1057
1235 1782
1236 1562
1236 1084
1236 1511
1237 1333
1238 1552
1238 1079
1238 1244
1238 1359
1238 1686
1238 1862
1240 1125
1242 1244
1242 1051
1242 1082
1242 1128
1242 1012
1243 1693
1244 1195
1245 1157
1245 1400
1246 1057
1248 1514
1250 1159
1250 1391
1250 1496
1250 1153
1250 1229
1250 1179
1251 1527
1251 1007
1251 1153
1252 1202
1252 1292
1252 1053
1253 1523
1253 1415
1253 1333
1253 1019
1253 1030
1254 1255
1254 1013
1256 1702
1257 1100
1257 1778
1259 1215
1259 1209
1259 1497
1260 1511
1261 1509
1262 1422
1262 1058
1262 1504
1262 1544
1262 1362
1262 1196
1262 1202
1262 1261
1262 1020
1262 1000
1262 1529
1262 1072
1262 1057
1262 1250
1262 1570
1262 1545
1262 1382
1262 1129
1262 1420
1262 1580
1262 1511
1262 1488
1262 1221
1262 1215
1262 1215
1262 1012
1262 1215
1262 1313
1262 1581
1262 1663
1264 1041
1264 1509
1264 1439
1265 1057
1266 1083
1266 1238
1266 1079
1266 1537
1267 1457
1267 1340
1267 1513
1268 1326
1268 1142
1268 1529
1268 1511
1268 1266
1268 1152
1268 1021
1268 1500
1268 1441
1268 1244
1268 1185
1269 1082
1269 1472
1269 1365
1271 1310
1272 1460
1272 1569
1273 1179
1273 1278
1275 1196
1276 1472
1276 1341
1276 1205
1276 1262
1277 1144
1277 1132
1277 1159
1277 1079
1277 1510
1277 1240
1277 1082
1277 1095
1278 1218
1278 1568
1279 1459
1279 1156
1279 1887
1280 1206
1281 1288
1281 1496
1282 1514
1282 1365
1282 1245
1282 1375
1283 1511
1283 1124
1284 1363
1284 1201
1284 1511
1284 1060
1285 1135
1285 1564
1285 1100
1285 1034
1285 1232
1286 1566
1286 1232
1286 1238
1286 1134
1287 1366
1287 1004
1288 1511
1288 1466
1288 1242
1288 1504
1288 1472
1288 1366
1288 1086
1288 1500
1288 1366
1290 1299
1290 1122
1290 1151
1291 1420
1291 1234
1291 1272
1291 1505
1292 1364
1292 1079
1293 1511
1294 1000
1294 1232
1294 1130
1294 1263
1295 1566
1296 1472
1296 1057
1296 1261
1296 1211
1296 1179
1296 1112
1296 1444
1296 1023
1297 1216
1297 1315
1297 1714
1298 1013
1298 1472
1298 1112
1299 1257
1299 1438
1299 1521
1299 1092
1300 1446
1301 1540
1301 1344
1302 1294
1303 1434
1303 1102
1303 1117
1305 1472
1305 1378
1306 1536
1306 1725
1307 1428
1307 1057
1307 1082
1308 1482
1308 1135
1308 1160
1308 1297
1308 1457
1309 1328
1309 1280
1309 1044
1309 1339
1309 1206
1310 1336
1310 1373
1310 1542
1310 1008
1310 1213
1310 1410
1311 1392
1311 1365
1312 1482
1312 1496
1312 1511
1313 1266
1313 1057
1313 1137
1315 1140
1315 1152
1316 1546
1317 1502
1317 999
1317 1392
1317 1472
1317 1400
1318 1215
1321 1023
1325 1366
1328 1400
1328 1538
1329 1429
1329 1057
1330 1355
1331 1515
1332 1569
1332 1830
1333 1116
1333 1511
1335 1288
1335 1436
1336 1086
1336 1527
1336 1370
1336 1262
1337 1082
1337 1238
1337 1472
1337 1487
1337 1262
1337 1686
1338 1290
1339 1343
1339 1038
1341 1488
1343 1227
1343 1441
1343 1702
1344 1404
1344 1140
1345 1472
1345 1444
1346 1472
1346 1760
1348 1057
1348 1454
1349 1179
1350 1221
1352 1115
1352 1244
1353 1362
1354 1408
1355 1388
1355 1296
1356 1330
1356 1312
1358 1212
1359 1521
1360 1336
1360 1472
1362 1365
1362 1578
1364 1377
1364 1308
1364 1537
1365 1394
1365 1152
1365 1342
1365 1001
1365 1371
1365 1376
1365 1057
1365 1167
1365 1716
1366 1246
1366 1555
1366 1057
1366 1446
1366 1028
1366 1496
1366 1414
1366 1057
1366 1159
1366 1441
1366 1529
1366 1521
1366 1133
1366 1057
1366 1077
1366 1504
1366 1262
1366 1218
1366 1016
1366 1323
1366 1413
1366 1400
1366 1593
1366 1643
1367 1452
1367 1482
1367 1394
1367 1057
1368 1128
1368 1057
1368 1528
1369 1273
1369 1496
1369 1262
1369 1278
1370 1407
1370 1161
1371 1472
1372 1482
1372 1051
1373 1096
1373 1408
1373 1307
1373 1023
1373 1288
1373 1082
1373 1298
1373 1313
1374 1140
1375 1418
1376 1167
1376 1173
1376 1159
1376 1213
1376 1472
1377 1415
1377 1556
1377 1250
1377 1424
1377 1108
1377 1441
1378 1256
1378 1377
1379 1365
1380 1401
1380 1075
1381 1061
1381 1235
1382 1778
1383 1161
1385 1444
1385 1163
1385 1408
1386 1444
1386 1580
1386 1579
1387 1141
1387 1512
1387 1496
1387 1384
1388 1079
1389 1516
1389 1027
1389 1275
1389 1435
1392 1139
1392 1232
1392 1472
1392 1550
1393 1093
1395 1509
1395 1299
1396 1133
1397 1394
1398 1215
1398 1057
1398 1339
1399 1307
1399 1333
1399 1008
1400 1137
1400 1558
1400 1054
1400 1195
1402 1179
1404 1250
1404 1049
1405 1509
1405 1496
1405 1219
1406 1504
1406 1047
1406 1572
1406 1520
1407 1120
1407 1346
1408 1339
1408 1521
1408 1552
1408 1240
1408 1540
1409 1065
1409 1297
1409 1384
1409 1057
1409 1544
1409 1455
1409 1115
1409 1572
1409 1494
1409 1419
1409 1343
1409 1443
1410 1307
1413 1360
1413 1210
1414 1377
1414 1160
1414 1332
1414 1778
1415 1001
1416 1242
1416 1511
1417 1181
1418 1398
1418 1057
1418 1465
1419 1483
1419 1556
1420 1079
1420 1120
1420 1083
1420 1340
1420 1509
1420 1459
1420 999
1422 1001
1422 1486
1422 1159
1422 1329
1423 1076
1423 1511
1423 1249
1423 1031
1423 1532
1423 1472
1424 1459
1424 1057
1425 1392
1425 1534
1425 1069
1425 1749
1426 1076
1426 1338
1427 1361
1428 1115
1429 1134
1430 1226
1431 1130
1432 1169
1433 1062
1433 1343
1433 1159
1433 1346
1433 1151
1434 1215
1434 1208
1435 1419
1435 1252
1436 1490
1436 1160
1437 1408
1437 1408
1437 1575
1437 1211
1437 1113
1438 1312
1438 1392
1438 1519
1438 1354
1438 1420
1439 1482
1439 1021
1441 1573
1441 1179
1441 1179
1441 1232
1441 1483
1441 1057
1441 1216
1441 1185
1441 1569
1441 1467
1441 1511
1441 1057
1441 1442
1441 1116
1443 1145
1443 1160
1443 1387
1444 1179
1444 1131
1444 1511
1444 1423
1444 1325
1444 1462
1444 1472
1444 1295
1444 1039
1444 1409
1444 1348
1444 1488
1444 1310
1444 1057
1444 1441
1444 1310
1444 1518
1446 1034
1446 1482
1448 1564
1448 1086
1448 1749
1450 1528
1450 1409
1450 1159
1451 1168
1451 1472
1451 1080
1452 1160
1452 1353
1452 1520
1453 1518
1454 1533
1454 1800
1456 1211
1456 1579
1457 1115
1457 1206
1458 1310
1460 999
1461 1444
1461 1423
1462 1082
1462 1103
1462 1330
1462 1068
1464 1179
1465 1472
1465 1217
1465 1139
1466 1199
1466 1159
1466 1057
1467 1496
1467 1057
1467 1233
1467 1262
1467 1040
1467 1392
1468 1540
1468 1009
1469 1578
1470 1063
1470 1251
1471 1463
1472 1472
1472 1326
1472 1495
1472 1441
1472 1541
1472 1115
1472 1329
1472 1511
1472 1427
1472 1004
1472 1128
1472 1535
1472 1091
1472 1057
1472 1233
1472 1366
1472 1306
1472 1106
1472 1225
1472 1366
1472 1159
1472 1156
1472 1373
1472 1422
1472 1472
1472 1141
1472 1549
1472 1420
1472 1405
1472 1525
1472 1477
1472 1016
1472 1260
1472 1571
1472 1238
1472 1028
1472 1250
1472 1496
1472 1189
1472 1057
1472 1111
1472 1057
1472 1079
1472 1503
1472 1371
1472 1146
1472 1537
1472 1327
1472 1444
1472 1137
1472 1057
1472 1115
1472 1423
1472 1483
1472 1125
1472 1195
1472 1511
1472 1209
1472 1346
1472 1115
1472 1115
1472 1494
1472 1358
1472 1363
1472 1572
1472 1540
1472 1365
1472 1135
1472 1482
1472 1020
1472 1057
1472 1181
1472 1483
1472 1496
1472 1472
1472 1514
1472 1057
1472 1496
1472 1159
1472 1181
1472 1096
1472 1250
1472 1590
1472 1669
1473 1036
1474 1475
1476 1511
1476 1532
1477 1053
1477 1373
1478 1012
1478 1472
1478 1365
1478 1254
1478 1030
1479 1366
1479 1218
1480 1187
1480 1077
1480 1228
1481 1423
1481 1197
1482 1477
1482 1385
1482 1222
1482 1013
1482 1206
1482 1444
1482 1213
1482 1483
1482 1533
1482 1010
1482 1052
1482 1561
1482 1215
1482 1533
1482 1472
1483 1079
1483 1193
1483 1277
1483 1506
1483 1092
1483 1257
1483 1031
1483 1511
1483 1199
1483 1496
1483 1389
1483 1472
1483 1643
1484 1568
1484 1277
1484 1444
1485 1114
1485 1482
1487 1277
1488 1556
1488 1209
1488 1076
1488 1195
1489 1551
1490 1483
1491 1256
1491 1483
1491 1096
1491 1145
1492 1000
1492 1657
1493 1289
1494 1052
1494 1082
1496 1282
1496 1057
1496 1489
1496 1578
1496 1031
1496 1312
1496 1189
1496 1296
1496 1314
1496 1430
1496 1101
1496 1262
1496 1060
1496 1290
1496 1472
1496 1179
1496 1511
1496 1064
1496 1366
1496 1183
1496 1442
1496 1297
1496 1108
1496 1230
1496 1273
1496 1370
1496 1082
1496 1351
1496 1243
1496 1355
1496 1141
1496 1366
1496 1161
1498 1483
1499 1292
1499 1501
1499 1377
1500 1094
1500 1436
1501 1124
1501 1041
1502 1211
1502 1140
1502 1849
1503 1409
1503 1076
1504 1480
1504 1566
1504 1534
1504 1423
1504 1229
1505 1042
1506 1253
1508 1472
1509 1057
1509 1301
1509 1016
1509 1250
1509 1496
1509 1538
1509 1121
1509 1340
1509 1373
1509 1057
1509 1544
1509 1793
1510 1014
1510 1364
1510 1472
1510 1166
1510 1315
1510 1383
1510 1366
1510 1472
1510 1035
1510 1720
1511 1472
1511 1108
1511 1477
1511 1288
1511 1418
1511 1338
1511 1326
1511 1079
1511 1097
1511 1393
1511 1496
1511 1572
1511 1057
1511 1353
1511 1190
1511 1520
1511 1318
1511 1277
1511 1057
1511 1401
1511 1057
1511 1095
1511 1366
1511 1387
1511 1521
1511 1476
1511 1221
1511 1322
1511 1561
1511 1038
1511 1421
1511 1090
1511 1409
1511 1230
1511 1342
1511 1135
1511 1507
1511 1511
1511 1116
1511 1087
1511 1124
1511 1508
1511 1638
1512 1412
1513 1362
1513 1059
1514 1511
1514 1053
1514 1356
1514 1235
1514 1578
1514 1261
1514 1132
1515 1295
1515 1104
1516 1553
1516 1535
1517 1511
1517 1340
1517 1413
1517 1268
1518 1310
1518 1485
1519 1082
1519 1139
1519 1537
1519 1205
1520 1139
1520 1057
1520 1579
1520 1028
1520 1441
1520 1082
1521 1409
1521 1166
1522 1076
1522 1057
1523 1483
1524 1527
1525 1319
1526 1169
1527 1262
1527 1050
1528 1511
1528 1526
1528 1121
1528 1431
1528 1123
1528 1392
1528 1218
1528 1365
1528 1684
1530 1409
1530 1204
1530 1282
1531 1288
1533 1511
1533 1496
1534 1128
1535 1435
1535 1079
1536 1487
1536 1149
1537 1053
1537 1057
1537 1418
1537 1504
1537 1498
1537 1057
1537 1178
1537 1400
1537 1298
1537 1515
1537 1146
1537 1611
1538 1377
1538 1082
1539 1187
1540 1124
1540 1537
1540 1366
1540 1132
1540 1139
1541 1372
1541 1159
1542 1168
1542 1504
1543 1509
1544 1082
1544 1284
1545 999
1545 1491
1545 1023
1545 1166
1545 1510
1546 1418
1546 1514
1546 1472
1547 1409
1548 1213
1549 1142
1549 1104
1550 1409
1551 1431
1552 1510
1552 1376
1552 1179
1553 1893
1555 1408
1555 1511
1556 1411
1557 1511
1558 1183
1559 1108
1560 1527
1562 1348
1563 1001
1563 1152
1564 1537
1564 1509
1565 1574
1565 1132
1565 1219
1565 1537
1565 1365
1566 1119
1567 1310
1568 1324
1568 1082
1569 1572
1570 1442
1570 1312
1571 1262
1571 1179
1572 1515
1572 1124
1572 1195
1572 1482
1572 1472
1573 1351
1575 1185
1575 1278
1575 1411
1575 1403
1575 1409
1576 1079
1576 1006
1576 1424
1577 1423
1577 1472
1577 1334
1578 1146
1578 1216
1578 1312
1578 1419
1578 1466
1578 1324
1578 1507
1578 1057
1578 1106
1578 1141
1579 1472
1579 1444
1579 1496
1580 1375
1581 1359
1581 1553
1581 1013
1581 1039
1582 1663
1582 1680
1583 1697
1583 1749
1584 1778
1584 1687
1584 1633
1584 1724
1584 1684
1584 1804
1584 1806
1584 1638
1585 1713
1586 1599
1588 1777
1589 1710
1590 1702
1590 1684
1590 1624
1590 1610
1590 1676
1590 1684
1590 1684
1590 1770
1590 1744
1590 1648
1590 1774
1590 1614
1591 1638
1591 1684
1591 1827
1592 1854
1592 1751
1593 1760
1594 1774
1594 1643
1595 1703
1595 1760
1597 1604
1597 1613
1597 1657
1598 1684
1599 1821
1599 1714
1599 1684
1600 1588
1601 1798
1601 1789
1601 1628
1602 1728
1602 1680
1602 1643
1602 1757
1602 1770
1603 1638
1603 1684
1603 1763
1604 1669
1604 1766
1604 1682
1604 1739
1604 1708
1604 1722
1604 1814
1604 1849
1604 1684
1604 1769
1604 1604
1604 1717
1604 1585
1604 1669
1604 1610
1604 1684
1604 1661
1604 1810
1604 1719
1604 1681
1604 1684
1604 1720
1604 1811
1604 1590
1604 1810
1604 1816
1604 1597
1604 1678
1604 1760
1604 1811
1604 1602
1604 1848
1604 1714
1605 1614
1605 1820
1605 1678
1606 1720
1606 1778
1606 1846
1606 1638
1607 1590
1607 1604
1607 1654
1607 1601
1608 1720
1608 1722
1608 1729
1609 1789
1609 1749
1609 1655
1610 1840
1612 1660
1613 1722
1613 1789
1613 1657
1613 1686
1613 1637
1613 1705
1613 1684
1613 1765
1613 1800
1613 1604
1613 1838
1613 1663
1613 1684
1613 1712
1613 1729
1613 1811
1614 1784
1614 1684
1614 1736
1614 1826
1615 1844
1615 1604
1615 1684
1616 1643
1616 1847
1617 1762
1618 1638
1618 1684
1619 1607
1621 1699
1622 1855
1623 1771
1624 1727
1624 1804
1624 1789
1625 1613
1625 1686
1626 1806
1627 1810
1628 1722
1628 1722
1628 1782
1628 1732
1628 1732
1628 1638
1629 1764
1629 1748
1630 1688
1630 1684
1630 1714
1631 1775
1631 1694
1631 1604
1632 1747
1632 1718
1633 1753
1633 1590
1633 1727
1634 1770
1635 1593
1635 1601
1636 1727
1637 1689
1637 1651
1637 1778
1637 1625
1637 1720
1637 1729
1637 1722
1637 1747
1638 1633
1638 1826
1638 1757
1638 1722
1638 1704
1638 1719
1638 1732
1638 1684
1638 1778
1638 1692
1638 1604
1638 1684
1638 1791
1638 1722
1638 1811
1638 1595
1638 1637
1638 1732
1638 1680
1638 1782
1638 1657
1638 1684
1638 1698
1638 1808
1638 1744
1638 1604
1638 1594
1638 1792
1638 1757
1638 1858
1638 1734
1638 1719
1638 1728
1638 1748
1639 1760
1639 1810
1639 1693
1640 1725
1641 1722
1642 1696
1642 1725
1642 1840
1642 1716
1642 1604
1642 1657
1643 1651
1643 1684
1643 1646
1643 1736
1643 1778
1643 1737
1643 1855
1643 1801
1643 1732
1643 1818
1643 1778
1643 1749
1643 1811
1643 1684
1643 1757
1643 1684
1646 1703
1646 1816
1646 1684
1646 1657
1646 1684
1646 1757
1646 1638
1646 1763
1646 1843
1647 1778
1647 1798
1648 1669
1649 1657
1651 1749
1651 1595
1651 1747
1652 1638
1652 1820
1654 1808
1654 1684
1654 1643
1656 1780
1656 1728
1657 1855
1657 1604
1657 1808
1657 1830
1657 1642
1657 1729
1657 1789
1657 1732
1657 1681
1657 1778
1657 1652
1657 1638
1657 1738
1657 1604
1657 1666
1657 1638
1657 1806
1657 1688
1657 1589
1657 1844
1657 1637
1658 1590
1658 1748
1659 1731
1659 1771
1659 1724
1659 1684
1659 1840
1659 1757
1659 1760
1660 1638
1660 1786
1661 1757
1662 1661
1662 1831
1662 1589
1662 1650
1662 1684
1663 1676
1663 1760
1663 1643
1663 1772
1663 1788
1663 1594
1663 1762
1664 1858
1666 1673
1667 1722
1667 1757
1667 1684
1668 1849
1668 1646
1668 1604
1668 1613
1669 1770
1669 1735
1669 1651
1669 1599
1669 1756
1669 1732
1669 1722
1671 1684
1671 1858
1672 1749
1672 1749
1673 1778
1673 1749
1673 1704
1673 1629
1674 1638
1674 1648
1675 1675
1675 1858
1675 1640
1675 1604
1675 1625
1675 1720
1676 1855
1676 1638
1676 1668
1677 1722
1677 1722
1677 1701
1678 1757
1678 1684
1678 1680
1679 1812
1679 1676
1680 1757
1680 1636
1680 1778
1680 1725
1680 1745
1681 1608
1681 1806
1681 1639
1681 1620
1681 1669
1681 1657
1681 1604
1681 1814
1682 1732
1682 1657
1682 1856
1683 1757
1684 1760
1684 1749
1684 1739
1684 1698
1684 1791
1684 1840
1684 1684
1684 1638
1684 1791
1684 1757
1684 1760
1684 1770
1684 1604
1684 1801
1684 1705
1684 1642
1684 1749
1684 1757
1684 1849
1684 1757
1684 1672
1684 1632
1684 1676
1684 1708
1684 1601
1684 1789
1684 1673
1684 1746
1684 1609
1684 1638
1684 1629
1684 1657
1684 1820
1684 1666
1684 1760
1684 1722
1684 1707
1684 1678
1684 1757
1684 1713
1684 1793
1684 1625
1684 1858
1684 1856
1684 1657
1684 1855
1684 1602
1684 1638
1684 1811
1684 1808
1684 1821
1684 1714
1684 1795
1684 1666
1684 1669
1684 1699
1684 1684
1684 1660
1684 1806
1684 1684
1684 1722
1684 1823
1684 1831
1684 1622
1684 1602
1684 1602
1684 1850
1684 1637
1684 1714
1684 1720
1684 1720
1684 1757
1684 1657
1684 1584
1684 1840
1684 1782
1684 1751
1684 1810
1684 1599
1684 1638
1684 1684
1684 1673
1684 1757
1684 1729
1684 1732
1684 1814
1684 1739
1684 1808
1684 1640
1684 1709
1684 1657
1684 1760
1684 1669
1684 1613
1684 1684
1684 1732
1684 1812
1684 1684
1685 1724
1686 1789
1686 1764
1686 1829
1686 1760
1686 1851
1686 1725
1686 1714
1686 1760
1686 1851
1687 1811
1687 1686
1687 1772
1687 1745
1687 1669
1687 1604
1687 1684
1687 1770
1687 1598
1687 1625
1689 1656
1689 1840
1690 1742
1690 1851
1692 1757
1692 1715
1692 1770
1694 1726
1694 1596
1694 1792
1695 1757
1695 1590
1695 1852
1696 1823
1696 1704
1696 1852
1696 1737
1696 1770
1697 1825
1697 1661
1700 1604
1700 1714
1701 1663
1701 1778
1701 1782
1702 1778
1702 1849
1702 1679
1702 1760
1702 1784
1702 1807
1702 1778
1702 1749
1702 1857
1702 1612
1703 1719
1704 1611
1704 1791
1704 1681
1705 1855
1705 1708
1705 1729
1705 1751
1705 1587
1706 1855
1706 1645
1706 1643
1707 1760
1708 1665
1709 1584
1709 1724
1709 1689
1709 1728
1709 1716
1710 1822
1710 1802
1710 1637
1710 1770
1711 1669
1713 1853
1714 1691
1714 1798
1714 1593
1714 1684
1714 1763
1714 1704
1714 1684
1714 1759
1714 1722
1714 1771
1714 1749
1714 1722
1714 1757
1715 1643
1715 1604
1715 1840
1715 1789
1716 1643
1716 1812
1716 1856
1716 1823
1716 1729
1718 1638
1719 1667
1719 1757
1719 1684
1719 1789
1719 1652
1719 1812
1719 1684
1720 1789
1720 1604
1720 1757
1720 1604
1720 1702
1720 1628
1720 1749
1720 1695
1720 1722
1720 1714
1720 1585
1720 1586
1720 1875
1722 1630
1722 1692
1722 1760
1722 1677
1722 1598
1722 1728
1722 1760
1722 1637
1722 1659
1722 1594
1722 1667
1722 1584
1722 1588
1722 1811
1722 1728
1722 1797
1722 1757
1722 1770
1722 1684
1722 1757
1722 1804
1722 1806
1722 1804
1722 1811
1722 1684
1722 1757
1722 1626
1722 1585
1722 1588
1722 1811
1722 1675
1722 1680
1722 1785
1722 1760
1723 1670
1723 1712
1724 1846
1726 1760
1727 1604
1727 1684
1727 1757
1728 1788
1728 1610
1728 1714
1728 1684
1728 1638
1728 1736
1729 1836
1729 1717
1729 1800
1729 1701
1729 1727
1729 1815
1729 1847
1729 1586
1729 1684
1729 1832
1730 1649
1731 1826
1732 1714
1732 1643
1732 1732
1732 1613
1732 1686
1732 1722
1732 1688
1732 1714
1732 1757
1732 1757
1732 1855
1732 1778
1732 1706
1732 1596
1732 1840
1733 1778
1734 1618
1734 1840
1737 1689
1737 1687
1737 1643
1738 1759
1738 1638
1738 1757
1738 1584
1739 1729
1739 1718
1739 1618
1739 1598
1739 1846
1739 1778
1739 1684
1740 1684
1740 1615
1741 1782
1741 1617
1742 1604
1743 1855
1743 1783
1743 1704
1743 1753
1744 1673
1744 1806
1744 1657
1744 1789
1744 1673
1745 1795
1746 1659
1746 1757
1746 1657
1746 1714
1746 1593
1746 1800
1747 1657
1747 1704
1747 1638
1747 1634
1747 1704
1747 1828
1747 1778
1747 1584
1748 1778
1748 1778
1748 1643
1748 1806
1748 1853
1748 1722
1748 1720
1748 1596
1748 1591
1748 1681
1748 1674
1749 1730
1749 1651
1749 1604
1749 1684
1749 1722
1749 1796
1749 1700
1749 1613
1749 1667
1749 1801
1749 1748
1749 1735
1749 1698
1749 1684
1749 1744
1749 1684
1750 1599
1750 1702
1750 1684
1751 1719
1751 1665
1752 1748
1752 1745
1752 1630
1754 1840
1754 1811
1755 1656
1755 1796
1755 1763
1755 1697
1756 1638
1756 1638
1757 1669
1757 1732
1757 1825
1757 1642
1757 1662
1757 1733
1757 1770
1757 1684
1757 1757
1757 1740
1757 1743
1757 1677
1757 1734
1757 1808
1757 1595
1757 1638
1757 1793
1757 1808
1757 1628
1757 1840
1757 1778
1757 1684
1757 1763
1757 1658
1757 1618
1757 1728
1757 1628
1757 1743
1757 1608
1757 1628
1757 1760
1757 1684
1757 1832
1757 1815
1757 1597
1757 1649
1757 1808
1757 1778
1757 1607
1757 1855
1757 1840
1757 1752
1757 1770
1757 1760
1757 1748
1757 1790
1757 1858
1757 1811
1757 1792
1757 1840
1757 1691
1757 1801
1758 1838
1758 1858
1759 1749
1759 1778
1759 1587
1759 1583
1760 1853
1760 1749
1760 1722
1760 1714
1760 1710
1760 1743
1760 1778
1760 1684
1760 1748
1760 1684
1760 1673
1760 1757
1760 1726
1760 1629
1760 1700
1760 1714
1760 1638
1760 1738
1760 1755
1760 1669
1760 1691
1760 1626
1760 1777
1760 1592
1760 1684
1760 1596
1760 1702
1760 1848
1760 1656
1760 1625
1760 1664
1760 1599
1760 1722
1760 1609
1760 1757
1760 1608
1760 1732
1760 1612
1760 1679
1760 1760
1760 1811
1760 1800
1761 1744
1762 1643
1762 1695
1763 1801
1763 1616
1763 1748
1763 1595
1764 1729
1764 1773
1765 1617
1766 1793
1768 1754
1768 1657
1769 1702
1769 1760
1770 1782
1770 1684
1770 1806
1770 1775
1770 1612
1770 1702
1770 1714
1770 1643
1770 1728
1770 1613
1770 1757
1770 1757
1770 1642
1770 1638
1770 1684
1770 1648
1770 1811
1770 1829
1770 1607
1770 1623
1770 1843
1771 1682
1771 1732
1772 1682
1772 1729
1772 1782
1772 1836
1773 1806
1773 1757
1774 1843
1775 1761
1775 1770
1775 1716
1775 1604
1776 1800
1776 1812
1776 1778
1776 1789
1777 1638
1777 1749
1777 1587
1778 1790
1778 1633
1778 1657
1778 1770
1778 1729
1778 1607
1778 1752
1778 1588
1778 1770
1778 1684
1778 1757
1778 1638
1778 1800
1778 1646
1778 1629
1778 1642
1778 1816
1778 1732
1778 1758
1778 1792
1778 1592
1778 1598
1778 1687
1778 1810
1778 1643
1778 1759
1778 1684
1778 1722
1778 1855
1778 1638
1778 1869
1779 1684
1779 1835
1779 1811
1780 1684
1780 1684
1780 1760
1781 1637
1781 1719
1781 1792
1782 1755
1782 1646
1782 1702
1782 1601
1784 1721
1785 1604
1785 1593
1786 1840
1786 1596
1787 1684
1787 1679
1788 1705
1788 1669
1789 1626
1789 1684
1789 1789
1789 1823
1789 1729
1789 1800
1789 1750
1789 1742
1789 1770
1789 1677
1789 1582
1789 1806
1789 1604
1789 1775
1789 1853
1789 1600
1789 1700
1789 1714
1791 1807
1791 1718
1791 1727
1791 1722
1791 1729
1791 1696
1792 1810
1792 1757
1792 1654
1792 1604
1792 1611
1793 1739
1793 1604
1793 1618
1794 1684
1795 1722
1795 1792
1795 1684
1795 1684
1796 1789
1796 1727
1798 1760
1798 1642
1798 1684
1798 1732
1799 1782
1800 1750
1800 1612
1800 1804
1800 1744
1800 1779
1800 1607
1800 1836
1800 1684
1800 1791
1801 1625
1801 1773
1801 1642
1801 1835
1801 1638
1801 1778
1801 1844
1802 1801
1802 1723
1802 1684
1802 1760
1804 1732
1805 1811
1806 1638
1806 1684
1806 1811
1806 1811
1806 1840
1806 1657
1806 1855
1806 1800
1806 1643
1806 1840
1806 1801
1806 1778
1807 1855
1808 1858
1808 1722
1808 1822
1809 1672
1810 1714
1810 1733
1810 1743
1810 1618
1811 1811
1811 1730
1811 1709
1811 1770
1811 1729
1811 1684
1811 1651
1811 1778
1811 1678
1811 1638
1811 1584
1811 1657
1811 1858
1811 1722
1811 1684
1811 1760
1811 1858
1811 1722
1811 1628
1811 1823
1811 1811
1812 1748
1812 1760
1812 1677
1812 1599
1812 1771
1812 1684
1813 1760
1814 1770
1814 1594
1814 1727
1816 1749
1817 1684
1817 1625
1817 1811
1818 1848
1818 1816
1818 1638
1818 1801
1818 1787
1818 1760
1818 1843
1819 1760
1820 1602
1820 1820
1820 1840
1820 1722
1822 1684
1822 1728
1822 1744
1822 1778
1823 1598
1823 1684
1824 1782
1825 1812
1825 1684
1826 1720
1826 1757
1828 1768
1829 1748
1830 1638
1830 1767
1831 1710
1831 1687
1831 1845
1831 1646
1831 1732
1835 1604
1835 1716
1836 1659
1837 1855
1837 1853
1837 1684
1837 1757
1837 1771
1837 1604
1838 1759
1838 1680
1839 1698
1840 1722
1840 1770
1840 1590
1840 1728
1840 1590
1840 1684
1840 1714
1840 1653
1840 1643
1840 1750
1840 1760
1840 1855
1841 1778
1842 1613
1843 1637
1843 1684
1843 1665
1843 1684
1844 1684
1844 1754
1844 1757
1845 1786
1846 1770
1846 1749
1847 1789
1847 1722
1847 1632
1849 1714
1849 1616
1849 1613
1851 1818
1851 1801
1852 1858
1853 1622
1853 1713
1854 1684
1855 1645
1855 1806
1855 1757
1855 1764
1855 1722
1855 1760
1855 1800
1855 1757
1856 1765
1856 1839
1857 1684
1857 1828
1857 1845
1858 1651
1858 1641
1858 1760
1858 1757
1858 1638
1858 1776
1858 1811
1859 1892
1859 1901
1859 1892
1859 1891
1859 1880
1860 1890
1860 1886
1861 1893
1861 1863
1861 1880
1862 1898
1862 1859
1862 1882
1864 1866
1864 1864
1864 1901
1864 1875
1864 1885
1864 1861
1864 1886
1864 1867
1864 1898
1864 1875
1865 1861
1865 1892
1866 1859
1867 1869
1867 1879
1867 1901
1868 1894
1868 1875
1870 1898
1871 1859
1871 1896
1871 1860
1871 1898
1871 1902
1871 1866
1871 1901
1872 1881
1874 1901
1874 1871
1875 1865
1875 1895
1875 1862
1875 1880
1875 1883
1875 1901
1875 1859
1875 1895
1876 1869
1876 1868
1877 1898
1877 1866
1877 1880
1877 1896
1877 1863
1877 1873
1877 1898
1879 1880
1880 1879
1880 1902
1880 1896
1880 1871
1880 1898
1880 1876
1880 1863
1880 1870
1880 1883
1880 1898
1880 1893
1880 1876
1880 1871
1880 1898
1880 1898
1880 1898
1880 1874
1881 1898
1881 1871
1882 1886
1883 1892
1883 1861
1883 1865
1884 1871
1884 1883
1885 1898
1885 1901
1885 1864
1886 1866
1886 1882
1886 1871
1887 1894
1887 1896
1889 1864
1890 1870
1890 1896
1890 1880
1890 1878
1891 1880
1891 1867
1891 1871
1891 1902
1892 1864
1893 1898
1893 1883
1893 1896
1895 1880
1895 1862
1895 1901
1895 1860
1896 1898
1896 1864
1896 1889
1896 1877
1896 1875
1896 1897
1896 1866
1896 1898
1896 1898
1897 1885
1897 1889
1897 1871
1898 1873
1898 1866
1898 1899
1898 1871
1898 1883
1898 1893
1898 1871
1898 1880
1898 1898
1898 1879
1898 1871
1898 1889
1898 1866
1898 1863
1898 1864
1898 1877
1899 1880
1899 1871
1900 1899
1901 1872
1901 1896
1901 1864
1901 1898
1901 1898
1901 1867
1901 1867
1901 1880
1901 1896
1901 1894
1901 1865
1902 1864
1902 1883