0 7
1 6
1 12
2 16
2 1
2 9
4 21
4 15
5 17
5 12
5 16
6 13
6 14
6 15
9 7
11 11
12 9
13 15
13 1
14 12
14 11
16 2
16 9
16 16
16 0
19 5
19 12
19 3
20 20
20 21
22 1
23 70
25 66
25 76
26 61
26 37
26 29
26 52
26 61
26 26
26 33
26 26
26 66
26 57
26 99
26 97
26 810
27 55
27 24
28 55
28 78
29 24
29 32
29 28
30 78
31 46
31 51
31 61
31 28
31 115
32 72
32 59
33 64
33 70
33 55
33 35
33 63
33 94
34 36
34 35
34 48
35 47
35 63
35 118
36 46
37 48
38 26
39 62
39 48
39 70
39 39
39 1080
40 435
42 65
42 71
42 45
43 64
43 47
43 44
43 100
43 382
44 25
44 51
44 40
44 102
45 24
45 68
46 59
46 67
47 120
48 46
49 41
49 66
49 37
49 95
50 44
50 28
50 1098
51 50
51 71
52 26
52 65
52 244
53 26
54 25
54 65
54 38
54 43
54 25
55 44
56 62
56 28
56 61
56 71
56 75
57 40
57 66
57 63
58 30
58 33
59 39
59 101
59 112
60 61
60 72
60 46
60 25
60 74
60 1092
61 29
62 65
62 47
62 36
62 28
62 119
62 242
63 57
63 62
63 82
63 503
64 23
64 26
64 47
64 30
64 235
65 42
65 51
65 101
66 39
66 63
66 51
66 332
66 844
67 61
68 31
68 62
69 66
70 52
71 56
71 61
71 101
71 806
72 35
73 102
73 94
73 101
73 101
73 1083
73 1083
74 102
74 87
74 94
74 115
74 113
75 121
75 102
75 109
75 122
75 793
76 104
76 79
77 101
77 94
77 838
78 109
78 94
78 102
78 94
78 93
78 77
78 102
78 101
78 862
79 119
80 102
80 112
80 103
80 102
81 94
81 91
81 82
81 94
81 531
81 985
82 87
82 82
82 94
82 74
82 94
82 95
82 85
82 78
82 122
82 73
82 98
82 102
82 87
82 98
82 122
82 78
82 102
82 94
82 82
82 96
82 90
82 102
82 82
82 94
82 94
82 94
82 102
82 92
82 82
82 122
82 94
82 89
82 840
82 856
82 1083
83 94
83 111
83 94
83 1106
83 1080
83 1081
84 94
84 73
84 94
84 101
84 1092
85 94
85 997
86 94
86 78
87 119
87 120
87 77
88 94
88 94
88 1104
89 78
89 1081
90 78
90 74
90 78
90 101
90 115
90 891
91 102
91 1079
92 79
92 95
92 73
92 122
93 82
93 82
93 222
93 526
94 119
94 117
94 89
94 90
94 121
94 78
94 78
94 94
94 101
94 98
94 101
94 87
94 118
94 101
94 94
94 73
94 114
94 102
94 88
94 102
94 94
94 82
94 103
94 82
94 101
94 94
94 112
94 73
94 74
94 94
94 122
94 102
94 101
94 94
94 115
94 94
94 101
94 94
94 103
94 558
94 569
94 842
94 933
94 929
94 1092
94 1083
94 1160
95 98
95 83
95 73
95 1107
96 109
96 94
97 75
97 852
98 84
98 94
100 102
100 94
100 118
100 571
101 101
101 101
101 94
101 102
101 94
101 109
101 73
101 94
101 73
101 76
101 82
101 94
101 115
101 78
101 103
101 122
101 75
101 114
101 122
101 102
101 82
101 94
101 111
101 86
101 81
101 96
101 1083
101 1259
102 94
102 118
102 101
102 94
102 111
102 101
102 102
102 86
102 93
102 74
102 101
102 103
102 110
102 98
102 94
102 102
102 122
102 102
102 97
102 75
102 1081
102 1084
102 1092
102 1095
103 120
103 84
104 94
104 73
104 104
105 102
105 102
105 85
105 81
105 73
106 102
106 94
107 94
107 101
107 100
107 82
109 78
109 82
109 102
109 85
109 78
109 105
109 585
109 1083
110 102
111 90
111 122
111 100
111 88
112 109
113 85
113 94
113 122
114 94
114 119
114 122
115 94
116 118
116 109
116 91
116 102
117 547
117 1090
118 89
118 94
118 109
118 101
118 118
118 82
118 228
118 997
119 82
119 101
119 101
119 101
119 78
119 116
119 116
119 567
120 81
120 579
121 110
121 94
121 73
121 73
122 99
122 102
122 102
122 94
122 101
122 98
122 74
122 94
122 113
122 93
122 102
122 861
123 93
123 108
123 78
125 141
125 130
126 140
126 141
126 141
127 133
127 142
128 142
128 141
128 141
129 139
130 127
133 139
134 132
136 141
136 342
137 137
137 141
138 136
138 139
139 135
140 134
141 128
141 128
141 141
141 132
141 135
141 141
141 141
141 140
141 125
141 352
142 141
142 141
143 130
144 144
145 153
145 177
145 164
145 320
147 153
148 171
148 155
149 174
149 153
151 165
152 164
153 184
153 154
154 178
155 146
155 156
155 184
155 161
155 161
155 155
155 150
155 173
155 177
155 337
155 355
156 159
156 167
157 177
157 162
158 148
158 155
159 181
161 169
161 155
161 145
161 184
161 155
162 164
162 169
163 174
163 585
164 157
165 171
165 163
165 375
166 156
166 409
167 155
167 155
167 171
167 160
167 179
167 157
167 399
168 151
168 155
169 169
170 155
170 161
170 172
170 182
171 153
171 181
171 180
172 157
172 168
173 154
173 175
173 175
173 322
174 173
174 155
175 164
176 173
176 155
176 177
177 169
177 154
177 164
177 160
177 155
177 170
178 157
178 165
178 155
179 153
180 174
180 322
181 183
181 152
181 151
181 342
182 175
184 154
184 155
184 180
184 155
184 159
186 213
188 208
189 208
191 213
191 194
191 196
192 186
194 198
195 209
195 195
196 190
196 210
196 212
197 197
197 196
198 211
198 201
200 210
200 211
205 194
205 188
206 188
207 210
207 211
209 210
209 203
211 209
211 194
211 193
211 204
211 211
211 213
211 189
212 202
212 211
213 206
213 189
214 222
214 242
215 229
215 219
215 242
215 229
216 221
216 242
216 228
216 222
217 216
217 216
217 218
217 218
217 223
217 237
217 235
218 237
218 242
218 244
218 224
218 223
218 214
218 238
218 223
218 225
218 240
218 228
218 232
219 242
219 242
219 244
219 234
219 244
219 240
219 240
219 227
220 237
220 241
220 236
221 238
221 237
221 240
221 219
221 218
221 242
221 231
222 219
222 237
222 236
223 232
223 242
223 230
223 244
223 218
224 240
224 218
224 219
225 215
225 240
225 388
226 242
226 227
227 243
227 239
227 218
227 228
227 238
227 229
228 244
228 236
228 242
228 218
228 224
228 224
228 235
229 217
229 242
229 242
229 230
230 242
230 242
231 240
231 245
231 220
232 244
232 242
232 240
232 215
233 219
233 246
233 230
233 224
234 243
234 218
234 231
234 215
234 218
234 218
234 223
235 221
235 240
236 234
236 242
236 240
236 244
236 223
236 221
236 244
237 235
237 241
238 240
238 244
238 214
239 242
239 215
239 242
240 238
240 228
240 229
240 218
240 242
240 233
240 246
240 217
240 222
240 230
240 242
240 240
240 240
240 238
240 242
240 240
240 215
240 217
241 242
241 224
241 242
241 242
241 242
241 242
242 215
242 229
242 243
242 241
242 224
242 242
242 240
242 240
242 244
242 222
242 221
242 220
242 237
242 218
242 240
242 240
242 244
242 242
242 242
242 230
242 237
242 223
242 242
242 242
242 234
242 220
242 242
242 232
242 242
242 220
242 231
242 229
242 242
242 234
242 244
242 245
242 237
243 220
243 218
244 216
244 242
244 242
244 232
244 242
244 216
244 231
244 244
244 215
244 224
244 215
245 221
245 238
245 242
246 230
246 219
246 225
247 298
247 276
247 256
247 253
248 269
249 269
249 299
249 273
249 295
249 291
249 249
249 249
249 299
249 298
249 291
249 261
249 249
249 249
249 249
249 249
250 262
250 275
251 283
251 278
251 249
251 262
256 278
256 270
257 255
258 273
259 256
260 297
262 285
266 276
267 249
267 249
267 249
268 254
270 298
270 249
271 268
272 292
275 299
277 249
279 272
279 297
279 251
281 298
281 269
282 264
283 273
283 248
283 249
285 249
285 249
288 248
288 249
288 283
289 285
289 259
291 253
294 292
297 256
299 282
300 311
300 304
300 313
300 311
301 310
302 310
302 300
303 314
303 301
304 300
304 307
304 302
305 311
305 300
305 304
305 312
305 309
306 302
307 303
307 310
309 300
309 567
310 310
310 302
310 302
310 301
311 302
311 313
311 304
314 310
316 317
316 317
319 388
320 402
320 342
321 322
322 370
322 394
322 338
322 371
322 333
322 356
322 332
322 324
323 342
323 763
324 356
325 366
325 342
325 322
325 377
326 322
327 398
328 342
330 326
330 359
330 1106
331 377
331 329
331 396
331 325
331 398
331 1083
333 341
333 395
333 410
333 378
333 354
334 338
334 392
334 320
335 334
336 318
337 400
337 377
337 362
339 342
340 371
340 358
340 326
341 401
341 373
342 399
342 322
342 356
342 376
342 342
342 319
342 404
342 336
342 371
342 363
342 351
342 403
342 388
342 398
342 388
342 402
342 319
342 404
342 441
342 1096
343 356
343 318
343 387
343 371
344 322
344 342
344 385
345 361
346 347
346 325
346 341
346 388
346 337
347 348
347 399
347 401
347 385
348 362
348 322
348 387
349 409
349 392
349 370
349 387
349 356
349 402
350 366
350 361
350 352
350 342
350 364
350 360
352 383
353 319
353 397
353 406
353 318
353 332
354 346
354 377
354 342
354 387
355 324
355 333
356 349
356 379
356 366
356 348
356 361
356 379
356 335
356 411
356 349
356 339
356 383
356 368
356 342
357 324
357 386
357 368
357 402
357 389
358 389
358 384
359 330
359 367
359 344
359 322
360 368
360 813
361 405
361 368
362 342
362 340
362 337
362 403
363 383
363 321
364 366
364 385
364 350
364 367
364 379
366 391
366 396
366 391
366 329
367 344
368 353
368 375
368 351
368 345
368 378
368 375
369 330
369 368
369 374
369 342
371 360
371 318
371 339
372 356
372 343
373 371
373 340
375 384
375 325
375 403
376 369
377 326
377 329
377 397
378 343
378 323
378 318
379 377
379 355
379 342
381 410
381 387
382 389
382 409
382 362
383 586
384 402
384 342
384 342
384 356
386 355
387 409
387 356
387 403
388 350
389 326
389 318
389 797
390 345
390 397
390 367
391 344
391 331
391 814
392 394
392 387
393 323
393 400
394 322
395 386
395 391
396 384
397 347
398 382
399 326
399 340
399 342
399 342
399 407
399 352
399 380
399 342
399 397
400 395
400 356
401 319
402 379
402 356
402 342
402 396
403 359
403 396
403 385
403 350
403 342
403 334
404 397
404 382
405 390
406 318
406 332
406 339
406 396
407 385
407 338
407 403
409 343
409 411
409 388
410 369
410 364
411 361
411 342
411 363
411 392
412 412
412 424
412 419
412 449
412 435
412 438
412 435
412 419
412 448
414 441
414 421
414 412
415 416
415 435
415 447
415 417
415 425
416 436
417 414
418 450
418 422
420 446
420 439
420 435
420 415
421 422
421 435
421 441
421 446
421 435
421 437
421 415
422 412
422 438
422 447
422 432
422 1077
422 1084
423 429
424 427
424 426
424 418
424 443
424 412
424 936
425 435
425 447
425 441
425 1083
426 424
426 438
426 1079
427 412
428 441
428 412
428 813
429 448
430 440
430 443
430 428
430 814
431 445
432 435
433 416
433 441
433 435
433 448
434 447
434 441
434 421
434 434
434 432
435 422
435 445
435 418
435 441
435 424
435 412
435 418
435 806
435 778
436 433
436 427
436 445
437 445
437 436
439 413
439 426
439 412
439 443
440 412
440 424
441 448
441 417
441 429
441 426
441 437
441 433
441 415
442 412
442 448
442 793
443 442
443 412
444 441
444 412
444 415
445 435
445 425
446 424
446 418
446 415
446 443
447 441
447 449
447 446
447 412
447 423
447 430
448 437
448 450
448 441
448 435
449 415
449 435
451 445
451 424
452 455
453 472
453 471
455 461
455 471
456 474
457 470
458 468
458 474
459 459
460 474
460 460
462 455
463 472
464 472
464 467
464 467
465 471
465 474
466 463
466 474
467 452
467 474
467 455
467 459
469 455
469 453
470 467
472 455
473 452
473 457
474 472
474 459
474 469
474 467
474 475
474 474
475 458
478 509
479 534
481 489
481 515
481 488
482 489
482 482
482 509
483 509
483 509
484 502
485 495
485 509
486 480
487 494
488 492
488 519
488 515
488 509
489 483
490 480
491 509
491 518
491 562
494 512
494 476
495 507
496 491
497 494
497 519
497 851
499 507
500 522
502 518
502 493
503 509
504 476
504 503
504 867
505 492
505 494
505 479
505 484
506 521
507 518
509 479
509 491
509 514
509 478
509 477
509 476
509 576
509 655
509 989
510 508
510 486
510 509
512 496
512 477
512 514
513 500
514 499
514 509
515 493
515 489
516 482
516 507
516 512
518 496
518 502
519 509
520 477
520 493
522 509
522 481
522 489
522 497
523 521
524 529
524 574
525 562
525 573
525 566
526 535
526 536
526 581
527 568
527 1005
528 563
528 529
528 548
528 545
529 857
530 535
530 574
530 536
532 566
532 582
532 577
532 823
533 536
533 550
534 556
534 578
535 525
536 549
536 536
536 528
536 535
536 549
536 539
536 567
536 565
536 566
536 533
536 554
536 560
536 576
536 638
536 823
537 576
537 526
538 563
539 536
539 555
539 562
540 579
541 536
541 577
543 571
544 532
544 532
545 538
546 543
546 562
546 573
546 1260
547 536
547 571
547 536
547 531
547 536
548 566
548 525
548 993
549 582
549 536
549 562
550 541
550 575
550 527
550 544
550 562
551 566
551 581
552 567
552 841
552 860
552 1000
553 530
554 570
555 580
555 526
556 525
556 536
556 555
556 877
557 582
557 566
558 525
558 554
558 549
558 566
558 543
561 527
562 564
562 579
562 557
562 581
562 531
562 527
562 832
563 1218
564 579
564 562
564 562
565 531
566 557
566 530
566 565
566 525
566 566
566 562
566 563
566 557
567 569
567 576
568 559
568 584
568 535
568 854
570 575
571 536
572 541
572 577
572 528
572 538
573 532
573 579
573 559
574 527
574 535
575 537
576 539
576 566
576 552
576 569
576 536
576 564
577 547
577 583
577 525
577 578
577 536
578 560
579 534
579 553
579 566
579 566
579 566
579 584
579 536
579 536
579 975
581 577
581 536
582 576
582 564
583 564
583 547
584 548
585 540
586 595
586 595
586 586
586 595
586 595
586 592
586 593
586 594
586 599
586 596
586 588
586 596
586 586
586 597
586 596
587 596
587 591
588 595
589 593
589 594
589 596
590 599
590 587
590 593
590 597
591 586
591 588
592 593
592 586
592 586
592 586
593 595
593 598
593 586
594 595
594 586
595 586
595 592
597 597
597 596
599 586
599 595
599 595
599 596
600 605
601 613
602 602
602 612
602 619
603 614
603 615
603 601
604 611
604 608
607 615
609 601
609 610
610 614
610 619
610 607
610 605
611 609
612 600
612 610
613 609
614 612
614 604
615 603
621 622
621 623
622 620
622 623
623 620
623 624
625 634
625 653
626 655
626 648
626 650
626 648
627 648
627 634
628 656
629 644
629 640
629 644
630 627
632 635
632 626
632 625
632 648
632 642
633 629
634 638
634 641
634 644
635 648
636 646
638 633
638 642
638 629
640 636
644 656
646 645
646 625
646 639
646 648
648 632
648 652
648 656
648 627
648 644
648 647
648 647
648 640
649 654
650 646
651 655
651 626
651 653
652 632
653 648
654 634
654 650
655 657
655 626
655 634
656 646
656 644
657 655
657 628
657 648
658 659
659 661
659 667
659 664
660 658
660 667
661 664
661 660
661 667
662 661
662 665
662 664
662 664
662 658
663 663
664 666
664 665
665 669
665 666
665 661
665 660
666 667
666 666
667 669
667 668
668 664
668 660
669 659
669 663
669 669
669 660
672 677
673 681
673 686
673 687
674 690
674 680
675 689
677 686
679 674
682 682
683 686
683 683
684 672
684 686
686 683
686 688
686 687
686 691
686 688
686 694
686 691
686 686
687 688
688 679
689 674
689 686
691 693
691 688
691 689
692 671
694 688
695 695
695 695
696 695
697 696
699 695
700 700
702 718
706 986
708 711
709 705
709 712
709 726
710 708
711 724
711 723
712 708
712 709
712 714
712 722
712 702
713 706
713 714
713 716
713 714
713 706
713 708
715 716
716 711
716 723
717 700
717 714
717 718
717 719
717 705
718 714
718 712
718 726
718 716
718 700
719 716
720 705
720 707
722 712
722 721
722 721
722 720
722 704
723 718
723 700
725 718
726 725
727 731
727 729
728 732
729 737
730 730
731 735
731 731
732 737
732 728
732 729
732 729
735 727
737 730
738 746
738 742
740 745
740 742
741 741
742 740
742 741
742 744
742 743
742 738
745 744
746 745
747 750
747 752
748 750
750 750
750 751
751 750
752 751
752 749
752 750
752 753
753 752
753 749
753 749
754 753
754 748
754 747
754 752
755 762
756 762
757 762
757 765
760 755
760 758
760 765
761 756
763 767
763 757
763 760
764 756
765 765
766 771
768 756
768 765
768 762
769 772
770 772
770 765
770 755
772 760
772 763
773 767
773 771
774 775
775 775
776 804
777 778
777 782
778 810
778 813
778 801
778 791
778 795
778 783
778 804
778 783
778 802
778 786
779 801
779 783
779 780
779 777
780 781
780 811
783 809
783 784
783 808
783 793
784 781
785 808
785 819
785 809
786 801
787 806
787 798
787 779
788 808
790 809
791 799
792 810
792 799
793 814
793 809
793 783
795 793
796 812
797 814
797 782
797 814
798 778
798 792
798 783
799 804
800 817
801 804
801 812
801 788
801 778
801 805
801 778
801 814
801 1077
802 810
802 784
803 787
804 788
804 810
804 778
805 800
805 779
807 776
808 813
809 786
809 814
809 777
809 818
809 1075
810 782
810 802
810 790
810 810
810 1082
811 790
811 815
811 817
811 778
811 803
811 779
811 819
812 810
812 795
812 1079
813 807
813 814
813 791
813 799
814 803
814 817
814 791
814 807
814 795
814 1086
815 816
816 809
816 819
817 797
817 803
817 804
818 816
818 816
820 824
821 827
821 821
821 824
821 827
821 826
822 821
822 825
822 825
823 828
823 827
824 824
824 821
825 820
825 827
825 827
825 826
825 827
826 820
826 825
826 821
826 826
827 821
827 827
827 824
827 822
827 824
827 827
827 826
828 821
828 827
828 824
829 853
829 876
830 830
830 868
831 861
831 874
832 865
832 985
833 843
833 838
834 864
836 854
836 889
837 847
838 885
838 884
839 886
840 883
841 836
842 858
843 841
843 835
843 863
843 859
844 833
844 876
846 880
847 882
847 854
847 878
848 869
848 862
850 862
851 868
853 855
853 858
853 881
853 884
853 876
854 889
855 890
855 879
855 885
856 884
856 858
856 866
857 846
858 858
858 865
858 829
858 855
858 858
858 891
858 862
858 858
858 982
859 852
859 883
862 884
862 886
862 847
862 854
863 863
864 865
865 879
865 848
865 881
866 878
867 883
867 855
869 870
869 886
870 874
870 847
872 1260
873 868
873 858
874 851
874 885
874 887
874 859
875 884
875 876
876 837
876 869
876 879
877 882
877 841
877 891
877 844
878 845
878 850
879 834
880 890
882 880
882 862
882 869
883 861
883 840
884 850
884 839
885 874
885 874
886 871
888 891
888 877
888 858
888 856
888 858
889 855
889 851
889 832
890 870
890 845
891 872
892 864
893 905
894 901
894 897
894 923
896 901
896 910
896 918
897 923
898 907
900 919
900 901
901 912
901 901
901 924
901 895
901 901
901 913
901 901
901 905
902 901
905 903
905 901
907 901
911 914
911 915
913 895
913 901
913 901
914 919
915 925
916 904
916 902
917 895
919 910
919 915
921 901
923 901
923 913
923 918
923 915
926 926
927 927
927 928
928 928
928 928
929 930
929 930
929 930
930 940
930 929
930 929
931 943
931 930
931 930
932 936
935 930
936 941
937 930
937 930
938 1082
939 933
940 945
941 936
942 931
943 934
943 944
943 930
944 945
944 929
945 940
945 930
945 939
945 938
945 942
946 1081
947 949
947 949
948 950
948 949
950 951
951 947
951 949
951 947
952 951
953 949
953 948
953 948
953 952
954 951
955 957
955 957
955 955
957 956
958 956
958 955
958 955
958 958
959 956
959 959
960 973
962 973
963 968
964 974
964 961
965 973
965 973
967 974
967 963
968 973
968 974
970 974
971 969
971 962
972 973
973 965
973 971
973 968
974 961
974 973
975 983
976 998
976 1002
978 1001
979 977
979 1008
981 978
981 985
983 987
984 986
984 1000
985 988
985 988
985 985
985 1005
985 996
985 983
985 985
985 981
985 994
986 998
986 987
987 977
987 1002
988 1006
989 981
989 992
989 981
991 1007
991 1006
991 990
993 998
993 996
993 1000
994 975
994 1000
996 996
996 995
997 992
997 992
997 980
997 997
998 998
998 1002
999 1008
1000 1005
1000 1002
1002 981
1004 997
1005 1003
1005 990
1006 980
1006 985
1007 1003
1007 1008
1007 977
1009 1010
1009 1010
1010 1011
1011 1011
1011 1009
1011 1009
1013 1021
1014 1025
1014 1028
1014 1028
1014 1015
1015 1024
1015 1015
1015 1016
1015 1027
1016 1028
1017 1017
1019 1021
1020 1028
1020 1015
1021 1016
1022 1022
1024 1019
1024 1020
1025 1028
1025 1016
1025 1026
1026 1026
1027 1020
1027 1015
1028 1025
1028 1026
1028 1016
1028 1014
1028 1027
1028 1028
1028 1015
1028 1028
1029 1029
1030 1029
1031 1031
1031 1031
1032 1033
1032 1036
1032 1034
1033 1037
1034 1033
1034 1033
1034 1032
1035 1032
1035 1033
1036 1035
1036 1035
1036 1033
1037 1032
1037 1035
1039 1039
1040 1038
1040 1039
1041 1041
1041 1041
1041 1041
1042 1043
1043 1043
1043 1042
1044 1045
1045 1045
1045 1046
1047 1047
1050 1050
1050 1051
1050 1051
1051 1054
1052 1048
1052 1049
1052 1048
1053 1054
1053 1048
1054 1052
1055 1058
1055 1056
1055 1062
1056 1062
1056 1056
1058 1057
1058 1065
1058 1060
1059 1056
1060 1061
1060 1060
1060 1063
1060 1061
1061 1065
1062 1057
1062 1058
1063 1065
1063 1065
1064 1055
1064 1058
1064 1066
1064 1058
1064 1065
1065 1058
1066 1060
1066 1058
1066 1059
1068 1068
1068 1069
1068 1069
1069 1067
1070 1083
1070 1077
1070 1083
1072 1092
1072 1104
1072 1101
1072 1071
1072 1086
1073 1092
1074 1103
1075 1105
1075 1090
1075 1083
1075 1078
1075 1098
1077 1098
1077 1094
1077 1085
1077 1081
1077 1074
1077 1092
1077 1087
1078 1107
1078 1077
1078 1092
1080 1077
1080 1080
1080 1083
1081 1082
1081 1089
1081 1100
1081 1089
1081 1083
1081 1101
1081 1070
1081 1101
1081 1083
1081 1094
1081 1082
1081 1107
1082 1073
1082 1083
1082 1072
1082 1106
1082 1103
1082 1081
1082 1086
1082 1077
1082 1086
1082 1089
1082 1107
1082 1095
1083 1076
1083 1098
1083 1081
1083 1083
1083 1073
1083 1101
1083 1081
1083 1085
1083 1083
1083 1083
1083 1077
1083 1098
1083 1077
1083 1070
1083 1081
1083 1107
1083 1107
1083 1082
1083 1082
1083 1083
1083 1104
1083 1100
1083 1073
1085 1091
1085 1091
1086 1097
1087 1082
1087 1082
1087 1083
1087 1083
1088 1091
1088 1092
1090 1081
1090 1083
1091 1073
1091 1096
1091 1096
1091 1093
1092 1075
1092 1083
1092 1093
1092 1074
1092 1092
1092 1088
1093 1083
1093 1083
1093 1072
1093 1083
1093 1099
1094 1083
1094 1083
1095 1104
1096 1086
1097 1098
1098 1082
1098 1083
1099 1102
1099 1098
1099 1081
1099 1107
1100 1096
1100 1079
1101 1096
1101 1105
1101 1091
1101 1086
1102 1077
1102 1090
1102 1081
1102 1083
1103 1088
1104 1083
1105 1098
1105 1101
1107 1083
1107 1092
1107 1098
1107 1099
1108 1110
1108 1109
1110 1109
1111 1121
1112 1112
1112 1118
1112 1111
1113 1118
1113 1122
1116 1120
1118 1125
1120 1118
1121 1121
1121 1117
1122 1119
1122 1124
1123 1118
1124 1115
1124 1121
1124 1124
1125 1120
1127 1117
1127 1117
1128 1131
1128 1131
1129 1129
1129 1132
1130 1128
1131 1130
1132 1131
1132 1129
1132 1133
1133 1128
1133 1131
1133 1129
1134 1134
1135 1137
1135 1136
1136 1137
1136 1136
1137 1134
1137 1134
1138 1139
1140 1140
1140 1140
1141 1143
1141 1145
1143 1140
1144 1145
1144 1142
1144 1143
1145 1142
1145 1144
1147 1148
1148 1148
1148 1147
1148 1146
1149 1150
1150 1150
1152 1160
1153 1156
1153 1155
1154 1155
1155 1159
1156 1159
1156 1151
1156 1152
1157 1151
1157 1157
1158 1155
1159 1158
1159 1159
1159 1152
1159 1159
1160 1154
1160 1153
1161 1163
1163 1162
1163 1161
1163 1162
1165 1168
1165 1167
1165 1164
1165 1166
1166 1164
1166 1167
1168 1167
1168 1166
1168 1164
1169 1169
1170 1169
1170 1172
1170 1170
1170 1170
1170 1173
1170 1172
1172 1171
1172 1173
1174 1175
1176 1176
1178 1178
1178 1177
1178 1177
1181 1180
1181 1181
1182 1182
1182 1182
1184 1183
1184 1186
1185 1184
1185 1186
1185 1186
1187 1187
1188 1194
1188 1194
1191 1200
1191 1202
1192 1191
1193 1202
1193 1203
1194 1193
1195 1202
1195 1194
1195 1189
1196 1200
1196 1197
1198 1190
1198 1193
1199 1200
1199 1192
1200 1198
1202 1202
1202 1198
1202 1199
1202 1202
1202 1204
1202 1205
1202 1202
1202 1205
1203 1195
1204 1202
1204 1201
1204 1201
1205 1188
1205 1198
1205 1202
1207 1206
1207 1210
1207 1207
1207 1207
1207 1207
1208 1209
1211 1213
1211 1213
1211 1212
1213 1211
1214 1221
1215 1228
1218 1215
1218 1224
1219 1226
1219 1221
1220 1217
1220 1232
1220 1215
1221 1215
1222 1226
1223 1224
1224 1232
1224 1217
1225 1228
1225 1220
1226 1214
1227 1227
1227 1218
1227 1232
1227 1225
1227 1230
1227 1214
1228 1231
1230 1223
1230 1227
1230 1215
1231 1228
1231 1231
1232 1219
1232 1234
1234 1214
1234 1215
1234 1233
1235 1235
1237 1236
1237 1237
1238 1238
1239 1242
1239 1242
1239 1239
1239 1242
1239 1242
1239 1240
1239 1239
1240 1240
1240 1242
1240 1242
1240 1242
1240 1242
1241 1242
1241 1240
1241 1242
1241 1242
1241 1242
1241 1240
1241 1239
1241 1241
1241 1241
1241 1240
1242 1242
1242 1241
1242 1242
1242 1242
1242 1242
1242 1240
1242 1242
1242 1242
1242 1242
1243 1243
1244 1246
1245 1245
1245 1244
1246 1245
1247 1248
1248 1247
1249 1249
1249 1250
1249 1250
1251 1252
1252 1252
1252 1251
1252 1251
1252 1251
1253 1254
1254 1254
1255 1261
1255 1259
1256 1260
1256 1261
1257 1255
1257 1260
1257 1257
1259 1261
1260 1260
1260 1259
1260 1262
1260 1260
1260 1255
1260 1262
1260 1260
1260 1262
1261 1257
1261 1257
1261 1256
1261 1260
1262 1261
1262 1262
1262 1260
1263 1263
1264 1264
1265 1266
1265 1266
1265 1266
1266 1266
1267 1271
1268 1267
1269 1269
1269 1267
1270 1271
1270 1270
1271 1269
1272 1277
1273 1277
1273 1276
1274 1276
1274 1277
1277 1276
1277 1278
1278 1276
1278 1274
1279 1279
1280 1280
1281 1282
1281 1281
1283 1281
1283 1282
1284 1284
1285 1285
1287 1287
1287 1287
1289 1288
1289 1290
1290 1290
1291 1291
1291 1291