0 42
0 34
1 34
3 4
3 31
3 42
5 36
6 0
7 8
7 34
8 9
8 14
8 12
8 12
8 30
8 45
9 23
10 14
10 15
10 13
11 20
11 16
11 40
11 13
12 15
12 40
13 2
14 31
14 43
15 45
15 6
15 15
15 28
15 24
15 35
16 1746
17 30
18 15
18 16
18 3
18 21
18 13
18 15
22 23
22 23
23 12
23 14
23 33
25 15
26 6
28 3
28 14
29 2
29 13
29 43
29 31
29 15
30 29
30 41
31 16
31 24
31 20
31 26
32 14
33 12
34 26
34 9
35 27
35 44
35 24
36 45
38 41
39 15
40 4
40 35
40 23
42 11
42 40
46 190
46 380
46 222
46 217
46 125
46 498
46 217
46 430
46 430
46 309
46 142
46 228
46 271
46 465
46 574
46 536
46 793
47 107
47 448
48 110
48 330
49 203
49 239
50 113
50 174
51 125
51 151
51 416
51 277
51 234
51 465
51 215
51 367
51 331
51 89
51 197
51 430
51 277
51 376
51 1277
51 1738
53 141
55 390
55 416
56 185
56 390
56 74
56 278
56 416
56 222
57 407
57 380
57 51
57 271
58 480
58 277
58 333
58 69
58 168
59 215
60 411
60 428
61 188
61 168
63 245
63 277
63 289
64 339
64 507
65 376
67 50
67 188
67 376
67 81
67 367
67 339
67 280
67 474
67 224
67 376
67 339
67 390
67 176
67 438
67 193
68 925
69 292
69 497
69 1016
71 218
71 309
72 284
72 2247
73 340
73 126
73 344
73 57
73 716
74 143
74 308
74 51
74 110
75 285
75 810
77 267
77 810
78 405
79 502
79 376
80 128
80 207
80 1193
81 316
81 400
83 505
83 240
83 262
83 47
84 114
84 262
84 91
84 254
84 1818
85 408
85 472
86 63
90 120
90 1886
91 215
91 170
91 239
91 126
91 339
91 416
91 106
91 316
91 416
91 426
92 367
92 459
93 241
94 339
94 264
94 213
94 378
94 489
94 134
94 1326
95 288
96 498
96 395
96 787
97 200
97 510
97 287
97 186
97 144
97 51
97 1459
97 1802
98 163
98 48
98 67
99 167
101 126
101 268
101 335
101 387
101 818
104 339
104 262
104 478
104 239
104 510
104 306
104 465
104 429
105 346
106 505
106 46
106 242
107 190
107 1192
108 151
108 1358
110 316
110 272
110 239
110 187
110 273
110 313
110 307
110 277
110 51
110 97
110 271
110 1345
110 1195
110 1814
111 223
111 110
112 223
113 220
113 46
113 216
113 233
113 230
113 706
113 1627
114 416
114 376
115 143
115 1283
115 1189
116 77
116 97
116 168
116 274
117 505
117 164
117 97
117 84
117 376
117 215
117 234
117 262
117 466
117 339
117 411
117 238
117 505
117 274
117 388
117 439
117 506
118 151
119 426
121 225
121 237
121 316
121 46
121 408
121 430
121 1179
121 1615
121 1550
121 2147
122 336
122 388
122 368
122 110
122 236
124 371
124 323
124 470
124 1665
125 103
126 446
126 112
126 496
126 339
126 48
126 265
126 335
126 328
126 316
126 339
126 719
126 883
127 284
127 234
127 739
128 390
128 347
128 446
129 369
131 339
131 85
131 280
132 164
132 419
132 339
132 1863
133 339
133 199
133 376
133 173
133 1320
134 67
136 477
136 337
136 126
136 367
136 143
137 163
137 348
138 117
138 361
139 545
140 110
140 485
140 175
140 1873
141 173
142 193
142 51
142 375
142 273
143 307
143 197
143 337
145 117
145 143
145 150
145 68
147 419
147 189
147 740
148 464
148 91
149 357
149 156
151 95
151 284
151 168
151 345
151 425
151 333
151 271
151 481
151 367
151 351
151 215
151 206
151 277
151 465
151 404
151 275
151 238
151 466
151 168
151 297
151 102
151 190
151 238
151 305
151 51
151 339
151 1555
153 195
154 197
154 277
155 82
155 492
155 465
155 802
156 339
156 262
156 167
157 225
158 168
158 507
158 284
159 121
159 193
161 144
161 76
162 276
162 510
162 190
164 279
164 441
164 66
164 262
164 464
164 750
165 193
165 46
165 51
165 86
167 46
167 432
167 389
168 478
168 114
168 239
168 447
168 257
168 300
168 308
168 369
168 117
168 376
168 269
168 113
168 168
168 204
168 493
168 316
168 151
168 433
168 168
168 167
169 121
169 1907
170 307
170 409
170 185
173 168
173 368
174 291
175 495
175 231
175 390
175 1659
175 1840
176 309
176 339
177 110
178 408
178 228
179 163
179 262
180 347
180 478
180 1279
181 240
181 224
181 198
181 416
181 496
181 284
181 105
181 64
182 301
182 633
183 118
183 506
183 505
184 190
184 237
184 373
185 349
187 316
187 404
187 51
187 168
187 193
187 762
189 506
189 354
189 339
189 119
189 2613
190 128
190 204
190 376
190 197
190 395
190 86
190 353
190 416
190 339
190 266
190 344
190 126
190 191
190 307
190 182
190 129
190 467
190 424
190 1352
190 1867
191 125
191 365
191 53
191 200
191 46
191 126
191 375
191 342
191 67
191 426
191 204
191 215
192 501
193 420
193 147
193 218
193 51
193 343
193 485
193 295
193 49
193 151
193 339
193 373
193 139
193 299
193 99
193 800
194 184
194 460
195 312
196 493
196 327
197 339
197 79
197 262
197 143
197 335
197 168
197 339
197 110
198 97
198 277
198 1349
199 262
199 193
199 51
199 237
199 319
199 222
199 284
199 1261
200 190
200 101
200 126
200 2613
201 339
201 440
202 51
202 390
203 348
203 74
203 774
204 419
204 455
204 333
204 275
204 339
204 190
205 262
205 277
205 426
205 473
206 339
206 1889
207 507
207 262
207 633
208 191
208 224
208 126
208 699
209 437
209 362
209 508
210 51
210 376
210 1163
210 1619
211 197
211 463
211 502
211 273
212 299
212 215
212 91
213 376
214 51
215 168
215 151
215 190
215 464
215 204
215 229
215 339
215 498
215 80
215 51
215 337
216 98
216 168
216 459
216 224
217 190
217 271
217 333
217 104
217 82
219 167
220 394
220 375
221 408
221 389
221 804
221 1865
222 442
222 178
222 68
222 464
222 506
223 293
223 426
224 187
224 448
224 51
224 441
224 339
224 274
224 46
224 477
224 217
224 239
224 271
224 506
224 465
224 1861
225 509
225 97
225 190
225 239
225 376
225 339
225 301
225 339
226 339
227 97
227 436
228 496
228 230
228 143
228 224
228 67
228 639
229 131
229 342
229 1887
231 361
231 141
232 267
233 417
233 130
233 115
234 163
234 339
234 337
234 447
234 306
234 187
234 127
234 143
234 197
235 274
236 465
236 70
237 436
237 102
237 698
238 194
238 231
238 291
238 277
238 447
238 200
238 408
238 46
238 152
238 319
238 277
238 1380
238 1752
239 510
239 378
239 472
239 436
239 376
239 213
239 297
239 197
239 129
239 339
239 439
239 213
239 72
239 338
239 234
240 303
240 339
242 378
242 143
242 384
242 715
243 330
246 281
246 503
246 314
246 328
246 390
248 376
248 414
248 465
248 988
249 260
249 408
250 496
251 151
251 151
253 426
253 419
253 203
253 175
254 465
254 761
255 274
256 339
257 348
257 339
258 97
258 339
258 151
258 271
258 436
258 721
259 333
261 445
262 314
262 411
262 453
262 51
262 91
262 181
262 339
262 422
262 88
262 53
262 292
262 210
262 465
262 430
262 225
262 171
262 190
262 286
262 454
262 238
262 499
262 376
262 258
262 183
262 430
262 190
262 349
262 215
262 498
262 269
262 446
262 339
262 313
262 390
262 472
262 230
262 342
262 390
262 205
262 224
262 128
262 309
262 296
262 339
262 1194
262 1293
262 1865
263 151
263 399
263 46
263 301
264 757
265 270
266 306
266 173
266 46
266 430
266 67
266 51
266 67
266 730
266 1864
267 339
267 339
267 465
268 376
268 479
269 54
270 147
270 492
270 241
271 202
271 262
271 103
271 339
271 258
271 190
271 284
271 232
271 1502
271 1773
272 333
274 249
274 412
274 374
274 159
274 109
274 274
274 467
275 407
275 462
275 158
276 274
276 393
276 464
276 1611
277 378
277 62
277 67
277 263
277 446
277 426
277 60
277 98
277 57
277 79
277 262
277 97
277 490
277 339
277 430
277 1188
277 2536
279 429
279 465
279 94
280 60
281 505
281 464
281 460
281 426
282 364
282 436
282 1283
283 421
283 284
284 425
284 382
284 504
284 148
284 165
284 151
284 262
284 216
284 313
284 465
284 425
284 193
284 281
284 1887
285 57
286 335
286 1833
287 339
287 396
288 239
288 278
289 225
289 191
290 374
290 103
290 1724
291 404
291 445
292 383
292 496
292 206
292 126
292 126
292 1074
294 153
294 1322
295 376
295 426
297 227
297 324
298 151
298 97
298 46
298 355
299 179
299 294
300 238
300 452
302 209
303 173
303 107
303 493
303 361
303 253
304 434
305 46
305 390
305 113
305 1382
307 284
307 171
307 131
307 333
307 96
307 266
307 1334
308 190
309 70
309 159
309 262
310 316
311 354
311 324
311 1804
312 61
312 110
313 178
314 97
314 173
314 377
314 320
314 110
314 339
314 126
314 1693
314 1756
315 493
316 496
316 317
316 430
316 262
316 266
316 287
316 449
316 292
316 339
316 797
317 57
317 193
318 508
319 169
320 112
320 177
321 63
321 333
321 1185
322 193
322 90
323 68
324 359
324 46
325 477
326 372
326 93
326 234
326 190
326 1656
327 109
327 111
327 79
327 339
327 359
327 471
329 330
329 278
330 304
331 111
331 78
332 51
333 430
333 150
333 492
333 277
333 230
333 190
333 190
333 425
333 67
333 339
333 224
333 465
333 277
333 67
333 121
333 307
333 224
333 314
333 465
333 416
333 341
333 229
333 799
334 183
334 197
335 465
335 157
335 234
335 1859
336 430
336 117
336 1912
337 280
337 168
337 97
337 46
337 339
337 262
337 161
337 380
337 168
337 307
337 316
337 333
337 224
337 493
337 157
337 287
337 215
338 465
338 505
339 437
339 430
339 51
339 339
339 339
339 339
339 110
339 262
339 69
339 201
339 294
339 323
339 388
339 100
339 433
339 339
339 234
339 436
339 473
339 433
339 317
339 238
339 216
339 197
339 339
339 333
339 477
339 373
339 236
339 373
339 505
339 339
339 219
339 277
339 425
339 197
339 496
339 95
339 224
339 339
339 316
339 168
339 262
339 311
339 257
339 446
339 363
339 219
339 339
339 421
339 248
339 234
339 339
339 314
339 464
339 468
339 372
339 313
339 110
339 273
339 387
339 264
339 168
339 204
339 339
339 141
339 57
339 439
339 61
339 333
339 93
339 66
339 169
339 476
339 490
339 339
339 258
339 421
339 262
339 193
339 440
339 47
339 714
339 757
339 776
339 947
339 915
339 1024
339 1021
339 1220
339 1741
339 1736
339 1833
339 1627
339 1982
340 193
340 811
343 96
343 391
344 426
344 116
345 333
346 234
346 476
346 427
346 280
347 126
348 477
348 506
348 97
349 79
349 116
349 337
349 151
350 193
350 224
350 120
351 403
351 51
353 1191
354 505
354 333
354 225
354 391
354 444
355 505
356 508
357 288
357 262
357 374
357 277
357 208
358 67
358 1753
359 114
359 339
360 505
360 51
360 180
360 432
360 810
362 266
362 382
362 224
362 188
363 246
363 1797
364 500
364 54
365 171
365 216
365 66
365 46
367 464
367 140
367 464
368 307
369 203
369 340
369 257
370 94
371 393
371 791
372 225
372 268
372 179
373 390
373 48
376 403
376 53
376 391
376 168
376 492
376 227
376 149
376 316
376 136
377 161
377 418
379 465
381 157
382 262
383 277
383 187
383 91
383 333
383 436
383 281
383 168
383 95
383 190
385 446
385 2622
386 262
386 1352
387 72
388 379
389 314
389 390
389 507
389 1555
390 232
390 242
390 335
390 110
390 448
390 430
390 384
390 200
390 450
390 188
391 213
391 233
392 447
393 192
393 170
393 1803
394 168
394 127
395 480
395 277
395 197
395 50
396 215
396 1903
397 239
398 289
398 205
398 91
399 117
399 276
402 297
402 262
403 156
404 225
404 320
404 238
404 339
404 1303
405 462
405 104
405 245
405 1783
406 328
406 472
407 193
408 208
408 126
408 384
408 443
408 354
408 317
408 435
408 339
409 151
409 1827
410 283
410 238
411 435
413 348
413 91
414 178
414 1283
414 2389
415 339
416 122
416 101
416 375
416 337
416 191
416 339
416 198
416 203
416 167
416 226
416 504
416 94
417 492
417 162
417 802
421 447
421 84
421 204
421 337
422 235
422 378
422 147
422 1833
423 46
423 333
423 225
425 316
425 416
425 191
425 204
425 323
425 314
425 194
425 339
425 339
425 197
425 314
425 357
425 183
425 115
425 320
425 161
425 225
425 251
425 277
426 81
426 57
426 262
426 496
426 237
426 187
426 392
426 227
427 262
428 254
430 328
430 485
430 421
430 46
430 277
430 225
430 487
430 281
431 115
432 151
432 337
433 328
433 208
436 266
436 294
436 97
436 390
436 265
436 136
436 458
436 70
439 301
439 633
439 783
440 93
440 81
440 429
441 337
441 446
442 264
442 428
442 193
443 81
443 168
443 368
443 455
445 154
445 151
445 157
445 46
446 339
446 333
446 339
446 180
446 224
446 258
446 121
447 225
447 377
447 190
447 217
447 436
447 77
448 51
448 139
448 369
448 142
450 193
450 126
451 56
451 193
451 280
451 763
451 1137
452 137
454 809
455 426
455 339
457 60
458 306
459 262
459 425
460 358
461 234
461 339
462 447
462 1833
463 187
463 62
464 70
464 463
464 337
464 406
464 262
464 339
464 62
464 191
464 339
464 394
464 67
464 473
464 87
464 58
464 411
464 97
464 67
464 754
464 1437
465 361
465 339
465 464
465 265
465 402
465 165
465 337
465 339
465 339
465 1178
465 1828
465 1901
465 2227
466 215
466 426
467 165
467 292
468 256
468 317
468 421
469 162
470 164
470 199
471 94
471 54
472 266
472 91
472 79
472 190
472 493
472 273
472 335
472 294
472 1305
474 51
474 729
476 448
476 503
476 505
477 298
477 202
477 494
477 262
477 281
477 430
477 716
478 276
478 51
478 181
478 339
480 152
480 83
480 366
481 259
481 310
481 238
482 234
483 339
484 433
485 190
486 421
486 155
486 1772
487 72
488 55
488 185
489 510
489 349
489 46
490 181
490 73
492 420
492 110
492 339
492 392
492 446
492 419
492 247
492 281
492 64
493 362
493 327
493 167
493 335
494 277
495 150
495 254
496 193
496 155
496 399
496 496
496 277
496 376
496 385
496 257
496 2553
497 383
497 77
498 1892
499 413
499 146
499 1656
500 266
500 262
501 262
501 303
502 339
503 151
503 181
503 472
503 174
503 344
503 59
504 121
504 396
505 225
505 493
505 178
505 97
505 430
505 128
505 262
505 87
505 335
505 333
505 290
505 224
505 67
506 234
506 212
506 307
507 216
508 199
508 745
509 386
509 46
510 271
511 666
511 519
511 576
512 527
514 639
515 566
518 578
519 516
519 534
520 669
520 556
521 540
521 540
521 1692
522 649
523 520
523 553
524 516
524 617
525 622
525 559
526 666
527 578
527 645
527 585
527 620
528 672
528 538
529 607
529 639
529 603
529 640
529 559
529 664
529 571
529 635
529 607
529 531
529 1590
530 547
531 686
531 540
531 563
531 529
532 809
533 522
533 586
533 679
533 543
534 652
536 614
536 1054
537 633
537 663
537 639
537 810
538 601
538 617
540 687
540 537
540 682
540 604
541 558
542 532
544 604
545 680
545 559
547 657
548 533
548 687
549 613
551 554
551 642
551 626
552 666
552 662
552 1225
553 663
553 539
553 682
554 606
554 566
555 566
556 659
556 566
557 540
558 615
558 571
559 554
559 522
559 640
559 570
559 576
560 587
562 628
563 543
563 652
563 692
564 606
565 608
566 638
566 518
566 640
566 633
566 663
566 1569
567 551
569 686
569 529
569 658
570 635
570 520
570 529
570 527
570 570
570 678
570 623
570 651
570 616
570 519
570 540
571 691
571 597
572 621
573 614
573 631
573 1710
574 664
574 680
574 592
574 661
574 566
574 647
575 636
575 566
575 633
575 626
576 585
576 536
576 593
577 635
578 639
578 566
578 659
578 522
580 621
580 574
581 586
581 672
581 563
583 604
585 579
585 574
585 615
587 690
588 675
589 547
589 687
590 566
590 577
590 520
591 646
592 556
593 633
594 570
595 613
595 588
595 529
596 677
597 583
597 588
598 1735
599 559
600 570
600 528
602 566
602 614
604 658
604 527
605 633
606 654
606 534
606 543
606 529
606 655
612 529
613 694
613 694
614 679
614 613
614 666
615 556
617 574
617 654
617 670
619 535
620 566
621 641
621 1833
623 633
623 690
623 547
625 665
625 579
625 529
625 514
625 529
626 1438
627 689
627 594
628 672
629 628
629 533
630 550
630 529
631 558
631 682
631 1400
632 1646
633 686
633 606
633 612
633 545
633 678
633 571
633 570
633 545
633 527
633 662
633 529
634 545
634 559
634 512
634 586
634 562
635 523
635 521
635 1579
636 599
636 527
637 628
637 570
637 570
640 661
641 631
642 542
642 569
643 660
644 600
644 617
645 529
646 653
646 594
647 655
648 684
648 529
652 565
652 643
653 640
653 566
654 516
654 559
655 639
656 616
656 520
657 591
658 602
659 589
661 1860
662 687
662 564
665 516
666 605
667 514
667 566
669 570
669 540
670 530
670 655
672 594
672 593
673 648
673 656
674 527
674 1828
675 516
675 529
678 678
678 568
678 525
678 607
678 545
678 566
679 566
679 578
679 606
680 606
680 663
682 599
683 661
685 551
687 570
687 661
688 606
688 534
689 540
690 626
690 637
690 692
691 642
692 641
692 517
692 673
692 545
693 614
695 633
696 800
697 810
699 809
700 717
701 720
701 777
702 716
702 810
703 810
703 749
704 800
705 697
705 1067
706 750
707 729
707 810
708 750
709 763
709 797
709 757
709 777
709 754
709 715
710 800
710 798
710 730
711 708
712 777
712 802
714 755
714 717
714 806
714 777
714 768
714 715
714 714
714 748
714 754
714 708
714 757
714 810
714 722
714 1143
715 722
715 722
715 699
715 763
715 799
715 714
715 730
715 767
715 799
715 774
715 716
715 724
715 714
715 809
715 784
715 745
716 776
716 763
716 757
716 754
716 717
716 811
716 708
716 726
716 816
716 715
716 800
716 751
716 802
716 759
716 703
716 804
716 784
716 763
716 774
716 771
716 742
716 780
716 750
716 716
716 784
716 714
716 744
717 715
717 712
717 750
717 713
717 765
717 777
718 714
720 713
720 815
720 780
720 703
721 810
721 780
722 715
722 787
722 730
722 810
722 949
723 750
723 744
725 743
726 800
726 810
726 744
727 756
727 750
727 800
728 726
728 730
728 714
729 810
729 763
729 773
729 717
729 763
729 795
729 714
729 809
729 1264
729 1801
729 1827
730 715
730 750
730 750
730 784
730 784
730 716
730 794
730 774
730 911
731 799
737 739
737 810
737 729
737 757
737 763
737 784
737 750
739 742
739 777
739 791
739 799
739 787
739 773
739 925
740 763
740 769
741 698
741 783
741 791
743 722
743 776
744 744
744 730
744 798
744 696
744 763
745 810
745 802
745 802
745 800
746 804
746 808
748 759
749 717
749 730
749 715
749 785
750 705
750 810
750 745
750 749
750 809
750 775
750 699
750 714
750 800
750 725
750 716
750 810
750 744
750 751
750 797
750 716
750 773
750 802
750 750
750 723
750 797
750 731
750 784
750 763
750 809
750 715
750 809
750 777
750 772
750 766
750 810
750 1155
750 1466
750 1386
751 737
751 787
751 750
751 777
751 746
751 901
753 797
753 731
754 792
754 749
755 807
755 750
755 716
755 784
756 771
756 802
756 714
757 716
757 784
757 757
757 722
757 750
757 703
757 744
757 763
757 757
758 735
758 753
758 703
758 1292
760 716
760 816
760 705
760 714
760 722
763 809
763 771
763 784
763 749
763 715
763 810
763 777
763 717
763 797
763 717
763 777
763 718
763 809
763 697
763 782
763 722
763 763
764 750
765 743
765 714
766 816
766 776
766 762
767 784
768 716
768 810
768 800
769 702
771 802
771 807
771 763
771 777
771 750
773 785
774 805
774 715
775 730
776 759
776 765
777 717
777 718
777 760
777 797
777 763
777 714
777 805
777 784
777 804
777 799
777 750
777 716
777 806
777 711
777 716
777 807
777 809
777 729
777 730
777 736
777 750
777 773
777 741
777 739
777 729
777 716
777 701
778 751
778 740
779 800
780 777
780 800
781 809
782 810
784 716
784 709
784 736
784 784
784 786
784 750
784 777
784 782
784 797
784 750
784 716
784 780
784 777
784 698
784 794
784 787
784 717
784 792
784 750
784 784
784 729
784 1353
785 800
786 724
786 750
787 809
787 771
787 729
788 784
788 737
788 730
788 750
790 750
790 750
790 774
791 715
791 740
792 752
792 722
792 802
792 777
792 716
792 799
792 750
792 749
792 751
792 802
793 757
793 1263
794 750
794 713
795 729
795 712
795 778
796 729
796 741
797 715
797 810
797 715
797 809
797 746
797 729
797 759
797 736
797 751
797 742
797 744
797 777
798 710
798 808
798 777
798 704
799 792
799 800
799 792
799 777
799 809
799 777
799 784
799 705
799 737
799 715
799 713
799 716
799 782
800 799
800 792
800 717
800 717
800 745
800 799
800 750
800 810
800 778
800 716
800 750
800 800
800 739
800 799
801 816
802 810
802 751
802 729
802 807
802 715
802 750
802 711
802 717
802 794
802 747
802 757
802 791
803 722
803 809
803 715
804 714
805 774
805 714
805 701
805 714
805 712
806 750
807 784
807 759
807 763
807 728
808 775
808 1543
809 717
809 802
809 800
809 749
809 797
809 784
809 750
809 750
809 777
809 732
809 799
809 714
809 703
809 799
809 741
809 784
809 707
809 729
809 751
809 784
810 796
810 714
810 714
810 810
810 777
810 737
810 732
810 777
810 737
810 809
810 774
810 706
810 769
810 806
810 777
810 800
810 750
810 810
810 800
810 720
810 797
810 744
810 714
810 750
810 716
810 784
810 815
810 809
810 750
810 830
810 921
810 1372
811 796
811 800
811 729
811 797
812 703
814 736
815 784
815 750
815 810
816 709
816 799
818 1077
818 1135
818 843
818 1062
818 1046
818 1046
818 1148
818 1128
818 1018
818 818
818 1721
820 1001
820 1135
821 1025
822 1003
822 975
823 1028
824 916
826 1068
826 1222
828 992
828 976
828 1026
829 1098
829 983
829 840
831 1135
831 923
831 823
831 993
833 996
833 1046
833 1135
834 849
834 891
835 1046
836 1137
836 1045
836 947
837 930
837 1084
837 1135
838 951
839 928
839 999
839 934
840 853
840 1142
840 1155
840 1017
840 972
840 953
840 1159
840 1135
841 1126
843 1013
843 1135
843 1144
845 833
846 1025
847 1140
848 1058
848 1018
849 967
849 1045
849 990
849 934
849 1046
849 1038
850 1018
850 1046
851 1158
851 912
851 825
851 1669
853 1097
853 1030
854 1074
854 920
854 1025
855 1098
855 894
856 1067
856 967
856 1068
857 1135
857 972
857 1128
858 822
859 1135
860 846
860 1383
861 941
864 1002
864 1112
864 1367
866 972
866 824
867 1130
867 907
867 1145
867 1128
867 885
867 923
867 1129
868 827
869 1021
870 1013
870 897
870 1012
871 1037
872 927
873 1045
874 1005
875 1045
875 866
876 1135
879 1135
879 818
879 1054
881 911
881 818
881 818
882 830
883 888
885 1052
885 1142
886 1137
887 1130
887 880
887 888
887 925
887 1129
888 1062
888 891
888 1937
889 1128
889 907
889 941
890 976
890 1147
891 951
891 1068
891 1113
891 930
891 818
892 1035
893 1039
893 947
893 849
893 1925
894 1155
894 1004
894 823
894 1146
894 955
894 924
894 901
894 899
894 1161
894 849
894 1021
894 829
894 1006
894 1058
894 1128
894 923
894 981
894 887
894 925
895 909
895 913
895 1077
895 1014
895 922
896 934
897 1021
898 852
898 927
898 934
898 848
898 972
898 902
899 848
899 1276
900 1074
900 1026
901 952
901 983
902 1027
903 1075
904 1128
905 1128
905 841
906 1029
906 1080
906 953
906 1099
906 893
909 1073
910 1042
911 1008
911 894
911 850
911 1080
911 862
911 1155
911 902
911 1217
912 1046
912 902
912 818
912 1116
912 1134
912 1093
912 1126
912 1159
912 966
912 1022
912 912
913 1118
914 1157
915 1046
916 1161
917 979
917 1074
917 1101
917 835
918 1098
919 1050
919 1129
920 943
921 923
922 942
923 943
923 1042
924 891
924 1148
924 934
924 1164
924 1046
925 1125
925 1146
925 1135
925 1135
926 867
927 917
929 1135
929 1000
929 1012
930 1126
930 851
931 893
931 1055
934 831
934 840
935 1037
935 1074
935 1074
935 858
936 1098
937 1044
938 1155
938 906
939 855
939 894
939 958
939 972
940 939
940 912
940 878
941 827
941 1071
941 1152
941 1025
941 906
942 998
942 1098
942 1096
942 869
942 1026
942 1812
943 1132
943 942
943 1125
943 820
943 1135
943 1932
944 883
945 900
945 894
946 1035
946 1121
947 901
947 891
947 849
947 1017
947 1025
949 867
949 851
950 922
950 891
950 838
950 1024
951 872
952 1107
953 990
953 1028
954 1046
954 912
955 979
956 1135
957 886
957 904
958 1164
958 872
958 1015
959 1028
959 1112
960 1018
960 858
961 901
961 893
962 982
962 921
962 855
963 947
963 942
964 1159
965 1113
965 981
967 1135
967 901
967 987
968 878
969 1052
970 1160
972 1018
972 1155
972 963
972 1135
972 906
973 995
974 1021
974 963
974 1135
975 1135
975 852
975 984
976 922
976 950
976 1080
976 861
976 1036
976 881
976 2300
977 939
977 951
979 1045
979 1161
979 1021
979 1077
979 937
980 904
980 1033
981 881
982 1135
982 1135
983 1045
983 970
983 944
983 1128
983 1035
983 1137
984 937
984 867
985 867
987 1080
988 861
988 1021
988 1233
989 1080
991 955
991 1135
991 1155
992 982
992 906
992 1137
992 1043
992 1128
992 849
993 818
993 1098
994 867
994 1018
995 1075
995 1051
995 962
996 1149
996 1143
997 891
997 835
997 1128
998 995
999 1007
999 1159
1000 990
1000 953
1000 879
1001 1096
1002 941
1002 1100
1003 1045
1003 869
1003 952
1004 849
1004 865
1006 1126
1006 1011
1007 1134
1007 1018
1008 1021
1008 1079
1009 1144
1010 1136
1010 1152
1010 1146
1010 818
1010 890
1011 1034
1011 1092
1011 969
1011 1179
1012 1010
1012 1120
1013 854
1014 912
1014 936
1016 1083
1016 1074
1016 1135
1017 1021
1018 939
1018 1135
1018 942
1018 1005
1018 1076
1018 918
1018 1126
1018 854
1018 956
1018 1008
1018 1003
1018 1047
1018 1124
1018 1077
1019 1129
1019 860
1019 1135
1021 1114
1021 1077
1021 1144
1021 1069
1021 834
1021 1135
1021 1062
1021 1155
1022 1126
1022 950
1022 1346
1023 1143
1024 891
1024 857
1024 827
1025 1110
1025 1046
1026 848
1026 1091
1026 934
1026 895
1026 1155
1027 1154
1027 1049
1027 818
1027 899
1027 990
1027 901
1028 1071
1031 1135
1031 1058
1032 1128
1032 1078
1033 831
1035 1074
1035 891
1035 945
1035 1021
1036 1002
1036 1031
1036 924
1037 855
1037 917
1038 894
1038 1401
1039 837
1039 1074
1039 1078
1040 1703
1041 866
1041 1039
1042 1152
1042 979
1042 1082
1042 817
1042 1018
1042 849
1042 1059
1042 1010
1042 884
1042 982
1042 820
1043 950
1045 1042
1045 1128
1045 990
1045 959
1045 1021
1045 1095
1045 1008
1045 1074
1045 971
1045 1291
1046 893
1046 906
1046 1103
1047 1074
1048 1131
1049 918
1050 941
1050 1084
1050 906
1050 1133
1051 934
1051 957
1051 1033
1052 995
1053 912
1053 1086
1054 1037
1054 1024
1054 1161
1055 1128
1056 1562
1057 853
1059 1075
1059 911
1059 955
1060 1040
1060 894
1061 1017
1062 893
1063 1022
1063 996
1063 1163
1064 1105
1064 893
1064 947
1065 1012
1065 1135
1066 912
1066 1002
1066 975
1067 1157
1067 1059
1068 858
1070 912
1071 821
1071 1122
1071 906
1072 947
1073 1074
1074 1046
1074 1054
1074 1128
1074 979
1074 941
1074 1038
1076 1122
1077 882
1077 1071
1077 1040
1077 823
1077 1045
1077 872
1077 1101
1077 877
1077 1042
1077 948
1077 942
1077 877
1077 906
1077 826
1077 1137
1077 948
1077 948
1077 1050
1077 970
1077 882
1077 1074
1078 887
1079 1135
1079 1135
1080 818
1080 962
1082 1135
1082 947
1082 1074
1083 1143
1083 960
1083 953
1083 947
1084 863
1085 1001
1086 1084
1086 1021
1087 1138
1087 1077
1087 1084
1087 1018
1088 1046
1088 1346
1089 1126
1089 1146
1089 977
1091 986
1091 1135
1092 1152
1093 1156
1094 885
1094 854
1095 1039
1095 852
1096 1066
1096 850
1096 1018
1097 1135
1097 1045
1097 1010
1097 857
1097 1077
1097 895
1098 941
1098 951
1098 849
1098 1105
1098 968
1099 958
1099 1135
1101 1071
1101 899
1101 1077
1102 1025
1102 1135
1105 1065
1106 846
1106 1126
1106 930
1108 942
1109 919
1111 950
1111 1085
1112 1102
1112 952
1113 1077
1113 1064
1114 968
1114 922
1114 1077
1114 1150
1114 1144
1114 963
1114 1018
1114 898
1114 885
1115 1155
1118 1032
1120 906
1120 1146
1120 853
1120 856
1120 1157
1120 846
1120 893
1121 818
1121 1088
1122 1114
1123 1135
1124 947
1124 1097
1125 1041
1125 1021
1125 1101
1126 1081
1126 979
1126 1125
1126 983
1126 1077
1126 932
1127 1054
1127 1011
1128 972
1128 905
1128 1101
1128 833
1128 1128
1128 1074
1128 916
1128 893
1128 995
1128 1115
1128 1050
1128 1153
1128 1088
1128 867
1128 947
1128 950
1128 893
1128 1026
1128 956
1128 957
1128 1128
1128 859
1128 1128
1128 1690
1129 894
1129 1094
1129 864
1129 894
1129 928
1129 1074
1129 933
1129 1135
1130 1045
1131 1081
1131 1045
1131 1147
1133 1063
1133 1887
1134 987
1135 979
1135 1045
1135 851
1135 942
1135 833
1135 1159
1135 905
1135 1137
1135 955
1135 998
1135 848
1135 1042
1135 953
1135 826
1135 1128
1135 906
1135 895
1135 893
1135 1006
1135 972
1135 1037
1135 1011
1135 1079
1135 1000
1135 856
1135 857
1135 1152
1135 989
1135 1267
1137 1077
1137 1077
1137 835
1137 844
1137 1074
1137 978
1137 849
1137 1058
1137 1051
1137 918
1138 1088
1139 1077
1141 1039
1141 1074
1143 1045
1143 898
1143 895
1143 906
1143 995
1143 1085
1143 906
1144 1026
1146 823
1146 841
1146 965
1146 1070
1147 849
1148 837
1148 904
1149 818
1149 1771
1150 1143
1150 1068
1150 907
1150 1111
1151 1067
1151 1137
1152 992
1152 881
1152 1045
1153 1074
1155 920
1155 1045
1155 1128
1155 910
1155 866
1155 1155
1155 1042
1155 919
1157 940
1157 990
1158 879
1158 1038
1159 869
1159 1120
1159 1163
1159 1092
1159 1155
1159 1058
1159 1150
1159 1034
1159 1126
1159 822
1160 1074
1162 1101
1162 851
1163 900
1163 1057
1163 972
1163 1077
1163 1077
1163 906
1165 1169
1165 1170
1165 1173
1165 1173
1165 1171
1165 1171
1165 1165
1166 1173
1166 1169
1167 1168
1167 1168
1167 1170
1167 1170
1167 1169
1167 1169
1167 1169
1167 1172
1167 1169
1167 1173
1167 1172
1167 1170
1167 1170
1167 1171
1167 1171
1168 1170
1168 1173
1168 1171
1168 1172
1168 1173
1169 1169
1169 1165
1169 1166
1169 1170
1169 1165
1169 1173
1169 1169
1169 1165
1169 1167
1170 1171
1170 1170
1170 1173
1170 1166
1170 1170
1170 1170
1170 1170
1171 1173
1171 1173
1171 1169
1171 1168
1171 1170
1171 1170
1172 1168
1172 1172
1172 1172
1172 1171
1172 1167
1172 1173
1172 1170
1173 1172
1173 1171
1173 1167
1173 1169
1173 1173
1174 1175
1174 1174
1175 1175
1176 1177
1177 1174
1178 1266
1178 1256
1179 1352
1179 1271
1179 1350
1179 1264
1180 1374
1180 1190
1181 1274
1181 1266
1182 1266
1182 1297
1182 1258
1182 1288
1182 1210
1182 1280
1182 1259
1182 1196
1182 1352
1182 1208
1182 1182
1182 1242
1182 1258
1182 1292
1182 1383
1182 1305
1182 1276
1182 1322
1182 2560
1183 1301
1183 1355
1185 1312
1185 1378
1186 1252
1186 1352
1186 1259
1187 1229
1188 1298
1188 1227
1188 1198
1189 1324
1190 1352
1190 1377
1191 1306
1192 1350
1192 1277
1192 1358
1192 1355
1192 1211
1192 1191
1192 1229
1192 1257
1192 1309
1193 1358
1193 1271
1193 1204
1193 1268
1193 1283
1194 1248
1195 1229
1195 1295
1196 1352
1196 1182
1197 1191
1198 1206
1199 1310
1200 1342
1201 1355
1201 1374
1201 1277
1202 1358
1202 1295
1202 1207
1202 1350
1202 1222
1203 1298
1204 1352
1207 1306
1207 1378
1207 1376
1207 1271
1208 1192
1208 1279
1209 1345
1209 1224
1209 1233
1209 1354
1210 1291
1210 1346
1211 1243
1211 1208
1211 1251
1212 1317
1212 1253
1213 1292
1213 1352
1215 1352
1216 1349
1216 1333
1217 1378
1218 1350
1218 1215
1219 1192
1219 1309
1219 1276
1220 1300
1220 1232
1220 1365
1221 1222
1222 1215
1223 1261
1223 1331
1224 1307
1224 1349
1224 1273
1224 1343
1225 1201
1225 1252
1225 1382
1225 1206
1226 1298
1226 1182
1227 1278
1228 1240
1232 1254
1232 1343
1232 1307
1232 1338
1232 1183
1233 1182
1233 1200
1233 1198
1233 1271
1233 1326
1235 1375
1235 1283
1237 1199
1237 1283
1237 1340
1238 1355
1238 1184
1238 1182
1239 1345
1240 1303
1240 1355
1240 1198
1240 1228
1240 1269
1241 1198
1242 1182
1242 1241
1242 1200
1244 1352
1244 1352
1245 1189
1247 1270
1248 1365
1248 1352
1250 1302
1252 1203
1252 1241
1252 1324
1252 1352
1252 1295
1253 1372
1253 1271
1253 1355
1254 1353
1255 1244
1256 1328
1256 1321
1256 1266
1256 1228
1256 1206
1256 1276
1256 1793
1256 2383
1257 1317
1257 1260
1257 1345
1257 1241
1257 1229
1258 1298
1258 1346
1259 1363
1260 1298
1260 1314
1260 1355
1262 1317
1263 1192
1264 1287
1264 1352
1264 1310
1264 1192
1264 1298
1264 1345
1264 1310
1265 1334
1265 1343
1265 1327
1266 1349
1269 1277
1269 1350
1269 1181
1270 1379
1270 1284
1271 1285
1271 1239
1271 1296
1273 1261
1273 1283
1273 1250
1273 1307
1274 1251
1274 1345
1274 1283
1275 1337
1275 1279
1275 1294
1276 1218
1276 1264
1276 1362
1276 1192
1277 1352
1277 1226
1277 1355
1277 1271
1277 1355
1278 1283
1279 1269
1280 1252
1280 1378
1282 1204
1283 1191
1283 1222
1283 1263
1283 1252
1283 1292
1283 1253
1283 1283
1283 1355
1284 1340
1285 1209
1286 1238
1286 1345
1286 1350
1287 1341
1287 1355
1287 1304
1288 1350
1288 1215
1288 1217
1289 1382
1289 1227
1290 1345
1291 1350
1291 1352
1291 1183
1291 1363
1292 1242
1292 1197
1293 1230
1294 1353
1294 1278
1295 1242
1296 1270
1296 1353
1297 1298
1298 1377
1298 1252
1298 1228
1298 1283
1298 1344
1298 1283
1298 1210
1299 1283
1299 1305
1300 1382
1300 1315
1301 1241
1302 1182
1303 1255
1303 1226
1304 1192
1304 1265
1305 1345
1305 1195
1306 1209
1306 1352
1306 1223
1306 1319
1307 1240
1307 1377
1308 1273
1309 1261
1310 1355
1311 1296
1311 1327
1312 1346
1312 1357
1313 1284
1313 1276
1315 1182
1316 1377
1317 1259
1318 1336
1319 1229
1319 1202
1320 1283
1320 1231
1321 1222
1321 1262
1323 1306
1324 1221
1325 1308
1326 1217
1326 1208
1326 1630
1327 1272
1327 1206
1327 1238
1330 1352
1330 1379
1331 1365
1331 1247
1332 1288
1334 1188
1337 1264
1337 1182
1338 1299
1338 1318
1339 1266
1339 1288
1339 1240
1340 1241
1341 1352
1342 1289
1342 1278
1343 1235
1345 1237
1345 1293
1345 1382
1345 1227
1345 1283
1345 1369
1345 1251
1346 1283
1346 1357
1346 1305
1346 1361
1346 1324
1347 1190
1347 1202
1347 1378
1347 1316
1347 1330
1347 1241
1348 1256
1348 1199
1348 1213
1349 1242
1349 1355
1349 1206
1349 1364
1349 1353
1350 1249
1350 1227
1350 1303
1350 1383
1350 1355
1350 1242
1350 1215
1351 1241
1351 1212
1351 1222
1351 1283
1351 1250
1352 1211
1352 1298
1352 1192
1352 1352
1352 1332
1352 1355
1352 1357
1352 1377
1352 1256
1352 1268
1352 1298
1352 1213
1352 1355
1352 1253
1352 1341
1352 1244
1352 1345
1352 1294
1352 1206
1352 1350
1352 1241
1352 1253
1352 2406
1353 1252
1353 1182
1353 1345
1353 1283
1353 1218
1354 1180
1355 1366
1355 1256
1355 1350
1355 1378
1355 1181
1355 1291
1355 1297
1355 1241
1355 1298
1355 1202
1355 1271
1355 1350
1355 1345
1355 1352
1355 1352
1355 1311
1355 1210
1355 1365
1355 1250
1355 1355
1355 1383
1356 1292
1357 1345
1357 1215
1357 1350
1357 1192
1358 1248
1358 1195
1358 1272
1358 1224
1358 1202
1358 1294
1359 1327
1360 1179
1361 1357
1361 1206
1362 1280
1362 1182
1363 1380
1363 1210
1365 1334
1366 1264
1368 1192
1368 1318
1368 1355
1368 1378
1368 2581
1369 1193
1370 1208
1370 1217
1370 1229
1371 1369
1371 1378
1371 1249
1371 1355
1372 1285
1372 1312
1372 1380
1373 1323
1373 1235
1374 1286
1374 1369
1375 1300
1376 1231
1377 1234
1377 1254
1378 1342
1378 1353
1378 1380
1378 1303
1379 1215
1379 1241
1380 1277
1380 1243
1380 1352
1380 1276
1380 1277
1380 1325
1380 1192
1380 1352
1380 1253
1380 1182
1380 1380
1382 1233
1382 1277
1382 1277
1382 1354
1382 1285
1384 1436
1385 1461
1386 1511
1386 1502
1386 1395
1387 1486
1387 1437
1391 1410
1393 1416
1393 1532
1393 1531
1393 1465
1393 1517
1394 1447
1394 1491
1395 1431
1395 1463
1396 1418
1397 1454
1398 1390
1403 1508
1403 1454
1403 1536
1404 1405
1405 1492
1406 1406
1406 1527
1407 1531
1407 1439
1407 1454
1407 1467
1408 1504
1408 1389
1410 1539
1410 1472
1412 1483
1412 1386
1414 1514
1414 1442
1414 1405
1414 1412
1414 1467
1416 1542
1416 1437
1417 1495
1417 1394
1418 1499
1419 1395
1419 1539
1420 1431
1421 1408
1422 1515
1422 1408
1422 1390
1424 1410
1424 1539
1425 1384
1425 1493
1425 1523
1426 1412
1426 1536
1426 1510
1427 1469
1428 1467
1429 1442
1429 1437
1430 1388
1430 1460
1431 1434
1431 1448
1431 1386
1433 1492
1433 1515
1434 1492
1434 1493
1434 1502
1434 1413
1434 1402
1434 1410
1435 1433
1435 1501
1437 1404
1437 1444
1437 1493
1437 1525
1437 1437
1437 1423
1437 1539
1437 1473
1437 1532
1437 1545
1437 1508
1437 1393
1437 1444
1437 1435
1437 1745
1437 1878
1438 1498
1438 1521
1439 1526
1440 1443
1440 1425
1441 1444
1442 1406
1443 1411
1443 1415
1443 1470
1444 1474
1445 1441
1446 1437
1446 2209
1447 1398
1447 1386
1447 1539
1447 1420
1450 1411
1451 1437
1452 1446
1453 1503
1454 1542
1454 1467
1454 1594
1455 1461
1456 1475
1458 1389
1458 1467
1458 1521
1459 1423
1459 1534
1460 1424
1460 1437
1460 1402
1460 1431
1461 1488
1461 1431
1462 1404
1465 1446
1466 1539
1467 1477
1467 1548
1469 1427
1469 1532
1469 1539
1471 1465
1471 1444
1471 1491
1471 1395
1471 1536
1472 1454
1473 1455
1473 1493
1473 1435
1474 1472
1474 1476
1477 1395
1477 1438
1477 1482
1478 1450
1478 1498
1478 1514
1479 1540
1479 1430
1479 1398
1479 1387
1481 1502
1482 1493
1484 1476
1484 1523
1487 1542
1487 1437
1487 1453
1490 1477
1491 1498
1491 1421
1491 1471
1491 1409
1492 1472
1493 1417
1493 1517
1494 1459
1494 1434
1497 1458
1498 1455
1498 1499
1498 1465
1498 1436
1498 1457
1501 1471
1502 1547
1504 1446
1505 1452
1505 1441
1505 1539
1506 1413
1506 1395
1508 2098
1509 1475
1509 1484
1509 1526
1509 1414
1510 1413
1511 1526
1511 1403
1512 1460
1512 1416
1513 1486
1513 1443
1514 1532
1514 1532
1515 1536
1515 1491
1515 1537
1515 1803
1516 1596
1517 1468
1518 1387
1518 1446
1518 1425
1518 1480
1519 1539
1519 1433
1519 1498
1519 1541
1519 1421
1519 1439
1519 1548
1519 1469
1520 1438
1521 1429
1521 1490
1523 1465
1524 1589
1525 1384
1525 1525
1525 1396
1526 1460
1526 1387
1526 1426
1527 1393
1528 1436
1529 1523
1530 1434
1530 1437
1531 1540
1532 1522
1532 1454
1532 1440
1532 1519
1532 1490
1532 1395
1532 1437
1532 1393
1532 1419
1532 1437
1532 1524
1532 1453
1532 1407
1532 1539
1532 1512
1532 1384
1532 1499
1532 1540
1533 1519
1533 1529
1534 1543
1535 1459
1536 1460
1536 1390
1536 1442
1536 1412
1537 1414
1537 1437
1538 1521
1538 1497
1538 1401
1538 1498
1539 1454
1539 1408
1539 1437
1539 1437
1542 1433
1542 1393
1543 1427
1544 1443
1544 1431
1545 1436
1546 1453
1546 1408
1547 1438
1547 1392
1549 1629
1550 1680
1550 1829
1550 1901
1550 1569
1550 1640
1552 1672
1552 1571
1552 1810
1552 1802
1552 1885
1552 1875
1554 1818
1554 1703
1554 1810
1555 1729
1555 1773
1555 1684
1555 1884
1555 1833
1555 1582
1555 1833
1555 1897
1555 1765
1556 1760
1556 1604
1556 1557
1558 1793
1558 1659
1559 1664
1559 1607
1559 1665
1560 1833
1561 1606
1562 1803
1562 1560
1562 1888
1562 1825
1562 1629
1562 1656
1563 1788
1564 1631
1565 1649
1565 1609
1565 1814
1565 1902
1565 1690
1565 1645
1565 1643
1565 1628
1567 1767
1568 1677
1568 1789
1569 1649
1569 1715
1569 1833
1569 1893
1569 1590
1569 1734
1569 1552
1569 1780
1569 1764
1569 1565
1570 1734
1570 1806
1571 1700
1573 1912
1574 1833
1575 1688
1576 1845
1578 1588
1578 1564
1578 1590
1579 1644
1580 1954
1581 1829
1581 1576
1581 1581
1581 1910
1582 1699
1582 1563
1582 1839
1583 1552
1584 1608
1584 1700
1584 1827
1584 1666
1584 1754
1585 1665
1585 1578
1585 1898
1585 1767
1587 1847
1587 1798
1587 1833
1588 1877
1588 1678
1589 1897
1589 1785
1590 1866
1590 1742
1590 1637
1592 1569
1592 1555
1593 1643
1595 1549
1595 1690
1598 1759
1598 1565
1599 1571
1600 1672
1600 1626
1601 1641
1601 1623
1601 1830
1601 1626
1601 1654
1602 1576
1604 1705
1605 1847
1605 1780
1605 1698
1606 1669
1606 1903
1606 1657
1606 1833
1607 1569
1607 1899
1607 1767
1607 1623
1607 1643
1607 1666
1608 1897
1608 1833
1608 1645
1609 1799
1609 1647
1609 1730
1609 1843
1610 1559
1610 1790
1611 1818
1611 1635
1611 1833
1611 1874
1611 1767
1612 1829
1612 1645
1612 1914
1612 1893
1612 1833
1612 1848
1612 1838
1612 1567
1612 1849
1612 1702
1613 1663
1613 1827
1615 1627
1616 1848
1616 1762
1618 1881
1618 1890
1620 1845
1620 1567
1620 1606
1623 1874
1623 1790
1623 1610
1624 1826
1624 1631
1625 1669
1626 1584
1626 1904
1627 1691
1628 1817
1628 1637
1628 1702
1629 1669
1629 1748
1629 1752
1630 1839
1630 2212
1631 1833
1631 1560
1632 1549
1633 1895
1633 1848
1633 1878
1633 1570
1634 1635
1634 1618
1634 1566
1635 1848
1635 1643
1635 1738
1635 1627
1635 1643
1635 1555
1636 1760
1637 1702
1637 1725
1639 1740
1639 1914
1639 1625
1641 1669
1641 1819
1641 1612
1641 1735
1641 1838
1641 1694
1642 1612
1642 1808
1643 1597
1643 1607
1643 1864
1643 1738
1643 1885
1643 1758
1643 1627
1643 1836
1643 1848
1644 1765
1645 1849
1645 1552
1645 1754
1645 1848
1645 1914
1645 1767
1645 1745
1646 1856
1646 1888
1647 1735
1649 1757
1649 1849
1649 1650
1650 1585
1651 1837
1651 1694
1651 1855
1652 1612
1653 1900
1653 1641
1653 1680
1654 1833
1654 1859
1654 1816
1655 1819
1655 1589
1656 1631
1656 1569
1659 1644
1660 1757
1660 1659
1661 1780
1662 1757
1663 1569
1665 1638
1665 1833
1665 1735
1665 1801
1666 1889
1667 1913
1668 1910
1668 1840
1668 1880
1669 1767
1669 1669
1669 1682
1669 1902
1669 1821
1669 1866
1669 1737
1669 1772
1669 1587
1669 1827
1670 1848
1671 1669
1674 1877
1674 1699
1677 1551
1678 1842
1678 1752
1679 1729
1683 1567
1684 1817
1684 1617
1684 1699
1684 1560
1685 1889
1686 1618
1686 1596
1687 1861
1688 1643
1689 1694
1690 1873
1690 1767
1690 1884
1690 1564
1691 1644
1691 1668
1691 1911
1691 1685
1692 1621
1693 1848
1694 1847
1694 1572
1694 1684
1694 1584
1695 1799
1696 1804
1697 1729
1697 1744
1698 1664
1698 1893
1698 1907
1698 1694
1699 1638
1699 1655
1701 1719
1701 1645
1701 1847
1702 1848
1703 1641
1705 1831
1707 1643
1707 1783
1707 1881
1707 1620
1708 1889
1709 1805
1709 1850
1709 1587
1710 1715
1711 1649
1712 1799
1713 1656
1713 1710
1713 1684
1713 1570
1715 1789
1715 1569
1716 1833
1716 1669
1717 1601
1718 1767
1719 1636
1719 1833
1719 1615
1720 1849
1721 1859
1721 1849
1722 1788
1722 1703
1722 1665
1726 1599
1727 1587
1727 1564
1728 1830
1729 1738
1730 1600
1730 1747
1731 1705
1732 1676
1732 1898
1732 1786
1733 1767
1735 1856
1736 1767
1736 1784
1736 1627
1737 1862
1738 1720
1738 1683
1738 1902
1738 1627
1739 1630
1740 1856
1740 1909
1741 1813
1742 1901
1742 1735
1742 1879
1743 1907
1743 1905
1744 1769
1744 1632
1744 1803
1746 1709
1747 1573
1748 1912
1748 1848
1748 1842
1749 1694
1749 1558
1750 1665
1751 1849
1751 1642
1751 1639
1753 1841
1754 1694
1755 1645
1756 1657
1756 1833
1756 1833
1757 1567
1758 1766
1759 1624
1760 1760
1761 1830
1762 1557
1762 1856
1763 1671
1764 1738
1764 1777
1765 1599
1765 2274
1766 1597
1766 1602
1767 1826
1767 1597
1767 1831
1767 1914
1767 1873
1767 1682
1768 1844
1769 1755
1769 1840
1770 1788
1770 1788
1771 1650
1772 1625
1773 1660
1773 1740
1774 1678
1774 1887
1777 1594
1777 1787
1779 1767
1780 1912
1780 1625
1780 1617
1780 1720
1780 1713
1780 1848
1782 1743
1783 1775
1783 1763
1783 1796
1784 1560
1784 1912
1784 1580
1785 1612
1786 1625
1786 1860
1787 1643
1788 1750
1788 1779
1789 1875
1790 1724
1791 1694
1792 1665
1792 1612
1793 1885
1793 1810
1794 1840
1794 1599
1794 1874
1796 1736
1797 1737
1798 1637
1799 1567
1801 1581
1801 1758
1801 1600
1803 1869
1803 1830
1804 1727
1804 1757
1805 1694
1806 1846
1806 1901
1807 1786
1807 1860
1808 1564
1809 1697
1809 1762
1809 1880
1809 1662
1810 1735
1812 1830
1812 1660
1812 1608
1813 1852
1813 1590
1813 1623
1813 1802
1813 1801
1813 1635
1813 1780
1814 1661
1814 1878
1814 1775
1814 1586
1815 2295
1816 1552
1816 1716
1817 1855
1818 1678
1818 1757
1818 1586
1819 1767
1819 1887
1821 1605
1821 1833
1821 1597
1821 1833
1821 1737
1821 1610
1821 1912
1821 1914
1821 1647
1821 1672
1821 1715
1821 1882
1821 1769
1821 1833
1822 1562
1823 1748
1823 1575
1823 1894
1827 1589
1827 1896
1827 1914
1827 1840
1827 1871
1827 1584
1829 1731
1830 1875
1830 1887
1830 1590
1830 1638
1831 1716
1831 1683
1833 1833
1833 1678
1833 1818
1833 1767
1833 1903
1833 1584
1833 1847
1833 1715
1833 1876
1833 1833
1833 1811
1833 1798
1833 1630
1833 1644
1833 1663
1833 1656
1833 1906
1833 1842
1834 1752
1835 1903
1835 1782
1836 1824
1837 1748
1840 1565
1840 1584
1840 1599
1840 1780
1840 1786
1840 1914
1840 1847
1840 1678
1840 1668
1842 1724
1843 1690
1843 1698
1843 1573
1845 1584
1846 1699
1846 1681
1847 1569
1847 1695
1848 1754
1848 1552
1848 1780
1848 1592
1848 1854
1848 1610
1848 1694
1848 1914
1848 1638
1848 1856
1848 1651
1848 1848
1848 1791
1848 1577
1848 1593
1848 1833
1848 1772
1848 1643
1848 1643
1848 1608
1848 1885
1848 1702
1848 1743
1848 1914
1848 1559
1848 1598
1849 1571
1850 1801
1851 2276
1852 1794
1853 1607
1853 1792
1853 1572
1853 1665
1854 1803
1855 1582
1856 1564
1856 1651
1856 1833
1856 1835
1856 1852
1857 1552
1858 1712
1859 1780
1859 1737
1861 1637
1861 1874
1861 1620
1861 1590
1862 1756
1862 1645
1862 1678
1862 1556
1862 1677
1863 1738
1863 1653
1863 1771
1863 1890
1863 1697
1865 1556
1866 1678
1866 1584
1866 1876
1867 1596
1867 1848
1867 1895
1867 1690
1870 1565
1870 1669
1871 1833
1872 1618
1873 1758
1873 1912
1873 1565
1874 1905
1875 1914
1876 1612
1877 1903
1877 1817
1878 1912
1878 1871
1878 1584
1879 1909
1879 1627
1879 1606
1882 1717
1884 1833
1884 1754
1884 1690
1886 1893
1886 1563
1886 1743
1886 1562
1886 1882
1886 1640
1886 1827
1887 1631
1887 1602
1887 1789
1887 1833
1887 1638
1887 1607
1888 1688
1888 1833
1888 1665
1889 1780
1889 1757
1889 1849
1890 1848
1892 1737
1892 1565
1893 1729
1893 1867
1893 1767
1894 1597
1894 1679
1894 1738
1894 1805
1894 1615
1894 1622
1894 1781
1896 1690
1897 1816
1897 1847
1898 1569
1898 1633
1899 1611
1901 1855
1901 1870
1901 1594
1902 1644
1903 1828
1903 1792
1903 1803
1903 1557
1904 1867
1905 1701
1905 1740
1907 1629
1907 1789
1907 1798
1907 1821
1908 1676
1908 1833
1909 1575
1910 1833
1911 1723
1911 1902
1912 1874
1912 1765
1912 1645
1912 1900
1912 1698
1912 1848
1914 1767
1914 1675
1914 1743
1914 1890
1914 1823
1914 1872
1914 1717
1914 1848
1915 1919
1916 1930
1916 1924
1916 1929
1917 1923
1917 1927
1918 1921
1918 1920
1918 1919
1918 1922
1920 1924
1921 1932
1921 1916
1921 1937
1921 1925
1921 1915
1921 1926
1921 1923
1922 1932
1922 1916
1923 1935
1923 1924
1923 1932
1923 1932
1923 1932
1924 1921
1924 1929
1924 1926
1924 1932
1925 1937
1925 1932
1925 1925
1926 1920
1926 1937
1926 1922
1926 1932
1926 1925
1926 1932
1927 1923
1927 1932
1927 1939
1928 1937
1928 1932
1928 1921
1929 1937
1929 1929
1929 1937
1929 1930
1929 1921
1930 1921
1930 1936
1930 1932
1931 1936
1932 1930
1932 1931
1932 1921
1932 1936
1932 1932
1932 1918
1932 1922
1932 1929
1932 1934
1932 1936
1932 1925
1932 1922
1932 1926
1934 1921
1934 1921
1934 1915
1934 1918
1935 1921
1936 1927
1936 1936
1936 1929
1936 1932
1936 1933
1936 1929
1936 1927
1936 1927
1937 1925
1937 1926
1937 1928
1937 1937
1938 1937
1939 1927
1941 1944
1942 1946
1942 1942
1942 1944
1943 1944
1943 1942
1944 1944
1945 1945
1946 1940
1947 1990
1949 1960
1949 1966
1949 1961
1949 1960
1949 1970
1949 1960
1949 1953
1949 1988
1950 1983
1951 1976
1952 1977
1952 1979
1953 1970
1953 1990
1953 1976
1954 1972
1954 1970
1954 1960
1954 1983
1954 1986
1955 1977
1955 1953
1955 1975
1956 1960
1957 1971
1957 1981
1957 1966
1958 1979
1958 1967
1958 1952
1960 1964
1960 1954
1960 1990
1960 1973
1960 1977
1960 1972
1960 1959
1960 1979
1960 1970
1961 1983
1962 1966
1962 1964
1964 1993
1964 1967
1964 1949
1964 1985
1964 1956
1964 1987
1964 1980
1965 1958
1965 1991
1965 1968
1965 1987
1966 1990
1966 1961
1966 1949
1967 1964
1967 1992
1967 1970
1969 1990
1970 1952
1970 1966
1970 1978
1970 1970
1970 1976
1970 1955
1970 1960
1970 1956
1970 1986
1970 1954
1971 1991
1972 1965
1972 1970
1972 1951
1974 1953
1974 1986
1976 1950
1977 1990
1978 1987
1978 1975
1979 1967
1979 1986
1979 1976
1980 1984
1980 1994
1980 1973
1981 1948
1981 1986
1982 1953
1982 1977
1983 1982
1983 1960
1983 1992
1984 1971
1986 1966
1986 1979
1986 1988
1986 1949
1986 1961
1986 1987
1986 1975
1987 1987
1987 1974
1987 1993
1987 1987
1987 1972
1988 1957
1989 1960
1989 1950
1989 1979
1989 1967
1992 1988
1992 1986
1994 1970
1994 1954
1994 1965
1994 1949
1994 1970
1995 1995
1996 1995
1997 1995
1998 1998
1998 2000
1999 1998
2000 1998
2001 2001
2003 2002
2003 2004
2004 2002
2005 2014
2005 2185
2006 2096
2006 2088
2009 2197
2011 2170
2011 2096
2012 2018
2015 2050
2017 2211
2017 2138
2018 2087
2020 2066
2020 2195
2022 2057
2023 2057
2023 2109
2023 2175
2023 2178
2023 2085
2023 2011
2023 2130
2023 2028
2023 2207
2024 2079
2025 2176
2025 2049
2027 2053
2028 2176
2028 2098
2030 2034
2031 2197
2031 2052
2033 2008
2033 2181
2034 2191
2036 2113
2037 2079
2039 2074
2039 2139
2039 2107
2041 2152
2043 2078
2044 2008
2044 2061
2046 2151
2047 2086
2048 2138
2049 2049
2049 2045
2049 2160
2050 2137
2050 2078
2051 2197
2051 2042
2052 2078
2053 2018
2055 2132
2056 2121
2059 2162
2059 2210
2061 2028
2061 2119
2061 2005
2062 2047
2064 2197
2064 2155
2067 2094
2067 2105
2067 2197
2069 2197
2070 2211
2070 2005
2071 2095
2073 2153
2074 2111
2075 2197
2076 2022
2077 2094
2078 2112
2078 2087
2078 2176
2078 2039
2079 2197
2080 2197
2080 2194
2080 2065
2082 2186
2083 2023
2085 2199
2085 2104
2086 2079
2087 2194
2088 2197
2088 2181
2089 2197
2090 2163
2091 2085
2092 2197
2094 2197
2095 2092
2095 2140
2097 2161
2098 2107
2098 2027
2099 2093
2099 2092
2100 2045
2100 2102
2102 2151
2102 2200
2103 2177
2105 2173
2106 2057
2106 2194
2107 2129
2108 2137
2108 2077
2108 2023
2108 2178
2108 2146
2109 2065
2110 2191
2111 2023
2113 2155
2113 2092
2114 2101
2115 2197
2115 2022
2116 2197
2116 2033
2116 2197
2117 2143
2118 2068
2118 2197
2118 2023
2119 2197
2121 2078
2122 2178
2122 2113
2123 2092
2124 2088
2126 2181
2127 2093
2128 2197
2128 2011
2128 2199
2131 2183
2131 2193
2134 2023
2135 2150
2138 2189
2140 2146
2140 2162
2141 2101
2145 2149
2145 2157
2146 2203
2146 2154
2146 2095
2149 2062
2149 2150
2150 2197
2150 2031
2150 2197
2151 2159
2153 2203
2154 2146
2154 2024
2154 2115
2154 2157
2156 2038
2156 2023
2160 2196
2160 2135
2163 2197
2164 2130
2164 2029
2164 2207
2164 2211
2165 2023
2167 2044
2167 2177
2167 2084
2168 2155
2169 2159
2169 2197
2169 2027
2169 2139
2170 2043
2172 2090
2172 2197
2173 2108
2173 2060
2173 2006
2175 2197
2177 2121
2178 2023
2178 2010
2178 2197
2179 2186
2179 2154
2179 2188
2180 2144
2180 2196
2181 2093
2181 2068
2181 2162
2181 2056
2181 2022
2182 2117
2185 2057
2186 2140
2187 2024
2187 2020
2187 2162
2188 2118
2188 2033
2189 2093
2189 2127
2191 2133
2191 2181
2192 2033
2192 2137
2195 2023
2195 2042
2196 2192
2196 2169
2197 2206
2197 2173
2197 2199
2197 2063
2197 2166
2197 2200
2197 2014
2197 2127
2197 2023
2197 2093
2197 2152
2197 2200
2197 2165
2197 2160
2197 2176
2197 2075
2198 2010
2198 2197
2199 2175
2200 2029
2200 2056
2202 2198
2202 2028
2204 2125
2205 2053
2206 2151
2209 2146
2209 2197
2209 2061
2211 2028
2211 2115
2214 2234
2215 2275
2215 2276
2215 2262
2216 2267
2217 2288
2217 2247
2217 2261
2219 2300
2219 2229
2220 2286
2220 2287
2220 2303
2224 2219
2226 2266
2227 2241
2227 2244
2227 2310
2228 2276
2228 2294
2228 2222
2229 2247
2230 2247
2230 2297
2230 2313
2231 2280
2232 2288
2233 2212
2234 2227
2234 2247
2235 2223
2235 2262
2236 2263
2237 2251
2238 2275
2240 2285
2242 2220
2243 2279
2244 2263
2244 2288
2246 2269
2246 2228
2247 2234
2247 2240
2247 2234
2247 2219
2247 2262
2249 2296
2249 2280
2250 2310
2251 2239
2252 2250
2253 2286
2253 2304
2254 2297
2255 2280
2256 2285
2257 2285
2257 2257
2258 2257
2258 2278
2259 2302
2260 2218
2260 2260
2262 2234
2263 2266
2264 2289
2264 2280
2266 2257
2266 2299
2267 2238
2267 2269
2267 2222
2269 2212
2269 2291
2269 2217
2269 2303
2271 2298
2272 2227
2272 2291
2273 2303
2275 2235
2275 2281
2275 2227
2275 2304
2277 2280
2277 2286
2278 2280
2278 2298
2280 2285
2280 2291
2280 2228
2280 2227
2281 2284
2281 2249
2283 2241
2284 2275
2285 2220
2285 2256
2285 2229
2285 2280
2285 2267
2285 2214
2285 2214
2285 2242
2285 2247
2285 2257
2286 2296
2286 2257
2287 2275
2287 2247
2288 2247
2289 2256
2289 2260
2289 2308
2291 2247
2292 2274
2292 2260
2293 2247
2294 2255
2295 2308
2295 2247
2296 2248
2297 2285
2297 2313
2299 2296
2299 2309
2299 2290
2301 2264
2302 2247
2302 2223
2302 2218
2302 2275
2303 2254
2303 2275
2304 2255
2304 2298
2305 2297
2309 2228
2310 2247
2310 2260
2312 2300
2313 2285
2314 2320
2314 2316
2315 2319
2315 2319
2315 2319
2315 2318
2316 2316
2316 2318
2316 2322
2318 2327
2318 2318
2318 2321
2318 2316
2318 2319
2320 2319
2320 2326
2321 2318
2322 2320
2322 2315
2323 2325
2325 2315
2327 2329
2327 2327
2327 2316
2328 2316
2328 2325
2328 2319
2329 2320
2331 2331
2331 2331
2332 2333
2333 2333
2333 2331
2334 2332
2335 2335
2336 2337
2336 2341
2336 2347
2336 2336
2337 2340
2338 2340
2338 2335
2338 2336
2338 2340
2339 2346
2339 2336
2340 2345
2340 2339
2340 2336
2343 2346
2344 2338
2344 2338
2344 2348
2345 2339
2348 2341
2349 2353
2351 2349
2352 2352
2353 2354
2353 2350
2354 2352
2355 2350
2356 2356
2356 2356
2356 2356
2357 2361
2357 2357
2358 2357
2360 2361
2360 2362
2360 2361
2362 2358
2364 2364
2364 2371
2364 2364
2364 2363
2364 2371
2365 2371
2366 2364
2366 2371
2368 2367
2369 2369
2369 2373
2369 2367
2369 2368
2369 2373
2370 2363
2372 2368
2373 2368
2373 2369
2373 2367
2373 2371
2375 2377
2376 2481
2377 2453
2378 2414
2378 2432
2378 2421
2379 2398
2379 2476
2383 2376
2384 2428
2386 2453
2388 2470
2389 2473
2390 2477
2390 2453
2391 2453
2391 2442
2391 2468
2391 2491
2392 2408
2393 2490
2394 2471
2394 2487
2394 2470
2394 2385
2397 2402
2397 2382
2398 2453
2400 2502
2402 2454
2402 2420
2403 2453
2403 2397
2405 2420
2405 2416
2407 2437
2408 2443
2410 2450
2411 2477
2414 2453
2417 2406
2419 2505
2419 2488
2419 2460
2419 2486
2421 2393
2422 2453
2425 2501
2427 2460
2428 2447
2428 2477
2429 2445
2429 2497
2431 2437
2433 2397
2434 2375
2434 2453
2435 2477
2435 2445
2436 2453
2436 2412
2439 2380
2439 2403
2440 2453
2442 2446
2443 2437
2445 2464
2446 2453
2447 2453
2447 2453
2448 2381
2449 2419
2451 2398
2452 2408
2453 2439
2453 2453
2453 2444
2453 2445
2453 2500
2453 2453
2453 2428
2453 2422
2453 2474
2453 2501
2453 2462
2453 2453
2453 2389
2453 2431
2453 2504
2453 2413
2453 2385
2453 2453
2453 2453
2453 2464
2453 2424
2453 2443
2453 2375
2453 2437
2453 2436
2453 2488
2453 2493
2453 2393
2453 2491
2453 2453
2454 2375
2455 2453
2457 2395
2457 2471
2457 2499
2459 2453
2460 2426
2462 2425
2463 2484
2464 2453
2464 2423
2465 2383
2467 2503
2467 2453
2468 2422
2469 2486
2469 2503
2469 2453
2471 2382
2471 2500
2471 2434
2473 2392
2475 2420
2476 2497
2476 2458
2476 2453
2477 2441
2477 2487
2480 2387
2480 2453
2480 2474
2484 2505
2484 2453
2485 2453
2485 2452
2487 2401
2487 2396
2489 2505
2492 2484
2493 2439
2494 2379
2494 2493
2494 2459
2494 2471
2495 2441
2496 2386
2497 2453
2498 2436
2502 2453
2502 2504
2503 2472
2504 2453
2505 2453
2506 2481
2506 2402
2506 2391
2506 2453
2507 2508
2508 2509
2509 2509
2509 2509
2510 2508
2511 2509
2512 2510
2512 2509
2513 2516
2513 2520
2513 2516
2514 2522
2515 2520
2516 2514
2519 2514
2520 2514
2520 2521
2521 2516
2521 2520
2521 2520
2521 2522
2521 2521
2521 2515
2522 2517
2522 2521
2522 2520
2523 2524
2524 2525
2524 2523
2526 2526
2527 2527
2527 2528
2528 2527
2529 2613
2530 2587
2530 2616
2530 2647
2530 2546
2530 2558
2530 2557
2530 2613
2531 2571
2531 2597
2532 2613
2533 2596
2534 2608
2535 2573
2537 2587
2538 2616
2539 2543
2540 2628
2540 2590
2541 2534
2541 2580
2541 2607
2541 2601
2542 2634
2542 2616
2542 2621
2544 2645
2544 2600
2545 2604
2545 2604
2546 2598
2546 2638
2547 2612
2548 2553
2548 2646
2548 2649
2548 2615
2549 2635
2549 2637
2550 2533
2552 2634
2552 2560
2557 2570
2557 2577
2557 2584
2558 2587
2562 2547
2563 2583
2563 2590
2563 2608
2563 2557
2566 2613
2566 2634
2567 2625
2568 2581
2568 2583
2568 2616
2568 2622
2573 2571
2574 2627
2576 2610
2576 2647
2576 2647
2577 2596
2577 2616
2578 2539
2579 2626
2581 2616
2582 2587
2583 2592
2583 2641
2583 2534
2584 2587
2585 2600
2587 2598
2587 2605
2587 2551
2588 2602
2589 2548
2589 2612
2590 2613
2590 2532
2590 2579
2594 2607
2595 2549
2595 2623
2597 2607
2598 2582
2600 2579
2600 2586
2601 2593
2601 2641
2603 2616
2604 2563
2605 2553
2605 2541
2606 2601
2607 2592
2607 2590
2608 2590
2608 2536
2609 2530
2610 2583
2610 2559
2610 2548
2611 2616
2611 2602
2611 2548
2612 2586
2613 2641
2613 2633
2613 2625
2613 2572
2613 2535
2613 2613
2613 2602
2613 2587
2613 2562
2613 2638
2613 2533
2614 2645
2614 2563
2615 2546
2615 2601
2615 2568
2616 2591
2616 2584
2616 2624
2616 2561
2616 2612
2616 2556
2616 2624
2616 2613
2617 2586
2617 2607
2617 2553
2619 2608
2623 2613
2623 2628
2624 2586
2624 2616
2625 2550
2626 2604
2627 2571
2627 2550
2628 2592
2629 2613
2629 2595
2630 2600
2632 2587
2632 2644
2634 2574
2634 2578
2635 2576
2637 2613
2637 2645
2638 2607
2639 2613
2639 2598
2642 2603
2642 2599
2642 2646
2642 2634
2643 2558
2644 2613
2644 2638
2647 2535
2647 2642
2650 2650
2650 2613
2650 2616
2651 2649
2651 2608
2651 2645
2652 2652
2653 2652
2653 2657
2654 2657
2657 2653
2657 2657