1 22
1 111
1 73
1 775
2 77
2 1851
3 24
3 7
4 84
4 109
5 59
5 22
5 109
5 150
6 83
6 31
7 54
7 23
8 184
9 62
10 20
10 95
10 41
10 27
10 401
11 54
11 24
12 27
12 95
12 84
12 83
12 67
12 10
12 320
13 31
14 84
14 55
14 99
14 24
14 76
15 20
15 62
16 28
16 97
16 73
16 45
16 30
16 40
16 103
16 37
16 36
16 35
16 100
16 67
16 62
17 9
18 108
18 84
19 84
19 82
19 101
19 56
22 73
22 0
22 31
22 31
23 20
23 72
23 43
23 29
23 91
23 59
23 64
23 31
23 27
23 37
24 23
24 27
24 40
24 107
24 11
24 88
24 27
24 104
24 31
24 79
24 6
24 66
24 100
24 102
24 27
24 98
24 246
24 836
24 1114
24 1491
25 95
26 70
26 16
26 31
27 24
27 105
27 24
27 11
27 73
27 21
27 64
27 27
27 27
27 45
27 89
27 95
27 5
27 84
27 23
27 100
27 100
27 75
27 100
27 8
27 105
27 84
27 23
27 9
27 18
27 108
27 31
27 31
27 467
27 1049
28 100
28 101
29 106
29 62
30 315
31 27
31 100
31 97
31 31
31 84
31 27
31 84
31 100
31 108
31 58
31 31
31 55
31 100
31 104
31 84
31 59
31 44
31 31
31 77
31 40
31 79
31 163
32 22
33 31
33 95
34 24
36 90
36 62
36 41
36 100
36 31
36 55
36 31
36 9
36 73
37 96
38 14
38 27
38 1493
39 34
39 18
40 62
40 16
40 27
40 13
40 104
40 84
40 23
40 27
40 5
40 419
40 425
41 104
41 55
42 52
43 18
43 27
43 24
43 342
45 43
45 23
46 27
46 32
46 27
46 84
47 11
47 95
47 16
47 97
48 99
48 24
48 67
49 54
49 95
50 73
51 24
51 110
52 62
52 27
53 84
53 62
54 84
54 95
54 47
54 54
54 0
54 25
54 87
54 10
54 109
54 50
54 50
54 95
54 27
54 111
54 15
54 88
54 86
54 104
54 100
54 73
54 350
54 556
54 1959
55 48
55 23
55 73
55 25
55 41
55 64
55 64
55 104
55 80
55 110
55 877
55 863
57 31
57 91
58 31
59 88
59 23
59 75
59 8
59 53
59 27
59 55
59 27
59 106
59 73
59 36
59 50
59 55
59 27
59 83
59 55
59 24
59 54
61 81
62 31
62 103
62 107
62 86
62 23
62 67
62 73
62 54
62 60
62 32
62 31
62 104
62 88
62 164
62 1613
63 14
63 27
63 73
64 31
64 20
65 17
65 76
66 31
67 84
69 48
70 29
70 40
71 46
72 15
72 54
72 94
73 27
73 95
73 28
73 24
73 34
73 103
73 23
73 25
73 231
73 356
74 16
74 83
75 95
75 58
75 91
75 27
76 23
76 16
77 29
77 65
79 95
80 108
80 59
81 111
81 83
81 63
83 85
83 48
83 40
83 24
83 717
83 1393
84 55
84 95
84 95
84 63
84 73
84 43
84 55
84 7
84 95
84 41
84 104
84 6
84 4
84 46
85 27
85 4
86 108
86 18
86 31
87 30
89 73
90 40
90 91
91 14
92 3
93 31
93 34
93 1048
94 588
94 924
95 43
95 59
95 62
95 84
95 39
95 42
95 2
95 22
95 92
95 16
95 62
95 40
95 36
95 84
95 95
95 84
95 15
95 14
95 62
96 74
96 100
97 31
98 3
98 55
98 63
99 50
99 62
99 45
100 2
100 109
100 62
100 104
100 94
100 89
100 627
101 54
101 27
101 91
101 31
102 58
102 49
102 96
102 108
104 40
104 104
104 99
104 54
104 24
104 104
104 84
104 84
104 55
104 10
104 104
104 7
105 104
105 111
106 23
107 24
107 95
108 76
108 101
108 23
108 59
108 24
108 102
110 99
110 23
111 95
111 73
112 237
113 486
113 322
113 650
113 125
113 379
113 305
113 316
113 385
113 121
113 281
113 613
113 482
113 711
113 635
113 554
113 226
114 356
114 526
115 594
115 427
117 696
117 461
117 679
117 470
117 254
117 467
118 589
118 144
119 647
119 757
120 437
120 517
120 398
120 704
121 644
122 153
122 769
122 383
123 315
123 374
123 123
123 663
124 624
124 654
125 706
125 428
126 450
127 446
127 246
127 468
127 522
128 624
128 113
128 173
128 695
128 748
128 191
129 663
129 370
129 1003
130 355
131 430
132 548
132 1551
134 196
134 453
135 461
136 246
137 172
137 491
137 234
137 741
137 421
138 345
139 246
140 611
140 368
141 268
142 144
142 345
142 395
143 113
144 624
144 751
144 522
144 715
144 384
144 242
144 625
144 588
144 741
144 510
144 383
145 689
145 652
146 512
146 687
146 118
146 175
146 685
147 628
147 721
147 656
147 469
148 441
148 509
149 467
149 513
149 207
149 439
149 342
149 456
149 655
149 179
150 467
151 569
151 492
153 741
153 430
154 117
154 345
154 1785
155 244
156 234
156 654
157 467
157 176
158 641
160 356
160 357
160 1704
161 284
161 589
162 246
162 427
164 591
164 238
164 741
165 266
166 251
167 356
168 365
169 150
170 530
170 349
170 242
171 545
171 293
172 516
172 1716
173 765
173 422
173 266
173 755
173 642
173 367
173 467
173 508
175 588
175 213
175 760
175 685
176 173
176 152
176 250
176 356
176 382
176 744
176 233
176 345
176 359
176 184
176 331
176 388
176 700
176 681
176 624
176 490
176 680
176 573
176 676
176 529
176 177
176 770
176 696
176 316
176 572
176 1420
177 265
177 257
178 380
178 513
178 328
178 2079
179 279
180 601
180 628
180 176
181 342
181 723
181 754
182 123
182 342
182 756
182 216
182 544
183 311
183 400
184 326
184 173
184 624
184 370
184 1955
185 340
185 115
186 303
186 292
186 727
186 2071
187 653
187 272
188 230
188 250
188 261
188 769
188 205
189 233
190 674
191 644
191 470
191 669
192 723
193 740
193 714
193 323
194 684
195 192
195 496
195 594
195 300
195 229
195 583
195 327
195 690
195 1721
197 266
197 699
198 2027
199 581
200 639
202 482
202 637
202 459
202 278
202 191
203 123
203 213
203 144
203 195
203 155
205 410
205 332
206 343
206 691
207 656
207 741
207 695
208 346
208 413
209 594
210 607
210 587
211 734
211 391
211 246
212 246
212 199
212 370
214 735
215 232
217 677
218 334
218 230
218 352
218 146
219 356
219 1415
220 736
221 495
222 126
223 246
224 702
224 385
224 222
225 678
225 708
226 272
227 121
227 574
229 269
229 503
229 717
229 257
229 246
229 557
230 420
230 168
230 257
230 157
231 728
231 245
231 2067
232 609
232 608
232 113
232 1067
233 129
233 540
233 467
233 644
233 719
233 275
233 434
233 1082
234 241
234 319
234 721
234 128
234 113
234 655
234 133
234 621
234 387
234 144
234 342
234 316
235 385
235 266
236 201
236 113
238 635
238 231
238 591
238 769
238 342
238 1535
238 1715
240 470
241 558
241 174
242 392
242 195
242 397
242 304
242 266
242 588
242 719
242 548
242 467
242 469
242 470
242 342
242 741
242 246
242 709
242 410
243 228
243 2085
244 467
244 642
244 246
245 171
245 196
245 188
246 723
246 482
246 467
246 381
246 249
246 228
246 403
246 356
246 654
246 420
246 222
246 771
246 738
246 315
246 654
246 518
246 776
246 747
246 763
246 284
246 676
246 203
246 746
246 624
246 594
246 266
246 262
246 176
246 271
246 572
246 644
246 225
246 745
246 346
246 275
246 731
246 129
246 205
246 505
246 692
246 167
246 739
246 144
246 467
246 511
246 766
246 695
246 576
246 513
246 588
246 717
246 667
246 727
246 364
246 1213
246 1504
246 1890
248 422
248 602
248 274
248 238
250 224
250 542
250 246
250 724
250 656
250 594
250 182
250 204
250 577
251 431
252 478
253 236
253 281
254 644
256 553
256 582
256 424
256 624
256 126
256 1594
257 537
257 188
257 194
257 261
257 339
257 607
257 256
257 1423
258 176
258 588
258 461
259 144
259 1827
260 718
260 349
261 310
261 242
262 413
262 693
263 495
264 287
264 735
264 129
265 176
265 505
266 250
266 547
266 131
266 299
266 202
266 131
266 520
266 354
266 741
266 692
266 420
266 663
266 422
266 741
266 423
266 353
266 281
266 231
266 446
266 444
266 144
266 284
266 157
266 574
266 581
266 212
266 1534
267 238
267 230
269 162
269 523
269 554
269 824
270 229
270 179
270 308
270 470
270 176
271 343
271 531
271 453
272 205
273 192
273 113
274 511
274 554
275 113
275 574
275 495
276 250
276 553
276 576
276 652
276 507
277 253
277 194
277 705
279 467
279 125
281 655
281 359
281 741
281 757
281 461
281 117
281 669
281 420
282 392
282 201
282 624
282 334
282 1983
283 719
283 164
283 622
284 589
284 554
284 660
285 327
285 358
285 625
285 708
286 388
286 597
286 741
287 420
287 594
288 626
288 316
289 604
289 652
289 766
289 522
289 427
289 770
290 717
291 128
291 149
292 339
292 246
292 606
292 741
293 245
293 569
293 266
293 246
294 592
294 626
294 175
296 246
296 470
296 582
296 741
297 649
297 1976
299 621
299 638
300 654
301 654
301 731
302 452
303 184
304 580
305 218
305 212
305 577
306 342
307 626
308 143
308 569
308 741
309 741
310 198
310 769
310 1952
311 130
311 626
313 246
314 666
314 768
315 164
315 656
315 616
315 256
315 256
315 553
316 530
316 408
316 757
316 387
316 550
316 246
316 222
316 754
316 285
316 200
316 741
316 517
316 722
316 577
317 738
317 487
318 542
318 291
318 748
318 348
319 353
320 701
320 643
320 594
322 427
323 626
323 541
324 776
324 229
324 2053
325 615
327 556
329 217
330 692
330 494
330 242
330 653
330 224
331 573
332 266
332 257
332 189
334 266
334 755
334 451
334 741
334 599
334 356
336 176
337 368
337 381
337 250
337 363
337 588
337 189
337 246
337 1531
338 775
339 512
339 654
340 723
340 470
340 494
340 281
342 741
342 316
342 246
342 319
342 298
342 631
342 266
342 173
342 122
342 669
342 586
343 553
343 337
343 541
343 2072
344 137
345 246
345 287
345 461
345 266
345 342
345 720
345 723
345 216
345 115
345 402
345 659
345 401
345 208
345 484
346 676
346 388
346 1112
347 233
348 554
351 246
353 622
353 233
353 602
353 1531
354 456
355 720
355 561
356 184
356 743
356 657
356 663
356 429
356 683
356 321
356 229
356 340
356 642
356 213
356 585
356 588
356 321
356 631
356 181
356 232
356 435
356 292
356 241
356 504
356 751
356 370
356 671
356 688
356 576
356 431
356 320
356 726
356 188
356 421
356 370
356 289
356 1750
356 1981
357 621
357 201
358 509
359 172
359 416
360 534
360 193
360 536
360 274
360 776
361 663
361 434
361 257
362 663
362 246
363 323
363 246
363 732
364 605
364 420
364 655
365 763
365 518
366 316
367 438
367 246
367 123
369 302
369 315
370 331
370 140
370 397
370 427
370 433
371 622
372 421
374 144
374 554
375 284
375 1902
378 622
378 505
380 236
381 572
381 215
382 509
382 282
382 589
382 725
383 356
383 353
384 533
384 524
384 1451
385 741
385 291
385 752
386 289
386 679
386 159
387 402
387 266
388 517
388 624
388 588
388 650
388 244
388 378
388 796
389 695
390 528
391 176
392 246
392 403
392 346
392 741
393 312
393 182
394 721
394 406
396 233
396 470
397 414
397 1610
399 454
400 417
400 660
400 222
400 547
401 121
402 491
402 500
402 128
402 292
403 594
403 386
403 455
406 149
406 165
407 501
408 621
408 246
408 468
408 456
408 403
408 541
408 1827
409 234
410 532
410 511
410 246
411 119
411 256
412 563
413 150
413 484
415 356
415 683
415 651
415 588
415 654
415 146
416 246
417 422
417 177
417 266
418 652
419 342
419 348
420 128
420 176
420 319
420 740
420 428
420 588
420 130
420 252
420 177
420 246
420 262
420 388
420 365
420 334
420 168
421 316
421 559
422 554
422 230
422 176
422 501
422 288
422 463
422 644
422 125
422 569
422 640
422 535
422 437
422 479
423 242
423 470
423 757
425 199
425 583
426 276
426 536
427 113
427 329
427 337
427 422
427 122
427 344
427 202
427 284
427 238
427 656
427 588
428 1876
429 645
429 315
431 470
431 686
431 219
432 344
434 399
434 621
434 438
434 639
434 774
435 723
436 554
436 398
436 461
437 266
437 117
438 681
439 420
439 265
441 494
441 250
441 461
442 266
442 1621
443 195
443 734
444 345
445 272
446 510
446 644
446 157
446 388
447 215
447 207
447 144
449 356
449 676
449 597
449 644
449 317
450 445
453 768
453 605
453 607
453 676
453 734
453 161
454 588
454 2022
455 920
456 772
456 517
456 318
456 571
458 621
459 435
459 741
459 574
460 244
461 663
461 727
461 554
461 530
461 741
461 361
461 238
461 219
461 257
461 214
461 157
461 727
461 531
461 514
461 553
461 356
462 336
462 137
463 540
463 319
464 655
465 682
465 523
465 1085
466 634
467 112
467 740
467 388
467 441
467 437
467 588
467 380
467 113
467 392
467 305
467 281
467 553
467 721
467 338
467 741
467 499
467 126
467 650
467 342
467 246
467 628
467 609
467 569
467 246
467 702
467 501
467 553
467 663
467 356
467 430
467 311
467 246
467 735
468 225
468 553
468 123
469 343
469 644
469 246
470 624
470 571
470 208
470 246
470 651
470 305
470 289
470 669
470 701
470 129
470 246
470 389
470 113
470 770
470 721
471 134
472 234
472 716
472 356
472 341
473 148
473 190
473 930
474 774
474 478
476 308
476 202
477 474
477 467
479 704
479 422
480 246
480 266
480 141
480 663
480 594
481 234
481 224
481 741
482 453
482 627
483 470
483 242
483 113
483 1992
486 400
486 427
488 491
489 470
489 576
489 289
489 213
491 588
491 595
491 319
491 297
491 256
491 420
491 597
491 663
491 321
492 257
492 345
492 164
492 1520
492 1929
493 654
493 624
494 194
495 730
496 566
497 834
498 356
499 741
499 277
499 613
500 554
500 167
501 248
501 624
502 585
502 741
502 432
503 257
504 164
505 115
506 1504
507 747
507 118
508 757
508 1545
509 447
510 670
510 246
510 658
510 345
511 467
511 124
511 173
512 750
512 741
513 113
513 2004
514 128
515 763
515 553
516 320
516 398
516 356
516 281
517 113
517 599
518 246
518 334
518 384
518 754
518 231
520 655
521 615
522 653
523 362
523 727
523 147
524 128
525 711
525 724
526 552
527 494
527 220
528 480
529 775
529 699
529 282
530 642
532 335
532 370
532 2085
533 427
533 346
533 657
533 433
534 242
534 732
535 682
536 344
536 246
537 422
537 137
537 741
537 292
538 774
539 233
541 741
541 1388
542 496
542 446
542 148
543 266
544 613
545 748
545 614
545 656
545 1675
546 402
546 1472
547 564
547 239
547 229
547 212
548 246
548 295
548 521
548 467
548 305
550 277
551 176
552 345
552 270
552 383
552 156
553 130
553 554
553 652
553 654
553 741
553 113
553 518
553 402
553 281
553 636
553 607
553 678
553 182
553 703
553 1574
554 533
554 319
554 539
554 368
554 443
554 233
555 427
555 626
557 312
557 411
558 652
559 266
559 707
559 314
559 656
559 597
559 553
562 588
562 343
565 243
565 549
566 309
567 337
567 289
568 588
568 406
568 113
568 1945
569 309
570 212
570 117
570 309
570 609
571 740
571 554
572 205
572 545
573 663
574 266
574 2069
575 188
575 1974
577 462
577 596
577 538
577 522
577 334
577 249
578 429
579 456
579 334
579 1290
580 269
581 741
581 316
582 144
584 698
585 177
585 420
586 253
586 284
587 615
587 338
588 697
588 484
588 316
588 266
588 623
588 144
588 461
588 607
588 246
588 654
588 225
588 190
589 226
589 285
589 321
590 669
591 529
592 439
592 934
593 470
594 337
594 201
594 393
594 233
594 702
594 345
594 769
594 173
594 1882
595 715
595 644
596 726
597 461
597 113
597 622
597 246
598 618
598 126
598 461
599 139
599 188
599 356
599 176
600 741
601 741
601 266
602 482
603 453
603 356
603 419
605 244
606 716
607 322
608 316
608 244
608 1911
608 1970
609 232
610 246
611 113
611 472
611 257
611 214
611 1062
612 508
613 448
613 983
614 419
614 113
614 543
614 252
614 449
614 325
614 718
616 695
616 585
616 242
618 652
619 281
619 323
619 727
619 504
619 413
620 754
620 323
621 137
621 331
621 131
621 588
621 246
621 625
621 185
621 266
621 557
621 246
621 419
621 492
621 362
621 741
622 326
622 576
622 388
622 246
622 408
622 518
622 422
622 164
622 350
622 561
623 545
623 339
624 566
624 457
624 303
624 246
624 289
624 407
624 441
624 266
624 315
625 588
626 545
626 772
626 741
626 506
626 596
626 356
626 202
627 475
628 654
628 158
628 331
629 713
631 750
632 216
632 294
636 139
637 685
637 339
637 609
639 246
639 250
639 939
640 731
640 261
641 316
641 723
641 283
644 731
644 697
644 708
644 137
644 518
644 571
644 182
644 315
644 635
644 565
646 385
646 786
647 125
647 219
647 245
648 581
648 704
648 355
648 113
648 640
648 399
648 331
649 339
650 582
650 254
651 266
651 678
652 456
652 266
652 215
652 122
652 153
652 246
652 382
652 755
652 422
652 293
652 176
652 1394
653 215
653 654
654 622
654 173
654 474
654 440
654 256
654 246
654 457
655 461
655 952
656 723
656 757
656 259
656 355
656 174
656 225
656 246
656 775
656 467
656 595
656 621
656 744
656 266
656 2032
657 356
657 246
657 1402
661 723
662 250
663 441
663 308
663 127
663 741
663 380
663 753
663 236
663 427
663 594
663 646
663 426
663 176
664 567
664 536
664 240
665 126
665 474
666 119
666 656
667 741
667 266
668 215
668 554
669 520
669 650
669 456
669 386
669 720
670 315
670 119
670 246
670 112
670 467
671 246
671 651
671 246
671 676
671 266
671 1462
672 621
672 701
672 702
673 695
674 474
674 355
676 370
676 327
676 416
676 776
676 253
677 334
678 744
679 392
679 1586
680 453
680 353
680 266
681 621
682 739
682 174
682 652
682 329
683 266
683 656
683 765
684 242
684 266
684 193
685 327
685 194
686 592
687 123
687 193
687 520
688 190
688 496
689 644
690 621
691 194
691 1420
694 383
694 116
694 123
694 760
694 246
694 1891
695 741
695 188
696 430
696 482
696 368
697 437
697 470
697 266
697 204
699 625
699 643
700 713
700 182
701 176
702 667
702 259
702 113
702 177
702 384
703 290
703 698
705 422
705 566
705 149
706 543
706 390
707 723
708 263
708 469
709 518
710 356
711 144
711 621
712 561
712 331
712 646
712 1636
715 180
716 581
716 1999
717 560
717 588
717 246
717 572
717 167
718 176
719 741
719 748
720 462
720 663
720 663
720 765
721 745
722 257
723 627
723 553
723 315
723 721
723 517
723 246
723 195
723 530
725 246
725 133
725 639
725 741
725 250
725 442
725 213
725 553
727 246
727 663
727 459
727 741
728 656
728 560
729 246
730 491
730 113
731 553
731 741
731 725
731 702
731 1528
732 450
732 652
732 370
735 345
737 203
737 717
737 621
738 196
738 370
738 644
739 375
739 725
740 441
741 275
741 218
741 588
741 520
741 112
741 492
741 388
741 284
741 173
741 474
741 148
741 124
741 680
741 353
741 420
741 285
741 741
741 292
741 235
741 246
741 713
741 618
741 113
741 203
741 722
741 614
741 556
741 137
741 654
741 356
741 217
741 464
741 557
741 594
741 172
741 215
741 529
741 588
741 289
741 663
741 370
741 647
741 528
741 176
741 266
741 725
741 1543
742 410
743 467
744 310
744 593
745 687
745 298
745 319
745 2053
746 282
746 246
747 741
747 356
747 126
748 594
748 240
748 1441
749 676
750 337
751 626
751 388
751 320
752 334
752 685
753 408
753 113
753 530
753 485
754 139
755 530
755 615
755 708
755 459
757 656
757 725
757 150
757 374
757 259
757 741
757 621
757 284
757 596
758 375
758 193
759 186
759 554
760 762
760 697
760 505
760 483
762 331
762 280
764 316
764 914
765 772
765 834
766 641
768 281
768 640
768 256
768 521
769 271
772 220
772 577
773 308
774 480
774 266
774 342
775 669
775 153
775 766
777 985
778 1088
778 1118
778 802
778 908
779 1077
780 907
780 832
780 896
780 1120
780 833
780 1044
780 855
780 1084
780 1006
781 1118
781 849
781 1119
782 868
782 1004
782 1058
783 849
783 1093
784 1045
784 782
785 1047
785 788
787 896
788 972
790 832
791 900
791 983
791 814
791 1047
791 890
791 956
791 841
791 891
792 849
792 817
793 791
794 876
794 1077
794 1039
794 1079
795 963
795 1112
796 1120
796 988
797 1075
798 882
799 928
800 890
801 818
801 1116
801 876
802 846
802 1004
802 913
802 788
803 799
803 778
804 1105
804 849
805 928
806 888
808 849
808 793
809 1104
809 850
809 1079
809 1090
811 1095
811 791
812 953
812 959
812 814
812 1015
812 993
812 1110
814 1100
814 923
817 1043
818 788
818 969
819 844
819 913
819 988
819 1079
820 849
822 795
823 784
823 820
823 917
823 954
826 803
826 864
827 1078
827 1029
827 780
828 953
828 937
829 874
829 968
829 953
830 1112
830 849
831 955
832 1028
832 891
832 803
833 788
833 968
833 824
834 785
834 1052
834 996
834 981
834 972
834 887
834 920
834 782
834 933
835 797
836 942
837 915
837 1028
841 1041
841 829
842 888
842 869
842 903
844 1119
844 1045
844 1047
844 963
844 785
844 928
844 1045
844 1096
844 814
844 1082
844 976
844 815
845 849
846 846
847 900
847 906
848 869
848 898
848 1065
848 1078
848 849
848 854
848 986
848 1012
849 805
849 849
849 849
849 819
849 1097
849 809
849 1046
849 853
849 1119
849 879
849 780
849 1045
849 1026
849 1061
849 849
849 918
849 1016
849 963
849 1082
849 821
849 1082
849 1040
849 967
849 1106
849 1001
849 797
849 955
849 1015
849 1030
849 777
849 1050
849 1636
849 2054
850 1100
851 813
851 1086
852 910
853 868
853 890
854 791
854 960
855 1108
855 849
856 1119
856 1095
856 1116
856 935
856 1084
856 1041
857 934
857 857
858 867
859 1091
860 907
861 844
861 1000
861 1103
861 785
862 1112
862 1030
862 965
862 1044
863 1117
863 869
864 1073
864 1032
864 862
864 992
865 1062
865 979
867 847
867 1068
868 1028
871 852
872 1112
872 1045
873 827
874 1112
874 825
874 1112
874 1112
874 822
875 1047
876 1024
876 946
877 912
877 799
877 877
878 954
878 849
878 1521
880 839
880 799
881 1021
882 968
882 786
882 786
882 882
882 793
882 947
882 1112
882 998
882 1412
883 1073
883 818
883 876
883 858
883 952
883 914
884 877
884 953
886 882
886 928
887 850
887 890
888 935
888 836
888 1088
888 890
888 890
889 870
889 839
889 1116
890 849
890 916
891 2067
893 826
893 2057
894 1112
895 978
896 1095
896 1016
897 790
897 1095
898 921
899 810
900 832
901 1090
901 912
901 921
901 907
901 903
901 825
902 791
903 973
905 790
905 1046
906 1100
907 895
907 798
907 1948
908 956
908 1112
910 796
910 1088
911 954
911 1114
911 931
911 1048
912 998
913 884
913 1112
913 777
914 792
915 941
917 930
917 996
917 1112
917 1023
917 989
917 825
917 819
917 841
918 877
918 893
920 822
920 840
921 799
921 996
922 958
922 882
923 864
923 912
923 848
923 816
924 849
925 978
925 933
926 1022
926 811
927 794
928 848
928 1091
928 1004
928 897
928 1112
929 1044
929 795
929 874
930 792
930 1021
930 930
930 804
930 923
930 972
930 1908
931 1004
932 1077
932 935
933 884
933 844
933 805
934 1112
935 996
935 906
936 803
936 901
937 849
937 1073
937 942
938 939
938 1002
938 1004
938 805
938 1112
938 1089
938 904
939 1009
939 1094
940 1028
940 1020
940 791
940 836
941 1028
941 899
941 1078
941 1038
941 888
941 1095
941 850
941 857
942 951
942 1112
942 880
943 802
943 1076
944 812
944 1054
945 1094
945 1107
946 825
946 1102
947 805
950 954
950 988
951 822
952 898
954 958
954 953
954 923
954 1102
954 1080
954 1092
954 925
954 1048
954 1047
955 1038
955 883
956 795
957 1047
957 916
958 1008
959 1030
960 849
960 1521
961 877
961 913
961 786
961 974
962 978
962 1112
962 897
962 951
962 848
963 887
963 849
964 877
964 1020
965 1095
966 834
966 972
967 825
967 869
970 966
973 919
973 780
973 791
973 1068
975 1073
975 1038
975 882
977 1016
977 792
978 1095
978 844
979 893
979 1119
979 838
981 853
982 955
984 981
985 1008
986 954
986 848
986 1994
987 1023
987 1003
988 794
988 804
988 1087
989 848
989 1119
990 834
991 790
991 795
991 1020
991 895
992 896
993 1079
993 1073
994 973
995 1112
995 1088
995 1112
995 946
995 831
995 1859
996 1114
997 850
997 898
998 962
999 1112
1000 813
1001 831
1001 1003
1001 1032
1003 929
1004 827
1004 1040
1005 844
1006 995
1006 1987
1007 1070
1008 988
1009 796
1010 877
1010 824
1010 939
1011 933
1011 852
1011 933
1011 882
1013 840
1014 1037
1014 1043
1014 1113
1015 917
1016 934
1016 1001
1016 847
1016 1024
1016 1078
1016 830
1017 962
1017 1033
1017 1082
1018 1112
1020 1119
1020 880
1020 1058
1021 1075
1021 875
1021 1043
1022 825
1023 1028
1024 899
1024 965
1027 1036
1028 1117
1028 896
1028 989
1028 885
1028 843
1028 841
1028 1065
1028 1004
1028 820
1029 962
1029 1062
1030 812
1030 1090
1030 1076
1030 1071
1031 933
1031 813
1033 848
1033 853
1033 2005
1034 1095
1034 802
1034 930
1035 835
1035 783
1035 954
1035 917
1035 849
1036 1078
1036 917
1037 998
1037 1075
1037 981
1037 986
1037 915
1038 811
1038 873
1039 972
1039 1053
1039 1029
1040 1111
1041 1109
1042 947
1043 1116
1043 1070
1043 849
1043 878
1043 928
1044 923
1044 1098
1045 1103
1046 1004
1046 953
1047 1039
1047 799
1047 941
1047 961
1048 1048
1048 1071
1048 1112
1048 809
1050 877
1050 987
1051 1080
1051 1010
1052 1117
1052 845
1052 861
1053 872
1053 849
1054 1106
1054 991
1055 1067
1055 1120
1056 910
1056 880
1056 981
1057 867
1057 1004
1058 865
1058 1016
1060 1112
1060 884
1060 986
1061 844
1061 944
1061 938
1061 1061
1061 778
1061 844
1061 1078
1062 969
1062 831
1062 1112
1062 954
1062 883
1062 806
1063 933
1063 843
1064 1079
1065 1056
1066 925
1066 920
1066 1112
1066 1091
1066 939
1067 1071
1068 1112
1068 843
1069 1055
1069 838
1070 1096
1071 910
1072 944
1073 935
1074 936
1074 1064
1075 936
1076 1086
1078 977
1078 830
1078 838
1078 882
1078 1059
1078 925
1078 786
1079 973
1079 1112
1079 849
1080 1088
1080 857
1080 937
1080 795
1080 1101
1080 954
1081 1119
1081 827
1081 1048
1082 1076
1082 1044
1084 1080
1084 1095
1085 1017
1085 789
1086 933
1086 919
1088 1108
1088 876
1088 894
1088 1071
1089 1095
1090 836
1090 883
1091 897
1091 819
1092 969
1092 1087
1093 907
1093 791
1094 1016
1094 1034
1094 1069
1095 935
1096 796
1096 889
1097 890
1097 777
1097 1110
1098 891
1098 869
1100 945
1100 882
1100 937
1101 1112
1101 834
1101 933
1102 939
1102 1119
1102 942
1102 792
1102 1076
1102 844
1103 1065
1103 890
1103 939
1103 1112
1104 844
1104 1061
1104 804
1105 1090
1105 813
1105 1031
1105 828
1106 847
1106 930
1106 979
1106 1071
1107 1052
1108 1071
1108 821
1109 1092
1109 1090
1110 954
1110 849
1110 996
1110 1069
1111 792
1111 978
1112 846
1112 1079
1112 848
1112 794
1112 839
1112 824
1112 803
1112 1080
1112 939
1112 1088
1112 866
1112 931
1112 907
1112 964
1112 1078
1112 1000
1112 935
1112 938
1112 1046
1112 1047
1112 1112
1112 928
1112 936
1112 1008
1112 915
1112 784
1112 890
1112 858
1112 848
1114 909
1114 942
1114 1044
1114 916
1114 782
1114 900
1115 778
1115 790
1115 907
1116 849
1116 956
1116 1107
1116 940
1117 1112
1117 857
1117 1055
1118 796
1118 796
1119 955
1119 1007
1119 974
1120 988
1120 867
1120 985
1120 849
1120 922
1121 1158
1123 1145
1123 1188
1123 1144
1126 1263
1127 1132
1127 1182
1129 1232
1129 1163
1129 1261
1131 1237
1131 1230
1132 1172
1132 1239
1132 1178
1133 1183
1133 1227
1133 1232
1134 1184
1134 1193
1134 1264
1135 1152
1136 1239
1137 1130
1137 1129
1138 1238
1141 1179
1142 1249
1142 1152
1142 1183
1143 1224
1143 1186
1146 1163
1149 1152
1149 1210
1150 1139
1150 1144
1150 1152
1150 1133
1152 1139
1152 1181
1152 1143
1152 1137
1152 1183
1152 1168
1152 1197
1152 1152
1152 1183
1152 1256
1152 1161
1152 1219
1152 1251
1152 1152
1152 1221
1152 1205
1152 1238
1152 1183
1152 1260
1152 1215
1152 1161
1152 1148
1152 1230
1152 1241
1154 1260
1155 1242
1157 1253
1159 1182
1159 1245
1164 1220
1166 1134
1166 1208
1167 1222
1167 1181
1168 1181
1168 1233
1169 1217
1169 1182
1171 1139
1174 1238
1174 1157
1175 1157
1176 1143
1176 1172
1177 1136
1180 1250
1180 1136
1181 1186
1183 1206
1183 1262
1183 1131
1183 1175
1183 1210
1183 1183
1184 1247
1184 1143
1184 1199
1186 1171
1186 1265
1186 1122
1187 1172
1187 1152
1188 1125
1188 1225
1188 1178
1191 1241
1192 1152
1192 1132
1192 1240
1195 1205
1197 1196
1197 1172
1199 1132
1199 1217
1199 1259
1199 1233
1199 1183
1200 1231
1201 1162
1202 1234
1202 1152
1203 1154
1204 1125
1205 1183
1206 1262
1206 1129
1208 1189
1211 1230
1213 1127
1216 1142
1217 1143
1219 1131
1221 1128
1221 1629
1223 1250
1226 1175
1227 1183
1227 1237
1227 1200
1227 1169
1229 1179
1229 1245
1230 1192
1231 1203
1231 1184
1231 1183
1232 1240
1232 1225
1232 1134
1233 1170
1234 1152
1234 1181
1237 1133
1238 1229
1239 1194
1239 1234
1239 1259
1240 1187
1242 1259
1242 1206
1245 1152
1245 1230
1246 1231
1247 1178
1248 1161
1249 1132
1250 1209
1251 1162
1253 1192
1254 1248
1255 1138
1255 1210
1257 1178
1257 1182
1257 1150
1259 1125
1259 1211
1259 1187
1260 1239
1262 1172
1262 1208
1265 1173
1265 1127
1265 1187
1266 1148
1267 1151
1269 1303
1269 1303
1270 1301
1271 1281
1273 1303
1273 1269
1273 1311
1273 1376
1274 1366
1274 1334
1274 1294
1274 1303
1278 1281
1278 1374
1280 1320
1280 1281
1283 1303
1283 1303
1285 1295
1286 1272
1290 1345
1291 1274
1291 1324
1291 1303
1292 1303
1292 1312
1292 1352
1294 1268
1294 1364
1294 1364
1296 1370
1296 1334
1296 1303
1297 1357
1298 1272
1299 1348
1300 1290
1301 1363
1301 1298
1302 1276
1303 1375
1303 1372
1303 1336
1303 1297
1303 1348
1303 1370
1303 1269
1303 1360
1303 1326
1303 1328
1303 1327
1303 1313
1303 1303
1303 1336
1303 1303
1303 1280
1303 1289
1303 1286
1303 1359
1303 1276
1303 1311
1303 1319
1303 1315
1303 1268
1304 1303
1304 1293
1306 1299
1307 1303
1307 1285
1308 1336
1308 1326
1310 1366
1311 1276
1311 1375
1313 1303
1314 1365
1315 1330
1316 1369
1316 1360
1319 1303
1319 1303
1320 1976
1321 1319
1321 1303
1322 1332
1322 1294
1323 1283
1323 1343
1325 1303
1327 1354
1327 1281
1328 1346
1330 1900
1334 1337
1336 1324
1337 1303
1340 1285
1341 1371
1343 1324
1343 1347
1344 1345
1345 1295
1345 1322
1347 1285
1349 1303
1350 1313
1350 1351
1352 1306
1353 1364
1353 1298
1353 1372
1353 1313
1353 1303
1354 1275
1355 1293
1356 1295
1357 1268
1359 1325
1361 1318
1364 1290
1364 1354
1365 1307
1366 1355
1366 1366
1366 1309
1366 1303
1366 1316
1371 1313
1371 1289
1373 1290
1374 1289
1374 1315
1375 1354
1375 1341
1376 1303
1377 1377
1377 1377
1378 1378
1380 1380
1381 1381
1381 1379
1382 1382
1383 1381
1383 1381
1384 1521
1384 1516
1384 1585
1384 1395
1384 1497
1385 1412
1386 1453
1386 1563
1388 1396
1388 1458
1388 1476
1388 1519
1388 1474
1389 1476
1389 1545
1390 1558
1390 1395
1391 1503
1392 1576
1392 1412
1392 1433
1392 1495
1393 1411
1393 1441
1393 1491
1394 1554
1394 1565
1395 1431
1395 1485
1395 1534
1395 1555
1396 1424
1396 1491
1397 1475
1397 1443
1397 1443
1397 1484
1398 1469
1398 1484
1398 1575
1399 1553
1400 1386
1401 1398
1405 1444
1405 1462
1406 1445
1406 1388
1406 1520
1407 1491
1407 1413
1407 1463
1408 1551
1408 1534
1408 1423
1408 1557
1408 1404
1409 1515
1410 1478
1410 1504
1410 1552
1411 1424
1411 1497
1411 1482
1412 1491
1412 1434
1413 1458
1413 1487
1414 1485
1414 1475
1415 1556
1416 1519
1416 1438
1417 1531
1417 1406
1418 1441
1419 1549
1419 1405
1421 1428
1421 1515
1422 1497
1422 1436
1422 1475
1423 1519
1423 1429
1424 1572
1424 1554
1424 1552
1424 1386
1424 1463
1425 1441
1425 1394
1425 1395
1425 1483
1425 1544
1426 1508
1429 1456
1429 1403
1430 1558
1431 1454
1431 1483
1431 1437
1432 1426
1434 1582
1435 1491
1435 1501
1436 1410
1436 1475
1436 1454
1436 1501
1436 1475
1437 1571
1439 1439
1441 1510
1441 1418
1441 1404
1441 1481
1441 1432
1441 1572
1441 1567
1442 1470
1442 1421
1443 1459
1444 1554
1445 1416
1445 1533
1445 1410
1447 1542
1448 1523
1448 1507
1450 1491
1450 1585
1451 1417
1451 1473
1452 1398
1453 1506
1456 1411
1457 1501
1457 1534
1458 1501
1458 1434
1458 1423
1458 1498
1458 1557
1458 1393
1458 1697
1459 1457
1459 1503
1460 1520
1461 1485
1462 1556
1462 1491
1464 1510
1464 1421
1464 1531
1465 1567
1467 1500
1467 1389
1467 1579
1468 1563
1468 1436
1471 1491
1472 1386
1472 1406
1472 1441
1472 1564
1472 1454
1472 1531
1474 1475
1474 1402
1474 1394
1475 1498
1475 1568
1475 1468
1475 1559
1475 1461
1475 1403
1475 1414
1475 1576
1475 1551
1475 1572
1475 1577
1475 1406
1475 1532
1475 1481
1475 1554
1475 1425
1475 1395
1476 1551
1476 1496
1476 1534
1477 1485
1478 1470
1478 1551
1478 1905
1479 1443
1480 1486
1481 1506
1482 1490
1482 1441
1482 1543
1482 1523
1483 1565
1483 1551
1485 1526
1485 1475
1485 1436
1485 1556
1487 1527
1487 1532
1488 1462
1489 1436
1491 1398
1491 1576
1491 1529
1491 1417
1491 1527
1491 1575
1491 1462
1491 1584
1491 1543
1491 1390
1491 1424
1491 1530
1491 1390
1491 1434
1492 1412
1493 1473
1493 1521
1495 1436
1495 1486
1496 1568
1497 1577
1498 1423
1500 1534
1501 1440
1502 1572
1502 1475
1503 1398
1503 1459
1504 1585
1505 1580
1505 1406
1506 1543
1509 1531
1511 1395
1511 1556
1512 1399
1512 1400
1513 1406
1515 1426
1515 1553
1516 1384
1516 1491
1516 1449
1517 1446
1517 1505
1519 1567
1520 1442
1520 1441
1520 1450
1520 1422
1521 1420
1521 1504
1521 1428
1521 1531
1521 1564
1521 1490
1521 1475
1521 1573
1521 1444
1521 1538
1521 1423
1522 1406
1523 1437
1524 1396
1524 1557
1526 1502
1526 1527
1528 1436
1528 1483
1528 1475
1530 1569
1530 1545
1531 1392
1531 1553
1531 1464
1531 1399
1532 1386
1533 1480
1534 1584
1534 1460
1534 1585
1534 1583
1534 1452
1534 1545
1534 1431
1536 1575
1536 1445
1536 1425
1537 1537
1539 1577
1539 1406
1539 1475
1540 1488
1542 1547
1544 1538
1545 1496
1545 1454
1546 1459
1546 1504
1546 1508
1546 1497
1547 1417
1547 1466
1548 1573
1548 1556
1548 1395
1548 1450
1549 1478
1549 1468
1551 1531
1551 1441
1551 1491
1551 1470
1551 1534
1551 1636
1552 1441
1553 1531
1553 1573
1553 1579
1554 1521
1554 1499
1554 1484
1554 1504
1554 1513
1556 1505
1556 1396
1556 1393
1557 1405
1557 1554
1557 1574
1559 1475
1559 1471
1561 1454
1561 1477
1564 1421
1565 1427
1565 1542
1566 1387
1566 1444
1567 1474
1568 1454
1568 1495
1569 1436
1570 1504
1571 1558
1572 1519
1573 1560
1574 1493
1574 1548
1575 1567
1575 1441
1575 1498
1575 1384
1576 1569
1577 1458
1578 1507
1578 1462
1579 1503
1582 1434
1582 1531
1584 1549
1584 1554
1585 1441
1585 1584
1585 1512
1585 1568
1585 1443
1586 1601
1586 1670
1586 1611
1587 1623
1588 1611
1588 1674
1590 1639
1590 1652
1590 1635
1591 1586
1591 1629
1593 1633
1593 1598
1593 1621
1593 1655
1594 1621
1594 1599
1594 1670
1595 1591
1596 1604
1599 1635
1600 1600
1600 1621
1600 1618
1602 1587
1604 1621
1604 1628
1604 1615
1604 1586
1604 1674
1605 1672
1607 1616
1607 1658
1607 1676
1607 1663
1608 1644
1608 1614
1609 1621
1610 1594
1610 1653
1610 1679
1610 1592
1610 1621
1610 1638
1611 1619
1611 1598
1611 1666
1611 1592
1612 1604
1612 1613
1612 1643
1612 1669
1613 1657
1614 1608
1615 1659
1615 1586
1616 1660
1618 1621
1618 1604
1619 1624
1619 1655
1620 1620
1620 1611
1620 1672
1620 1621
1621 1643
1621 1676
1621 1649
1621 1621
1621 1595
1621 1668
1621 1608
1621 1664
1621 1604
1621 1639
1621 1648
1621 1668
1622 1665
1624 1676
1624 1637
1624 1604
1624 1653
1625 1592
1625 1591
1625 1611
1626 1607
1627 1662
1628 1609
1628 1661
1628 1621
1628 1590
1628 1632
1629 1590
1629 1594
1629 1587
1631 1623
1631 1632
1632 1594
1632 1621
1632 1665
1633 1670
1633 1636
1633 1655
1635 1621
1636 1655
1637 1604
1637 1673
1639 1672
1640 1637
1640 1643
1641 1674
1641 1646
1642 1633
1644 1603
1644 1633
1644 1643
1644 1674
1644 1661
1644 1596
1644 1610
1645 1618
1646 1659
1647 1630
1647 1632
1648 1661
1648 1651
1649 1590
1650 1590
1650 1650
1650 1609
1651 1641
1651 1644
1654 1644
1654 1678
1655 1657
1658 1587
1659 1619
1660 1651
1661 1648
1662 1593
1662 1670
1663 1658
1664 1675
1664 1598
1666 1619
1666 1616
1667 1599
1669 1653
1670 1644
1671 1593
1672 1596
1672 1621
1672 1629
1673 1655
1674 1644
1674 1652
1674 1604
1674 1659
1674 1657
1675 1605
1675 1615
1676 1622
1676 1642
1676 1597
1676 1606
1677 1636
1677 1660
1677 1610
1678 1619
1678 1632
1678 1590
1678 1644
1681 1680
1681 1680
1685 1732
1685 1709
1687 1729
1687 1720
1688 1729
1689 1696
1689 1722
1690 1731
1690 1686
1690 1730
1690 1686
1691 1694
1691 1684
1692 1704
1692 1730
1692 1726
1693 1730
1694 1703
1694 1685
1694 1686
1695 1716
1696 1715
1696 1730
1697 1729
1697 1730
1697 1706
1699 1730
1699 1705
1700 1717
1701 1730
1701 1722
1701 1682
1702 1687
1703 1731
1704 1705
1704 1720
1704 1685
1704 1716
1704 1689
1704 1730
1704 1711
1705 1717
1706 1692
1708 1701
1708 1718
1708 1701
1708 1730
1708 1720
1709 1686
1710 1730
1711 1711
1712 1732
1714 1697
1714 1707
1715 1729
1717 1704
1718 1729
1720 1704
1720 1722
1721 1708
1722 1704
1722 1730
1723 1728
1725 1730
1725 1731
1725 1711
1725 1691
1726 1729
1726 1684
1727 1688
1727 1733
1727 1717
1728 1708
1728 1721
1729 1730
1729 1714
1729 1727
1729 1714
1730 1730
1730 1730
1730 1696
1730 1733
1730 1700
1730 1729
1732 1706
1732 1719
1733 1730
1733 1718
1734 1725
1734 1704
1736 1762
1738 1786
1739 1773
1739 1754
1741 1771
1743 1755
1743 1746
1744 1779
1745 1777
1745 1778
1745 1777
1746 1764
1747 1757
1747 1783
1748 1745
1748 1743
1748 1757
1751 1784
1751 1745
1752 1755
1753 1780
1754 1780
1756 1771
1757 1772
1757 1784
1758 1770
1758 1751
1758 1785
1758 1756
1758 1779
1758 1783
1758 1786
1758 1738
1758 1763
1758 1773
1758 1774
1758 1743
1759 1755
1760 1741
1761 1771
1762 1778
1763 1740
1764 1748
1764 1751
1767 1758
1767 1743
1767 1735
1768 1771
1768 1755
1768 1768
1769 1755
1770 1786
1770 1747
1771 1761
1772 1764
1773 1753
1774 1764
1774 1756
1778 1744
1778 1777
1780 1777
1780 1774
1780 1740
1780 1750
1780 1746
1781 1783
1781 1773
1781 1780
1782 1755
1782 1783
1782 1772
1783 1756
1785 1746
1786 1752
1786 1768
1787 1789
1787 1796
1788 1789
1788 1789
1788 1791
1788 1792
1789 1787
1791 1796
1791 1796
1792 1795
1792 1788
1793 1788
1793 1788
1793 1789
1796 1796
1796 1797
1796 1796
1796 1797
1797 1796
1797 1787
1797 1793
1798 1792
1798 1796
1799 1802
1799 1801
1799 1801
1799 1800
1801 1800
1802 1799
1802 1799
1803 1803
1803 1805
1803 1803
1803 1799
1805 1801
1806 1803
1807 1807
1807 1813
1808 1807
1808 1812
1809 1808
1810 1813
1810 1811
1813 1813
1813 1810
1814 1815
1814 1816
1815 1817
1815 1818
1817 1814
1818 1816
1819 2007
1820 1882
1820 1944
1821 1838
1821 1917
1821 2066
1822 2051
1823 1938
1823 1991
1824 2000
1825 2069
1825 2027
1825 1891
1825 1948
1825 1975
1825 1876
1825 2010
1825 1933
1825 1997
1825 1997
1826 1909
1826 2024
1826 1835
1826 1902
1826 1826
1826 1895
1826 2069
1826 1954
1826 2009
1827 1898
1828 2080
1828 1839
1829 2030
1829 2048
1829 1825
1830 2005
1830 1976
1831 1943
1832 1891
1833 1898
1833 1971
1833 1899
1835 2005
1835 1889
1836 1948
1837 1948
1837 1847
1837 1852
1838 2004
1838 1881
1839 1864
1839 1830
1840 1947
1840 1969
1841 1821
1841 2084
1842 2019
1842 1975
1843 1900
1843 2000
1843 2047
1844 1995
1844 1912
1844 1858
1844 1876
1844 2075
1845 1842
1845 2018
1846 1992
1846 1995
1846 1964
1846 1881
1846 1976
1846 2030
1846 1867
1847 2010
1847 2005
1847 1951
1847 1940
1848 1943
1849 2008
1849 1820
1850 2043
1851 1966
1851 1965
1851 1994
1851 2005
1852 2069
1852 1976
1852 1972
1852 2005
1852 1820
1852 1995
1852 1913
1852 2041
1853 1928
1853 2069
1854 1883
1854 1827
1854 1843
1854 2069
1855 1855
1856 2080
1856 2037
1857 2054
1857 1873
1857 1957
1858 1984
1858 2076
1858 1924
1858 1993
1859 1858
1861 1872
1861 1848
1862 1882
1864 2033
1864 1905
1865 1976
1866 1879
1867 2083
1868 1840
1868 1908
1868 2050
1869 2007
1871 1867
1872 2021
1872 1876
1873 1910
1873 2038
1874 2061
1874 1871
1875 1867
1875 1825
1875 2048
1876 2082
1876 1941
1876 2004
1876 2084
1876 1973
1876 1907
1876 1878
1876 1870
1876 1842
1876 2071
1877 1866
1877 2084
1877 1895
1878 1892
1878 2080
1879 1845
1879 1892
1879 2005
1879 2044
1879 2006
1880 2048
1880 1906
1881 1826
1881 2010
1881 2010
1881 1995
1881 2078
1881 2010
1882 1995
1883 2004
1883 2017
1883 1894
1884 1930
1885 1976
1886 1894
1887 2078
1887 2013
1887 1943
1887 2005
1888 2035
1889 1976
1889 1925
1889 1876
1890 1975
1890 2005
1891 2051
1891 1948
1891 2015
1891 2010
1892 1848
1892 1877
1893 1830
1894 1985
1894 2085
1895 2023
1896 1871
1896 1851
1897 1887
1898 1873
1898 2005
1898 1906
1899 1913
1899 2081
1900 2005
1901 2063
1901 2012
1901 1979
1901 2027
1902 1981
1903 2027
1903 1978
1904 1832
1906 1995
1907 1882
1907 1966
1908 2041
1908 2018
1909 2048
1911 1913
1913 1971
1913 1978
1913 1976
1913 2022
1914 2058
1914 1955
1914 1976
1914 1876
1917 1934
1918 2070
1919 1841
1920 1992
1921 1967
1921 2084
1922 2003
1923 2000
1924 1915
1925 1924
1925 2036
1925 2040
1926 1825
1927 1991
1927 1976
1928 2050
1928 1977
1929 2071
1930 1936
1930 2069
1930 1965
1930 1976
1930 2037
1930 1949
1931 1966
1931 2002
1932 1970
1932 1824
1933 2068
1934 1929
1935 2053
1935 1832
1936 2066
1936 1870
1936 2067
1937 1874
1938 1884
1938 1864
1938 1928
1938 2025
1940 2072
1941 1877
1942 2030
1943 1934
1943 2065
1944 1876
1944 2013
1944 2055
1944 1826
1945 1976
1945 1876
1945 2016
1945 2007
1946 1944
1948 1976
1948 1820
1948 2048
1948 1827
1949 2069
1949 2001
1950 1851
1951 2000
1953 1998
1954 1926
1955 1928
1955 1902
1956 1844
1956 1853
1957 2065
1957 2079
1958 2039
1959 2039
1960 2048
1961 1901
1962 1825
1962 1903
1963 1905
1965 2031
1965 2050
1968 1915
1968 2047
1969 1992
1969 1827
1969 2027
1970 2033
1971 2003
1972 1919
1972 1909
1972 1986
1973 1897
1974 1832
1975 2060
1975 1822
1976 1825
1976 1825
1976 2017
1976 2010
1976 2011
1976 2019
1976 1931
1976 2029
1976 1849
1976 2058
1976 1833
1976 1876
1976 2077
1978 2008
1979 1951
1981 1971
1981 2026
1981 1933
1981 2083
1982 1834
1983 1881
1983 1854
1984 1882
1984 1914
1984 1964
1985 2056
1985 1870
1986 1913
1987 1961
1987 1945
1987 1948
1989 1984
1989 2005
1990 2004
1990 1976
1990 1929
1991 2081
1992 1831
1992 1855
1993 1988
1994 1900
1994 1824
1994 1911
1995 2036
1995 1885
1995 1975
1995 2054
1995 1972
1995 2010
1995 1972
1995 1995
1995 1891
1998 2010
1998 1829
2000 2036
2000 1876
2000 2069
2000 1975
2003 1983
2003 1876
2003 1901
2003 2062
2005 1993
2005 1943
2005 2035
2005 1886
2005 2055
2005 1884
2005 1825
2005 1830
2005 1930
2005 2012
2005 1857
2005 1937
2005 1848
2005 1855
2005 1876
2005 2070
2005 1895
2008 1834
2008 1846
2008 1866
2008 1976
2009 1821
2009 2047
2010 1910
2010 1955
2010 2051
2010 1955
2010 1915
2010 1850
2010 1928
2010 2058
2010 1882
2010 1950
2011 1951
2012 1846
2012 2060
2012 2060
2014 1849
2014 1891
2014 2069
2015 1966
2015 1868
2016 1959
2016 1885
2017 1840
2017 1976
2018 2055
2018 2063
2019 1972
2020 1913
2021 2053
2021 2067
2021 1828
2022 1846
2022 1929
2023 1838
2023 1891
2023 1910
2024 2084
2025 2057
2026 1909
2027 1865
2027 2069
2028 1934
2028 2071
2030 1876
2030 1976
2032 2023
2033 1876
2034 1935
2034 1846
2034 1928
2036 1990
2036 1909
2036 1908
2037 1860
2037 1895
2039 1841
2039 2034
2039 1904
2040 1870
2040 1992
2041 2008
2042 2048
2042 1834
2044 1827
2047 1895
2048 1882
2048 1862
2048 1876
2048 1923
2048 2028
2050 1951
2050 1972
2050 1996
2051 2069
2051 1984
2051 1976
2053 1914
2053 1910
2053 2005
2054 1908
2055 2016
2056 2024
2057 2082
2058 1877
2058 1986
2058 1906
2059 1922
2060 2033
2060 1903
2060 1878
2060 1916
2061 2038
2062 1977
2062 1988
2062 1823
2063 1945
2063 2015
2063 1904
2063 1866
2064 2036
2065 2008
2065 1915
2066 1977
2067 1823
2067 1932
2067 2034
2067 1905
2067 1875
2067 1937
2067 1976
2067 2081
2067 1861
2067 1891
2068 1960
2068 2056
2068 1826
2068 1883
2069 1995
2069 1978
2069 2005
2069 1902
2069 1970
2069 1920
2069 1825
2069 1949
2069 1910
2069 1957
2069 1964
2069 1831
2069 1957
2070 2050
2070 1962
2071 2048
2072 2015
2073 2041
2074 1902
2074 1944
2074 1979
2076 1852
2076 1857
2077 1921
2077 2069
2078 1899
2079 2069
2079 1832
2080 2005
2082 1870
2082 1905
2084 1876
2084 1941
2084 1994
2085 2003
2087 2092
2087 2086
2087 2086
2088 2088
2090 2090
2092 2090
2092 2092
2092 2091
2092 2092
2092 2090
2092 2088
2094 2094
2094 2092
2095 2088
2095 2089
2095 2089
2098 2098
2098 2098
2098 2098
2101 2103
2102 2103
2102 2103
2102 2099
2102 2100
2103 2104
2103 2101
2104 2099
2104 2099
2105 2099
2106 2100
2106 2102
2106 2102
2106 2099
2107 2110
2110 2110
2110 2110
2110 2108
2110 2108
2112 2115
2112 2118
2112 2114
2112 2118
2112 2118
2113 2118
2113 2118
2113 2117
2113 2114
2113 2115
2113 2115
2114 2115
2114 2115
2114 2115
2114 2113
2114 2113
2114 2115
2114 2117
2114 2116
2115 2115
2115 2115
2115 2114
2115 2112
2115 2113
2115 2114
2115 2114
2115 2113
2115 2118
2115 2114
2115 2114
2115 2114
2115 2115
2115 2113
2115 2118
2115 2114
2115 2114
2116 2118
2116 2115
2116 2112
2116 2118
2116 2114
2118 2112
2118 2112
2118 2117
2118 2114
2118 2114
2118 2118
2118 2115
2118 2112
2118 2112
2119 2120
2120 2120
2121 2120
2121 2119
2122 2125
2122 2123
2123 2125
2124 2124
2125 2123
2125 2125
2125 2122