1 1
1 20
1 36
3 15
5 30
5 20
5 682
7 22
7 9
7 24
7 14
7 20
7 20
9 23
9 15
9 10
9 24
9 24
9 1
9 18
9 24
9 27
9 9
9 24
9 222
11 3
11 14
13 22
18 7
18 9
18 184
20 1
20 5
20 18
23 32
23 7
23 29
23 24
23 7
23 7
24 30
24 9
24 11
24 1148
26 6
26 10
30 3
31 9
31 9
31 9
31 7
32 6
32 9
33 30
36 7
36 6
37 437
37 2144
38 94
38 120
39 124
39 60
39 101
39 58
39 52
39 119
39 115
39 162
39 1904
39 2085
40 109
41 43
42 65
42 83
42 88
42 64
42 120
42 169
43 118
44 49
44 49
44 49
44 118
44 120
45 108
45 56
45 120
45 94
45 2072
45 2216
46 408
49 105
49 42
49 120
49 113
49 99
49 133
49 708
49 2236
52 120
52 57
53 78
53 56
53 2087
54 105
54 57
56 39
56 54
56 124
56 95
56 462
57 67
57 85
57 67
57 434
59 187
60 74
60 120
60 119
60 99
60 73
60 222
62 99
62 45
62 106
63 81
63 113
63 100
63 169
64 120
65 120
65 78
65 66
65 94
66 47
67 90
67 39
67 120
67 113
67 164
67 217
67 140
67 222
67 411
68 106
69 49
69 120
70 99
71 117
71 1096
72 69
73 71
75 108
76 120
76 57
77 78
77 67
78 76
78 222
78 443
80 57
80 41
80 120
81 120
81 97
81 118
81 120
81 193
81 1968
82 95
82 469
84 106
84 119
85 53
88 39
88 63
88 99
90 53
91 65
91 164
92 94
94 71
94 56
94 178
94 483
95 103
95 120
95 38
95 1545
96 108
96 145
97 56
97 222
98 66
99 118
99 42
99 108
99 66
99 120
99 66
99 67
99 169
99 146
99 209
102 110
103 67
103 120
105 120
105 67
105 95
105 99
105 99
105 120
105 54
105 159
105 143
105 2168
106 120
106 120
106 195
106 140
108 74
108 105
108 120
108 120
109 42
110 113
110 102
110 120
113 38
113 118
113 120
113 139
113 159
113 164
113 411
114 57
115 82
115 181
116 94
117 193
117 426
118 101
118 65
118 164
118 171
119 66
119 74
119 49
119 40
119 95
119 94
119 90
120 66
120 67
120 73
120 106
120 80
120 56
120 67
120 99
120 69
120 118
120 100
120 122
120 53
120 56
120 63
120 120
120 67
120 106
120 67
120 39
120 62
120 42
120 44
120 97
120 103
120 120
120 95
120 120
120 49
120 49
120 72
120 88
120 39
120 108
120 66
120 42
120 95
120 120
120 87
120 164
120 215
120 214
120 482
120 812
120 1889
120 1903
120 2239
121 57
122 99
122 99
123 45
123 222
124 54
124 120
124 212
124 133
125 178
125 2207
126 169
126 222
126 222
126 164
126 222
126 175
126 222
126 169
126 140
127 164
128 167
128 164
128 169
128 126
128 193
128 220
128 164
128 222
128 164
128 169
128 162
128 433
128 1866
128 2330
128 2421
129 214
129 171
129 162
129 169
129 171
129 164
129 178
129 217
129 164
129 164
129 159
129 126
129 178
129 1100
129 2145
132 140
132 222
132 145
132 178
132 2219
133 180
133 167
133 159
133 169
133 164
133 162
133 193
133 211
133 220
133 164
133 195
133 171
133 126
133 164
133 178
133 220
133 133
133 169
133 2525
134 178
134 178
135 211
137 146
140 169
140 178
140 203
140 179
140 129
140 164
140 222
140 145
140 179
140 164
140 128
140 222
140 186
140 169
140 202
140 215
140 167
140 211
140 1100
140 1010
140 1390
140 2239
141 145
141 2062
143 1913
143 2208
145 169
145 180
145 193
145 180
145 178
145 225
145 159
145 186
145 222
145 140
145 178
145 164
145 163
145 164
145 222
145 179
145 222
145 193
145 145
145 215
145 162
145 1110
145 1052
145 2239
146 222
146 222
146 169
146 186
146 169
146 1792
147 162
147 222
147 189
147 167
147 217
147 164
147 164
147 222
147 222
147 128
147 785
147 1799
147 2230
149 178
149 169
151 174
153 164
153 133
153 222
153 162
153 169
153 133
153 178
153 169
153 1838
154 206
155 169
155 164
155 2538
156 193
159 169
159 222
159 178
159 159
159 161
159 169
159 169
159 128
159 129
159 184
159 222
159 222
159 140
159 207
159 1091
159 1148
161 128
161 2234
162 192
162 200
162 193
162 215
162 222
162 140
162 164
162 186
162 222
162 186
162 184
162 169
162 164
162 169
162 169
162 140
162 169
162 2215
163 2207
164 169
164 164
164 129
164 186
164 164
164 206
164 126
164 179
164 153
164 184
164 169
164 162
164 220
164 220
164 205
164 186
164 164
164 169
164 211
164 169
164 186
164 169
164 155
164 169
164 169
164 132
164 169
164 171
164 171
164 162
164 147
164 222
164 128
164 171
164 164
164 129
164 146
164 184
164 164
164 129
164 178
164 140
164 193
164 140
164 140
164 222
164 164
164 180
164 164
164 193
164 169
164 169
164 162
164 222
164 169
164 186
164 222
164 164
164 128
164 164
164 128
164 222
164 222
164 128
164 186
164 178
164 193
164 169
164 169
164 128
164 145
164 169
164 195
164 133
164 170
164 169
164 164
164 222
164 222
164 169
164 222
164 169
164 171
164 162
164 222
164 174
164 1148
164 1904
164 1857
164 1825
164 2216
164 2240
164 2230
164 2219
164 2240
164 2243
164 2546
165 164
165 164
165 178
165 179
165 159
167 164
167 222
167 169
167 169
167 1911
169 222
169 195
169 164
169 155
169 222
169 140
169 149
169 129
169 126
169 169
169 129
169 161
169 195
169 132
169 169
169 140
169 140
169 212
169 164
169 157
169 164
169 132
169 169
169 222
169 193
169 169
169 178
169 222
169 132
169 140
169 195
169 147
169 159
169 222
169 178
169 222
169 140
169 169
169 164
169 159
169 129
169 133
169 162
169 164
169 153
169 178
169 164
169 450
169 1110
169 1148
169 1067
169 1096
169 1026
169 1913
169 2214
169 2199
169 2239
169 2222
169 2199
169 2355
170 195
171 164
171 132
171 186
171 135
171 129
171 222
171 179
171 167
171 211
171 222
171 175
171 164
171 164
171 452
171 2199
171 2526
172 193
175 192
175 222
175 169
175 215
175 164
175 159
175 145
175 215
175 169
175 129
175 149
175 170
175 169
175 175
175 1052
175 2341
178 169
178 169
178 192
178 164
178 169
178 222
178 171
178 159
178 147
178 184
178 178
178 169
178 164
178 169
178 178
178 222
178 189
178 411
178 1049
178 1913
178 2214
179 126
179 145
179 133
179 222
179 128
179 130
179 222
179 169
179 178
179 132
179 195
179 751
179 1805
179 2247
179 2241
180 216
180 1052
182 211
184 164
184 220
184 143
184 126
184 193
184 168
185 1579
186 193
186 164
186 169
186 195
186 164
186 169
186 164
190 212
190 169
190 178
190 169
190 140
192 169
192 220
192 175
192 195
193 164
193 184
193 126
193 178
193 128
193 140
193 127
193 179
193 140
193 222
193 133
193 169
193 133
193 1123
193 2058
193 2337
195 222
195 161
195 222
195 164
195 164
195 169
195 220
195 175
195 177
195 146
195 193
195 1386
195 2240
195 2233
195 2222
195 2243
198 164
199 215
200 198
202 215
202 162
203 184
206 865
210 128
210 164
211 178
211 222
211 215
211 162
211 186
211 1079
212 128
212 790
212 2236
213 2240
214 179
214 179
215 142
215 178
215 178
215 195
215 167
215 220
215 140
215 164
215 162
215 164
215 129
215 169
215 222
215 140
215 1801
215 2212
215 2199
216 180
217 140
217 164
220 222
220 169
220 215
220 162
220 164
220 164
221 164
222 140
222 178
222 171
222 178
222 179
222 217
222 178
222 222
222 193
222 129
222 193
222 143
222 175
222 192
222 145
222 190
222 186
222 127
222 140
222 164
222 164
222 222
222 220
222 222
222 189
222 222
222 164
222 222
222 220
222 211
222 164
222 192
222 169
222 169
222 222
222 147
222 195
222 164
222 169
222 215
222 184
222 215
222 178
222 164
222 145
222 186
222 215
222 171
222 178
222 171
222 222
222 126
222 178
222 184
222 222
222 169
222 222
222 129
222 219
222 165
222 133
222 133
222 164
222 434
222 408
222 428
222 777
222 1096
222 1447
222 1484
222 1682
222 1805
222 1825
222 1856
222 2152
222 2095
222 2205
222 2233
222 2218
222 2233
222 2246
222 2230
226 127
228 241
229 237
229 248
230 246
232 255
234 255
234 255
234 260
234 234
235 237
237 244
239 255
241 255
242 247
243 250
245 257
246 255
247 260
247 255
250 260
255 260
255 260
255 264
255 250
255 260
255 255
255 244
255 266
255 260
255 255
255 234
255 260
255 255
255 237
255 229
255 265
255 237
255 731
256 260
257 260
257 228
259 255
259 233
259 255
260 262
260 229
260 260
260 260
260 259
260 260
260 265
260 255
260 261
260 260
260 260
260 255
260 255
260 260
260 260
260 232
260 260
260 255
260 255
262 232
263 578
264 234
265 624
266 260
267 264
269 269
269 269
269 269
272 327
274 306
274 337
275 345
276 313
277 286
278 317
278 331
278 346
278 306
278 305
278 313
279 305
279 288
279 306
280 336
281 288
282 347
282 295
282 335
282 274
285 284
286 340
286 313
286 306
286 321
286 306
287 296
288 287
288 313
288 313
289 323
291 285
293 276
294 278
294 679
295 336
295 349
295 298
296 323
296 321
297 313
298 323
299 298
302 289
305 305
305 345
305 313
305 305
305 333
305 329
305 278
305 336
305 273
305 328
305 292
305 305
305 288
305 317
305 335
305 321
305 306
305 317
305 305
305 306
305 319
305 286
305 303
305 278
305 311
305 286
305 317
305 328
305 336
305 341
305 313
305 278
305 305
305 568
305 579
305 579
305 698
305 1041
306 288
306 289
306 311
306 320
306 313
306 320
306 304
306 321
306 306
306 336
306 627
306 1135
307 288
307 306
307 323
309 306
309 305
310 278
310 305
310 313
311 298
311 345
311 317
311 317
313 298
313 278
313 331
313 306
313 288
313 347
313 331
313 306
313 282
313 343
313 278
313 286
313 331
313 1825
315 282
315 281
316 282
316 317
316 334
316 281
316 314
316 745
317 331
317 348
317 305
317 321
317 296
317 282
317 336
317 624
317 625
318 745
318 866
319 286
320 288
320 305
320 282
320 270
320 346
320 340
320 288
320 305
320 305
320 292
320 320
320 347
320 317
320 270
320 723
321 321
321 317
321 348
321 294
321 317
321 311
321 321
321 331
321 323
321 323
323 1092
324 296
324 291
329 321
331 306
331 305
331 574
331 624
331 624
333 321
333 305
333 320
334 306
335 305
335 273
335 613
336 305
336 676
339 306
340 340
340 278
341 274
341 305
341 347
343 270
343 305
345 311
345 289
346 318
346 304
347 305
347 282
347 288
347 313
348 339
350 371
352 361
352 380
352 380
353 380
356 359
357 397
358 405
358 393
360 367
360 384
360 375
360 400
360 380
360 360
361 389
363 352
364 368
366 370
366 371
367 380
368 389
369 380
369 380
370 391
371 403
371 380
371 384
371 364
374 357
375 380
375 354
375 371
380 384
380 379
380 371
380 398
380 395
380 357
380 371
380 360
380 381
380 367
380 381
380 362
380 380
380 380
380 381
380 367
380 375
380 380
380 407
380 380
381 384
384 351
384 364
384 361
384 380
384 389
386 381
387 384
389 381
389 380
392 384
392 401
393 357
395 380
395 384
401 354
401 396
403 371
405 407
406 373
407 377
408 483
408 433
408 467
410 483
410 410
410 452
410 453
410 469
410 456
410 471
410 469
410 443
410 452
410 443
411 471
411 469
411 469
411 469
411 443
411 469
411 450
411 426
411 411
411 483
411 469
411 471
411 433
411 427
411 420
413 411
415 471
417 426
419 432
420 472
420 426
420 449
420 427
420 434
420 455
420 411
422 452
422 471
422 471
423 426
423 433
423 443
423 1100
424 433
426 461
426 426
426 453
426 452
426 469
426 471
426 483
426 483
426 425
426 446
426 471
426 443
426 413
426 411
426 455
426 469
426 453
426 469
426 469
426 420
426 442
426 471
426 443
426 442
426 434
426 483
426 469
426 427
426 469
426 453
426 469
426 452
426 442
426 434
426 426
426 471
426 426
426 434
426 471
426 428
426 482
426 469
426 482
426 434
426 469
426 411
426 482
426 428
426 469
426 468
426 411
426 474
426 452
426 471
426 469
426 1009
427 442
427 423
427 426
427 428
427 466
427 471
427 471
427 482
428 410
428 483
428 426
428 434
428 420
428 443
428 482
428 427
428 469
428 429
428 469
428 473
428 426
428 608
429 482
430 483
432 433
432 411
433 427
433 468
433 428
433 476
433 467
433 469
433 434
433 411
433 482
433 443
433 469
433 453
433 455
433 452
433 469
433 472
433 411
433 2103
434 426
434 426
434 434
434 426
434 423
434 471
434 433
434 443
434 469
434 426
434 411
434 426
434 426
434 469
434 469
434 452
434 457
434 469
434 455
434 483
434 471
434 483
434 452
434 469
435 452
435 443
435 469
436 426
437 426
438 480
442 446
442 482
442 434
442 473
442 426
442 434
442 469
442 411
442 473
442 464
442 426
442 926
443 483
443 458
443 469
443 426
443 411
443 469
443 453
443 411
443 424
443 443
443 433
443 452
443 433
443 470
443 452
443 424
443 426
443 426
444 483
445 411
446 469
446 452
446 453
446 428
446 453
446 469
446 428
446 483
446 471
446 442
446 432
446 735
447 428
449 483
449 471
449 446
450 469
452 469
452 483
452 452
452 411
452 443
452 434
452 434
452 469
452 453
452 426
452 469
452 432
452 441
452 411
452 411
452 731
452 678
453 469
453 446
453 474
453 469
453 452
453 483
453 432
453 443
453 483
454 426
454 455
454 410
454 426
455 469
455 426
455 411
456 450
456 469
456 471
459 445
459 482
460 469
461 410
461 482
462 450
462 483
463 410
463 426
464 433
466 443
466 469
466 471
466 411
466 428
466 474
466 411
466 453
466 469
466 426
466 456
466 471
466 428
466 426
466 433
466 434
468 449
468 579
469 426
469 482
469 482
469 453
469 453
469 433
469 446
469 434
469 462
469 471
469 410
469 466
469 411
469 427
469 411
469 427
469 434
469 426
469 471
469 427
469 474
469 450
469 453
469 471
469 471
469 451
469 469
469 483
469 411
469 428
469 455
469 426
469 434
469 469
469 428
469 434
469 411
469 469
469 471
469 469
469 423
469 446
469 460
469 482
469 426
469 449
469 426
469 469
469 452
469 482
469 426
469 473
469 469
470 469
471 469
471 443
471 443
471 474
471 469
471 426
471 476
471 429
471 452
471 464
471 434
471 438
471 434
471 446
471 469
471 454
471 471
471 411
471 483
471 442
471 469
471 427
471 467
471 472
471 428
471 472
471 443
471 453
471 426
471 471
471 426
471 589
471 1003
472 428
473 411
473 483
473 446
474 466
474 411
474 455
474 469
474 453
476 450
477 479
477 446
477 426
478 434
478 469
478 468
480 446
480 469
480 411
480 436
481 446
481 483
482 471
482 452
482 443
482 411
482 434
482 434
482 434
482 482
482 466
482 426
482 477
482 446
482 411
482 469
483 420
483 427
483 479
483 469
483 426
483 434
483 428
483 427
483 426
483 434
486 508
488 512
488 494
489 491
492 497
494 501
494 497
495 516
496 497
497 497
497 497
497 497
497 497
497 488
497 497
497 486
497 497
497 498
497 509
497 497
497 495
497 497
497 497
497 494
497 505
497 497
497 497
497 530
497 497
498 497
498 497
498 500
498 497
498 486
501 523
504 516
506 494
506 512
506 497
506 497
508 527
509 497
509 497
509 497
510 497
512 524
512 497
512 518
512 497
512 525
513 509
515 520
518 497
518 636
520 497
521 510
522 489
523 488
527 488
530 497
530 1726
531 550
532 538
532 542
533 536
533 537
533 535
534 532
536 538
536 542
537 532
537 544
538 542
538 549
539 535
539 538
540 532
541 542
542 549
542 536
542 547
543 533
543 533
544 547
544 536
544 534
544 1866
545 538
547 533
547 544
547 1010
548 538
549 542
549 532
549 540
549 547
550 548
552 534
552 541
553 533
555 556
555 557
557 557
557 557
558 720
559 603
559 745
559 690
559 624
559 933
560 689
560 705
560 689
560 739
562 575
563 562
563 644
563 664
563 701
567 643
567 647
569 723
569 717
569 682
570 624
571 656
571 745
572 668
573 617
573 723
575 705
575 745
575 711
575 649
575 726
576 703
576 562
576 731
577 626
577 679
577 690
578 575
579 579
579 679
579 587
579 715
579 696
579 624
579 682
579 737
579 649
579 689
579 703
579 692
579 723
579 624
579 676
579 592
579 725
579 608
579 627
579 627
579 636
579 563
579 596
579 901
580 744
580 634
580 724
581 579
581 680
581 608
585 690
586 700
586 2219
587 701
587 640
587 731
587 673
588 744
588 636
588 679
589 705
589 643
589 2087
590 670
590 624
591 591
591 1185
592 729
592 624
594 2207
595 667
595 579
595 709
596 627
598 632
600 724
600 665
602 591
604 643
604 581
605 678
605 2240
606 737
606 643
606 720
606 690
607 614
607 600
607 703
607 571
608 682
608 737
608 579
608 705
608 676
608 698
609 643
609 1185
609 2240
611 735
611 745
611 648
611 698
611 563
612 729
613 676
613 573
613 735
613 564
614 648
614 627
614 569
614 714
614 590
615 607
616 676
617 653
618 611
618 624
619 736
620 698
620 710
622 614
623 708
623 608
624 689
624 643
624 646
624 624
624 677
624 746
624 601
624 626
624 724
624 579
624 601
624 570
624 579
624 627
624 595
624 673
624 680
624 624
624 634
624 579
624 723
624 616
624 739
624 627
624 624
624 630
624 689
624 679
624 589
624 624
624 579
624 737
624 708
624 630
624 745
624 667
624 606
624 584
624 676
624 704
624 902
624 917
625 721
625 714
625 731
625 737
625 745
625 661
625 690
625 624
626 611
626 699
627 715
627 737
627 562
627 572
627 608
627 679
627 663
627 631
627 745
627 630
627 2107
628 676
628 682
630 586
630 569
630 566
630 731
630 735
630 569
631 723
631 676
631 630
631 679
631 628
634 608
635 725
636 715
636 625
637 640
637 666
637 679
637 624
637 2199
639 559
640 591
641 677
641 708
641 586
643 624
643 676
644 646
646 624
646 624
646 624
646 575
646 566
650 676
650 660
653 614
653 598
655 719
655 564
655 624
656 676
656 631
658 566
660 624
661 577
663 690
664 643
664 608
666 735
666 1903
667 643
667 726
667 625
667 667
667 679
667 624
667 615
667 666
667 736
667 737
667 737
667 729
667 743
668 624
668 637
670 740
670 624
672 624
672 667
675 684
675 614
676 735
676 703
676 698
676 725
676 574
676 575
676 643
676 710
676 587
676 624
676 690
676 640
676 690
677 712
677 579
677 671
678 745
679 701
679 608
679 563
679 724
679 607
679 636
679 653
679 690
679 723
679 739
679 1870
679 2214
680 737
680 608
680 590
680 579
682 730
682 689
682 742
682 690
683 624
684 738
684 703
684 643
687 659
688 643
688 708
688 579
688 614
689 690
689 724
689 640
690 739
690 745
690 624
690 675
690 572
690 590
690 737
690 624
690 690
690 601
690 590
690 663
690 735
690 704
690 710
690 692
690 679
690 701
690 717
690 624
690 624
690 577
690 624
692 690
692 679
692 679
692 601
692 1067
695 739
695 560
697 726
697 698
697 676
698 676
698 690
698 630
699 570
700 723
700 714
700 716
701 643
701 567
701 627
701 579
701 568
701 690
701 564
701 734
701 679
701 679
701 735
703 579
703 559
703 624
704 705
705 583
705 735
705 624
705 624
705 667
705 744
705 624
706 614
707 690
707 624
707 690
707 679
708 568
709 731
709 576
710 725
710 708
710 745
710 690
711 624
712 742
712 559
713 624
713 646
713 1302
715 677
717 677
717 679
717 724
719 643
719 737
719 597
719 608
719 737
720 568
720 561
720 579
720 698
720 705
722 723
723 745
723 735
723 742
723 724
723 679
723 679
723 692
723 604
723 676
723 624
723 724
723 574
723 636
724 725
724 678
724 736
724 613
724 690
724 679
724 607
724 649
724 624
724 676
724 667
724 676
724 690
724 667
724 745
724 628
725 722
725 560
725 725
725 666
725 586
725 635
725 676
726 737
726 690
726 595
726 744
726 624
726 679
726 1581
727 624
728 708
729 712
730 744
731 679
731 676
731 662
732 640
732 630
734 703
735 559
735 579
735 692
735 671
735 705
735 627
735 706
735 642
735 724
735 563
735 607
735 725
735 1180
737 742
737 579
737 690
737 679
737 637
737 606
737 690
737 735
737 690
737 626
737 624
739 680
739 705
739 712
739 745
739 731
739 677
739 624
740 624
741 608
741 723
741 577
741 559
741 676
742 614
743 724
744 705
744 604
744 696
745 626
745 667
745 624
745 624
745 725
745 729
745 705
745 698
745 2051
746 679
748 764
748 748
748 780
748 765
748 751
748 791
748 790
748 785
748 767
748 758
748 787
748 944
749 748
751 791
751 765
752 765
752 775
752 761
752 782
752 766
754 778
755 777
756 751
758 779
759 765
763 785
764 791
764 757
765 748
765 763
765 752
765 788
765 765
766 774
767 748
768 765
769 759
769 785
770 765
770 795
770 2104
771 748
772 758
773 2227
775 792
777 751
777 781
777 757
777 765
777 761
777 2062
778 916
779 758
779 795
781 748
781 2087
781 2133
782 751
785 763
785 752
785 766
785 748
785 785
785 748
785 788
785 777
786 765
787 773
787 751
787 790
787 787
787 748
787 2139
788 2212
790 785
791 748
791 748
791 793
792 785
793 748
795 771
798 821
800 850
800 808
802 832
805 854
805 854
805 849
805 806
805 870
805 813
805 813
805 806
805 863
805 838
805 836
805 845
805 831
805 828
805 818
805 1001
806 845
806 867
806 808
806 813
806 804
806 824
806 813
806 798
806 822
806 1262
808 844
808 810
808 1825
809 843
809 1111
810 805
810 826
812 837
812 841
813 814
813 859
813 877
813 808
813 874
813 836
813 850
813 798
813 805
813 866
813 1411
814 801
814 813
815 805
815 860
816 863
817 833
817 813
817 813
817 805
817 856
818 866
818 809
821 873
821 806
822 822
823 809
823 805
823 867
823 817
826 813
827 862
827 850
828 865
828 813
829 866
829 832
829 829
829 856
831 857
831 805
831 850
832 813
833 805
833 870
834 805
834 833
837 852
837 859
838 856
838 860
839 817
840 865
840 805
841 838
842 1013
843 827
843 816
844 1131
845 808
845 838
846 867
846 818
847 805
848 819
848 1355
849 805
850 856
850 813
850 814
850 806
852 832
854 813
854 841
854 813
855 865
856 841
857 870
857 865
857 804
859 870
859 808
859 813
859 869
860 806
860 813
860 978
861 849
863 865
863 849
863 857
865 805
865 813
865 866
865 805
865 865
866 812
866 806
867 816
869 827
869 876
870 814
870 813
870 823
871 850
872 808
874 822
875 870
879 832
879 835
880 885
880 919
881 889
881 926
881 942
881 945
881 926
881 933
881 944
882 944
882 945
882 926
882 944
883 926
885 926
885 933
885 891
885 914
885 2079
887 939
888 911
889 936
891 902
891 885
891 945
891 926
891 927
891 926
891 926
891 931
891 885
891 891
891 926
891 909
891 2072
891 2051
892 893
894 898
895 889
895 880
896 926
896 926
898 932
899 926
900 922
901 935
901 936
901 927
902 902
902 891
902 902
902 945
902 920
902 944
902 942
902 2116
903 882
904 881
906 942
909 933
909 880
910 933
910 900
910 933
910 942
911 927
911 926
911 882
911 885
912 945
914 939
915 909
915 908
916 885
916 926
916 902
916 902
918 942
919 932
919 939
919 926
920 926
920 945
920 920
920 883
920 914
920 884
920 880
920 891
920 926
920 927
920 945
920 934
920 2110
920 2145
921 885
921 891
921 880
922 882
922 893
922 931
923 924
924 911
925 2153
926 880
926 902
926 928
926 885
926 936
926 882
926 919
926 920
926 891
926 910
926 911
926 900
926 885
926 933
926 902
926 920
926 891
926 935
926 931
926 935
926 887
926 936
926 1961
926 2137
926 2148
926 2214
927 891
927 942
927 891
927 909
927 939
927 2079
928 926
930 947
930 940
931 895
931 935
931 885
931 926
931 921
931 926
931 945
931 911
931 881
931 885
931 943
931 933
932 943
932 936
932 944
932 922
932 926
933 919
933 944
933 883
933 924
933 920
933 933
934 926
935 880
935 920
935 932
935 910
936 926
936 926
936 932
937 942
939 942
939 926
939 933
939 902
940 926
941 926
942 944
942 920
942 931
942 918
942 927
942 2051
943 933
943 898
944 920
944 894
944 896
944 945
944 882
944 885
944 936
944 920
944 882
945 933
945 902
945 926
945 927
945 926
945 902
945 926
945 2118
946 931
947 939
947 921
949 973
950 954
951 1002
951 953
951 1401
952 951
953 978
953 1836
954 974
954 1001
958 1003
959 978
960 1003
961 1003
961 990
962 1003
967 997
968 990
970 1003
970 1808
971 1003
972 982
973 996
973 980
974 964
974 1003
975 982
976 982
976 986
976 1002
977 1003
978 1003
978 994
978 1061
978 1972
980 950
980 1003
982 1009
982 1003
983 949
987 1003
990 1008
992 959
992 1003
993 959
993 958
994 1001
994 1003
996 982
999 1159
1001 959
1001 973
1001 998
1001 959
1002 959
1002 981
1002 1003
1003 1003
1003 959
1003 980
1003 950
1003 1003
1003 971
1003 1001
1003 997
1003 990
1003 1002
1003 978
1003 1001
1003 972
1003 974
1003 1003
1003 985
1003 1002
1003 993
1003 1003
1003 959
1003 1003
1003 1003
1003 1003
1003 1003
1003 978
1003 949
1003 977
1003 959
1003 1000
1003 1001
1003 1001
1003 1003
1003 1002
1003 1003
1003 1443
1003 1825
1004 957
1004 1441
1007 1001
1007 978
1008 959
1010 1079
1010 1024
1010 1110
1010 1148
1010 1135
1010 1140
1010 1060
1010 1092
1010 1096
1010 1119
1010 1052
1010 1041
1010 1080
1010 1090
1010 1100
1010 1056
1010 1122
1010 1141
1010 1395
1012 1082
1012 1042
1012 1115
1012 1148
1012 1092
1016 1021
1016 1035
1016 1010
1016 1073
1016 2535
1016 2572
1017 1373
1020 1010
1022 1135
1022 1019
1022 1061
1023 1024
1024 1074
1024 1148
1024 1110
1024 1150
1024 1044
1024 1119
1024 1149
1024 1148
1024 1092
1024 1100
1024 1044
1024 1113
1024 1100
1024 1447
1026 1158
1026 1059
1028 1148
1029 1096
1029 1061
1031 1100
1031 1071
1031 1459
1031 1880
1031 1904
1032 1146
1034 1100
1035 1091
1035 1825
1036 1090
1037 1098
1037 1108
1037 1096
1037 1100
1037 1035
1038 1128
1041 1096
1041 1092
1041 1054
1041 1148
1041 1100
1044 1070
1044 1159
1044 1101
1044 1010
1044 1436
1044 1882
1044 2410
1046 1140
1046 1010
1048 1096
1048 1024
1049 1022
1049 1119
1049 1118
1049 2362
1052 1096
1052 1148
1052 1145
1052 1085
1052 1100
1052 1098
1052 1096
1053 1153
1053 1096
1053 1067
1056 1608
1060 1096
1061 1081
1061 1073
1061 1113
1061 1035
1061 1089
1061 1041
1061 1119
1061 1082
1061 1852
1062 1035
1064 1119
1065 1100
1067 1148
1067 1096
1067 1098
1067 1021
1067 1016
1067 1120
1068 1123
1071 1037
1072 1119
1075 1134
1075 1134
1076 1148
1079 1113
1079 1091
1079 1079
1079 1099
1079 1092
1079 1154
1079 1113
1079 1129
1079 1059
1079 1067
1079 1096
1079 1854
1080 1010
1080 1061
1080 1074
1080 2496
1083 1103
1085 1148
1085 1025
1088 1035
1089 1135
1089 1058
1089 1100
1089 1096
1089 1141
1089 1052
1089 1096
1090 1148
1091 1027
1091 1148
1091 1119
1091 2362
1092 1100
1092 1148
1092 1119
1092 1154
1092 1056
1092 1041
1092 1100
1092 1159
1092 1415
1093 1010
1096 1110
1096 1114
1096 1131
1096 1146
1096 1096
1096 1096
1096 1010
1096 1096
1096 1153
1096 1111
1096 1069
1096 1096
1096 1092
1096 1055
1096 1044
1096 1148
1096 1113
1096 1119
1096 1123
1096 1135
1096 1135
1096 1061
1096 1143
1096 1024
1096 1100
1096 1148
1096 1154
1096 1119
1096 1113
1096 1148
1096 1096
1096 1603
1096 1915
1096 1884
1096 2192
1098 1854
1098 2465
1099 1119
1099 1100
1100 1141
1100 1100
1100 1145
1100 1100
1100 1092
1100 1096
1100 1145
1100 1010
1100 1148
1100 1129
1100 1110
1100 1036
1100 1029
1100 1134
1100 1103
1100 1024
1100 1148
1100 1119
1100 1061
1100 1024
1100 1104
1100 1159
1100 1096
1100 1085
1100 1608
1100 2434
1101 1101
1101 1904
1102 1131
1103 1140
1103 1104
1103 1096
1103 1119
1103 1100
1103 1100
1104 1096
1104 1088
1104 1148
1104 1107
1105 1067
1107 1148
1107 1119
1107 1085
1108 1123
1108 1037
1109 1072
1110 1148
1110 1093
1110 1096
1110 1140
1110 1148
1110 1096
1110 1113
1110 1067
1110 1100
1110 1113
1110 1086
1111 1090
1112 1096
1113 1065
1113 1079
1113 1124
1113 1148
1113 1135
1113 1154
1113 1111
1113 1061
1113 1037
1113 1115
1115 1095
1115 1119
1115 1065
1115 1096
1117 1131
1117 1790
1118 1052
1119 1096
1119 1018
1119 1135
1119 1010
1119 1037
1119 1096
1119 1024
1119 1053
1119 1096
1119 1067
1119 1069
1119 1116
1119 1912
1119 1850
1119 2510
1121 1113
1121 1018
1121 1838
1123 1119
1123 1126
1123 1090
1123 1079
1123 1031
1123 1096
1123 1024
1123 1845
1125 2439
1126 1069
1128 1104
1128 1100
1129 1067
1130 1096
1131 1096
1131 1113
1131 1119
1132 1103
1132 1110
1132 1477
1135 1016
1135 1049
1135 1148
1135 1096
1135 1105
1135 1079
1136 1148
1139 1010
1139 1598
1140 1052
1140 1096
1140 1061
1140 1115
1140 1148
1140 1018
1141 1049
1141 1044
1141 1096
1141 1010
1141 2538
1142 1100
1146 1090
1147 1072
1147 1037
1147 1041
1148 1010
1148 1010
1148 1052
1148 1052
1148 1148
1148 1129
1148 1119
1148 1124
1148 1110
1148 1153
1148 1072
1148 1024
1148 1100
1148 1061
1148 1154
1148 1135
1148 1096
1148 1089
1148 1052
1148 1072
1148 1113
1148 1109
1148 1246
1148 1854
1149 1135
1149 1035
1150 1107
1150 1481
1151 1096
1153 1129
1153 1115
1153 1044
1153 1096
1153 1067
1153 1010
1154 1035
1154 1113
1154 1052
1154 1148
1155 1100
1156 1097
1157 1067
1158 1110
1159 1116
1161 1187
1164 1185
1164 1164
1164 1163
1164 1177
1164 1160
1164 1187
1165 1175
1166 1185
1169 1180
1170 1178
1170 1164
1170 1173
1170 1185
1170 1187
1170 1187
1170 1187
1170 1187
1173 1177
1173 1170
1173 1174
1173 1187
1173 1173
1173 1177
1174 1174
1174 1178
1174 1182
1174 1170
1174 1180
1174 1180
1174 1168
1174 1182
1174 1164
1175 1177
1177 1173
1177 1174
1177 1177
1177 1180
1177 1178
1177 1174
1177 1164
1177 1185
1177 1180
1177 1170
1177 1187
1177 1185
1178 1173
1178 1180
1178 1174
1178 1177
1178 1187
1179 1187
1179 1173
1179 1180
1180 1160
1180 1170
1180 1173
1180 1187
1180 1160
1180 1185
1180 1173
1180 1185
1182 1177
1182 1180
1182 1164
1182 1173
1182 1185
1182 1164
1184 1178
1184 1180
1185 1173
1185 1174
1185 1187
1185 1177
1185 1187
1185 1177
1185 1161
1185 1185
1187 1185
1187 1187
1187 1185
1187 1180
1187 1173
1187 1185
1187 1185
1187 1161
1187 1178
1187 1174
1187 1173
1188 1190
1189 1225
1190 1202
1190 1205
1190 1215
1191 1203
1191 1189
1193 1218
1194 1220
1195 1218
1196 1203
1196 1229
1196 1196
1196 1203
1196 1188
1198 1225
1201 1214
1202 1190
1202 1198
1203 1217
1205 1222
1206 1211
1206 1227
1206 1225
1207 1189
1207 1203
1208 1196
1211 1215
1211 1211
1212 1218
1214 1190
1215 1192
1215 1218
1215 1202
1216 1196
1218 1196
1218 1191
1218 1188
1218 1226
1218 1218
1218 1205
1218 1199
1218 2063
1219 1206
1219 1203
1220 1218
1220 1203
1220 1191
1222 1202
1223 1206
1225 1214
1225 1207
1226 1225
1229 1208
1232 1254
1233 1246
1235 1258
1235 1246
1237 1239
1238 1238
1238 1231
1239 1260
1239 1239
1239 1258
1239 1243
1239 1249
1240 1245
1240 1245
1240 1252
1240 1235
1241 1258
1241 1252
1241 1249
1242 1234
1242 1234
1243 1248
1243 1246
1243 1241
1244 1240
1245 1258
1246 1239
1246 1239
1246 1249
1246 1248
1246 1254
1246 1239
1246 1247
1246 1239
1248 1246
1248 1254
1248 1240
1249 1248
1251 1246
1251 1239
1252 1245
1252 1239
1253 1246
1254 1262
1256 1243
1258 1243
1258 1250
1259 1246
1260 1239
1260 1246
1262 1233
1263 1239
1263 1262
1265 1274
1268 1279
1269 1279
1269 1287
1269 1274
1269 1270
1270 1289
1271 1278
1271 1266
1272 1276
1274 1287
1274 1274
1274 1279
1274 1279
1274 1279
1274 1274
1274 1274
1274 1288
1274 1287
1274 1287
1274 1279
1274 1272
1274 1273
1274 1287
1274 1288
1274 1287
1274 1275
1275 1287
1276 1283
1276 1287
1279 1273
1279 1274
1279 1281
1279 1277
1279 1274
1279 1287
1279 1271
1279 1287
1279 1287
1279 1283
1279 1279
1279 1279
1279 1287
1279 1274
1281 1287
1281 1284
1284 1285
1285 1267
1285 1274
1286 1281
1287 1287
1287 1267
1287 1282
1287 1279
1287 1279
1287 1279
1287 1268
1287 1287
1287 1279
1287 1279
1287 1283
1287 1274
1287 1265
1288 1287
1288 1274
1289 1267
1291 1304
1293 1305
1295 1300
1295 1305
1295 1310
1296 1308
1296 1295
1297 1303
1299 1314
1299 1305
1300 1308
1300 1296
1301 1293
1302 1308
1302 1313
1302 1293
1303 1295
1303 1303
1303 1305
1305 1292
1306 1294
1306 1293
1308 1303
1308 1307
1308 1314
1309 1314
1310 1308
1312 1307
1312 2145
1313 1305
1313 1313
1314 1302
1314 1313
1314 1305
1314 1314
1314 1312
1315 1355
1316 1355
1316 1327
1316 1315
1316 1348
1319 1333
1321 1355
1323 1333
1326 1336
1327 1320
1327 1336
1329 1355
1329 1355
1330 1316
1333 1333
1333 1355
1333 1337
1333 1355
1333 1333
1333 1355
1335 1340
1335 1340
1338 1325
1340 1355
1340 1333
1341 1356
1341 1355
1341 1333
1347 1355
1348 1355
1348 1316
1348 1361
1348 1355
1353 1355
1354 1333
1354 1354
1354 1355
1355 1355
1355 1355
1355 1327
1355 1335
1355 1341
1355 1316
1355 1323
1355 1315
1355 1331
1355 1351
1355 1336
1355 1356
1355 1355
1355 1323
1355 1326
1355 1333
1355 1333
1355 1355
1355 1359
1355 1333
1355 1319
1355 1663
1357 1333
1357 1355
1360 1321
1360 1339
1364 1364
1364 1364
1364 1364
1364 1366
1364 1370
1367 1363
1367 1364
1368 1363
1371 1368
1372 1368
1373 1427
1373 1374
1373 1421
1374 1472
1374 1452
1374 1456
1374 1401
1374 1477
1375 1913
1376 1419
1377 1472
1377 1408
1377 1416
1377 1390
1377 1422
1377 1447
1377 1449
1379 1397
1379 1437
1382 1377
1382 1477
1382 1377
1382 1403
1383 1382
1383 1897
1384 1472
1384 1436
1386 1390
1387 1436
1388 1421
1388 1484
1388 1415
1389 1447
1390 1436
1390 1444
1390 1375
1390 1452
1390 1447
1390 1388
1390 1374
1390 1415
1390 1421
1390 1392
1391 1442
1393 1390
1396 1447
1398 1455
1398 1968
1399 1435
1400 1442
1400 1415
1401 1477
1401 1401
1401 1415
1403 1443
1403 1447
1404 1463
1404 1418
1404 1418
1407 1388
1408 1397
1408 1415
1411 1404
1411 1459
1411 1415
1411 1393
1411 1429
1412 1374
1413 1382
1415 1415
1415 1477
1415 1447
1415 1435
1415 1485
1415 1443
1415 1436
1415 1374
1415 1457
1415 1415
1415 1430
1415 1415
1415 1379
1415 1472
1415 1374
1415 1381
1417 1392
1417 1415
1417 1409
1420 1462
1421 1436
1421 1419
1421 1452
1421 1386
1421 1377
1421 1457
1422 1415
1427 1428
1430 1415
1430 1472
1433 1415
1433 1421
1434 1419
1435 1415
1435 1377
1436 1459
1436 1400
1436 1470
1436 1447
1436 1437
1436 1447
1437 1457
1437 1480
1437 1416
1437 1472
1441 1447
1441 1436
1441 1390
1443 1415
1444 1440
1445 1399
1445 1436
1447 1451
1447 1418
1447 1477
1447 1390
1447 1461
1447 1460
1447 1477
1447 1472
1447 1374
1447 1457
1447 1415
1447 1425
1447 1471
1450 1439
1450 1452
1450 1378
1450 1450
1452 1415
1452 1411
1452 1415
1452 1407
1453 1374
1455 1447
1456 1437
1456 1452
1457 1437
1459 1440
1459 1447
1459 1390
1459 1447
1462 1421
1462 1390
1463 1415
1463 1880
1464 1405
1467 1467
1467 1411
1467 1415
1470 1477
1470 1460
1470 1417
1472 1463
1472 1430
1472 1415
1472 1390
1473 1436
1474 1384
1474 1477
1476 1421
1477 1392
1477 1457
1477 1405
1477 1472
1477 1411
1477 1415
1477 1415
1477 1400
1477 1447
1477 1447
1477 1390
1477 1429
1477 1452
1479 1477
1480 1438
1481 1452
1485 1415
1486 1505
1487 1488
1488 1492
1491 1496
1491 1498
1492 1505
1492 1497
1493 1491
1493 1506
1494 1494
1494 1498
1496 1486
1497 1507
1497 1499
1497 1490
1497 1497
1497 1499
1497 1491
1497 1505
1497 1507
1497 1505
1498 1507
1504 1501
1505 1491
1506 1487
1507 1491
1512 1526
1512 1522
1512 1513
1513 1526
1514 1524
1515 1518
1515 1526
1515 1526
1515 1526
1516 1523
1517 1510
1517 1526
1519 1510
1520 1509
1522 1526
1524 1524
1526 1519
1526 1510
1526 1512
1526 1516
1526 1515
1526 1509
1526 1526
1526 1513
1526 1513
1527 1532
1528 1540
1528 1534
1528 1534
1528 1537
1529 1531
1529 1533
1529 1538
1529 1533
1529 1534
1530 1537
1533 1535
1533 1537
1533 1533
1533 1530
1533 1529
1533 1539
1533 1537
1534 1537
1534 1535
1535 1529
1535 1533
1536 1528
1536 1533
1537 1529
1537 1540
1537 1534
1537 1529
1537 1537
1537 1533
1537 1529
1537 1533
1540 1531
1541 1533
1542 1539
1543 1582
1543 1561
1543 1575
1546 1576
1549 1561
1550 1568
1550 1568
1550 1557
1550 1568
1551 1576
1553 1557
1554 1557
1555 1551
1556 1545
1556 1543
1557 1559
1557 1557
1557 1576
1557 1586
1557 1570
1557 1575
1557 1574
1557 1557
1557 1557
1557 1586
1557 1557
1557 1564
1560 1568
1560 1575
1560 1555
1561 1557
1561 1550
1561 1568
1562 1557
1564 1568
1564 1557
1568 1550
1568 1557
1568 1875
1570 1563
1570 1576
1570 1557
1570 1545
1573 1566
1573 1557
1573 1557
1574 1568
1575 1555
1576 1568
1576 1585
1576 1573
1576 1568
1576 1586
1579 1574
1579 1568
1580 1568
1585 1568
1586 1561
1586 1544
1587 1587
1587 1587
1589 1587
1590 1587
1592 1605
1594 1608
1595 1599
1595 1605
1596 1597
1597 1608
1597 1603
1597 1598
1597 1597
1597 1608
1597 1605
1597 1607
1597 1608
1597 1605
1598 1605
1598 1608
1598 1605
1598 1597
1599 1607
1599 1599
1599 1605
1601 1605
1601 1605
1603 1605
1603 1605
1603 1601
1603 1605
1603 1608
1603 1597
1603 1607
1605 1605
1605 1608
1605 1598
1605 1602
1605 1599
1605 1605
1605 1598
1605 1608
1605 1608
1605 1605
1605 1597
1605 1598
1605 1607
1605 1598
1605 1601
1605 1605
1605 1598
1606 1607
1606 1597
1606 1598
1606 1595
1606 1608
1606 1607
1607 1607
1607 1605
1607 1607
1608 1598
1608 1605
1608 1597
1608 1601
1608 1605
1608 1599
1608 1603
1608 1605
1608 1598
1610 1671
1612 1671
1612 1638
1612 1627
1612 1646
1612 1670
1612 1638
1612 1638
1612 1654
1612 1658
1612 1664
1612 1638
1612 1638
1613 1670
1613 1651
1616 1638
1618 1638
1621 1629
1627 1638
1629 1645
1629 1651
1635 1648
1637 1660
1638 1660
1638 1638
1638 1658
1638 1612
1638 1672
1638 1673
1638 1638
1638 1638
1638 1668
1638 1660
1638 1673
1638 1651
1638 1673
1638 1638
1638 1638
1638 1638
1638 1634
1638 1612
1638 1638
1638 1612
1638 1614
1640 1632
1643 1660
1651 1638
1651 1638
1652 1612
1652 1660
1654 1638
1655 1642
1659 1612
1659 1638
1660 1638
1660 1654
1660 1612
1660 1643
1660 1638
1660 1637
1660 1673
1660 1658
1660 1631
1660 1642
1660 1638
1660 1638
1660 1660
1660 1612
1660 1656
1660 1639
1660 1660
1662 1632
1662 1664
1663 1638
1663 1626
1672 1612
1673 1673
1673 1638
1673 1660
1674 1612
1674 1638
1675 1660
1676 1675
1678 1680
1681 1682
1681 1682
1681 1682
1681 1682
1681 1681
1682 1681
1682 1679
1682 1679
1682 1683
1682 1680
1686 1692
1687 1688
1687 1693
1687 1690
1687 1687
1687 1700
1688 1690
1688 1688
1688 1698
1688 1696
1688 1687
1688 1692
1688 1685
1688 1698
1689 1692
1689 1687
1689 1696
1691 1688
1692 1687
1692 1687
1692 1698
1692 1689
1692 1687
1693 1689
1695 1688
1695 1687
1698 1692
1698 1699
1701 1708
1701 1707
1701 1708
1701 1706
1701 1701
1701 1701
1701 1703
1703 1708
1703 1702
1703 1701
1703 1701
1704 1701
1705 1701
1705 1701
1706 1701
1706 1708
1706 1707
1707 1701
1708 1703
1708 1708
1710 1706
1714 1755
1718 1779
1719 1726
1719 1773
1720 2089
1723 1759
1725 1726
1726 1752
1726 1726
1726 1726
1726 1728
1726 1726
1726 1747
1726 1726
1726 1726
1726 1773
1726 1781
1726 1774
1726 1726
1726 1726
1726 1726
1726 1729
1726 1755
1726 1776
1726 1757
1726 1741
1726 1726
1726 1773
1726 1726
1726 1726
1726 1760
1726 1776
1726 1719
1726 1772
1726 1726
1726 1769
1726 1726
1726 1726
1727 1760
1728 1726
1730 1726
1730 1726
1731 1726
1733 1758
1736 1776
1737 1726
1738 1726
1744 1780
1745 1734
1746 1755
1750 1726
1750 1754
1752 1726
1752 1730
1752 1781
1752 1721
1752 1726
1752 1726
1755 1753
1755 1759
1755 1726
1755 2051
1756 1781
1757 1726
1760 1776
1760 1726
1760 1726
1761 1726
1769 1726
1771 1755
1772 1726
1772 1759
1772 1726
1773 1726
1773 1726
1775 1747
1775 1726
1775 1726
1775 1719
1776 1773
1776 1731
1776 1728
1777 1726
1777 1726
1777 1755
1778 1779
1779 1726
1779 1779
1783 1726
1783 1715
1783 1776
1783 1788
1787 1726
1787 1773
1791 1884
1791 1904
1791 1791
1792 1825
1793 1825
1796 1904
1796 1805
1798 1831
1798 1825
1798 1866
1802 1834
1803 1831
1803 1857
1803 1898
1803 1904
1805 1907
1805 1904
1805 1825
1807 1904
1807 1904
1807 1880
1808 1808
1810 1825
1810 1805
1812 1807
1813 1803
1815 1825
1817 1857
1818 1838
1820 1904
1821 1880
1821 1911
1822 1858
1822 1818
1822 1872
1822 1904
1822 1825
1822 1866
1822 1825
1825 1895
1825 1901
1825 1820
1825 1825
1825 1866
1825 1913
1825 1900
1825 1919
1825 1849
1825 1800
1825 1830
1825 1831
1825 1883
1825 1793
1825 1904
1825 1857
1825 1870
1825 1877
1825 1904
1825 1854
1825 1825
1825 1827
1825 1875
1825 1870
1825 1895
1825 1880
1825 1876
1825 1902
1825 1903
1825 1866
1825 1870
1825 1832
1825 1866
1825 1854
1825 1809
1825 2532
1827 1825
1827 1825
1827 1802
1828 1791
1829 1792
1829 1811
1831 1812
1831 1835
1831 1815
1831 1880
1831 1895
1831 2532
1833 1910
1837 1902
1840 1876
1845 1825
1846 1846
1846 1911
1848 1858
1850 1895
1850 1837
1851 1866
1852 1890
1853 1904
1854 1825
1854 1876
1854 1887
1854 1915
1854 1895
1854 1825
1854 1857
1857 1825
1857 1845
1857 1855
1857 1803
1857 1870
1857 1808
1857 1825
1857 1828
1857 1825
1858 1904
1858 1825
1858 1880
1860 1904
1860 1904
1860 1875
1861 1828
1863 1909
1866 1908
1866 1825
1866 1870
1866 1895
1869 1825
1870 1807
1870 1817
1870 1893
1870 1904
1870 1848
1870 1836
1870 1803
1870 1904
1870 1904
1872 1798
1873 1880
1874 1874
1874 1889
1874 2526
1876 1805
1876 1857
1876 1805
1876 1870
1876 1868
1878 1866
1880 1904
1880 1904
1880 1854
1880 1903
1880 1825
1880 1841
1881 1884
1884 1895
1884 1890
1884 1864
1884 1877
1884 1807
1884 1854
1885 1884
1886 1825
1886 1904
1887 1895
1887 2240
1890 1825
1890 1904
1890 1904
1890 1838
1890 1820
1890 2576
1891 1884
1891 1866
1893 1825
1894 1829
1895 1904
1895 1890
1895 1836
1895 1915
1895 1821
1895 1825
1895 1904
1895 1826
1897 1854
1897 1876
1897 1825
1898 1825
1902 1792
1902 1856
1902 1918
1902 1848
1902 1825
1903 1825
1903 1792
1903 1860
1903 1884
1903 1805
1903 1870
1904 1904
1904 1825
1904 1810
1904 1871
1904 1913
1904 1902
1904 1880
1904 1904
1904 1854
1904 1792
1904 1895
1904 1841
1904 1897
1904 1870
1904 1825
1904 1805
1904 1820
1904 1857
1904 1895
1904 1831
1904 1856
1904 1915
1904 1844
1904 1904
1904 1913
1904 1825
1905 1876
1908 1857
1910 1870
1911 1825
1911 1825
1911 1880
1911 1805
1911 1825
1911 1870
1911 1831
1911 1805
1911 1904
1913 1915
1913 1826
1913 1825
1915 1807
1915 1854
1915 1848
1918 1891
1920 1958
1923 1946
1923 1946
1923 1962
1925 1927
1926 1931
1927 1945
1927 1946
1927 1927
1927 1955
1929 1956
1929 1921
1933 1927
1937 1953
1938 1949
1940 1960
1942 1959
1942 1939
1943 1946
1944 1946
1945 1943
1945 1927
1945 1961
1945 1949
1945 1962
1945 1947
1945 1936
1945 1958
1945 1958
1946 1945
1946 1947
1946 1958
1946 1960
1946 1958
1946 1946
1946 1927
1946 1946
1946 1945
1946 1931
1946 1939
1946 1945
1946 1959
1946 1941
1946 1949
1947 1958
1948 1962
1949 1953
1949 1943
1949 1948
1951 1961
1954 1961
1955 1946
1955 1962
1956 1960
1956 1949
1956 1927
1957 1945
1958 1945
1958 1961
1958 1945
1959 1962
1959 1929
1959 1946
1960 1958
1960 1951
1960 1955
1960 1945
1961 1955
1961 1962
1961 1931
1961 1940
1962 1949
1962 1945
1962 1952
1962 1920
1962 1932
1962 1927
1963 1963
1963 1972
1963 1985
1967 1976
1968 1968
1968 1972
1969 1988
1969 1991
1969 1972
1972 1980
1972 1969
1972 1972
1972 1969
1972 1976
1972 1983
1972 1985
1972 1976
1972 1976
1972 1988
1972 1983
1972 1991
1972 1972
1972 1968
1972 1987
1972 1969
1972 1977
1972 1980
1973 1972
1976 1990
1976 1973
1976 1972
1976 1972
1976 1966
1976 1963
1976 1987
1976 1972
1976 1969
1976 1991
1977 1970
1978 1972
1980 1969
1982 1964
1983 1985
1983 1963
1984 1986
1985 1991
1985 1972
1985 1972
1985 1972
1985 1972
1988 1976
1988 1972
1988 1976
1988 1977
1988 1982
1988 1981
1989 1972
1990 1968
1991 1985
1991 1972
1991 1986
1991 1971
1993 1990
1994 1997
1997 1997
1997 1994
1997 1997
1998 2000
1998 1998
1998 1999
2000 1998
2001 2010
2001 2009
2001 2009
2002 2009
2002 2007
2002 2002
2008 2009
2008 2009
2008 2011
2009 2002
2009 2008
2009 2008
2009 2011
2009 2001
2010 2008
2010 2007
2011 2009
2011 2008
2011 2008
2012 2009
2012 2011
2012 2009
2012 2012
2012 2009
2012 2001
2012 2009
2012 2012
2012 2008
2012 2011
2014 2016
2014 2015
2016 2016
2016 2014
2016 2016
2016 2016
2018 2018
2018 2018
2022 2028
2022 2021
2022 2027
2022 2021
2022 2027
2025 2027
2025 2025
2025 2022
2026 2031
2026 2032
2027 2028
2027 2022
2027 2022
2027 2025
2027 2026
2027 2031
2031 2027
2031 2033
2032 2023
2032 2026
2033 2026
2036 2036
2036 2036
2036 2040
2036 2040
2036 2036
2036 2036
2036 2039
2036 2036
2036 2034
2039 2036
2040 2036
2040 2036
2044 2072
2044 2093
2044 2115
2044 2134
2046 2062
2048 2124
2051 2087
2051 2133
2051 2062
2051 2081
2051 2130
2051 2110
2051 2127
2051 2103
2051 2080
2051 2051
2051 2144
2051 2164
2051 2139
2051 2130
2051 2077
2051 2136
2051 2098
2051 2107
2051 2160
2051 2222
2051 2243
2052 2058
2052 2062
2053 2058
2054 2123
2054 2055
2055 2160
2055 2051
2055 2110
2055 2145
2055 2074
2055 2110
2055 2055
2055 2051
2055 2107
2056 2118
2056 2079
2056 2136
2057 2165
2058 2063
2058 2119
2059 2107
2062 2109
2062 2092
2062 2152
2062 2054
2062 2095
2062 2063
2062 2063
2062 2118
2062 2134
2062 2047
2062 2144
2062 2062
2062 2130
2062 2051
2062 2051
2062 2072
2062 2147
2062 2123
2062 2246
2063 2139
2063 2153
2063 2219
2065 2118
2067 2107
2068 2055
2072 2064
2072 2118
2072 2133
2072 2095
2072 2051
2072 2108
2072 2130
2072 2080
2072 2077
2072 2060
2072 2160
2073 2152
2073 2095
2074 2160
2076 2110
2077 2147
2078 2079
2079 2072
2079 2079
2079 2153
2079 2153
2079 2062
2080 2145
2080 2062
2080 2220
2081 2095
2081 2134
2083 2051
2084 2146
2085 2133
2085 2094
2086 2160
2087 2138
2087 2160
2087 2112
2087 2160
2087 2051
2087 2126
2087 2165
2087 2122
2087 2121
2087 2164
2087 2236
2087 2240
2087 2342
2088 2051
2090 2149
2092 2152
2095 2072
2095 2055
2095 2063
2095 2058
2095 2070
2095 2085
2095 2110
2095 2051
2095 2108
2095 2153
2095 2139
2098 2051
2098 2055
2099 2062
2100 2086
2102 2118
2103 2079
2103 2166
2105 2072
2107 2068
2107 2095
2108 2137
2108 2072
2109 2072
2109 2134
2109 2072
2109 2080
2109 2054
2110 2046
2110 2051
2110 2118
2110 2080
2110 2051
2110 2112
2110 2115
2110 2105
2110 2079
2111 2075
2113 2160
2116 2070
2117 2126
2117 2145
2117 2063
2117 2160
2118 2120
2118 2136
2118 2134
2118 2110
2118 2051
2118 2098
2118 2130
2118 2087
2118 2051
2118 2282
2119 2160
2119 2065
2119 2109
2121 2055
2122 2153
2122 2065
2122 2160
2122 2056
2122 2130
2122 2062
2122 2160
2122 2062
2122 2051
2125 2051
2126 2097
2126 2218
2127 2160
2130 2072
2130 2137
2130 2160
2130 2072
2130 2118
2130 2227
2131 2101
2131 2044
2132 2134
2133 2119
2133 2087
2133 2080
2133 2051
2133 2153
2133 2134
2133 2062
2133 2118
2134 2106
2134 2138
2134 2160
2134 2062
2134 2131
2134 2058
2134 2243
2134 2230
2136 2121
2136 2125
2136 2130
2136 2158
2137 2062
2137 2145
2137 2160
2137 2164
2137 2139
2137 2133
2137 2134
2138 2087
2139 2130
2139 2072
2139 2079
2139 2087
2139 2153
2139 2240
2141 2120
2143 2108
2144 2137
2145 2118
2145 2072
2145 2087
2145 2133
2145 2062
2146 2153
2146 2112
2146 2072
2147 2147
2147 2062
2147 2122
2147 2139
2147 2087
2148 2145
2149 2152
2149 2071
2150 2114
2152 2159
2152 2107
2152 2087
2152 2130
2153 2133
2153 2079
2153 2153
2153 2130
2153 2087
2153 2133
2153 2214
2154 2236
2160 2072
2160 2127
2160 2127
2160 2110
2160 2072
2160 2131
2160 2118
2160 2133
2160 2056
2160 2130
2160 2088
2160 2152
2160 2056
2160 2087
2160 2167
2160 2153
2160 2087
2160 2118
2160 2129
2160 2082
2160 2093
2160 2160
2160 2208
2161 2073
2162 2051
2162 2127
2162 2062
2164 2164
2164 2095
2169 2170
2170 2177
2170 2177
2170 2181
2170 2187
2170 2192
2170 2179
2170 2180
2170 2176
2173 2182
2173 2186
2176 2191
2177 2170
2177 2192
2177 2177
2178 2170
2178 2171
2178 2170
2180 2190
2180 2192
2180 2180
2180 2186
2182 2192
2182 2188
2182 2184
2182 2170
2182 2180
2182 2183
2182 2182
2183 2170
2183 2190
2183 2191
2184 2184
2184 2177
2184 2183
2184 2191
2184 2180
2185 2170
2186 2177
2186 2177
2186 2191
2187 2186
2188 2180
2189 2186
2190 2182
2191 2176
2191 2192
2192 2184
2192 2170
2192 2190
2192 2182
2192 2180
2192 2189
2192 2177
2192 2182
2194 2198
2194 2196
2195 2195
2195 2196
2196 2196
2196 2193
2197 2194
2198 2194
2199 2227
2199 2231
2199 2199
2199 2223
2199 2243
2199 2239
2199 2240
2201 2199
2201 2214
2201 2240
2203 2208
2203 2199
2204 2227
2207 2243
2207 2239
2207 2219
2207 2243
2207 2233
2207 2207
2207 2233
2207 2227
2207 2226
2207 2240
2207 2239
2207 2233
2207 2208
2207 2219
2207 2230
2207 2239
2207 2233
2207 2240
2208 2230
2208 2226
2208 2246
2208 2239
2208 2219
2208 2219
2208 2207
2208 2208
2208 2219
2208 2240
2210 2199
2211 2208
2212 2227
2212 2236
2212 2239
2212 2199
2212 2204
2212 2233
2212 2219
2212 2240
2212 2219
2212 2240
2212 2239
2212 2213
2214 2231
2214 2246
2214 2240
2214 2236
2214 2199
2214 2212
2214 2236
2214 2207
2214 2207
2214 2219
2215 2240
2215 2207
2216 2214
2216 2240
2216 2226
2216 2230
2216 2240
2216 2243
2216 2233
2216 2210
2218 2240
2218 2208
2218 2246
2218 2227
2218 2213
2218 2222
2218 2208
2218 2212
2219 2233
2219 2214
2219 2219
2219 2207
2219 2207
2219 2222
2219 2242
2221 2207
2222 2218
2222 2240
2222 2212
2222 2215
2222 2204
2222 2237
2222 2240
2222 2242
2222 2227
2222 2199
2224 2233
2224 2199
2224 2199
2224 2199
2226 2208
2226 2213
2226 2240
2226 2215
2226 2240
2226 2207
2227 2240
2227 2230
2227 2219
2227 2226
2227 2219
2227 2227
2227 2219
2227 2222
2227 2240
2230 2212
2230 2214
2230 2233
2230 2236
2230 2208
2230 2199
2230 2199
2230 2233
2230 2226
2230 2246
2230 2207
2233 2224
2233 2240
2233 2215
2233 2199
2233 2201
2233 2236
2233 2214
2233 2236
2233 2205
2233 2215
2233 2212
2233 2207
2233 2236
2233 2207
2233 2226
2233 2199
2233 2222
2233 2216
2233 2212
2234 2236
2236 2239
2236 2240
2236 2226
2236 2222
2236 2219
2236 2233
2239 2233
2239 2239
2239 2243
2239 2199
2239 2218
2239 2214
2239 2233
2239 2205
2239 2212
2239 2226
2240 2240
2240 2207
2240 2240
2240 2230
2240 2212
2240 2222
2240 2213
2240 2240
2240 2199
2240 2218
2240 2230
2240 2240
2240 2224
2240 2239
2240 2201
2240 2233
2240 2214
2240 2218
2240 2233
2240 2233
2240 2207
2240 2230
2240 2243
2240 2227
2240 2207
2240 2218
2240 2219
2240 2209
2240 2239
2240 2218
2240 2204
2240 2230
2240 2216
2240 2233
2240 2239
2240 2240
2240 2240
2240 2233
2240 2201
2240 2239
2240 2236
2240 2201
2240 2246
2241 2239
2243 2241
2243 2204
2243 2236
2243 2201
2243 2222
2243 2212
2243 2240
2243 2377
2244 2230
2246 2216
2246 2240
2250 2248
2252 2252
2253 2253
2253 2253
2253 2251
2253 2251
2253 2249
2255 2267
2256 2260
2257 2262
2257 2289
2258 2266
2258 2285
2259 2289
2260 2282
2260 2257
2262 2285
2262 2286
2263 2257
2269 2266
2270 2288
2272 2257
2273 2257
2275 2285
2279 2262
2280 2261
2281 2258
2282 2285
2283 2285
2283 2285
2283 2281
2285 2285
2285 2272
2285 2285
2285 2285
2285 2258
2285 2282
2286 2281
2286 2258
2287 2285
2288 2285
2288 2269
2288 2272
2288 2268
2288 2282
2289 2257
2289 2269
2292 2301
2293 2293
2293 2296
2293 2294
2293 2298
2293 2291
2293 2293
2293 2298
2293 2298
2293 2293
2293 2293
2297 2301
2297 2298
2298 2298
2298 2293
2298 2293
2298 2301
2298 2295
2298 2298
2299 2302
2299 2293
2300 2301
2301 2293
2301 2293
2303 2311
2303 2312
2303 2303
2303 2307
2304 2305
2304 2305
2305 2303
2307 2311
2309 2305
2310 2307
2311 2307
2312 2311
2312 2303
2312 2314
2312 2303
2312 2312
2312 2307
2313 2307
2313 2312
2314 2307
2318 2322
2318 2322
2319 2322
2319 2320
2319 2319
2319 2320
2319 2319
2320 2315
2320 2319
2320 2316
2320 2320
2321 2318
2325 2315
2326 2330
2326 2331
2326 2344
2326 2337
2326 2337
2327 2337
2329 2335
2330 2344
2330 2337
2331 2346
2332 2344
2332 2327
2334 2333
2334 2344
2334 2337
2334 2347
2334 2337
2336 2343
2337 2329
2337 2344
2337 2326
2337 2332
2337 2337
2337 2326
2337 2326
2337 2337
2341 2334
2341 2344
2341 2336
2341 2326
2342 2342
2344 2326
2344 2326
2344 2337
2344 2342
2344 2334
2346 2341
2350 2352
2350 2350
2350 2350
2351 2351
2351 2351
2351 2348
2351 2350
2352 2348
2354 2357
2355 2356
2355 2360
2355 2362
2356 2358
2357 2362
2360 2355
2360 2362
2360 2361
2361 2355
2361 2355
2361 2362
2362 2354
2362 2359
2362 2362
2362 2362
2363 2367
2365 2367
2365 2372
2365 2367
2365 2369
2366 2370
2366 2367
2367 2370
2367 2369
2368 2364
2369 2364
2369 2367
2370 2368
2370 2370
2370 2367
2370 2366
2371 2365
2372 2372
2374 2374
2374 2383
2374 2374
2374 2377
2374 2377
2375 2374
2376 2377
2377 2374
2377 2374
2377 2377
2377 2374
2377 2377
2377 2374
2377 2377
2378 2374
2380 2374
2380 2374
2382 2374
2384 2386
2386 2386
2386 2386
2389 2391
2389 2389
2390 2390
2391 2390
2393 2393
2393 2393
2393 2393
2395 2393
2396 2397
2397 2397
2397 2401
2397 2397
2398 2397
2398 2399
2399 2403
2399 2397
2401 2403
2403 2403
2405 2405
2405 2406
2405 2404
2407 2416
2409 2407
2409 2412
2412 2409
2412 2412
2412 2407
2412 2412
2412 2412
2412 2412
2412 2412
2412 2407
2413 2407
2416 2407
2417 2417
2417 2417
2417 2422
2417 2417
2417 2417
2418 2418
2418 2417
2419 2417
2421 2417
2423 2425
2425 2434
2425 2431
2425 2434
2425 2434
2426 2425
2426 2426
2426 2426
2426 2431
2426 2423
2430 2425
2430 2425
2434 2431
2434 2425
2434 2424
2434 2426
2435 2472
2435 2441
2435 2452
2439 2439
2439 2471
2439 2451
2439 2439
2439 2447
2439 2465
2439 2472
2439 2472
2439 2458
2439 2435
2441 2464
2442 2472
2442 2435
2443 2465
2447 2455
2447 2439
2448 2472
2449 2438
2449 2455
2451 2455
2451 2464
2451 2447
2452 2449
2452 2455
2454 2453
2454 2435
2454 2455
2455 2472
2455 2472
2455 2455
2455 2465
2455 2466
2455 2465
2455 2435
2455 2465
2457 2455
2459 2435
2460 2471
2461 2465
2461 2439
2465 2449
2465 2465
2465 2472
2465 2455
2465 2440
2465 2442
2465 2453
2465 2465
2465 2435
2465 2445
2465 2439
2467 2474
2468 2452
2471 2465
2471 2447
2471 2439
2471 2472
2472 2465
2472 2460
2472 2465
2472 2452
2472 2443
2474 2448
2474 2439
2477 2435
2479 2478
2480 2480
2481 2482
2481 2482
2482 2483
2482 2482
2482 2482
2482 2485
2487 2489
2487 2487
2487 2487
2487 2494
2487 2494
2487 2494
2487 2489
2487 2489
2487 2487
2487 2494
2487 2488
2487 2494
2487 2494
2487 2495
2488 2495
2489 2495
2489 2491
2489 2491
2489 2495
2489 2494
2489 2495
2489 2494
2489 2494
2489 2487
2489 2487
2489 2495
2490 2487
2490 2487
2491 2487
2492 2489
2492 2487
2494 2487
2494 2495
2494 2494
2494 2487
2494 2489
2494 2490
2494 2493
2494 2494
2494 2495
2494 2487
2494 2495
2494 2489
2495 2494
2495 2494
2495 2489
2495 2494
2495 2487
2495 2487
2495 2487
2495 2489
2495 2495
2495 2487
2495 2489
2495 2489
2495 2487
2495 2489
2495 2494
2495 2494
2495 2489
2495 2487
2495 2495
2495 2494
2496 2500
2496 2501
2496 2497
2496 2496
2497 2501
2498 2499
2498 2496
2500 2496
2500 2501
2501 2501
2501 2501
2501 2496
2501 2501
2501 2501
2501 2501
2502 2502
2502 2502
2502 2502
2505 2511
2507 2510
2508 2509
2510 2507
2510 2510
2510 2510
2510 2510
2511 2510
2512 2512
2512 2514
2513 2513
2515 2515
2517 2520
2517 2520
2517 2518
2518 2518
2518 2519
2518 2518
2518 2517
2519 2518
2519 2519
2520 2516
2520 2520
2521 2523
2521 2523
2521 2523
2523 2523
2524 2523
2525 2538
2526 2538
2526 2538
2526 2532
2526 2526
2526 2532
2526 2538
2526 2532
2526 2538
2526 2530
2526 2538
2529 2538
2530 2536
2532 2529
2532 2526
2532 2537
2532 2539
2532 2538
2532 2525
2533 2538
2533 2539
2533 2530
2534 2528
2534 2525
2535 2538
2535 2532
2535 2532
2537 2532
2537 2532
2537 2538
2537 2537
2538 2526
2538 2535
2538 2532
2538 2537
2538 2529
2538 2538
2538 2538
2538 2525
2538 2532
2538 2527
2538 2535
2539 2526
2539 2526
2540 2526
2540 2538
2540 2532
2541 2541
2542 2542
2544 2544
2544 2543
2544 2543
2545 2549
2545 2549
2548 2549
2548 2552
2549 2552
2549 2554
2549 2549
2549 2547
2549 2549
2552 2554
2552 2552
2553 2553
2554 2550
2554 2549
2556 2581
2557 2577
2557 2580
2557 2572
2559 2586
2559 2580
2559 2590
2560 2587
2560 2556
2562 2578
2562 2590
2564 2585
2565 2591
2569 2573
2570 2583
2571 2585
2572 2556
2572 2558
2573 2557
2575 2585
2576 2569
2577 2577
2578 2585
2578 2585
2578 2588
2578 2572
2579 2579
2581 2588
2583 2573
2583 2585
2583 2568
2583 2581
2584 2586
2584 2587
2585 2576
2585 2585
2585 2578
2585 2573
2585 2569
2585 2582
2585 2556
2585 2585
2586 2578
2586 2586
2586 2581
2588 2585
2588 2557
2588 2583
2589 2584
2591 2585
2594 2596
2594 2592
2594 2594
2595 2594
2596 2596
2596 2597
2596 2596
2596 2592
2598 2598
2599 2599
2601 2601
2601 2601
2602 2601
2603 2603
2603 2603
2604 2603
2606 2606
2606 2606
2606 2606
2608 2610
2608 2608
2609 2608
2609 2608
2611 2612
2612 2612
2612 2612
2612 2612
2618 2618
2618 2618
2618 2618
2618 2615
2618 2616
2620 2616
2620 2616
2621 2621
2621 2621
2623 2624
2623 2624
2623 2623
2624 2623
2625 2623