0 17
1 9
4 7
4 19
4 16
7 4
7 20
9 15
9 17
11 12
11 20
11 15
11 234
11 1084
12 19
12 118
14 441
14 756
15 17
15 16
15 15
16 20
17 5
17 12
17 17
17 17
17 9
17 19
17 177
17 405
17 1237
18 497
19 17
19 12
19 15
20 3
20 4
20 14
20 20
20 357
20 485
20 566
22 20
22 952
23 452
24 28
24 38
24 1105
25 245
26 59
27 27
27 38
27 38
27 33
27 38
27 35
27 27
27 90
27 827
27 926
27 1017
28 39
28 38
28 27
28 28
28 38
28 41
28 48
28 26
28 38
28 92
28 97
28 338
29 55
29 38
30 63
30 1078
32 50
33 47
33 65
33 60
33 60
33 97
33 99
33 226
33 229
33 477
33 618
34 48
34 38
34 48
36 38
36 24
36 38
37 38
38 35
38 38
38 27
38 25
38 66
38 27
38 38
38 56
38 27
38 50
38 38
38 63
38 38
38 28
38 30
38 33
38 33
38 50
38 46
38 29
38 63
38 38
38 52
38 38
38 63
38 62
38 28
38 38
38 33
38 68
38 117
38 97
38 114
38 69
38 97
38 114
38 114
38 90
38 88
38 174
38 379
38 555
38 629
38 653
38 689
38 968
38 1116
39 42
39 33
41 26
42 58
43 24
45 27
45 778
46 38
46 229
47 38
47 45
47 28
47 28
47 118
48 65
48 38
48 113
49 45
50 33
52 50
53 38
55 65
55 55
55 88
59 410
63 38
63 32
63 63
63 27
63 37
63 45
63 52
63 114
63 1169
64 29
65 58
65 38
65 38
65 33
65 38
65 65
66 28
67 898
69 99
69 90
69 88
69 1106
69 1112
70 97
70 88
71 100
71 90
71 99
71 97
71 99
71 97
71 90
71 100
71 90
71 97
71 69
71 89
71 93
71 499
71 952
71 1262
72 1116
73 78
74 117
75 92
76 88
76 1006
76 1112
76 1195
78 98
78 110
78 97
79 88
82 69
82 97
82 71
82 1260
83 99
83 97
84 97
85 958
88 118
88 88
88 97
88 92
88 113
88 97
88 99
88 117
88 99
88 71
88 114
88 97
88 97
88 116
88 726
88 1112
88 1122
89 100
89 96
89 97
89 71
89 110
89 377
89 540
89 1168
90 99
90 92
90 97
90 87
90 117
90 97
90 99
90 99
90 117
90 97
90 97
90 497
90 538
90 1009
90 1112
92 117
92 97
92 100
92 90
92 108
92 101
92 82
92 97
93 99
94 88
96 97
96 108
97 97
97 97
97 97
97 81
97 99
97 113
97 111
97 71
97 99
97 97
97 117
97 71
97 97
97 98
97 85
97 73
97 100
97 68
97 100
97 117
97 92
97 97
97 78
97 110
97 92
97 90
97 90
97 118
97 114
97 103
97 99
97 115
97 99
97 110
97 97
97 121
97 69
97 117
97 108
97 88
97 108
97 99
97 110
97 99
97 71
97 70
97 92
97 97
97 97
97 110
97 97
97 110
97 97
97 97
97 110
97 97
97 97
97 646
97 896
97 971
97 998
97 1091
97 1116
97 1112
97 1125
97 1124
97 1266
97 1280
98 104
98 174
99 108
99 113
99 108
99 97
99 71
99 117
99 99
99 97
99 97
99 108
99 99
99 97
99 108
99 97
99 114
99 97
99 98
99 97
99 92
99 85
99 97
99 111
99 90
99 88
99 69
99 99
99 117
99 71
99 110
99 114
99 88
99 100
99 92
99 108
99 114
99 118
99 110
99 97
99 97
99 92
99 239
99 511
99 555
99 555
99 538
99 835
99 967
99 1112
99 1112
100 71
100 97
100 97
100 71
100 97
100 92
100 95
100 577
100 617
100 689
100 771
100 952
100 1025
101 71
102 1112
104 97
104 1263
108 70
108 76
108 97
108 92
108 92
108 117
108 117
108 117
108 97
108 97
108 97
108 826
109 71
110 76
110 97
110 97
110 88
110 99
110 113
110 88
110 97
110 100
110 97
110 88
110 846
110 965
110 1112
111 114
112 116
112 71
112 243
113 97
113 108
113 99
113 94
113 71
113 113
113 82
113 71
113 89
113 117
113 113
113 88
113 82
113 114
113 1112
113 1125
114 70
114 117
114 89
114 90
114 88
114 71
114 117
114 98
114 97
114 114
114 97
114 117
114 88
114 100
114 90
114 97
114 88
114 97
114 427
114 569
114 640
114 653
114 869
114 1112
114 1112
114 1145
115 110
116 114
116 97
117 114
117 92
117 108
117 88
117 68
117 100
117 82
117 110
117 97
117 114
117 97
117 97
117 99
117 90
117 114
117 125
117 239
117 340
117 984
117 1213
118 118
118 97
118 99
118 71
118 118
118 96
118 99
118 75
118 97
118 477
118 1116
121 97
121 71
122 126
125 127
125 125
125 137
125 127
125 133
125 129
125 793
126 134
126 127
127 127
127 122
127 127
127 127
127 127
127 127
127 127
127 140
127 127
127 125
127 125
127 135
127 135
127 127
127 160
127 338
127 555
127 971
127 997
127 1088
128 129
129 598
131 127
132 127
134 227
135 127
135 136
136 125
137 126
139 127
141 127
142 160
144 477
148 160
148 160
149 153
149 160
149 182
149 149
149 160
150 178
150 160
152 160
152 154
152 152
152 160
152 322
153 154
153 153
154 174
154 181
154 149
154 154
154 165
154 154
154 160
154 160
155 149
155 168
156 177
156 154
157 160
157 298
158 169
158 298
159 150
160 154
160 162
160 162
160 164
160 177
160 159
160 174
160 175
160 167
160 160
160 160
160 174
160 165
160 157
160 160
160 160
160 177
160 177
160 175
160 157
160 149
160 148
160 162
160 166
160 154
160 275
160 361
160 287
160 459
160 555
160 815
160 827
160 881
160 1088
161 153
161 168
161 371
162 160
162 175
165 154
166 175
167 160
168 169
168 174
168 149
168 160
168 160
168 160
169 1045
170 178
171 160
171 538
172 160
172 160
172 312
174 175
174 154
174 178
174 159
174 980
175 154
175 154
175 302
177 160
177 178
177 1196
178 178
178 170
178 149
178 160
178 143
178 154
178 162
179 160
183 183
183 208
183 183
183 199
183 183
183 206
183 183
183 183
183 183
183 184
183 183
183 186
183 208
183 183
183 243
183 401
183 640
184 188
185 206
186 183
186 196
189 183
190 199
190 668
190 930
193 197
193 183
194 183
195 183
196 183
196 183
197 193
198 183
199 183
200 183
202 197
205 183
205 194
208 186
208 183
208 620
208 663
208 863
209 183
210 205
212 234
212 229
212 212
212 229
214 239
214 237
214 212
214 222
216 245
217 229
217 1211
218 228
219 225
220 243
222 232
222 225
222 234
222 230
222 239
222 247
222 227
223 239
223 229
223 225
224 225
224 239
224 235
224 239
224 224
224 227
224 239
224 225
224 234
224 225
224 239
224 234
224 216
224 234
224 233
224 229
224 245
224 1091
224 1282
225 217
225 228
225 239
225 233
225 229
225 238
225 223
225 229
225 243
225 245
225 238
225 293
227 234
227 216
227 245
227 222
227 229
227 223
227 245
227 233
227 224
228 224
228 213
228 223
228 234
228 239
228 214
228 1235
229 229
229 218
229 245
229 234
229 228
229 233
229 237
229 224
229 243
229 233
229 229
229 233
229 239
229 223
229 227
229 239
229 239
229 227
229 240
229 245
229 229
229 816
230 243
232 233
232 239
232 234
232 232
233 229
233 239
233 229
233 225
233 212
233 241
233 239
234 239
234 214
234 245
234 243
234 229
234 227
234 233
234 234
234 238
234 243
234 227
234 234
234 229
234 229
234 225
234 243
234 638
234 1108
235 245
235 239
235 239
235 234
236 239
236 239
236 229
236 233
237 239
238 239
238 243
238 214
238 233
238 239
238 225
239 239
239 245
239 227
239 212
239 225
239 221
239 243
239 230
239 239
239 239
239 217
239 233
239 234
239 217
239 233
239 222
239 234
239 229
239 240
239 239
239 212
239 239
239 243
239 245
239 240
239 243
239 227
239 212
239 235
239 235
239 245
239 316
239 386
239 565
239 892
239 995
240 239
240 245
240 223
240 248
240 239
241 238
241 238
243 224
243 227
243 219
243 241
243 230
243 216
243 225
243 229
243 233
243 239
243 222
243 229
243 316
243 770
244 224
245 243
245 239
245 227
245 239
245 228
245 240
245 239
245 240
245 225
245 225
245 243
245 239
245 245
245 245
245 228
245 234
245 234
245 237
245 243
245 245
246 223
246 227
247 245
248 213
248 477
249 239
252 258
254 261
254 258
258 266
258 271
258 258
258 270
258 258
258 258
258 254
258 258
258 258
258 263
258 261
258 266
258 266
258 258
258 258
258 258
258 258
258 266
258 610
258 926
261 258
261 250
262 258
267 260
267 401
268 268
269 340
271 266
272 258
272 254
273 275
274 275
274 810
274 1083
275 275
275 275
275 277
275 275
275 275
278 278
278 278
279 287
280 341
282 287
283 316
284 358
285 302
285 319
286 293
287 293
287 358
287 328
287 293
287 302
287 290
287 340
287 286
287 980
288 293
291 365
293 316
293 294
293 320
293 293
293 338
293 365
293 316
293 346
293 357
293 368
293 302
293 293
293 309
293 359
293 338
293 338
293 293
293 366
293 340
293 359
293 286
293 368
293 288
293 293
293 315
293 293
293 373
293 366
293 314
293 330
293 293
293 340
293 293
293 312
293 328
293 298
293 293
293 413
293 1036
293 1059
294 293
296 314
296 298
296 288
296 1029
297 365
298 359
298 293
298 283
298 298
298 300
298 302
298 787
300 296
300 285
300 340
300 330
300 316
300 365
301 286
301 339
301 298
301 357
301 293
301 340
302 370
302 345
302 332
302 294
302 287
302 477
302 800
304 300
305 340
305 324
305 293
306 300
306 285
306 333
306 316
307 330
308 365
309 340
309 287
309 359
309 285
309 316
309 357
310 315
310 315
310 350
310 334
310 1289
311 358
311 352
311 345
312 369
312 316
313 340
313 330
313 359
313 357
314 288
314 287
314 343
314 328
315 309
315 326
315 292
315 345
316 314
316 340
316 327
316 365
316 322
316 293
316 336
316 345
316 293
316 352
316 293
316 293
316 1013
316 1116
317 302
317 330
317 338
318 338
318 353
318 1236
319 340
319 283
319 1137
321 301
321 365
321 328
322 330
322 286
322 328
324 368
325 330
328 302
328 363
328 335
328 316
328 365
328 319
328 281
328 359
328 324
328 340
328 340
328 743
329 335
330 330
330 317
330 319
330 332
330 327
330 301
330 328
330 365
330 316
330 316
330 286
330 358
330 293
330 294
330 298
330 343
330 1112
330 1189
331 293
332 1264
334 312
336 293
337 366
337 293
338 338
339 286
340 294
340 293
340 359
340 316
340 298
340 766
341 303
342 314
342 354
343 365
343 293
343 359
345 290
345 294
345 294
345 359
348 348
349 343
349 358
352 298
352 287
352 298
352 339
352 356
352 363
352 287
352 330
352 334
353 330
353 287
354 352
354 328
354 357
354 298
358 350
358 293
358 330
358 328
358 344
358 338
358 561
358 627
359 296
359 335
359 309
359 293
359 332
359 359
359 327
359 309
359 340
359 599
359 1027
359 1112
361 325
364 368
364 358
364 281
365 360
365 313
365 333
365 322
365 345
365 1080
366 293
366 293
366 309
366 298
367 314
368 324
368 343
368 302
368 293
370 316
370 358
370 366
370 358
372 358
373 369
375 411
375 379
375 402
375 402
375 378
375 419
375 408
375 408
375 420
375 665
376 1116
377 377
377 377
377 391
377 390
377 377
377 377
377 391
377 411
377 377
377 391
377 394
377 401
377 375
377 418
377 412
377 397
377 401
377 391
377 377
377 377
377 386
377 379
377 731
377 788
377 1191
377 1204
377 1279
378 377
378 375
378 380
378 385
378 377
378 380
378 377
378 419
378 387
378 550
379 401
379 377
379 377
379 391
379 377
379 411
379 377
379 389
379 1054
383 402
383 628
384 419
384 660
385 405
386 400
386 391
386 406
386 390
386 1092
387 406
387 386
389 386
389 411
390 1192
391 386
391 409
391 377
391 390
391 377
391 749
392 411
392 377
392 378
396 411
397 411
397 601
397 1084
398 409
399 377
400 377
400 407
401 411
401 411
401 401
401 404
401 1063
401 1084
402 375
402 379
402 391
402 379
402 377
404 419
405 411
405 411
405 402
405 377
405 637
405 1112
406 407
407 413
408 401
408 375
409 379
409 400
409 413
409 377
409 1145
411 377
411 391
411 392
411 391
411 377
411 391
411 375
411 379
411 377
411 381
411 375
411 421
411 375
411 784
411 872
411 1133
411 1240
412 374
412 419
412 413
413 377
413 379
413 386
413 409
413 391
413 378
413 418
413 377
413 943
414 1115
415 383
416 1025
417 392
419 385
419 401
419 378
419 377
419 377
419 1084
419 1091
419 1182
421 391
421 413
421 375
421 645
421 1290
424 435
426 531
427 436
427 436
427 422
427 427
427 890
428 459
428 436
428 435
428 431
428 453
429 440
429 452
429 436
429 428
429 724
430 442
430 429
431 436
431 434
433 434
434 452
434 428
434 453
434 460
434 1034
435 436
435 460
435 436
436 456
436 434
436 459
436 453
436 452
436 453
436 452
436 457
436 456
436 436
436 447
436 436
436 429
436 429
436 451
436 452
436 436
436 747
436 973
436 1236
437 426
437 921
439 456
440 436
441 436
443 466
443 995
445 478
447 433
447 436
449 428
450 436
450 429
450 577
450 1125
451 449
451 460
451 436
451 729
451 764
451 1085
452 461
452 426
452 442
452 626
453 456
453 434
453 429
453 436
453 826
455 431
456 456
456 440
456 452
457 466
457 648
457 653
458 447
458 464
458 458
458 761
459 459
459 425
459 460
459 669
459 863
460 454
460 456
464 463
466 436
466 440
466 505
467 495
467 477
468 494
469 478
470 480
470 647
474 470
474 477
474 484
474 481
474 474
474 474
474 502
474 973
475 469
476 474
476 478
477 477
477 474
477 473
477 487
477 489
477 478
477 573
477 720
477 729
477 1025
477 1105
478 469
478 467
478 477
478 801
478 887
478 997
478 1166
478 1230
479 471
480 477
480 1206
481 478
483 477
483 474
483 474
485 477
485 479
485 477
485 768
487 477
489 481
489 484
490 477
492 474
493 477
493 474
494 469
494 481
496 517
497 502
497 518
497 511
497 497
497 502
497 497
497 499
497 500
497 510
497 516
497 519
497 497
497 514
497 565
497 555
497 994
498 511
499 502
499 511
499 497
499 496
499 519
499 497
499 503
500 497
500 516
500 497
500 497
502 515
502 505
502 510
502 499
502 502
502 511
503 500
503 517
504 539
505 497
505 497
505 510
505 1248
508 510
508 496
509 507
511 1106
514 497
515 497
515 496
515 510
515 512
516 507
517 518
518 496
518 497
520 538
522 555
523 689
523 997
524 555
524 561
524 538
524 541
524 546
524 582
524 810
526 535
526 863
526 1038
528 538
529 698
530 538
531 554
531 547
531 565
532 1003
534 561
535 565
536 539
536 539
536 538
536 526
536 557
536 627
536 746
538 554
538 582
538 555
538 578
538 555
538 520
538 577
538 555
538 524
538 538
538 543
538 538
538 555
538 582
538 554
538 555
538 814
538 992
538 1112
538 1223
538 1281
539 582
539 535
539 577
539 565
539 571
539 824
539 1060
540 538
540 565
541 555
541 538
541 543
541 541
542 574
542 565
543 795
544 569
545 554
545 990
547 557
547 555
547 538
547 565
547 555
547 555
547 538
547 542
547 587
547 555
548 565
550 1017
551 1277
552 553
552 1098
553 535
553 543
553 538
553 555
553 752
554 554
554 551
554 555
554 541
554 533
554 1045
555 583
555 586
555 547
555 555
555 547
555 535
555 565
555 576
555 588
555 547
555 565
555 563
555 579
555 538
555 574
555 577
555 538
555 570
555 522
555 588
555 538
555 577
555 536
555 548
555 555
555 555
555 559
555 538
555 565
555 643
555 1177
555 1241
557 555
557 538
557 538
557 565
557 543
557 555
557 1240
558 552
560 572
560 878
561 586
561 557
561 1155
562 1272
565 555
565 577
565 524
565 538
565 538
565 555
565 531
565 540
565 880
566 565
566 551
566 550
566 555
566 971
568 577
568 552
572 547
573 553
573 1287
574 974
576 582
576 1249
576 1253
577 566
577 548
577 588
577 557
577 576
577 540
577 555
577 529
577 835
577 952
580 555
581 555
581 1263
582 579
582 551
582 539
582 536
582 546
582 558
582 952
585 566
585 525
586 575
586 971
587 555
591 598
592 598
594 599
594 599
597 599
598 597
598 600
598 598
598 599
598 599
598 598
599 600
599 599
599 600
599 599
599 600
599 600
599 589
599 600
599 599
599 598
599 599
599 599
599 599
599 600
599 599
599 599
599 598
600 599
600 590
600 598
600 599
600 598
600 600
600 600
600 598
600 599
600 599
600 598
600 596
600 595
600 600
602 1223
603 618
604 621
606 605
607 617
607 1153
609 610
609 1206
610 605
611 901
612 610
612 618
613 614
613 612
613 611
613 601
613 601
613 609
615 602
617 601
617 610
618 622
618 610
618 613
618 618
618 618
618 618
618 613
618 613
618 1116
620 613
620 620
621 943
624 628
625 627
625 627
625 1068
626 628
627 627
627 627
627 627
627 1112
628 627
628 794
629 644
629 637
629 638
629 646
630 634
631 639
634 629
634 637
634 736
634 929
636 637
637 635
640 629
640 639
640 635
640 629
640 646
641 644
642 646
642 1053
643 634
644 644
644 640
644 640
644 646
644 644
644 644
644 1139
645 632
646 642
646 629
646 639
646 1024
647 641
647 1116
648 648
648 648
648 648
648 1089
649 653
650 654
651 653
652 657
652 653
653 654
653 653
653 660
653 657
653 865
654 652
654 654
654 660
654 653
654 678
654 729
655 653
656 652
656 652
658 653
658 653
658 658
659 658
660 651
660 653
660 654
663 663
663 663
663 663
663 663
663 663
669 689
672 688
672 689
673 689
673 677
674 686
676 689
677 689
681 689
682 689
686 671
689 689
689 689
689 689
689 689
689 673
689 674
689 669
689 689
689 689
689 689
689 689
689 677
689 682
689 675
689 679
689 689
689 689
689 689
689 682
689 677
689 863
693 726
694 715
695 720
695 720
695 694
695 701
696 718
696 718
697 720
700 724
700 716
700 718
700 701
702 720
703 1260
704 1116
706 717
706 719
707 692
707 706
707 699
709 718
709 718
710 1010
710 1088
712 1019
713 697
715 698
715 718
717 721
717 707
717 721
717 722
717 699
718 718
718 693
718 721
718 717
718 721
718 717
718 696
718 692
718 700
718 707
718 712
718 726
718 892
719 724
719 717
720 710
720 700
720 724
720 1047
721 720
721 698
721 718
721 951
722 717
724 718
724 710
724 720
724 695
726 692
727 733
729 729
729 736
729 733
729 733
729 1072
731 736
731 729
731 733
731 731
731 729
731 733
731 731
731 733
731 729
731 1100
733 731
733 729
733 729
733 733
733 733
733 736
733 729
736 733
736 733
736 731
736 736
736 727
736 733
736 736
737 739
738 743
739 742
739 743
739 1230
740 778
742 742
743 743
743 746
743 742
743 743
743 742
743 980
745 743
746 743
747 748
747 755
747 747
747 839
749 755
750 752
751 753
752 747
752 755
755 755
755 755
755 747
755 755
756 762
756 757
756 763
756 762
756 760
756 895
757 760
757 757
758 756
759 756
760 763
760 763
762 760
762 763
763 756
763 758
763 760
763 759
764 764
764 764
765 770
766 1220
767 765
767 783
768 770
768 1088
769 775
770 770
770 770
770 770
770 770
770 773
770 779
770 768
770 770
770 781
770 767
770 778
770 895
770 956
770 1139
770 1166
771 783
772 770
772 775
773 770
776 779
779 770
779 768
782 774
783 771
783 827
784 784
784 784
787 787
787 787
787 789
787 787
787 787
787 787
788 788
788 788
788 787
788 1066
791 1116
791 1204
794 797
794 797
794 793
794 795
794 798
794 799
794 797
794 793
795 796
795 799
795 799
795 796
795 795
795 799
795 798
795 1053
796 795
796 798
797 794
797 799
797 799
797 797
797 799
798 798
798 799
798 795
798 794
799 799
799 797
799 795
799 799
801 814
803 801
803 826
804 826
804 807
804 1039
807 802
807 807
807 826
807 807
808 810
808 826
808 808
808 814
808 826
809 807
809 826
809 809
810 826
814 816
814 826
814 811
814 808
814 810
814 823
815 816
815 996
816 814
816 826
816 881
817 810
817 826
819 808
821 807
822 824
824 815
824 822
824 804
824 826
826 826
826 808
826 814
826 805
826 826
826 973
827 829
827 827
827 827
827 987
827 1112
827 1248
829 835
835 827
835 835
835 835
835 835
835 835
835 835
835 835
835 834
835 835
839 850
842 863
848 863
852 863
858 863
858 864
861 863
861 853
862 863
863 863
863 837
863 863
863 851
863 863
863 863
863 863
863 863
863 863
863 862
863 863
863 858
863 863
863 863
863 850
863 866
863 863
863 857
863 859
863 863
863 859
863 863
863 862
863 863
863 866
863 851
863 863
863 863
863 863
865 868
865 863
869 871
869 871
869 871
871 871
871 871
872 878
872 879
874 878
874 872
874 877
876 878
877 874
877 878
878 872
878 878
878 872
878 878
878 872
879 878
881 898
882 892
883 902
883 892
883 892
884 881
887 894
888 894
890 887
891 892
891 894
892 892
892 897
892 891
892 905
892 892
892 892
892 893
892 884
892 901
892 888
892 904
892 895
892 892
892 902
892 898
892 1239
893 910
894 910
894 980
894 1273
895 892
895 892
896 898
897 882
898 894
899 883
900 892
900 997
901 892
901 900
901 892
901 898
902 898
903 882
904 892
906 889
906 892
908 907
910 892
910 892
915 947
915 917
915 927
916 915
916 929
916 916
919 946
922 945
924 949
925 922
925 943
926 926
926 929
926 927
926 1060
927 948
927 925
928 921
929 944
929 941
929 929
929 924
929 929
929 930
929 914
929 929
930 915
930 929
930 916
930 1164
932 944
935 943
935 941
936 943
937 926
940 929
941 943
943 918
943 915
943 940
943 933
944 915
946 935
946 924
946 947
946 929
947 942
948 929
948 1117
952 952
952 967
952 973
952 956
952 980
952 967
952 953
952 969
952 971
952 984
952 986
952 985
952 973
952 952
952 952
952 973
952 967
952 952
952 969
952 952
952 971
952 952
952 980
952 952
952 962
952 971
952 967
952 997
952 1060
952 1236
952 1259
957 952
957 952
958 970
965 971
965 980
965 976
966 980
967 971
967 975
967 952
967 974
967 964
967 952
967 983
967 974
967 952
967 973
967 979
967 952
970 953
971 966
971 980
971 975
971 980
971 952
971 957
971 973
971 973
971 952
971 965
971 952
973 952
973 973
973 967
973 974
973 957
973 979
973 952
974 973
974 971
975 971
975 968
975 952
975 1133
977 987
978 975
978 982
979 983
979 1135
980 952
980 952
980 952
980 971
980 980
980 980
980 977
983 967
987 967
987 966
991 1044
992 995
993 1006
994 997
994 997
994 992
994 997
995 999
995 995
996 997
996 1160
997 999
997 1006
997 994
997 1005
997 994
997 994
997 995
997 997
997 994
997 994
997 1006
997 997
997 997
997 997
997 997
997 991
997 997
997 997
997 997
997 997
997 994
997 1025
999 1006
999 994
1000 997
1006 998
1006 997
1006 997
1006 997
1007 997
1007 993
1007 997
1008 997
1010 1007
1012 1025
1013 1025
1013 1025
1014 1026
1014 1025
1014 1019
1014 1025
1016 1025
1017 1019
1017 1025
1017 1025
1017 1017
1017 1025
1017 1025
1020 1021
1020 1116
1021 1020
1022 1025
1023 1023
1023 1066
1025 1020
1025 1025
1025 1025
1025 1020
1025 1025
1025 1025
1025 1021
1025 1025
1025 1020
1025 1025
1025 1021
1025 1017
1025 1019
1025 1023
1027 1027
1027 1028
1027 1088
1029 1029
1029 1029
1030 1034
1030 1034
1030 1030
1030 1034
1030 1030
1030 1030
1033 1033
1034 1030
1034 1030
1034 1030
1035 1031
1035 1030
1035 1033
1035 1030
1036 1036
1036 1036
1037 1036
1038 1038
1039 1044
1039 1039
1039 1040
1039 1044
1039 1044
1041 1044
1044 1043
1044 1045
1044 1039
1045 1041
1047 1048
1047 1047
1047 1048
1047 1047
1049 1091
1050 1077
1050 1060
1050 1087
1050 1068
1050 1077
1050 1088
1050 1254
1051 1060
1053 1061
1054 1088
1054 1088
1055 1091
1055 1074
1057 1084
1057 1060
1057 1086
1057 1072
1057 1088
1060 1060
1060 1068
1060 1088
1060 1088
1060 1084
1060 1085
1060 1051
1060 1091
1060 1050
1064 1088
1065 1068
1066 1065
1066 1052
1066 1066
1066 1057
1069 1091
1071 1088
1072 1060
1072 1072
1072 1093
1072 1074
1072 1255
1073 1283
1074 1077
1074 1107
1077 1078
1077 1079
1077 1053
1078 1079
1078 1057
1078 1086
1078 1086
1078 1072
1078 1077
1078 1086
1078 1133
1081 1072
1081 1164
1082 1088
1082 1112
1084 1128
1085 1088
1085 1080
1085 1076
1085 1088
1085 1088
1085 1088
1085 1050
1085 1257
1086 1060
1086 1060
1087 1078
1087 1050
1087 1070
1087 1064
1087 1090
1087 1093
1087 1065
1087 1145
1087 1240
1088 1077
1088 1086
1088 1066
1088 1088
1088 1091
1088 1078
1088 1086
1088 1060
1088 1091
1088 1090
1088 1086
1088 1085
1088 1091
1088 1092
1088 1088
1088 1091
1088 1088
1088 1068
1088 1088
1088 1088
1088 1091
1088 1092
1088 1116
1088 1170
1088 1202
1090 1091
1091 1051
1091 1087
1091 1071
1091 1092
1091 1068
1091 1086
1091 1087
1092 1086
1092 1074
1092 1061
1092 1087
1093 1078
1094 1088
1095 1078
1096 1107
1097 1107
1098 1102
1098 1104
1098 1105
1098 1103
1098 1105
1100 1098
1100 1107
1102 1105
1103 1096
1104 1105
1104 1100
1104 1107
1104 1104
1105 1105
1105 1101
1105 1101
1105 1103
1105 1101
1106 1106
1107 1105
1107 1104
1107 1105
1107 1105
1107 1104
1107 1105
1108 1110
1109 1108
1110 1110
1110 1108
1112 1112
1112 1112
1112 1112
1112 1133
1112 1115
1112 1113
1112 1112
1112 1133
1112 1131
1112 1133
1112 1122
1112 1133
1112 1124
1112 1112
1112 1112
1112 1116
1112 1112
1112 1115
1112 1112
1112 1112
1112 1133
1112 1133
1112 1133
1112 1112
1112 1131
1112 1112
1112 1116
1112 1112
1112 1112
1112 1133
1112 1133
1112 1112
1112 1112
1112 1116
1112 1112
1112 1112
1112 1112
1112 1133
1112 1118
1112 1112
1112 1116
1112 1112
1112 1112
1112 1116
1112 1116
1112 1253
1113 1112
1113 1112
1113 1112
1116 1112
1116 1133
1116 1113
1116 1116
1116 1112
1116 1112
1116 1116
1116 1130
1116 1116
1116 1116
1116 1128
1116 1112
1116 1116
1116 1112
1116 1115
1116 1116
1116 1116
1116 1116
1116 1133
1116 1133
1116 1131
1116 1116
1116 1116
1116 1116
1116 1116
1116 1133
1117 1112
1118 1116
1118 1113
1121 1116
1122 1112
1124 1112
1125 1122
1125 1113
1125 1124
1125 1116
1125 1112
1125 1112
1125 1123
1125 1112
1125 1210
1126 1112
1127 1133
1129 1112
1130 1112
1131 1112
1131 1124
1131 1112
1131 1112
1132 1112
1133 1112
1133 1116
1133 1112
1133 1125
1133 1112
1133 1133
1133 1133
1133 1112
1133 1116
1133 1133
1133 1133
1133 1112
1133 1186
1133 1242
1133 1285
1134 1112
1136 1137
1137 1137
1137 1137
1139 1139
1140 1145
1141 1149
1143 1145
1144 1153
1144 1144
1144 1144
1144 1145
1145 1139
1145 1145
1145 1146
1145 1204
1147 1145
1149 1145
1149 1153
1149 1145
1151 1145
1153 1146
1153 1150
1153 1145
1153 1149
1156 1155
1156 1158
1157 1159
1158 1156
1158 1155
1158 1156
1158 1158
1158 1156
1159 1158
1160 1158
1162 1164
1163 1163
1164 1161
1164 1162
1165 1164
1165 1161
1167 1168
1168 1173
1168 1168
1168 1168
1168 1173
1168 1169
1169 1175
1169 1166
1173 1173
1173 1168
1174 1175
1175 1169
1175 1168
1175 1168
1175 1173
1175 1171
1175 1174
1175 1206
1176 1177
1177 1177
1177 1177
1177 1177
1180 1182
1182 1182
1182 1182
1182 1181
1182 1182
1182 1182
1182 1180
1182 1181
1182 1182
1185 1186
1185 1186
1186 1186
1186 1186
1186 1186
1186 1186
1186 1186
1188 1185
1188 1186
1189 1189
1191 1191
1192 1192
1192 1192
1192 1192
1195 1195
1195 1195
1196 1196
1196 1196
1198 1200
1198 1202
1199 1204
1199 1206
1199 1206
1199 1204
1201 1204
1202 1204
1202 1202
1202 1206
1204 1198
1204 1201
1204 1199
1204 1204
1204 1202
1204 1199
1204 1204
1204 1206
1204 1204
1204 1204
1204 1212
1204 1206
1204 1199
1204 1204
1205 1212
1206 1204
1206 1212
1206 1266
1208 1202
1211 1204
1212 1204
1212 1202
1213 1213
1214 1234
1214 1223
1214 1220
1214 1214
1215 1223
1218 1220
1218 1234
1218 1223
1218 1231
1220 1234
1222 1234
1223 1216
1223 1231
1223 1216
1223 1218
1223 1234
1224 1223
1230 1218
1230 1229
1231 1222
1231 1228
1232 1230
1232 1223
1232 1234
1233 1223
1234 1229
1234 1223
1234 1218
1234 1231
1234 1234
1234 1218
1234 1234
1234 1226
1236 1236
1236 1235
1236 1239
1237 1236
1238 1236
1240 1236
1240 1236
1241 1241
1242 1244
1242 1242
1244 1242
1245 1245
1245 1247
1245 1245
1245 1247
1245 1248
1245 1248
1245 1248
1245 1245
1245 1248
1245 1247
1245 1247
1245 1248
1245 1248
1246 1248
1246 1248
1247 1245
1247 1247
1247 1245
1247 1245
1247 1245
1247 1247
1247 1245
1247 1245
1247 1247
1247 1247
1247 1245
1248 1245
1248 1245
1248 1248
1248 1245
1248 1247
1249 1249
1249 1251
1250 1250
1251 1249
1251 1251
1251 1251
1251 1251
1252 1253
1253 1253
1253 1252
1253 1253
1255 1256
1256 1255
1257 1258
1257 1257
1258 1257
1259 1260
1259 1260
1259 1259
1260 1259
1260 1259
1261 1261
1261 1262
1263 1263
1264 1264
1266 1269
1266 1266
1266 1266
1267 1267
1267 1268
1268 1266
1268 1267
1271 1274
1272 1272
1272 1275
1272 1273
1273 1273
1273 1275
1273 1273
1274 1273
1275 1272
1277 1277
1278 1277
1279 1279
1280 1280
1281 1281
1282 1282
1283 1283
1283 1283
1284 1285
1285 1285
1287 1287
1287 1287
1288 1287
1289 1289
1290 1290
1290 1290