0 11
0 750
3 10
3 22
3 3
3 172
3 842
3 845
6 18
6 6
6 18
6 44
6 20
6 3
6 35
6 27
6 20
6 35
6 31
6 31
6 35
6 31
6 12
6 20
6 16
6 179
6 832
6 842
6 1113
6 1840
6 2133
8 238
9 15
9 20
9 12
9 238
10 13
11 35
12 33
12 9
12 6
13 31
13 6
13 35
13 20
13 1018
15 6
16 44
16 18
16 20
18 10
18 39
18 6
18 35
18 37
18 3
18 4
18 31
18 9
18 235
20 6
20 46
20 16
20 31
20 44
21 26
22 3
22 47
23 31
26 6
26 35
26 16
26 6
26 48
27 12
28 19
28 16
31 46
31 6
31 24
31 20
31 33
31 31
31 3
31 41
31 35
31 31
31 10
31 26
31 173
31 834
33 10
33 6
33 11
33 13
33 9
33 35
33 815
35 31
35 26
35 35
35 31
35 31
35 13
35 34
35 31
35 3
35 44
35 15
35 35
35 1
43 31
43 845
44 2027
46 6
46 35
47 10
48 35
49 71
50 152
51 58
52 106
52 2237
54 128
54 144
54 194
56 131
56 62
56 110
56 134
56 87
56 56
56 69
56 58
56 140
56 56
56 56
56 147
56 69
56 110
56 87
56 99
56 149
56 56
56 80
56 88
56 106
56 219
56 238
56 208
56 251
56 404
57 116
57 58
58 59
58 87
58 127
58 63
58 71
58 555
58 2163
59 99
59 103
59 67
59 127
59 74
59 85
59 127
59 56
59 56
59 106
59 87
59 87
59 147
59 140
59 96
59 74
59 78
59 95
59 61
59 49
59 87
59 148
59 56
59 107
59 59
59 194
59 164
59 191
59 1321
60 59
60 379
61 245
61 454
62 97
62 131
62 132
62 56
62 97
62 147
62 206
62 164
62 160
62 170
64 106
64 120
64 140
64 804
65 58
68 106
68 56
68 212
69 127
69 56
69 111
69 72
69 90
69 238
69 1714
70 111
71 148
71 59
71 117
71 56
71 56
71 140
71 109
71 56
71 85
71 84
71 1354
71 2208
71 2613
74 59
74 58
74 76
74 74
74 87
74 98
74 110
74 150
75 75
75 64
75 84
75 53
75 2339
77 88
77 130
77 176
77 1193
77 1234
77 2163
78 214
81 1739
82 88
84 56
84 56
85 106
86 56
87 127
87 130
87 59
87 54
87 74
87 85
87 136
87 77
87 87
87 87
87 115
87 87
87 56
87 87
87 144
87 147
87 87
87 52
87 59
87 56
87 206
87 463
87 454
87 742
87 1350
87 1801
87 2069
88 135
88 86
91 54
93 54
93 57
93 2194
95 1350
97 61
97 147
97 132
97 66
98 75
98 59
99 131
101 59
101 127
102 87
102 176
102 1260
103 127
104 84
106 141
106 56
106 100
106 122
106 83
106 110
106 56
106 60
106 625
106 699
107 1789
108 121
108 62
109 124
109 62
109 106
110 56
110 56
111 84
111 920
111 1041
112 56
112 2179
113 106
113 87
113 223
115 87
115 106
116 77
116 127
116 357
117 60
117 150
118 317
119 186
120 51
120 119
120 157
120 164
122 59
123 1861
123 2552
124 85
124 237
124 172
125 56
127 71
127 56
127 52
127 54
127 61
127 148
127 146
127 141
127 75
127 56
127 69
127 112
127 141
127 74
127 122
127 141
127 164
127 199
127 237
127 1754
127 2136
128 139
128 166
129 75
130 103
130 71
132 68
132 75
132 147
136 68
138 183
138 194
139 74
140 98
140 92
141 54
141 88
141 74
141 71
142 56
142 140
143 103
143 62
143 197
144 71
144 238
146 87
147 149
147 147
147 97
147 127
147 56
147 114
147 214
147 365
147 376
147 354
148 59
148 61
148 382
149 52
149 101
149 146
149 164
149 238
150 211
150 190
150 211
150 220
150 247
150 176
150 1715
151 199
151 210
151 176
151 152
151 215
151 173
151 192
152 199
152 215
152 179
152 238
152 198
152 223
152 219
152 205
152 1780
152 2198
157 214
157 238
157 176
157 219
158 215
158 173
160 218
160 214
160 176
160 164
160 238
160 215
160 190
160 245
160 191
160 164
160 1526
161 181
161 2337
162 150
162 192
163 211
163 155
163 181
164 238
164 218
164 245
164 176
164 215
164 181
164 176
164 164
164 215
164 238
164 176
164 176
164 172
164 215
164 211
164 176
164 179
164 199
164 220
164 238
164 220
164 220
164 170
164 206
164 220
164 152
164 186
164 2201
164 2202
164 2165
164 2201
164 2160
164 2215
165 220
166 191
166 186
166 166
166 191
166 166
166 176
166 170
166 170
166 220
166 150
166 219
166 235
166 186
166 172
166 353
166 832
166 1241
166 2388
167 228
169 245
169 173
169 238
170 194
170 172
170 218
170 152
170 176
170 199
170 238
170 238
170 219
170 245
170 153
170 179
170 173
170 210
170 176
170 206
170 181
170 223
170 176
170 194
170 245
172 220
172 215
172 219
172 245
172 152
172 186
172 223
172 176
172 179
172 220
172 176
172 194
172 151
172 181
172 238
172 412
172 1198
172 2203
172 2184
172 2506
173 176
173 210
173 220
173 190
173 211
173 164
173 235
173 233
173 194
173 194
173 242
173 176
173 199
173 164
173 194
173 246
173 176
173 356
173 1226
173 1789
173 2189
173 2203
173 2406
173 2614
175 245
176 191
176 166
176 237
176 183
176 214
176 176
176 152
176 181
176 220
176 181
176 210
176 220
176 238
176 245
176 247
176 179
176 173
176 220
176 206
176 181
176 245
176 166
176 173
176 176
176 211
176 238
176 214
176 238
176 220
176 219
176 194
176 172
176 213
176 219
176 173
176 166
176 179
176 164
176 218
176 172
176 233
176 176
176 190
176 190
176 154
176 211
176 170
176 176
176 199
176 204
176 184
176 644
176 832
176 750
176 1200
176 1754
176 2000
176 2163
176 2190
179 176
179 210
179 159
179 210
179 164
179 173
179 211
179 181
179 152
179 214
179 237
179 183
179 237
179 190
179 173
179 237
179 194
179 195
179 344
179 1783
179 2160
181 176
181 235
181 198
181 164
181 186
181 237
181 245
181 191
181 173
181 211
181 211
181 219
181 220
181 183
181 152
181 238
181 190
181 215
181 867
181 2163
181 2208
183 164
183 151
183 238
183 190
183 238
183 183
183 406
183 837
184 210
185 173
185 179
185 2159
186 235
186 220
186 231
186 215
186 167
186 200
186 238
186 197
186 206
186 179
186 1217
189 238
190 152
190 191
190 176
190 220
190 176
190 771
190 2370
191 172
191 233
191 220
191 176
191 219
191 176
191 233
191 214
191 189
191 169
191 197
191 190
191 354
191 940
191 1755
191 1780
191 1728
191 2199
191 2206
191 2190
192 220
192 191
192 220
192 2179
194 235
194 152
194 183
194 220
194 235
194 238
194 179
194 356
194 880
194 2533
195 219
195 170
197 190
198 238
199 152
199 214
199 245
199 220
199 176
199 245
199 176
199 194
199 163
199 172
199 166
199 837
199 850
199 798
199 1754
199 2190
199 2336
199 2499
200 166
201 150
206 176
206 194
206 191
206 211
206 176
206 211
206 220
206 223
206 164
210 190
210 186
210 235
210 164
210 173
210 206
210 186
210 192
210 190
210 215
210 211
210 238
210 747
210 1083
210 1869
210 2206
211 166
211 181
211 194
211 238
211 160
211 164
211 211
211 238
211 176
211 245
211 215
211 152
211 176
211 238
211 191
211 238
211 170
211 237
211 1756
213 238
213 152
214 238
214 173
214 176
214 238
214 160
214 199
214 176
214 852
214 1110
214 2163
214 2159
215 245
215 170
215 210
215 238
215 220
215 176
215 235
215 251
215 1460
215 2203
215 2404
215 2621
218 192
218 235
218 219
218 163
218 192
218 238
218 152
218 157
218 1265
218 1608
219 176
219 190
219 170
219 186
219 183
219 224
219 172
219 154
219 166
219 176
219 1263
219 2192
220 238
220 212
220 224
220 152
220 170
220 173
220 199
220 151
220 173
220 220
220 151
220 211
220 151
220 191
220 219
220 238
220 215
220 210
220 245
220 176
220 206
220 842
220 832
220 1166
220 1437
220 2597
222 825
223 235
223 164
223 173
223 176
223 238
223 176
223 878
224 231
224 164
224 176
224 170
224 709
225 218
226 238
228 206
228 238
230 199
231 223
231 214
231 238
232 194
232 194
233 238
233 194
233 2163
235 164
235 238
235 199
235 245
235 186
235 161
235 206
235 231
235 192
235 179
235 1818
235 2204
235 2203
237 237
237 179
237 181
237 211
237 152
237 238
237 172
237 216
237 166
237 152
237 237
237 173
237 172
237 215
237 176
237 190
237 1759
237 2189
238 176
238 194
238 170
238 238
238 215
238 238
238 214
238 232
238 176
238 176
238 176
238 176
238 215
238 184
238 179
238 176
238 166
238 170
238 215
238 211
238 164
238 172
238 170
238 164
238 210
238 179
238 223
238 176
238 190
238 170
238 219
238 206
238 235
238 238
238 170
238 219
238 180
238 238
238 170
238 173
238 219
238 151
238 809
238 762
238 1007
238 1296
238 1718
238 2051
238 2203
238 2208
238 2208
238 2163
238 2215
238 2208
238 2391
238 2533
239 223
240 150
240 220
242 220
242 242
242 176
243 245
243 166
245 190
245 154
245 191
245 211
245 199
245 220
245 238
245 199
245 231
245 234
245 191
245 199
245 218
245 219
245 238
245 191
245 152
245 238
245 238
245 238
245 176
245 235
245 160
245 424
245 802
245 1780
245 2138
245 2163
245 2203
245 2208
245 2432
246 2204
247 164
247 214
249 250
250 249
250 249
250 1230
251 252
251 252
252 252
253 296
254 266
255 276
255 298
256 256
256 266
256 290
256 330
256 334
256 329
256 290
256 330
256 266
256 337
256 502
256 1628
259 313
259 269
259 269
259 271
260 290
260 266
260 317
260 264
261 326
261 290
261 271
261 290
261 330
261 266
261 266
261 328
263 274
263 301
263 290
263 314
263 1766
263 2038
264 301
266 290
266 313
266 330
266 346
266 313
266 329
266 256
266 269
266 253
266 313
266 266
266 316
266 474
266 804
266 1351
266 1450
266 2019
266 2509
267 287
267 302
267 330
269 261
269 278
269 313
269 275
269 491
270 290
270 271
271 256
271 286
271 266
271 316
271 297
271 426
271 459
272 276
274 255
274 298
275 292
275 345
276 313
276 349
276 330
278 259
278 341
278 266
281 269
281 296
282 342
282 330
282 269
282 326
282 341
282 519
287 296
287 750
288 292
288 328
289 345
289 266
290 325
290 266
290 292
290 267
290 330
290 273
290 256
290 330
290 351
290 786
291 261
291 330
291 330
291 321
292 314
292 313
292 330
292 541
293 292
294 291
294 1837
298 259
298 288
298 335
298 269
299 323
299 587
300 263
300 586
301 278
301 314
301 339
302 274
304 314
304 296
304 468
304 967
305 256
308 276
310 305
310 459
312 2394
313 338
313 319
313 324
313 330
313 329
313 345
313 341
313 266
313 515
314 292
316 349
316 266
316 255
316 305
316 330
316 259
316 316
316 313
316 323
316 272
316 327
316 1520
317 291
317 341
317 291
317 330
317 316
317 330
317 351
317 454
318 274
322 286
323 255
323 537
325 298
326 302
326 313
326 319
326 261
326 292
326 275
327 282
327 255
327 328
327 335
327 314
328 316
328 266
328 330
329 330
329 316
329 435
330 282
330 265
330 269
330 266
330 266
330 344
330 276
330 341
330 281
330 317
330 317
330 316
330 330
330 266
330 281
330 266
330 263
330 342
330 256
330 296
330 266
330 330
330 474
330 535
330 715
330 832
330 2619
335 254
335 266
336 302
337 330
337 296
338 290
338 266
339 293
341 278
341 316
341 341
341 298
341 274
341 330
341 330
341 256
341 492
341 504
341 1444
341 2086
342 326
342 261
344 330
344 330
344 350
344 454
345 266
345 313
345 261
345 341
345 330
345 345
345 263
345 261
345 281
345 487
346 341
346 331
346 288
346 575
349 308
350 316
351 331
352 353
353 352
353 352
354 383
354 367
354 376
354 365
354 390
354 356
354 390
354 395
354 404
355 378
355 358
356 370
356 370
356 370
356 376
356 390
356 410
356 363
356 390
356 357
356 390
356 390
356 356
356 397
356 404
356 370
356 362
356 388
356 379
356 395
356 357
356 596
356 541
356 1254
356 1437
356 2479
357 399
357 356
357 403
357 362
357 414
357 395
357 390
357 386
357 357
357 390
357 369
357 375
357 395
357 375
357 395
357 356
357 418
357 375
357 406
357 376
357 362
357 354
357 375
358 364
358 354
358 375
358 390
358 390
358 384
358 390
358 354
358 404
358 375
358 370
359 376
361 390
362 395
362 419
362 404
362 362
362 357
362 406
362 379
362 363
362 356
362 370
362 390
362 395
362 357
362 367
362 389
362 406
362 410
363 375
363 380
363 395
363 395
363 365
363 362
363 360
363 413
363 2527
364 397
365 354
365 390
365 354
365 410
365 411
365 358
365 358
366 386
367 404
367 382
367 395
367 356
367 354
367 370
367 397
367 398
368 379
368 388
368 375
369 390
369 390
369 390
370 356
370 402
370 367
370 390
370 396
370 362
370 356
370 403
370 395
370 356
370 406
370 395
370 370
370 366
370 354
370 362
370 357
370 357
370 379
370 354
370 363
370 687
370 767
372 399
372 372
372 395
374 355
374 363
375 370
375 363
375 381
375 354
375 379
375 361
375 378
375 394
375 405
375 395
375 369
375 404
375 382
375 388
376 356
376 413
376 378
376 390
376 384
376 357
376 363
376 370
376 390
376 400
376 379
376 390
376 370
376 395
376 369
377 366
377 375
378 390
378 370
378 406
378 385
378 403
378 414
379 376
379 411
379 375
379 375
379 379
379 378
379 354
379 358
379 410
379 372
379 354
379 376
379 411
380 418
380 375
381 357
382 390
382 390
382 400
383 406
383 388
383 390
384 370
384 395
384 390
385 370
385 395
385 375
385 375
385 395
386 390
386 379
386 390
386 677
387 355
387 395
387 384
388 357
388 390
388 406
388 386
388 362
388 395
388 404
388 421
388 370
389 372
389 370
389 390
390 381
390 395
390 404
390 395
390 385
390 410
390 356
390 375
390 365
390 406
390 394
390 395
390 357
390 356
390 356
390 390
390 357
390 360
390 404
390 380
390 392
390 357
390 375
390 390
390 376
390 356
390 358
390 388
390 393
390 356
390 362
390 363
390 390
390 356
390 405
390 399
390 381
390 376
390 366
390 370
390 406
390 608
391 395
391 403
391 390
391 354
394 362
394 356
395 410
395 375
395 404
395 395
395 370
395 395
395 356
395 395
395 357
395 417
395 356
395 356
395 370
395 420
395 362
395 354
395 390
395 362
395 390
395 370
395 397
395 354
395 406
395 362
395 370
395 390
395 390
395 382
395 366
395 390
395 395
395 358
395 358
395 357
395 390
395 370
395 363
395 368
395 370
395 403
395 375
395 390
395 400
395 395
395 354
395 354
395 356
395 379
395 390
395 370
396 357
396 356
397 390
397 357
397 395
397 372
398 390
398 354
398 356
400 2154
403 390
403 404
403 407
404 406
404 375
404 395
404 381
404 390
404 358
404 390
404 390
404 406
404 418
404 370
404 356
404 404
404 354
404 414
404 390
404 1096
405 370
406 411
406 393
406 406
406 422
406 395
406 390
406 357
406 379
406 395
406 354
406 382
406 354
406 375
406 370
406 362
406 390
406 354
406 378
406 387
406 358
406 390
406 406
406 1525
406 1594
407 406
408 406
410 380
410 354
410 395
411 356
411 402
411 408
411 372
412 390
413 390
414 368
418 388
418 410
418 390
418 371
418 379
418 386
418 361
418 362
418 382
423 1281
424 423
424 424
424 424
424 440
425 434
426 1283
426 1494
427 430
429 430
429 434
430 434
431 429
431 428
431 426
433 430
433 432
433 432
433 430
433 434
433 433
435 438
436 435
438 435
438 438
439 515
439 459
439 568
440 541
440 513
440 459
440 465
440 489
440 569
441 548
441 541
441 598
441 470
441 519
441 556
445 459
446 2169
450 598
450 501
450 1610
451 555
453 474
454 492
454 598
454 563
454 474
454 598
454 586
454 540
454 563
454 508
454 530
454 573
454 492
454 473
454 586
454 452
454 511
454 598
454 513
454 548
454 593
454 586
454 541
454 596
454 568
454 485
454 541
454 491
454 586
454 568
454 517
454 531
454 541
454 560
454 501
454 446
454 519
454 459
454 535
454 537
454 886
454 1444
454 2237
456 440
456 565
457 599
457 532
459 459
459 504
459 501
459 514
459 593
459 569
459 537
459 503
459 454
459 504
459 439
459 575
459 588
459 541
459 492
459 537
459 503
459 474
459 501
459 531
459 439
459 501
459 571
459 474
459 459
459 905
459 1783
459 1839
459 2113
459 2206
459 2221
460 569
460 526
460 474
460 484
460 454
460 548
460 518
460 503
460 561
460 471
460 494
463 459
463 474
466 540
468 586
468 474
468 529
468 672
470 459
472 568
472 513
472 504
472 474
473 514
474 560
474 560
474 597
474 575
474 459
474 459
474 516
474 601
474 461
474 537
474 560
474 450
474 486
474 563
474 454
474 460
474 476
474 2203
474 2382
475 500
475 541
476 474
476 541
476 461
477 1336
479 598
479 2189
480 541
481 502
481 522
482 593
484 454
486 468
486 560
486 569
486 537
486 537
486 1886
487 537
487 459
488 459
490 532
490 454
490 481
491 598
492 533
492 537
492 541
492 474
492 468
492 557
492 440
492 522
492 586
492 453
492 552
492 540
492 463
492 459
492 571
492 454
492 497
492 575
492 500
492 2168
493 596
493 555
493 501
494 501
499 459
500 517
500 469
500 492
500 502
500 586
500 512
500 537
500 598
500 1287
501 474
501 474
501 440
501 455
501 480
501 569
501 598
501 569
501 480
501 559
501 446
501 457
501 537
501 513
501 598
501 459
501 598
501 537
502 459
502 474
502 513
502 596
502 450
502 596
503 540
503 537
504 531
504 492
504 523
504 541
504 474
504 562
504 560
504 454
504 599
504 586
504 1862
504 1883
506 537
507 441
508 541
508 474
509 559
512 502
512 559
512 1927
513 474
513 541
513 454
513 540
513 537
513 598
513 568
513 541
513 537
513 541
513 474
513 593
513 560
513 586
513 537
513 597
513 513
514 491
516 583
516 454
516 554
517 454
519 541
519 597
519 502
520 586
520 529
520 575
521 456
521 439
521 586
522 459
522 593
522 512
524 537
526 503
527 460
529 450
529 537
529 563
531 537
531 533
531 500
531 1331
531 2533
532 459
532 559
532 450
532 586
533 474
534 615
535 440
535 556
537 541
537 459
537 596
537 460
537 504
537 454
537 596
537 558
537 575
537 552
537 537
537 454
537 593
537 564
537 559
537 513
537 521
537 598
537 474
537 579
537 463
537 472
537 560
537 537
537 456
537 560
537 598
537 513
537 501
537 614
537 2159
539 529
540 522
540 440
540 537
541 502
541 549
541 541
541 575
541 474
541 556
541 513
541 592
541 592
541 561
541 504
541 541
541 502
541 459
541 575
541 504
541 492
541 492
541 504
544 454
546 537
548 500
549 463
549 474
552 439
552 575
552 541
553 474
553 555
553 596
555 459
555 541
555 454
555 454
556 448
556 1283
556 1488
557 531
558 560
559 594
560 510
560 547
560 439
560 482
560 583
560 474
560 490
561 504
561 492
563 454
566 537
567 492
567 454
568 507
569 450
569 586
569 531
571 569
571 531
571 576
572 454
574 469
575 501
575 555
575 482
575 450
575 480
575 587
575 460
575 556
575 459
575 497
575 541
575 454
575 575
575 561
575 587
575 526
576 450
577 544
579 537
579 586
580 518
583 568
583 459
583 504
583 586
583 554
583 541
586 598
586 598
586 520
586 569
586 501
586 496
586 541
586 537
586 454
586 533
586 504
586 586
586 501
586 574
586 459
586 571
586 514
586 591
586 1397
586 1414
587 459
587 495
592 474
593 598
593 487
593 501
593 463
594 531
594 541
595 492
596 501
596 545
596 493
596 588
596 889
597 575
597 703
598 446
598 571
598 540
598 537
598 490
598 493
598 549
598 560
598 459
598 498
598 474
598 586
598 537
598 556
598 579
598 481
598 512
598 882
598 1756
599 568
599 593
600 535
601 440
604 669
604 626
604 659
605 646
606 666
606 655
606 621
609 615
611 655
612 606
613 676
613 676
613 672
614 655
614 612
614 655
614 625
614 646
614 642
614 605
614 646
614 646
614 649
615 653
615 620
615 647
615 666
615 649
615 668
615 655
615 649
615 625
615 605
615 660
615 676
615 646
615 666
615 936
615 1234
615 1621
616 635
617 618
617 1256
618 615
618 615
618 615
618 605
618 645
618 614
618 625
618 615
618 618
618 1306
618 2459
620 628
620 634
620 649
621 666
621 618
621 646
621 615
623 614
624 625
624 626
625 615
625 655
625 615
625 605
625 618
625 666
625 667
625 666
625 672
625 665
625 2438
626 674
626 615
626 629
626 666
626 646
626 613
626 666
626 1226
626 1589
627 666
628 664
628 613
628 619
628 621
628 614
628 613
628 646
628 625
628 1318
628 1311
628 1714
629 626
630 614
631 663
632 672
632 666
634 655
634 1339
635 666
635 638
637 650
637 635
638 672
639 649
639 643
640 650
640 1283
640 2585
641 667
641 606
641 1905
642 646
643 676
643 655
643 655
645 614
645 603
646 654
646 640
646 666
646 605
646 660
646 618
646 614
646 658
647 660
648 649
649 646
649 666
649 626
649 655
649 625
649 630
650 617
650 666
650 666
650 614
651 1315
652 659
653 665
653 626
655 676
655 646
655 674
655 666
655 628
655 671
655 752
656 606
656 672
656 666
656 618
657 672
658 618
659 669
659 1298
660 674
661 646
662 666
663 635
664 626
665 615
665 614
666 614
666 647
666 666
666 655
666 614
666 669
666 666
666 628
666 614
666 610
666 639
666 615
666 613
666 618
666 607
666 628
666 666
666 666
666 666
666 1408
666 1423
666 2358
667 615
667 625
667 628
667 613
667 666
667 2208
668 615
668 671
668 1311
669 628
669 608
670 1811
671 615
671 666
672 643
672 626
672 676
672 629
672 646
672 615
672 648
672 1748
673 649
673 643
673 1242
674 658
675 606
676 666
676 634
676 658
676 674
676 628
676 649
676 613
676 650
676 1280
678 678
678 678
678 679
681 1871
682 734
682 721
684 699
684 716
684 699
686 703
687 685
689 1193
691 699
691 1019
694 712
696 734
697 703
698 734
699 685
699 733
699 687
699 734
699 734
699 699
699 699
699 699
699 703
700 699
703 699
703 703
703 703
703 703
703 734
703 734
703 696
703 699
703 734
703 734
703 731
703 699
703 734
703 703
703 779
703 1110
703 1115
704 683
705 699
705 721
705 709
705 727
705 2047
705 2542
707 699
707 709
707 687
707 734
707 692
708 734
709 703
714 725
716 723
716 734
717 734
718 703
718 829
719 707
719 742
721 703
723 734
724 703
726 735
727 689
727 702
727 734
727 699
727 734
727 1020
729 703
729 722
732 1717
734 694
734 699
734 708
734 699
734 703
734 703
734 722
734 703
734 734
734 699
734 699
734 712
734 712
734 703
734 718
734 699
734 699
734 734
734 703
734 1179
734 1158
734 1486
734 1840
734 2151
735 703
735 1720
738 703
742 703
742 734
742 728
742 728
743 771
743 750
743 802
747 757
747 782
747 873
747 815
747 852
747 795
749 815
750 775
750 845
750 829
750 854
750 804
750 830
750 852
750 747
750 852
750 815
750 750
750 750
750 845
750 825
750 743
750 817
750 771
750 807
750 852
750 878
750 842
750 747
750 880
750 855
750 1044
750 1971
753 878
753 797
753 829
753 842
753 880
753 744
758 880
758 1368
758 1493
762 752
762 750
762 815
762 750
762 1752
762 2616
764 811
768 777
768 841
768 857
768 860
771 880
771 795
771 834
771 771
771 832
771 771
771 815
771 830
771 771
771 834
771 878
771 880
771 750
771 750
771 747
771 746
771 750
771 799
771 825
771 845
771 809
771 771
771 852
771 811
771 1226
771 1489
771 1477
771 1835
771 2033
771 2351
774 878
774 1791
775 782
777 815
777 860
777 844
777 868
777 845
780 963
782 782
782 815
782 802
782 795
782 762
782 852
782 785
782 2044
782 2106
783 777
785 845
786 880
787 880
789 779
793 771
793 842
794 880
794 753
794 845
794 830
794 797
794 878
794 2118
794 2516
795 845
795 815
795 852
795 795
795 845
795 832
795 830
795 834
795 993
795 2215
796 851
796 825
796 775
797 878
797 830
797 750
797 832
797 830
797 750
797 2533
799 769
800 846
800 829
802 825
802 795
802 743
802 852
802 834
802 815
802 762
803 748
807 771
807 855
807 847
807 1487
808 880
808 842
808 771
809 799
809 842
809 880
809 1190
810 832
810 782
810 815
810 880
810 832
810 992
811 870
811 880
811 750
813 807
813 1726
814 830
814 855
814 760
814 771
815 852
815 777
815 794
815 828
815 750
815 832
815 860
815 747
815 832
815 845
815 878
815 830
815 1751
815 1720
815 2624
816 815
817 829
817 817
817 832
817 1464
819 814
819 845
820 803
820 779
820 2315
821 821
821 830
822 880
823 841
824 807
825 802
825 811
826 1847
827 845
828 830
828 831
828 1487
829 873
829 800
829 837
829 832
829 795
829 2417
830 811
830 810
830 802
830 832
830 749
830 820
830 837
830 836
830 829
830 2610
832 795
832 866
832 879
832 832
832 762
832 803
832 794
832 771
832 830
832 815
832 845
832 830
832 771
832 815
832 836
832 747
832 863
832 782
832 795
832 850
832 873
832 751
832 817
832 795
832 1524
832 1756
832 1728
832 2071
833 810
834 793
834 824
834 768
834 855
834 866
834 768
834 818
834 811
834 823
834 845
834 817
834 878
834 845
834 852
834 1165
834 1454
834 2501
836 880
836 743
837 852
837 815
837 797
837 878
837 847
837 1739
839 880
840 794
841 878
841 880
841 782
841 817
841 1437
842 837
842 771
842 852
842 852
842 1615
844 880
845 822
845 762
845 842
845 807
845 845
845 834
845 832
845 832
845 841
845 750
845 832
845 801
845 823
845 834
845 1789
845 1783
845 2228
849 762
851 815
851 768
851 830
852 762
852 830
852 832
852 844
852 746
852 771
852 852
852 832
852 815
852 807
852 820
852 832
852 834
852 795
852 774
852 868
852 797
852 1450
852 1479
852 2391
853 851
855 834
855 2138
857 882
860 1540
860 2595
861 794
862 747
864 880
865 2521
866 783
867 867
868 781
868 878
869 796
869 832
869 802
869 875
869 991
870 1789
870 2296
873 811
873 830
873 871
873 771
876 795
877 771
877 880
878 829
880 850
880 830
880 834
880 860
880 834
880 875
880 795
880 797
880 776
880 880
880 834
880 769
880 878
880 762
880 1349
880 1756
880 1869
880 2260
880 2491
882 868
882 795
882 782
882 878
882 880
882 832
882 855
885 897
885 886
886 905
886 896
887 906
887 889
887 897
889 907
889 902
889 897
889 891
890 895
890 902
890 887
891 891
891 889
891 891
891 904
891 905
891 897
891 902
892 902
894 897
894 892
894 908
894 905
894 906
896 904
896 902
896 890
896 891
896 905
896 896
897 903
897 885
897 896
897 889
897 890
897 887
897 890
897 905
897 891
897 897
897 901
897 898
897 1431
898 886
900 897
901 887
901 897
901 894
901 891
902 906
902 904
902 886
902 889
902 902
902 897
902 886
902 887
903 887
903 903
903 889
903 885
903 906
904 887
904 902
904 887
904 908
904 906
905 897
905 906
905 892
905 902
905 902
905 896
905 885
905 890
906 906
906 886
906 891
906 897
906 895
906 887
906 903
909 910
910 911
910 911
910 1265
911 910
913 921
913 945
913 2601
914 940
918 926
918 915
920 943
920 917
920 929
920 954
922 944
923 950
925 946
925 934
925 934
925 951
925 1579
926 943
927 946
928 941
929 932
929 954
930 936
932 929
933 955
933 929
933 952
933 934
934 932
934 2429
934 2478
936 934
936 2208
938 922
939 915
939 940
940 955
940 950
940 1905
941 943
942 924
943 913
943 915
943 953
943 938
945 922
945 954
946 941
946 934
946 918
950 943
950 920
950 954
950 2299
951 1315
952 925
952 913
952 1640
954 931
954 956
954 953
954 913
956 913
957 966
958 1328
959 966
960 957
960 963
960 1023
962 964
963 964
964 959
964 966
965 2080
966 961
966 960
966 965
966 962
966 966
967 978
967 967
967 1002
967 980
967 981
967 1005
967 974
967 989
967 996
967 1007
967 990
968 976
968 982
969 990
969 1013
969 1632
971 984
971 986
971 1008
972 1015
973 971
974 1027
974 974
974 984
974 974
975 1366
976 995
977 990
978 983
979 1007
979 2500
980 1027
981 991
982 988
983 1029
983 974
983 2189
984 967
984 1703
986 983
986 993
986 970
986 1000
988 987
988 1023
988 994
988 986
988 983
988 1759
989 967
989 968
989 990
989 996
989 1019
989 1138
990 990
990 1028
990 988
990 1031
990 1017
991 1016
991 1019
991 993
991 996
991 1354
991 2055
992 996
992 972
992 2035
993 988
993 1017
996 1017
996 1017
997 1012
1000 974
1000 990
1000 996
1002 1022
1003 1010
1005 1017
1007 1017
1007 1016
1007 983
1007 988
1007 1020
1007 984
1007 977
1009 1020
1009 993
1009 2239
1010 1023
1012 1081
1012 1831
1013 996
1013 1024
1013 1106
1015 967
1015 1015
1015 1027
1016 967
1016 1019
1016 967
1016 1019
1016 989
1017 983
1017 991
1017 974
1017 2533
1018 1017
1019 984
1019 972
1019 1023
1019 1022
1019 988
1019 989
1019 2008
1020 995
1021 974
1021 974
1021 1519
1022 1004
1022 984
1022 1027
1022 1890
1024 968
1024 1000
1024 988
1026 990
1026 1020
1027 1022
1027 2247
1028 979
1029 990
1030 1014
1032 1035
1032 2189
1033 1032
1034 1033
1035 1034
1038 1044
1041 1054
1041 1081
1043 1077
1044 1081
1044 1081
1044 1045
1044 1044
1044 1044
1044 1081
1044 1044
1044 1060
1044 1055
1044 1044
1044 1081
1044 1044
1044 1081
1044 1053
1044 1044
1044 1081
1044 1060
1044 1044
1044 1060
1044 1057
1045 1044
1047 1055
1047 1080
1049 1044
1052 1083
1055 1044
1055 1081
1055 1067
1056 1081
1056 1045
1057 1044
1059 1060
1060 1076
1064 1081
1067 1044
1068 1044
1068 1550
1069 2245
1072 1055
1072 2048
1075 1075
1077 1081
1077 1044
1078 1044
1078 1057
1081 1081
1081 1075
1081 1052
1081 1072
1081 1044
1081 1079
1081 1055
1081 1083
1081 1044
1081 1081
1081 1081
1081 1081
1081 1081
1081 1073
1081 1041
1081 1971
1083 1081
1085 1079
1086 1081
1087 1088
1088 1101
1088 1113
1089 1102
1089 1096
1089 1102
1090 2470
1091 1089
1092 1109
1093 1113
1093 1100
1096 1106
1096 1113
1096 2533
1097 1112
1097 1093
1097 1098
1097 1113
1097 1105
1097 1112
1097 1102
1097 1098
1098 1102
1099 1091
1099 1106
1100 1087
1101 1090
1101 1108
1101 1102
1102 1087
1102 1106
1102 1098
1102 1108
1104 1108
1104 1111
1105 1112
1105 1096
1105 1089
1106 1113
1106 1096
1106 1112
1106 1110
1106 1106
1106 1097
1106 1460
1107 1113
1107 1101
1107 1097
1108 1102
1108 1097
1108 1106
1108 1226
1108 1356
1108 2079
1110 1091
1110 1097
1110 1108
1110 1099
1112 1096
1112 1110
1112 1102
1112 1112
1112 1108
1112 1105
1113 1090
1113 1098
1113 1101
1113 1102
1113 1097
1113 1101
1113 2134
1113 2270
1114 1145
1115 1174
1117 1142
1117 1165
1117 1179
1117 1164
1117 1182
1118 1158
1118 1508
1119 1189
1120 1117
1121 1164
1122 1155
1122 1161
1123 1524
1126 1179
1126 1177
1128 1134
1130 1176
1130 1146
1131 1176
1131 1167
1131 1869
1133 1179
1134 1166
1134 1174
1134 1149
1134 1157
1136 1127
1137 1140
1137 1169
1137 1168
1137 1152
1137 1169
1137 1179
1137 1161
1137 1146
1137 1183
1137 1282
1137 1489
1137 1627
1138 1174
1138 1161
1138 1146
1138 1137
1138 1161
1138 1177
1138 1183
1138 1131
1138 1728
1138 2257
1140 1147
1141 1138
1141 1125
1141 1164
1141 1171
1142 1138
1143 1156
1145 1127
1145 1152
1145 1179
1146 1123
1146 1114
1146 1169
1147 1180
1147 1117
1147 1174
1147 2160
1148 1131
1150 1114
1152 1120
1155 1190
1156 1161
1156 1174
1158 1138
1158 1126
1158 1149
1158 1179
1159 1162
1161 1159
1161 1170
1161 1187
1161 1175
1161 1186
1161 1184
1163 1137
1163 1152
1164 1187
1164 1146
1165 1138
1166 1158
1166 2367
1168 1186
1168 1166
1168 1149
1168 1160
1168 1114
1168 1168
1168 1137
1169 1141
1173 1117
1174 1171
1174 1138
1174 1131
1174 1161
1175 1117
1175 1172
1177 1177
1177 1188
1179 1158
1179 2499
1180 1131
1181 1180
1182 1189
1183 1134
1185 1143
1186 1175
1186 1116
1186 1155
1186 1184
1186 1134
1186 1151
1187 1137
1187 1188
1187 1190
1187 1137
1187 1137
1188 1179
1188 1158
1189 1126
1190 1153
1191 1217
1191 1197
1192 1226
1192 1217
1192 1223
1192 1690
1193 1219
1193 1202
1193 1304
1193 1280
1194 1193
1194 1195
1194 1192
1194 1199
1194 1199
1194 1216
1194 1215
1194 1233
1195 1194
1195 1206
1196 1869
1197 1217
1197 1226
1198 1226
1198 1221
1198 1222
1198 1198
1198 1198
1199 1215
1199 1197
1199 1207
1200 1193
1201 1226
1201 1210
1202 1192
1203 1207
1203 1204
1203 1207
1203 1207
1205 1196
1205 1226
1207 1219
1207 1208
1208 1226
1208 1209
1211 1211
1211 1201
1211 2208
1213 1216
1214 1213
1215 1593
1217 1212
1218 1193
1219 1226
1219 1212
1220 1219
1223 1226
1225 1191
1225 1193
1225 1194
1225 1222
1226 1198
1226 1193
1226 1304
1226 2427
1227 1283
1227 1230
1227 2204
1229 1287
1229 1309
1230 1312
1230 1264
1230 1338
1230 1241
1230 1322
1230 1324
1230 1285
1230 1266
1230 1323
1230 2213
1230 2203
1230 2327
1231 1341
1231 1327
1231 1354
1231 1236
1231 1256
1231 1291
1231 1266
1231 1251
1232 1265
1234 1283
1234 1296
1234 1338
1235 1354
1235 1327
1238 1278
1238 1324
1239 1288
1239 1271
1239 1343
1241 2188
1242 1253
1243 1329
1245 1233
1245 1230
1245 2171
1246 1285
1247 1298
1248 1291
1248 1325
1248 1338
1248 1303
1248 1356
1250 1259
1250 1254
1250 1242
1250 1352
1250 1356
1251 1230
1251 2202
1252 1311
1252 1326
1254 1260
1254 1307
1254 1240
1254 1252
1254 1308
1254 1328
1254 1250
1254 1288
1254 1312
1254 1338
1254 1254
1254 1268
1254 1327
1254 1272
1254 1248
1254 1356
1254 1275
1254 1260
1254 2336
1255 1242
1256 1256
1256 1230
1256 1328
1256 1842
1257 1327
1257 1350
1259 1296
1260 1332
1260 1309
1260 1354
1260 1254
1260 1280
1260 2488
1261 1312
1263 1296
1263 1350
1265 1306
1265 1305
1265 1235
1265 1236
1265 1338
1265 1354
1265 1312
1265 1265
1265 1298
1266 1258
1266 1283
1266 1309
1267 2453
1268 1254
1268 1265
1268 1327
1270 1270
1270 1324
1270 2139
1270 2203
1272 1296
1272 1356
1273 1316
1274 1251
1274 1357
1274 1256
1274 1281
1275 1311
1276 1282
1276 1265
1277 1288
1279 1316
1279 2212
1280 1315
1281 1335
1281 1284
1283 1231
1283 1338
1283 1230
1283 1354
1283 1294
1283 1327
1283 1327
1283 1714
1284 2201
1285 1292
1285 1344
1285 1306
1286 2256
1287 1298
1287 1338
1287 1456
1288 1296
1288 1298
1288 1318
1288 1315
1288 2163
1289 1328
1289 1290
1289 1251
1290 1285
1290 1328
1290 1354
1290 1268
1291 1267
1291 1290
1291 1288
1292 1346
1293 1263
1293 1313
1293 1309
1293 1335
1293 1354
1293 1354
1294 1258
1294 1338
1294 1256
1294 1266
1295 2215
1296 1230
1296 1290
1296 1330
1296 1230
1296 1302
1296 1256
1296 1346
1296 1310
1297 1324
1298 1274
1298 1329
1298 1350
1298 1256
1299 1254
1302 1337
1303 1280
1304 1324
1304 1234
1304 1252
1305 1288
1306 1337
1306 1327
1306 1230
1306 2332
1308 1230
1308 1231
1308 1320
1308 1289
1309 1244
1309 1328
1311 1234
1311 1255
1311 1317
1311 1235
1311 1261
1312 1309
1312 1234
1312 1288
1312 1338
1313 1315
1313 1254
1313 1242
1315 1263
1315 1231
1315 1293
1315 1272
1316 1292
1316 1327
1316 1359
1316 2245
1317 1308
1317 1244
1318 1354
1318 1328
1318 1234
1318 2194
1320 1262
1320 1293
1320 1265
1322 1265
1323 1389
1324 1250
1324 1274
1324 1258
1324 1250
1324 1231
1324 1291
1324 1338
1324 1883
1325 1254
1325 1350
1325 1350
1325 1318
1325 1248
1325 1231
1325 1396
1325 1589
1325 1740
1326 1294
1326 1310
1327 1306
1327 1329
1327 1293
1327 1330
1327 1281
1327 1281
1328 1281
1328 1309
1328 1294
1328 1318
1328 1391
1328 2236
1329 1234
1329 1356
1329 1292
1329 1328
1329 1247
1330 1851
1331 1354
1332 1254
1333 1244
1335 1306
1337 1285
1338 1288
1338 1234
1338 1231
1338 1283
1338 1283
1338 1293
1338 1268
1338 1315
1338 1274
1338 1230
1338 2160
1338 2202
1341 1234
1341 1248
1343 1291
1344 1338
1346 1354
1349 1250
1350 1293
1350 1296
1350 1277
1350 1293
1350 1346
1350 1304
1350 1274
1351 1349
1353 1283
1353 1298
1354 1330
1354 1290
1354 1354
1354 1230
1354 1354
1354 1279
1354 1263
1354 1306
1354 1313
1354 1254
1354 1274
1354 1254
1354 1368
1354 1437
1354 2206
1354 2325
1354 2531
1356 1266
1356 1230
1357 1324
1358 1311
1358 1291
1359 1230
1359 1330
1359 1283
1359 1265
1362 1372
1364 1368
1364 1376
1364 1377
1364 1368
1365 1365
1365 1370
1365 1377
1368 1373
1368 1374
1368 1373
1368 1365
1368 1376
1368 1371
1370 1365
1371 1368
1373 1373
1373 1379
1373 1364
1373 1366
1374 2007
1376 1370
1376 1368
1379 1373
1379 1379
1379 1373
1381 1389
1382 1381
1382 1385
1382 1383
1382 1382
1385 1382
1386 1382
1386 1389
1388 1581
1389 1386
1389 1380
1390 1392
1391 1392
1392 1391
1393 1392
1394 1395
1396 1404
1396 1405
1397 1402
1397 1396
1397 2202
1398 1403
1402 1404
1402 1396
1403 1404
1403 2474
1404 1396
1404 1397
1404 1394
1405 1394
1405 1405
1405 1396
1405 1396
1405 1408
1406 1405
1410 1410
1411 1444
1411 1446
1411 1437
1411 1442
1411 1438
1413 1445
1414 1437
1414 1444
1414 1414
1418 1426
1419 1414
1422 1424
1422 1437
1423 2519
1424 1411
1426 1442
1426 1435
1428 1437
1430 1415
1431 1432
1431 1444
1431 1444
1433 1444
1435 1444
1435 1434
1437 1444
1437 1437
1437 1439
1437 1411
1437 1444
1437 1447
1437 1449
1437 1437
1437 1437
1437 1442
1437 1425
1437 1447
1437 1431
1437 1414
1437 1444
1437 1433
1437 1438
1437 1444
1437 1469
1437 1529
1437 1726
1438 1444
1438 1444
1438 1444
1438 1437
1438 1437
1439 1437
1441 1437
1442 1414
1444 1438
1444 1438
1444 1437
1444 1449
1444 1437
1444 1444
1444 1444
1444 1435
1444 1437
1444 1426
1444 1446
1444 1435
1445 1444
1446 1444
1449 1444
1450 1472
1450 1471
1450 1469
1450 1473
1450 1464
1450 1469
1451 1466
1452 1463
1452 1457
1452 1474
1453 1454
1454 1455
1454 1472
1456 1472
1456 1455
1456 1454
1456 1473
1456 1461
1457 1474
1457 1456
1457 2345
1459 1464
1459 1450
1459 1469
1460 1454
1460 1463
1460 1464
1461 1450
1461 1450
1461 1470
1461 1469
1462 1469
1462 1473
1462 2468
1463 1454
1464 1459
1464 1454
1464 1452
1464 1464
1464 1455
1464 1463
1464 1469
1466 1461
1466 1464
1466 1472
1466 1456
1466 1464
1467 1472
1467 1458
1469 1469
1469 1472
1469 1469
1469 1469
1469 1473
1469 1464
1469 1469
1469 1474
1469 1450
1470 1464
1470 1455
1470 1454
1470 1469
1472 1450
1472 1454
1472 1467
1472 1469
1472 1464
1472 1460
1472 1464
1472 1474
1472 2203
1472 2583
1473 1466
1474 1460
1474 1470
1474 1458
1474 1463
1474 1474
1475 1501
1476 1511
1478 1534
1478 1501
1478 1500
1478 1488
1478 1478
1479 1508
1481 1476
1481 1502
1481 1478
1481 1476
1481 1529
1481 1484
1484 1487
1484 1536
1486 1487
1486 1495
1486 1532
1486 1504
1487 1500
1487 1524
1487 1510
1487 1497
1488 1509
1488 1487
1489 1522
1490 1518
1490 1481
1490 1482
1491 1537
1492 1870
1494 1503
1494 1523
1494 1531
1495 1766
1498 1530
1498 1489
1499 1531
1499 2051
1500 1501
1500 1504
1500 1506
1501 1478
1501 1510
1501 1754
1504 1531
1504 1525
1504 1486
1504 1518
1504 1508
1504 1494
1504 1504
1505 1505
1505 1525
1505 1491
1505 1524
1505 1495
1507 1508
1508 1504
1508 1507
1508 1478
1508 1525
1509 1519
1510 1537
1510 1475
1511 1500
1512 1478
1512 1476
1512 1516
1515 1492
1515 1507
1515 1483
1519 1500
1519 1505
1520 1507
1520 1498
1520 1505
1522 1501
1523 1498
1523 1491
1523 1498
1523 1755
1524 1492
1524 1535
1524 1527
1524 1498
1524 1501
1524 1481
1524 1501
1524 2044
1524 2417
1524 2585
1525 1478
1529 1476
1532 1482
1532 1525
1534 1522
1534 2499
1535 1529
1535 1478
1535 1511
1536 1478
1537 1499
1537 1497
1537 1488
1538 1539
1538 1541
1539 1541
1540 1538
1540 1543
1542 1538
1543 1541
1546 1576
1550 1584
1550 1589
1551 1581
1551 1576
1551 1581
1551 1589
1554 1576
1558 1546
1560 1576
1562 1589
1563 1576
1565 1581
1568 1589
1568 1589
1570 1576
1573 1589
1575 1589
1576 1589
1576 1581
1576 1588
1576 1576
1576 1583
1576 1576
1576 1587
1580 1581
1581 1576
1581 1589
1581 1581
1581 1576
1581 1589
1581 1595
1581 1563
1581 1589
1581 1549
1581 1581
1581 1589
1581 1564
1581 1578
1581 1589
1581 1581
1581 1581
1581 1585
1581 1547
1581 1971
1583 1549
1583 1581
1583 1591
1587 1576
1589 1562
1589 1576
1589 1555
1589 1596
1589 1569
1589 1576
1589 1595
1589 1593
1589 1583
1589 1564
1589 1576
1589 1581
1589 1549
1589 1589
1589 1581
1589 1589
1589 1563
1589 1676
1590 1591
1593 1563
1593 1567
1593 1589
1595 1590
1595 1576
1596 1590
1599 1555
1600 1581
1602 1607
1603 1605
1604 1604
1604 1604
1605 1605
1605 1603
1605 1605
1605 1602
1606 1605
1607 1607
1607 1608
1609 1609
1610 1610
1611 1621
1612 1616
1612 1615
1612 1620
1613 1622
1614 1614
1614 1622
1614 1623
1615 1614
1616 1613
1617 1618
1617 1626
1618 1621
1618 1620
1618 1618
1619 1616
1620 1616
1620 1620
1620 1615
1620 1623
1622 1623
1623 1612
1624 1622
1625 1612
1625 1611
1625 1620
1625 1626
1626 1620
1627 1630
1627 1628
1627 1634
1627 2562
1628 1631
1628 1630
1628 1629
1630 1633
1630 1634
1631 1627
1633 1635
1633 1630
1633 1633
1633 1633
1633 1630
1633 1633
1634 1630
1634 1635
1634 1755
1635 1632
1635 1633
1636 1630
1636 1633
1638 1676
1640 1708
1648 1702
1648 1714
1652 1656
1656 1656
1656 1640
1656 1703
1656 1687
1656 1714
1656 1672
1656 1687
1656 1656
1656 1656
1656 1670
1656 1667
1656 1656
1656 1714
1656 1702
1656 1656
1656 1714
1656 1675
1656 1656
1657 1705
1657 1646
1657 1700
1657 1652
1658 1669
1659 1714
1659 1703
1663 1696
1671 1682
1671 2212
1672 1656
1672 1703
1672 1708
1676 1714
1676 1675
1677 1714
1678 1656
1683 1714
1683 1714
1684 1703
1690 1647
1691 1665
1691 1637
1691 1658
1692 1714
1693 1656
1695 1681
1695 1703
1700 1656
1702 1659
1702 1703
1703 1647
1703 1656
1703 1697
1703 1656
1703 1700
1709 1703
1710 1669
1714 1678
1714 1684
1714 1714
1714 1656
1714 1710
1714 1677
1714 1714
1714 1656
1714 1690
1714 1714
1714 1690
1714 1656
1714 1674
1714 1688
1714 1656
1714 1656
1714 1639
1714 1662
1714 1714
1714 1677
1714 1683
1714 1670
1714 1656
1714 1656
1714 1656
1714 1703
1714 1714
1714 1656
1714 1700
1714 1714
1714 1670
1714 1670
1714 1911
1714 2323
1715 1769
1716 1754
1716 1755
1716 1787
1716 2069
1717 1748
1718 1748
1718 1730
1718 1720
1719 1730
1722 2121
1723 2163
1725 1728
1725 1792
1725 1756
1726 1792
1726 1754
1726 1764
1726 1764
1726 1773
1728 1754
1728 1780
1728 1756
1728 1754
1728 1779
1728 1786
1728 1740
1728 1716
1728 1755
1728 1754
1728 1777
1728 1754
1728 1754
1730 1738
1730 1755
1730 1744
1730 1737
1730 1756
1730 2394
1732 1757
1733 1755
1736 1780
1737 1765
1737 1755
1739 1789
1739 1733
1739 1751
1741 1755
1742 1772
1744 1754
1744 1783
1746 1755
1748 1755
1748 1722
1748 1772
1748 1783
1748 1726
1748 1725
1748 1754
1748 1756
1751 1756
1751 1755
1751 1818
1752 1756
1752 1783
1753 1728
1753 1728
1754 1732
1754 1755
1754 1772
1754 1791
1754 1765
1754 1790
1754 1728
1754 1753
1754 1754
1754 1759
1754 1754
1754 1718
1754 1783
1754 1755
1754 1753
1754 1790
1754 1726
1754 1716
1754 1754
1754 1776
1754 1716
1754 1763
1754 1730
1754 1780
1754 1783
1754 1761
1754 1789
1754 1755
1754 1717
1754 1754
1755 1754
1755 1754
1755 1756
1755 1755
1755 1763
1755 1742
1755 1715
1755 1746
1755 1765
1755 1730
1755 1728
1755 1754
1755 1755
1755 1755
1755 1730
1755 2230
1756 1737
1756 1755
1756 1755
1756 1715
1756 1756
1756 1728
1756 1728
1756 1765
1756 1730
1756 1756
1756 1755
1756 1755
1756 1753
1756 1764
1756 1780
1756 1790
1756 2601
1757 1783
1759 1755
1759 1755
1761 1755
1761 1779
1761 1718
1761 2219
1762 1756
1762 1761
1764 1755
1765 1790
1765 1771
1765 1732
1771 1755
1772 1726
1772 1762
1772 1765
1772 1748
1772 1748
1772 1754
1772 1783
1772 1789
1774 1726
1774 1756
1775 1783
1778 1755
1779 1728
1780 1786
1780 1756
1783 1772
1783 1748
1783 1759
1783 1755
1783 1723
1786 1754
1786 1755
1786 1756
1786 2610
1788 1756
1789 1773
1789 1754
1789 1790
1789 2366
1790 1756
1790 1720
1790 1756
1791 1783
1791 1789
1791 1756
1791 1754
1791 1737
1791 2189
1791 2203
1794 1816
1796 1824
1796 1797
1796 1804
1798 1836
1800 1835
1800 1837
1802 1827
1802 1826
1802 1824
1803 1803
1805 1798
1808 1809
1809 1807
1809 1830
1809 1815
1809 1798
1809 1800
1809 1819
1809 1809
1809 1830
1810 1796
1810 1832
1815 1821
1815 1830
1815 1832
1815 1817
1817 1832
1817 1809
1818 1828
1818 1840
1819 1833
1820 1801
1821 1809
1821 1809
1821 1800
1823 1830
1823 1798
1823 2198
1824 1809
1824 1798
1826 1837
1826 1797
1826 1809
1826 1800
1826 1803
1826 1828
1826 1801
1828 1826
1828 1834
1828 1836
1828 1829
1828 1833
1829 1801
1830 1826
1830 1826
1830 1801
1830 1809
1830 1803
1830 1826
1830 1800
1830 1840
1830 1809
1832 1821
1832 1798
1832 1840
1833 1802
1834 1811
1834 1825
1835 1837
1835 1811
1836 1839
1837 1806
1837 1804
1837 1826
1837 2574
1840 1822
1840 1833
1840 1840
1840 1803
1840 1838
1840 1829
1842 1844
1842 1842
1842 1844
1842 1843
1844 1844
1845 1847
1846 1847
1849 1879
1850 1867
1851 1875
1851 1862
1851 1871
1852 1862
1854 1872
1854 2212
1856 1874
1860 1862
1860 1879
1861 1864
1861 1854
1861 1869
1862 1856
1862 1851
1862 1876
1862 1876
1862 1860
1862 1851
1863 1875
1864 1860
1864 1879
1864 1869
1864 1879
1866 1871
1867 1879
1867 1854
1869 1855
1869 1875
1869 1860
1869 1859
1869 1867
1869 1875
1869 1867
1869 1875
1869 1864
1869 1862
1869 1862
1869 1860
1869 1868
1870 1879
1870 1849
1870 1869
1870 1854
1871 1869
1872 1862
1872 1879
1875 1869
1876 1869
1876 1879
1876 1873
1876 1864
1878 1855
1879 1860
1879 1877
1879 1875
1879 1868
1879 1859
1879 1863
1879 1848
1879 1869
1879 1869
1879 1879
1879 1869
1880 1882
1883 1881
1883 1881
1883 1880
1884 1886
1884 1884
1884 1885
1886 1885
1887 1895
1887 1888
1887 1888
1887 1890
1887 1887
1888 1896
1889 1887
1890 1890
1890 1890
1891 1895
1891 1887
1891 1887
1891 1890
1891 1897
1893 1897
1893 1891
1895 1895
1895 1897
1895 1895
1895 1887
1896 1887
1896 1891
1897 1896
1897 1897
1897 1897
1897 1895
1897 1895
1897 1896
1897 1897
1902 1902
1902 1902
1902 1904
1902 1904
1903 2190
1904 1904
1904 1904
1905 1905
1905 1934
1905 1924
1905 1911
1905 1924
1905 1927
1908 1924
1909 1912
1911 1927
1911 1920
1911 1905
1911 1927
1911 1911
1911 1951
1911 1924
1914 1924
1916 1927
1918 1927
1918 1927
1921 1912
1923 1905
1924 1924
1924 1931
1924 1940
1924 1942
1924 1924
1924 1924
1924 1924
1924 1911
1924 1939
1924 1924
1924 1911
1924 1911
1924 1927
1924 1924
1924 1951
1924 1905
1926 1924
1927 1927
1927 1927
1927 1918
1927 1927
1927 1924
1927 1918
1927 1928
1931 1924
1931 1927
1931 1923
1932 1928
1939 1950
1939 1912
1941 1926
1941 1927
1941 1940
1942 1924
1948 1911
1948 1927
1951 1911
1951 1927
1952 2008
1952 1957
1952 1971
1953 2008
1955 2008
1955 1996
1956 2247
1967 1971
1967 1971
1970 2010
1971 2008
1971 2008
1971 1971
1971 1988
1971 2008
1971 1971
1971 1988
1971 1952
1971 2008
1971 2008
1971 1996
1971 1971
1971 2008
1971 2008
1971 2008
1971 2002
1971 2007
1971 2008
1971 1971
1971 1998
1971 2004
1971 2008
1971 1967
1971 1971
1972 1959
1973 1990
1980 1971
1981 1971
1985 1977
1988 2008
1990 2079
1992 1953
1993 2008
1993 2008
1995 2008
1996 1959
2000 1994
2002 1971
2005 2003
2007 2007
2008 1959
2008 2008
2008 1971
2008 1977
2008 1963
2008 1971
2008 2012
2008 1961
2008 2008
2008 1971
2008 1965
2008 2008
2008 1971
2008 2010
2008 1971
2008 2002
2008 1971
2008 2008
2008 1971
2008 1995
2008 1971
2008 1971
2008 1971
2008 1986
2008 2008
2008 2008
2008 1971
2008 1971
2008 1998
2008 2008
2010 1971
2017 2008
2017 2008
2019 2019
2019 2020
2019 2022
2020 2020
2020 2019
2020 2020
2024 2031
2024 2026
2024 2031
2024 2025
2024 2031
2024 2030
2024 2026
2024 2030
2024 2032
2025 2029
2025 2027
2025 2032
2025 2032
2025 2032
2025 2028
2025 2025
2025 2029
2025 2032
2026 2030
2026 2029
2026 2030
2026 2029
2026 2032
2026 2024
2026 2029
2026 2032
2027 2026
2027 2027
2027 2030
2027 2029
2027 2024
2027 2024
2027 2028
2027 2029
2028 2031
2028 2032
2028 2028
2028 2032
2028 2031
2029 2032
2029 2031
2029 2028
2029 2027
2029 2028
2029 2027
2030 2030
2030 2026
2030 2027
2030 2031
2030 2614
2031 2024
2031 2024
2031 2031
2031 2030
2031 2027
2031 2031
2031 2030
2032 2030
2032 2024
2032 2029
2032 2029
2032 2031
2032 2026
2032 2032
2033 2034
2033 2034
2035 2039
2035 2035
2035 2039
2036 2036
2037 2035
2039 2038
2040 2044
2040 2040
2040 2042
2041 2044
2042 2040
2044 2040
2045 2046
2046 2042
2046 2046
2046 2046
2047 2079
2047 2094
2047 2097
2047 2080
2047 2253
2049 2069
2051 2066
2051 2051
2051 2097
2051 2097
2052 2073
2052 2082
2054 2066
2054 2058
2054 2098
2054 2069
2059 2051
2060 2086
2061 2079
2062 2052
2062 2097
2062 2065
2062 2054
2062 2085
2064 2065
2064 2072
2066 2051
2066 2079
2066 2093
2066 2084
2067 2047
2068 2087
2069 2079
2069 2066
2070 2101
2079 2087
2079 2089
2079 2070
2079 2047
2080 2097
2082 2097
2083 2087
2086 2061
2086 2069
2086 2079
2086 2087
2086 2086
2086 2089
2086 2086
2086 2051
2086 2086
2086 2097
2086 2085
2086 2097
2086 2097
2087 2079
2087 2051
2087 2097
2088 2051
2092 2097
2093 2086
2093 2087
2093 2097
2093 2088
2093 2097
2093 2070
2094 2097
2094 2097
2095 2101
2097 2051
2097 2066
2097 2086
2097 2065
2097 2097
2097 2059
2097 2062
2097 2057
2097 2095
2097 2086
2098 2086
2098 2097
2098 2086
2101 2053
2101 2086
2101 2098
2102 2106
2102 2105
2102 2104
2102 2106
2103 2106
2103 2105
2103 2103
2105 2102
2105 2106
2105 2105
2105 2106
2105 2106
2106 2105
2106 2105
2107 2106
2109 2121
2109 2109
2110 2125
2111 2114
2113 2126
2113 2121
2113 2121
2116 2126
2117 2120
2117 2124
2117 2121
2118 2120
2120 2122
2120 2118
2121 2118
2121 2121
2121 2122
2121 2128
2121 2121
2122 2111
2124 2121
2125 2122
2128 2122
2128 2122
2128 2128
2128 2267
2131 2135
2132 2135
2132 2144
2133 2132
2134 2150
2134 2150
2135 2145
2135 2150
2135 2139
2135 2151
2135 2140
2136 2150
2136 2138
2138 2134
2138 2137
2138 2131
2138 2138
2138 2141
2139 2140
2140 2133
2140 2139
2140 2142
2140 2142
2144 2142
2144 2138
2145 2147
2145 2150
2145 2145
2145 2141
2145 2136
2146 2135
2146 2145
2147 2135
2148 2137
2149 2152
2149 2138
2149 2152
2149 2146
2150 2149
2150 2152
2150 2140
2150 2145
2150 2134
2150 2135
2150 2145
2150 2138
2150 2139
2150 2135
2150 2150
2150 2145
2150 2150
2150 2147
2150 2519
2151 2135
2151 2132
2152 2150
2153 2156
2153 2157
2153 2154
2154 2158
2154 2158
2156 2153
2156 2158
2156 2156
2159 2203
2159 2212
2159 2208
2160 2212
2160 2208
2160 2206
2160 2217
2160 2208
2160 2163
2160 2173
2160 2188
2160 2160
2160 2208
2160 2188
2160 2230
2161 2168
2161 2209
2163 2202
2163 2163
2163 2204
2163 2182
2163 2206
2163 2206
2163 2206
2163 2208
2163 2203
2163 2163
2163 2163
2163 2212
2163 2203
2163 2178
2163 2185
2163 2203
2163 2189
2163 2190
2163 2210
2163 2203
2163 2179
2163 2208
2163 2201
2163 2160
2163 2171
2163 2203
2163 2198
2163 2212
2163 2208
2163 2188
2163 2212
2163 2163
2163 2184
2163 2212
2163 2208
2163 2203
2163 2216
2163 2208
2164 2168
2165 2206
2165 2208
2165 2178
2165 2203
2165 2614
2168 2208
2168 2201
2168 2190
2168 2188
2168 2203
2168 2179
2169 2189
2169 2203
2171 2179
2171 2203
2171 2177
2171 2201
2172 2202
2177 2168
2178 2189
2178 2204
2178 2194
2178 2185
2179 2203
2179 2189
2179 2189
2179 2206
2182 2160
2184 2208
2184 2212
2187 2212
2188 2207
2188 2198
2188 2163
2188 2160
2188 2188
2188 2208
2189 2215
2189 2160
2189 2203
2189 2213
2189 2168
2189 2178
2189 2203
2189 2189
2189 2159
2189 2203
2189 2203
2189 2163
2189 2179
2189 2208
2189 2470
2190 2163
2190 2196
2190 2208
2190 2208
2190 2189
2190 2179
2190 2201
2192 2189
2194 2189
2194 2215
2194 2204
2194 2168
2194 2212
2194 2183
2194 2163
2195 2160
2198 2163
2201 2189
2201 2215
2201 2208
2201 2208
2201 2189
2201 2212
2202 2170
2202 2212
2202 2215
2202 2188
2202 2160
2202 2203
2202 2168
2202 2188
2203 2159
2203 2179
2203 2165
2203 2198
2203 2163
2203 2202
2203 2179
2203 2208
2203 2163
2203 2163
2203 2163
2203 2208
2203 2190
2203 2163
2203 2163
2203 2190
2203 2187
2203 2208
2203 2203
2203 2256
2204 2160
2204 2208
2204 2159
2204 2208
2204 2172
2204 2206
2204 2189
2204 2203
2204 2194
2206 2208
2206 2201
2206 2215
2206 2208
2206 2212
2206 2189
2206 2168
2206 2214
2207 2194
2207 2215
2208 2203
2208 2194
2208 2160
2208 2212
2208 2163
2208 2193
2208 2201
2208 2165
2208 2208
2208 2163
2208 2160
2208 2206
2208 2189
2208 2189
2208 2214
2208 2160
2208 2188
2208 2208
2208 2188
2208 2183
2208 2208
2208 2201
2208 2189
2208 2208
2208 2203
2208 2163
2208 2208
2208 2198
2208 2189
2208 2208
2208 2204
2208 2204
2208 2371
2209 2163
2209 2179
2210 2162
2212 2208
2212 2163
2212 2168
2212 2168
2212 2204
2212 2215
2213 2178
2214 2208
2214 2208
2215 2189
2215 2208
2215 2159
2215 2189
2215 2178
2215 2163
2215 2163
2215 2171
2215 2206
2215 2212
2215 2163
2215 2206
2215 2208
2215 2201
2215 2198
2215 2204
2215 2163
2217 2188
2217 2163
2217 2212
2217 2168
2219 2222
2219 2223
2221 2223
2223 2219
2223 2223
2223 2218
2223 2219
2227 2227
2227 2236
2227 2240
2230 2238
2230 2239
2231 2240
2231 2239
2231 2233
2231 2237
2233 2231
2234 2240
2235 2236
2236 2228
2236 2236
2237 2234
2237 2227
2239 2234
2239 2538
2240 2240
2240 2226
2240 2237
2242 2247
2244 2252
2244 2250
2245 2246
2245 2244
2245 2243
2245 2245
2245 2247
2245 2252
2247 2248
2247 2245
2247 2247
2247 2250
2247 2248
2248 2247
2248 2244
2248 2247
2251 2253
2251 2245
2252 2247
2252 2247
2252 2247
2253 2248
2253 2242
2256 2254
2256 2257
2257 2254
2257 2257
2257 2256
2258 2256
2259 2260
2260 2257
2261 2270
2261 2302
2261 2294
2262 2279
2262 2274
2264 2287
2264 2270
2267 2280
2267 2302
2267 2274
2269 2270
2269 2278
2270 2261
2270 2290
2270 2301
2270 2262
2270 2291
2270 2293
2270 2272
2271 2298
2272 2261
2273 2288
2273 2301
2274 2278
2274 2263
2275 2267
2276 2297
2276 2279
2277 2300
2278 2269
2278 2275
2279 2292
2279 2298
2279 2300
2279 2288
2279 2273
2280 2299
2280 2280
2280 2287
2282 2270
2282 2267
2283 2273
2284 2271
2286 2294
2287 2293
2287 2261
2287 2300
2287 2298
2291 2261
2292 2601
2293 2297
2294 2291
2294 2286
2296 2290
2296 2280
2296 2303
2296 2278
2297 2282
2298 2279
2298 2261
2300 2261
2300 2302
2300 2261
2300 2300
2302 2271
2302 2265
2303 2302
2303 2285
2304 2311
2305 2314
2306 2309
2306 2312
2307 2309
2307 2304
2308 2311
2308 2307
2308 2315
2309 2311
2309 2313
2310 2308
2311 2310
2311 2305
2312 2311
2312 2315
2313 2306
2314 2315
2315 2307
2315 2311
2317 2325
2318 2325
2318 2320
2318 2318
2319 2322
2319 2323
2320 2324
2320 2317
2323 2324
2324 2318
2324 2320
2325 2317
2325 2318
2327 2328
2327 2330
2329 2330
2329 2327
2331 2333
2331 2334
2331 2332
2333 2332
2334 2332
2334 2332
2334 2333
2335 2336
2335 2336
2335 2348
2336 2337
2336 2336
2336 2348
2336 2339
2336 2336
2337 2335
2337 2340
2339 2337
2339 2337
2339 2348
2340 2336
2340 2336
2340 2336
2343 2336
2343 2346
2344 2349
2345 2336
2346 2336
2346 2339
2346 2343
2348 2343
2348 2336
2348 2341
2349 2336
2349 2348
2351 2352
2351 2355
2354 2351
2355 2351
2355 2351
2355 2352
2355 2351
2355 2352
2356 2359
2356 2360
2357 2361
2357 2361
2358 2356
2361 2357
2361 2363
2361 2362
2361 2362
2362 2362
2362 2360
2362 2360
2363 2362
2363 2363
2364 2364
2364 2358
2364 2356
2365 2360
2367 2370
2367 2366
2367 2367
2367 2366
2367 2366
2368 2366
2368 2369
2370 2366
2370 2366
2370 2367
2370 2369
2371 2371
2371 2375
2371 2374
2371 2375
2371 2371
2371 2371
2371 2375
2372 2375
2373 2372
2374 2378
2375 2371
2375 2371
2375 2375
2375 2381
2375 2375
2376 2371
2377 2375
2380 2371
2383 2382
2384 2384
2384 2382
2386 2386
2386 2386
2386 2388
2388 2389
2389 2389
2390 2391
2391 2390
2392 2392
2392 2394
2392 2392
2392 2392
2393 2395
2394 2392
2394 2394
2395 2394
2397 2400
2398 2397
2398 2400
2398 2399
2400 2398
2401 2405
2401 2396
2403 2404
2403 2400
2403 2396
2403 2401
2404 2403
2404 2475
2405 2398
2405 2402
2406 2406
2406 2408
2407 2408
2408 2408
2409 2417
2409 2410
2409 2419
2409 2563
2413 2417
2413 2411
2413 2414
2414 2421
2417 2421
2417 2414
2417 2421
2417 2417
2417 2417
2418 2414
2418 2422
2419 2417
2419 2409
2421 2414
2421 2417
2422 2410
2426 2427
2426 2432
2426 2427
2427 2441
2427 2452
2427 2433
2427 2445
2427 2437
2429 2437
2429 2455
2429 2441
2430 2423
2430 2484
2431 2432
2433 2441
2433 2423
2433 2434
2433 2439
2433 2441
2434 2425
2435 2423
2436 2437
2437 2455
2437 2437
2437 2436
2437 2423
2437 2442
2439 2433
2440 2455
2441 2427
2441 2455
2441 2437
2441 2433
2441 2429
2450 2437
2452 2436
2452 2423
2453 2441
2455 2434
2455 2437
2456 2595
2457 2436
2458 2459
2458 2480
2458 2464
2460 2463
2460 2476
2462 2474
2463 2468
2463 2471
2463 2464
2463 2470
2463 2475
2464 2468
2465 2465
2465 2476
2466 2475
2466 2487
2466 2486
2467 2471
2467 2469
2468 2469
2468 2486
2468 2489
2468 2461
2470 2481
2470 2469
2470 2468
2471 2479
2472 2476
2472 2468
2472 2489
2473 2470
2474 2482
2474 2473
2474 2482
2474 2470
2476 2465
2476 2465
2477 2489
2478 2481
2479 2479
2479 2475
2479 2486
2479 2485
2479 2479
2479 2485
2480 2463
2480 2473
2481 2489
2482 2480
2482 2470
2483 2483
2484 2476
2485 2481
2485 2465
2485 2482
2486 2486
2487 2476
2488 2486
2489 2466
2489 2458
2489 2464
2489 2460
2491 2499
2491 2492
2491 2499
2491 2491
2491 2491
2491 2496
2492 2492
2492 2499
2499 2497
2499 2499
2499 2499
2499 2492
2499 2497
2500 2501
2500 2501
2501 2505
2501 2502
2501 2501
2502 2502
2502 2502
2503 2500
2506 2506
2506 2506
2508 2518
2509 2508
2512 2516
2513 2516
2514 2519
2515 2518
2515 2516
2515 2511
2516 2515
2517 2510
2518 2515
2518 2509
2518 2519
2518 2510
2518 2518
2519 2519
2521 2522
2522 2520
2522 2520
2522 2522
2523 2601
2524 2546
2524 2550
2527 2526
2527 2558
2527 2558
2527 2595
2527 2523
2527 2527
2528 2584
2528 2558
2529 2585
2531 2599
2533 2549
2533 2527
2533 2529
2533 2523
2533 2538
2533 2596
2535 2606
2535 2558
2537 2585
2538 2549
2538 2601
2538 2546
2539 2554
2541 2595
2542 2587
2542 2542
2542 2554
2546 2538
2546 2606
2547 2564
2548 2533
2548 2557
2548 2585
2549 2559
2549 2533
2549 2595
2550 2569
2554 2533
2557 2568
2557 2576
2557 2527
2557 2533
2557 2589
2558 2601
2558 2601
2558 2558
2558 2538
2558 2601
2558 2571
2558 2531
2558 2574
2558 2531
2558 2533
2558 2558
2558 2558
2558 2557
2559 2595
2560 2545
2563 2575
2563 2609
2563 2527
2563 2590
2571 2601
2576 2608
2583 2557
2583 2595
2583 2570
2583 2533
2583 2595
2583 2533
2584 2551
2584 2595
2584 2614
2585 2527
2585 2593
2585 2549
2585 2585
2587 2600
2589 2542
2595 2533
2595 2578
2595 2557
2595 2533
2595 2538
2595 2598
2595 2605
2595 2585
2595 2571
2595 2533
2595 2601
2595 2533
2596 2558
2596 2558
2597 2572
2598 2558
2599 2601
2600 2596
2600 2572
2600 2539
2601 2533
2601 2595
2601 2585
2601 2527
2601 2540
2601 2588
2601 2579
2601 2590
2601 2544
2601 2601
2601 2601
2601 2558
2602 2531
2603 2601
2605 2523
2605 2585
2609 2585
2610 2613
2610 2613
2610 2613
2610 2610
2610 2613
2610 2621
2613 2613
2613 2621
2613 2613
2613 2614
2613 2610
2613 2614
2613 2613
2613 2619
2614 2613
2614 2610
2614 2613
2614 2616
2614 2619
2614 2614
2614 2613
2614 2610
2619 2610
2621 2612
2624 2612
2625 2610