0 12
1 14
2 8
2 6
2 74
3 8
3 6
4 16
4 15
4 10
5 12
6 20
6 12
6 6
6 12
6 19
6 7
6 118
7 6
7 16
7 22
7 1054
8 3
8 6
8 23
8 23
8 23
8 902
9 5
9 7
9 0
10 4
10 8
10 1
11 77
12 22
12 14
12 22
12 16
14 7
14 6
14 18
14 2
14 14
14 399
14 543
15 8
15 1001
16 8
16 6
16 8
16 14
17 15
17 14
17 437
19 7
19 479
21 9
21 400
22 11
22 409
24 33
24 104
26 56
26 33
26 40
26 121
26 206
26 1067
26 1284
28 24
28 31
29 33
29 71
29 40
29 256
29 1097
30 33
30 33
30 118
31 40
31 34
31 47
31 60
31 84
31 817
33 26
33 53
33 40
33 40
33 40
33 36
33 42
33 42
33 54
33 71
33 33
33 63
33 71
33 33
33 33
33 31
33 40
33 42
33 33
33 38
33 104
33 77
33 157
33 192
33 192
33 297
33 328
33 348
33 914
33 1018
33 1152
34 77
34 414
34 895
34 1067
35 62
36 72
38 40
40 33
40 30
40 33
40 47
40 34
40 69
40 40
40 33
40 33
40 40
40 42
40 34
40 33
40 33
40 38
40 42
40 30
40 40
40 61
40 47
40 40
40 63
40 33
40 33
40 63
40 114
40 101
40 532
40 589
40 1052
40 1267
43 40
46 54
46 62
46 24
46 104
46 640
47 26
47 45
49 54
50 33
50 54
52 33
52 853
53 54
53 33
53 34
53 77
54 33
54 54
54 41
57 650
58 86
59 57
61 33
61 104
62 54
62 40
62 124
62 647
63 63
63 30
63 24
63 33
63 24
63 69
63 55
63 64
63 42
63 33
63 69
63 119
63 99
63 77
63 77
64 29
64 71
64 53
64 40
66 70
67 463
69 67
69 40
69 74
70 63
70 40
70 40
70 42
71 42
71 69
72 26
73 40
73 104
74 101
74 99
74 119
74 112
74 108
74 119
74 104
74 77
74 77
74 101
74 77
74 114
74 650
74 1067
74 1194
77 77
77 77
77 119
77 86
77 104
77 104
77 119
77 119
77 77
77 104
77 114
77 86
77 119
77 119
77 119
77 114
77 84
77 119
77 104
77 122
77 77
77 119
77 95
77 74
77 114
77 114
77 83
77 114
77 77
77 74
77 104
77 84
77 101
77 104
77 119
77 119
77 88
77 168
77 414
77 370
77 593
77 756
77 983
77 1087
77 1088
77 1066
77 1066
77 1064
77 1088
77 1270
78 111
78 116
78 104
78 863
78 1180
79 104
80 86
81 122
82 104
84 104
84 77
84 101
84 86
84 104
84 104
84 104
84 174
84 849
85 114
86 87
86 109
86 77
86 119
86 119
86 78
86 104
86 111
86 114
86 122
86 119
86 101
86 77
86 122
86 86
86 101
86 103
86 77
86 77
86 192
86 849
86 1173
89 118
93 101
93 91
97 104
98 86
99 104
99 600
100 522
101 104
101 104
101 109
101 77
101 104
101 101
101 119
101 113
101 104
101 119
101 77
101 119
101 119
101 119
101 101
101 122
101 114
101 390
101 889
101 1067
103 399
104 110
104 111
104 104
104 119
104 74
104 101
104 104
104 104
104 104
104 101
104 101
104 93
104 104
104 77
104 86
104 104
104 104
104 114
104 119
104 122
104 122
104 122
104 114
104 119
104 101
104 122
104 104
104 104
104 119
104 93
104 101
104 101
104 104
104 84
104 111
104 114
104 119
104 111
104 104
104 114
104 104
104 77
104 77
104 119
104 122
104 77
104 206
104 209
104 658
104 707
104 726
104 792
104 884
104 867
104 923
104 1067
104 1067
104 1165
104 1175
104 1232
106 502
107 86
109 114
109 539
109 1067
110 119
110 104
111 119
111 77
111 86
111 86
111 77
111 119
111 111
111 121
111 86
111 119
111 104
111 124
111 463
111 875
111 1050
111 1183
112 104
112 119
113 86
114 109
114 81
114 104
114 86
114 119
114 93
114 121
114 101
114 109
114 114
114 77
114 76
114 86
114 86
114 122
114 104
114 114
114 104
114 1027
114 1226
114 1288
117 119
117 1150
118 104
118 100
118 101
118 119
118 101
118 366
119 113
119 119
119 104
119 119
119 88
119 86
119 77
119 77
119 104
119 104
119 84
119 122
119 84
119 104
119 119
119 119
119 112
119 101
119 119
119 122
119 112
119 97
119 104
119 111
119 77
119 77
119 114
119 114
119 104
119 103
119 104
119 101
119 104
119 86
119 94
119 104
119 119
119 92
119 104
119 110
119 122
119 119
119 111
119 122
119 77
119 84
119 414
119 398
119 416
119 563
119 1067
119 1066
119 1067
119 1091
119 1089
120 119
121 121
121 115
122 119
122 77
122 118
122 101
122 109
122 87
122 104
122 119
122 86
122 76
122 104
122 122
122 318
122 400
122 407
122 1067
122 1075
122 1067
122 1066
123 123
123 659
124 124
125 172
125 157
125 167
126 167
128 168
128 168
128 167
128 157
128 167
128 216
128 341
128 368
128 1236
130 1022
135 160
136 212
139 155
139 160
139 157
139 168
139 167
139 806
139 1177
141 157
143 167
143 167
143 167
144 167
145 263
146 167
146 157
146 128
146 148
146 290
147 157
148 147
148 152
149 166
149 414
150 128
151 169
152 702
154 167
155 167
155 167
155 135
155 167
155 167
155 146
155 157
155 279
155 248
155 665
156 157
156 125
157 167
157 152
157 143
157 168
157 157
157 157
157 157
157 157
157 148
157 139
157 167
157 139
157 151
157 139
157 127
157 167
157 128
157 168
157 167
157 157
157 149
157 157
157 167
157 169
157 168
157 167
157 146
157 125
157 491
157 998
158 141
159 148
160 167
160 726
160 890
161 167
161 166
161 167
164 279
165 139
166 166
166 173
166 166
167 171
167 168
167 139
167 139
167 157
167 167
167 167
167 167
167 146
167 129
167 146
167 155
167 128
167 168
167 143
167 139
167 173
167 225
167 263
167 235
167 738
167 1004
167 1288
168 167
168 151
168 167
168 155
168 126
168 167
168 276
169 160
169 144
169 128
169 154
170 143
171 166
173 148
173 128
173 128
173 156
173 284
173 862
174 174
176 178
177 199
177 188
177 187
178 178
178 208
178 192
178 185
178 192
178 190
178 206
178 192
178 180
178 187
178 206
178 178
178 196
178 192
178 201
178 201
178 178
178 192
178 192
178 208
178 178
178 179
178 192
178 192
178 193
178 182
178 178
178 187
178 183
178 207
178 192
178 192
178 204
178 202
178 196
178 208
178 657
178 791
179 180
179 192
179 189
179 192
179 180
179 200
179 179
179 192
179 178
179 178
179 193
179 195
179 197
179 752
180 200
180 179
180 192
180 192
181 183
181 196
181 192
181 208
182 187
182 192
182 192
182 178
182 192
182 178
183 186
183 199
183 192
184 192
185 184
185 183
186 178
187 178
187 175
187 187
187 190
187 206
187 300
188 193
189 192
189 192
189 206
190 193
190 205
190 192
190 182
190 178
190 178
190 192
190 201
190 196
190 175
190 204
190 546
191 192
192 192
192 178
192 206
192 206
192 191
192 178
192 192
192 183
192 196
192 178
192 200
192 201
192 190
192 175
192 192
192 179
192 192
192 181
192 192
192 208
192 201
192 192
192 192
192 192
192 193
192 187
192 190
192 182
192 185
192 206
192 192
192 191
192 192
192 182
192 178
192 192
192 201
192 190
192 205
192 192
192 279
192 336
192 365
192 1263
193 206
193 178
193 192
193 183
193 178
193 192
193 183
193 192
193 189
193 179
194 192
194 206
194 208
195 181
195 192
196 198
196 178
196 181
198 193
198 183
198 187
198 181
198 192
199 208
199 178
199 192
199 178
199 208
199 185
199 192
199 1063
200 192
200 192
200 187
201 192
201 181
201 202
201 400
201 711
202 178
202 1216
203 192
204 192
204 192
204 192
204 178
204 192
205 206
205 193
205 185
205 179
206 201
206 192
206 200
206 194
206 190
208 201
208 184
208 199
208 187
208 187
208 195
208 178
208 199
208 179
208 206
209 209
209 240
209 626
210 211
211 212
211 211
212 213
213 212
213 211
214 212
214 655
214 756
215 216
216 216
218 284
218 279
218 226
218 285
218 285
218 232
219 240
220 248
221 263
221 248
221 290
221 279
225 289
225 691
226 240
226 220
226 233
226 235
226 263
226 955
227 263
228 290
228 256
228 283
228 234
228 263
228 285
228 249
228 340
231 238
231 266
231 226
231 263
233 279
233 270
233 266
233 285
233 224
234 279
235 274
235 233
235 279
235 235
235 235
235 226
235 280
235 263
235 248
235 235
235 279
235 290
235 225
235 274
235 276
235 246
235 218
235 284
235 279
235 227
235 235
235 286
235 247
235 221
235 257
235 266
235 235
235 235
235 231
235 795
235 1069
238 248
238 284
238 266
238 240
238 235
238 290
238 285
238 247
238 279
240 275
240 231
240 218
240 615
244 221
245 235
246 271
246 242
247 274
247 263
247 248
247 226
247 325
248 290
248 276
248 276
248 279
248 264
248 240
249 248
249 290
252 290
255 293
256 255
256 274
256 285
256 217
256 263
256 298
257 261
260 235
263 225
263 274
263 266
263 221
263 239
263 266
263 279
263 248
263 235
263 256
263 290
263 230
263 256
263 221
263 227
263 233
263 263
263 285
263 288
263 707
263 924
263 1279
264 273
264 238
264 290
266 290
266 290
266 262
266 237
266 279
266 266
266 240
266 279
266 238
267 225
269 226
272 227
274 263
274 279
274 279
274 279
274 221
274 238
274 263
274 263
274 1067
275 265
275 254
276 251
276 292
276 238
276 220
276 292
276 221
277 290
278 236
278 279
279 240
279 274
279 246
279 266
279 290
279 290
279 226
279 263
279 235
279 266
279 290
279 285
279 290
279 263
279 221
279 218
279 244
279 277
279 290
279 242
279 274
279 742
279 930
279 1171
282 279
283 277
283 276
284 235
284 274
284 279
284 285
284 278
284 279
284 373
284 901
284 1039
284 1067
285 284
285 285
285 247
285 263
285 290
285 238
285 248
285 274
285 235
285 297
285 252
285 246
285 290
285 279
285 235
285 247
285 285
285 238
285 444
285 1095
285 1098
287 263
290 263
290 284
290 221
290 285
290 226
290 248
290 235
290 263
290 278
290 248
290 233
290 665
292 263
292 285
292 235
292 265
292 931
293 248
293 279
294 289
297 245
298 267
298 878
299 321
299 302
299 671
299 626
300 332
300 316
301 325
302 302
302 331
302 299
302 322
302 310
302 316
302 300
302 410
303 325
305 331
305 308
306 331
307 315
308 325
308 319
308 324
309 323
309 331
309 315
310 307
310 331
310 600
312 302
313 302
313 319
315 326
315 334
315 319
315 327
315 785
318 334
318 319
318 301
318 302
318 657
318 662
318 711
318 1066
318 1221
319 321
319 325
319 325
319 319
319 309
319 313
319 327
319 318
319 318
319 952
319 1160
319 1257
320 331
320 324
320 668
321 330
321 327
321 877
322 319
322 309
322 331
323 302
323 327
323 324
323 319
323 330
323 299
323 319
323 665
324 327
324 309
324 302
324 331
324 325
324 319
324 894
325 323
325 321
325 327
325 329
325 833
326 302
326 302
327 299
327 314
327 327
327 331
327 690
328 322
328 302
330 315
330 327
330 309
330 325
331 313
331 333
331 318
331 331
331 305
331 302
331 315
331 322
331 306
331 312
331 315
331 322
331 302
331 471
331 798
331 1193
332 300
333 300
335 325
335 328
335 302
336 336
337 340
339 365
340 341
340 348
341 343
342 365
343 365
343 365
344 365
347 924
348 365
348 365
348 344
348 348
348 348
348 365
348 354
348 348
348 353
348 365
348 348
348 505
348 592
348 851
348 899
348 1018
348 1050
350 568
353 348
353 756
353 1279
359 365
359 416
360 365
360 545
365 340
365 359
365 343
365 348
365 365
365 348
365 365
365 353
365 359
365 360
365 348
365 365
365 365
365 359
365 365
365 348
365 365
365 353
365 348
365 348
365 360
366 341
368 399
368 399
368 593
369 389
370 400
373 399
373 409
373 418
373 414
373 392
373 414
375 400
375 1122
376 387
377 399
377 377
377 437
377 413
377 1156
379 385
379 411
380 399
380 419
381 394
383 400
384 400
384 400
385 407
385 413
385 415
385 415
385 427
385 380
385 420
385 398
385 416
385 385
386 422
387 399
387 368
387 437
388 677
389 476
389 862
390 385
390 432
390 404
390 404
390 400
392 387
392 1137
393 399
393 385
393 414
393 400
393 400
393 416
394 557
395 434
395 532
399 373
399 385
399 413
399 399
399 427
399 369
399 368
399 416
399 398
399 736
399 984
399 1190
399 1231
399 1234
400 418
400 414
400 414
400 399
400 426
400 380
400 385
400 400
400 420
400 400
400 400
400 399
400 419
400 369
400 425
400 400
400 437
400 385
400 398
400 400
400 385
400 385
400 377
400 724
400 862
400 912
400 914
400 1112
404 368
404 871
406 1239
407 416
407 385
407 408
407 479
409 427
410 385
410 390
411 427
411 392
412 385
413 400
413 1224
414 427
414 413
414 399
414 390
414 382
414 414
414 416
414 419
414 414
414 385
414 400
414 431
414 427
414 414
414 399
414 399
414 387
414 711
414 732
414 762
414 1053
414 1098
415 437
415 415
415 414
415 411
415 416
415 373
416 419
416 373
416 437
416 414
416 400
416 404
416 1042
416 1256
417 414
417 400
418 399
418 414
418 887
418 1175
419 385
422 427
422 426
422 414
422 385
422 1025
423 385
423 426
426 373
426 418
427 407
427 373
427 400
427 393
427 426
427 387
427 418
427 400
427 416
427 415
427 430
427 422
427 882
427 862
427 1006
429 757
429 1037
429 1089
430 418
431 385
431 369
431 415
431 385
431 802
431 1284
432 399
432 853
436 388
437 400
437 400
437 407
437 399
437 414
437 407
437 414
437 1003
438 413
438 431
438 408
438 665
439 446
440 446
440 450
440 446
440 447
441 445
441 440
441 450
441 446
441 450
442 440
442 447
444 444
444 448
444 447
444 444
444 450
444 446
444 450
444 444
444 440
446 440
446 444
446 446
446 444
446 441
446 697
447 442
447 439
447 447
447 447
447 440
447 450
447 446
447 441
448 447
450 440
450 440
450 446
450 442
450 446
450 441
450 446
451 451
451 451
451 653
452 459
452 468
452 455
452 473
452 468
452 469
453 952
454 468
454 459
454 454
454 776
454 833
455 469
455 461
455 1192
456 467
459 657
462 1131
463 468
463 458
463 467
463 454
463 1259
465 468
467 463
467 459
467 452
468 458
468 468
468 452
469 467
471 467
471 1223
472 473
473 470
473 1067
474 476
474 481
475 477
475 477
475 1034
476 476
476 665
478 475
478 475
479 480
479 482
479 502
479 502
479 487
479 479
479 489
479 491
479 480
479 482
479 498
479 682
479 757
479 1261
480 498
480 479
480 503
480 479
480 479
480 505
480 502
480 501
480 816
480 862
480 896
480 1018
480 1107
482 502
482 499
482 502
482 479
482 480
482 510
482 482
482 509
482 508
482 508
482 480
482 502
482 532
482 808
482 1067
483 563
485 505
485 485
486 479
489 506
489 482
489 488
491 508
492 485
492 502
494 479
496 505
496 546
496 983
497 502
498 485
498 502
500 1231
502 502
502 507
502 508
502 480
502 510
502 479
502 500
502 640
502 1005
503 485
505 482
505 479
505 933
506 1096
507 498
508 480
511 512
512 512
512 1067
514 532
514 532
515 532
515 515
515 532
515 536
515 532
515 532
515 515
515 523
515 515
515 515
515 970
517 532
518 532
520 515
526 531
527 515
528 1108
529 776
531 532
532 531
532 515
532 532
532 515
532 519
532 532
532 532
532 518
532 518
532 532
532 532
532 532
532 1018
536 532
536 518
538 546
539 539
539 545
539 549
539 544
539 547
539 615
540 545
540 547
540 539
541 546
541 550
541 547
541 543
541 539
541 550
541 1223
542 547
542 550
543 549
543 546
544 547
545 591
546 546
546 538
546 547
546 545
546 538
547 539
547 1254
548 546
548 547
548 541
549 548
549 550
550 547
550 720
550 1024
550 1052
550 1121
553 554
553 573
553 566
553 577
553 563
553 557
553 650
553 804
554 564
554 577
554 564
554 561
554 585
557 553
557 560
558 555
558 561
559 1088
560 553
560 565
560 573
560 563
560 563
560 557
560 562
560 557
561 564
561 567
561 556
561 570
561 558
562 563
562 570
562 578
563 572
563 570
563 563
563 567
563 563
563 1112
563 1164
564 570
564 564
564 563
564 563
564 585
564 553
564 884
565 566
567 553
567 554
567 563
567 563
570 562
570 557
570 564
570 1228
571 586
571 580
572 560
573 573
573 565
573 553
573 564
574 578
577 925
580 572
585 740
586 563
589 599
589 590
589 606
589 791
589 1066
590 593
590 593
591 914
592 595
592 603
592 593
593 593
593 589
593 616
593 833
595 600
597 598
598 591
598 596
599 597
599 599
599 595
599 597
599 628
600 592
600 589
600 600
600 600
600 1199
602 593
602 589
602 600
603 596
604 599
606 601
608 671
608 665
608 611
610 618
610 659
610 659
610 665
611 1146
612 640
612 638
612 640
612 1060
612 1198
615 617
615 659
615 657
615 616
615 668
615 665
615 657
615 635
615 669
615 612
615 649
615 662
615 625
615 615
615 665
615 659
615 655
615 615
615 656
615 675
615 721
615 923
615 1066
615 1067
615 1112
615 1140
615 1147
616 665
616 665
616 632
616 664
616 635
616 668
616 659
616 625
616 911
617 643
618 629
618 616
618 665
619 688
622 657
622 659
622 614
624 668
625 610
625 862
626 615
628 657
628 667
628 615
628 671
630 662
631 659
632 1067
634 659
634 640
634 665
634 686
635 634
635 640
635 615
635 628
636 665
639 608
640 657
640 640
640 665
640 616
640 615
641 649
642 644
643 612
648 665
649 657
649 615
652 632
652 640
653 1242
657 662
657 615
657 659
657 657
657 657
657 657
657 640
657 615
657 616
657 659
657 665
657 613
657 628
657 640
657 608
657 665
657 665
657 635
657 616
657 615
657 690
657 1069
658 665
658 659
658 1087
659 616
659 610
659 610
659 632
659 659
659 615
659 648
659 625
659 622
659 640
659 615
659 816
659 929
659 1108
660 615
661 623
662 665
662 607
662 640
662 657
662 657
662 659
662 657
662 1087
662 1067
663 640
665 630
665 616
665 658
665 628
665 667
665 634
665 635
665 649
665 655
665 640
665 657
665 615
665 635
665 653
665 659
665 615
665 660
665 1099
667 665
668 657
668 610
668 665
668 1150
669 656
669 662
669 640
669 665
669 659
669 711
669 776
669 1222
671 665
672 657
676 677
676 677
677 678
677 677
677 678
677 677
677 679
677 677
677 676
678 680
679 682
679 974
682 677
683 686
683 683
685 686
685 791
686 686
687 683
688 689
689 688
690 690
690 693
690 1066
690 1212
691 691
691 690
691 691
691 690
691 691
691 694
696 691
699 711
699 711
700 712
703 699
703 711
704 1238
711 711
711 711
711 712
711 712
711 712
711 709
711 714
711 705
711 698
711 711
711 707
711 711
711 716
711 706
711 712
711 699
711 714
711 711
711 712
711 711
711 736
711 849
712 711
712 711
713 707
714 714
714 700
714 726
715 711
715 711
716 707
718 720
718 728
718 723
719 728
719 1088
719 1247
721 720
721 728
721 719
721 723
722 722
722 726
722 1216
723 721
723 728
725 724
725 1151
726 721
726 726
726 727
726 723
726 717
726 727
726 727
726 717
726 726
726 726
727 720
727 728
727 725
727 726
727 721
727 726
727 728
727 721
728 726
728 719
728 728
728 728
728 724
728 725
729 741
732 756
732 756
732 743
736 740
736 732
738 738
738 738
738 738
738 754
738 1261
739 738
739 871
740 746
740 740
740 758
740 1007
740 1190
740 1224
741 756
741 740
742 740
743 738
743 1019
744 756
744 757
745 752
747 736
747 756
748 739
749 733
749 757
750 730
751 757
751 746
752 757
752 756
755 740
756 729
756 738
756 740
756 740
756 756
756 737
756 924
757 738
757 738
757 756
757 740
757 738
758 738
758 758
758 737
758 742
759 746
760 762
760 761
760 761
763 788
764 765
766 763
767 791
767 776
776 791
776 769
776 771
776 776
776 776
776 776
776 776
776 782
776 788
776 791
776 816
776 983
778 772
780 777
781 788
781 791
781 788
782 776
785 766
786 791
788 788
788 766
788 786
788 777
791 776
791 763
791 776
791 776
791 781
791 781
791 766
791 776
791 776
791 776
792 792
792 793
793 792
793 793
793 792
795 795
796 798
796 801
798 798
798 803
798 797
798 802
798 800
798 798
800 800
800 798
800 798
800 801
801 800
803 801
804 806
805 807
805 806
805 805
805 804
805 853
806 807
806 806
806 804
806 806
807 1267
808 805
813 816
814 833
814 833
815 816
816 814
816 816
816 841
816 816
816 817
816 833
816 823
816 816
816 822
816 816
816 816
816 816
816 844
816 816
816 833
816 833
816 816
819 816
820 833
821 833
821 816
824 816
825 847
833 816
833 833
833 816
833 833
833 814
833 846
833 816
833 816
833 816
833 825
833 816
833 817
833 841
833 833
833 961
833 1084
833 1143
839 833
840 822
842 833
846 833
847 816
849 862
849 872
849 871
849 862
849 862
849 862
849 853
849 863
849 865
849 862
849 849
849 848
849 909
849 1242
850 859
850 849
850 871
853 871
853 853
853 853
853 853
853 851
853 853
853 872
853 849
853 850
853 849
853 871
854 1093
856 853
856 884
858 851
858 860
858 853
858 862
860 862
860 853
861 849
861 1284
862 849
862 871
862 849
862 849
862 884
862 849
862 853
862 849
862 860
862 848
862 862
862 862
862 862
862 872
862 856
862 862
862 862
862 862
862 879
862 1041
862 1066
862 1177
863 849
863 862
863 853
863 849
865 853
866 853
866 856
866 1096
868 853
869 853
869 862
871 884
871 875
871 884
871 884
872 853
873 848
873 884
874 876
878 853
878 880
880 867
881 871
881 1164
882 848
882 862
883 881
884 862
884 853
884 862
884 858
884 858
884 1010
886 853
887 905
887 905
887 887
889 905
889 894
889 902
889 889
889 889
889 889
889 889
890 887
890 905
890 1274
891 902
892 897
893 894
893 889
893 906
894 890
894 906
894 889
895 907
895 893
896 887
897 906
898 906
898 889
898 894
900 905
902 902
902 904
902 889
902 887
902 902
902 889
902 1084
905 906
906 893
907 903
908 895
909 889
910 902
911 911
911 911
912 912
914 921
914 927
914 914
914 923
914 918
914 923
914 914
914 914
914 925
914 914
914 914
914 924
914 1088
916 921
921 913
921 924
923 914
923 914
923 916
923 927
924 924
924 927
924 925
924 925
924 914
924 914
924 924
925 924
925 925
925 914
927 927
927 920
927 914
930 930
930 930
931 931
931 931
933 936
933 933
933 934
933 936
933 936
934 933
934 933
934 936
935 935
935 933
935 933
935 933
936 936
936 935
938 938
938 940
938 1069
939 938
941 952
943 952
943 953
952 957
952 952
952 941
952 941
952 953
952 956
952 946
952 943
952 952
952 952
952 955
952 952
954 956
955 948
955 955
955 952
955 952
955 950
955 949
955 953
956 949
957 952
958 952
961 952
962 952
963 952
964 983
966 970
967 970
970 983
970 970
970 994
970 981
970 978
970 983
970 983
970 970
970 970
970 970
970 1108
971 970
974 983
979 983
980 980
983 990
983 970
983 970
983 983
983 970
983 981
983 984
983 983
983 983
983 983
983 965
983 994
983 983
983 970
983 990
983 983
983 1025
985 970
986 970
991 993
993 971
994 970
994 983
994 979
998 998
998 997
998 998
999 1001
999 999
999 999
999 999
999 1002
1000 1001
1000 1002
1000 999
1000 1001
1000 1000
1000 1002
1000 1000
1000 1002
1000 1000
1000 1002
1000 1288
1001 1002
1001 999
1001 1002
1001 999
1001 1001
1001 999
1001 1000
1001 1002
1002 1001
1002 1002
1002 1002
1002 1001
1002 1001
1002 1002
1002 1002
1002 1000
1003 1003
1005 1005
1005 1004
1005 1005
1006 1007
1006 1007
1007 1006
1007 1007
1007 1006
1009 1022
1009 1025
1010 1018
1013 1030
1015 1025
1018 1022
1018 1018
1018 1010
1018 1018
1018 1034
1018 1022
1018 1018
1018 1022
1018 1012
1018 1015
1018 1016
1018 1018
1018 1022
1018 1032
1018 1018
1018 1025
1018 1033
1018 1104
1022 1018
1022 1015
1022 1018
1022 1027
1022 1025
1022 1022
1023 1022
1024 1011
1025 1019
1025 1022
1025 1034
1025 1018
1026 1022
1027 1021
1027 1028
1028 1022
1030 1010
1034 1009
1034 1034
1034 1025
1036 1038
1036 1037
1037 1038
1037 1037
1038 1037
1038 1036
1038 1037
1039 1041
1039 1039
1039 1041
1039 1042
1039 1039
1040 1041
1040 1039
1040 1125
1041 1043
1041 1045
1041 1039
1041 1041
1047 1039
1049 1052
1050 1053
1050 1056
1050 1057
1052 1056
1052 1060
1052 1057
1052 1060
1052 1060
1053 1060
1053 1052
1054 1050
1054 1060
1056 1059
1056 1060
1056 1054
1056 1050
1057 1057
1057 1060
1057 1050
1059 1054
1059 1050
1059 1053
1060 1052
1060 1057
1060 1060
1060 1053
1060 1238
1061 1062
1061 1062
1061 1063
1062 1061
1064 1088
1064 1067
1064 1088
1064 1087
1064 1066
1064 1112
1066 1067
1066 1069
1066 1088
1066 1090
1066 1088
1066 1066
1066 1067
1066 1067
1066 1064
1066 1067
1066 1090
1066 1077
1066 1088
1066 1065
1066 1088
1066 1066
1066 1284
1067 1088
1067 1064
1067 1067
1067 1087
1067 1090
1067 1066
1067 1067
1067 1089
1067 1067
1067 1088
1067 1064
1067 1087
1067 1088
1067 1066
1067 1088
1067 1066
1067 1088
1067 1088
1067 1083
1067 1088
1067 1066
1067 1066
1067 1088
1067 1085
1067 1067
1067 1088
1067 1090
1067 1067
1067 1088
1067 1089
1067 1067
1067 1066
1067 1088
1067 1066
1067 1167
1067 1210
1069 1088
1069 1066
1069 1066
1069 1064
1069 1088
1070 1064
1072 1067
1076 1067
1078 1067
1078 1067
1081 1066
1081 1088
1081 1088
1087 1075
1087 1067
1087 1066
1087 1067
1087 1067
1087 1067
1087 1087
1088 1067
1088 1088
1088 1088
1088 1088
1088 1089
1088 1067
1088 1067
1088 1064
1088 1067
1088 1088
1088 1088
1088 1067
1088 1088
1088 1067
1088 1088
1088 1067
1088 1067
1088 1066
1088 1066
1088 1088
1088 1087
1088 1088
1088 1064
1088 1077
1088 1066
1088 1087
1088 1088
1088 1090
1088 1066
1088 1067
1088 1067
1088 1087
1088 1064
1088 1066
1088 1088
1088 1066
1088 1069
1088 1066
1088 1088
1088 1098
1089 1067
1089 1088
1089 1066
1090 1066
1090 1088
1093 1095
1093 1093
1095 1095
1096 1098
1096 1098
1098 1103
1099 1101
1100 1103
1100 1098
1100 1102
1102 1103
1102 1240
1103 1102
1103 1096
1104 1104
1104 1108
1105 1108
1107 1108
1107 1109
1108 1107
1108 1107
1108 1109
1109 1108
1109 1108
1109 1104
1109 1104
1111 1111
1111 1112
1112 1112
1112 1111
1114 1121
1117 1121
1119 1122
1119 1122
1120 1126
1121 1125
1121 1119
1122 1124
1122 1125
1122 1122
1122 1132
1122 1124
1122 1119
1122 1132
1122 1121
1122 1131
1122 1123
1125 1119
1125 1132
1126 1115
1126 1117
1126 1119
1126 1125
1126 1122
1126 1114
1128 1126
1131 1119
1131 1126
1131 1276
1132 1131
1132 1122
1132 1126
1132 1113
1132 1117
1134 1139
1135 1139
1136 1139
1136 1139
1136 1139
1137 1136
1137 1139
1137 1137
1139 1139
1139 1137
1140 1141
1141 1142
1141 1143
1142 1143
1143 1142
1143 1140
1145 1145
1146 1146
1147 1147
1148 1147
1148 1147
1149 1151
1150 1150
1150 1151
1150 1152
1150 1153
1151 1151
1151 1150
1151 1151
1151 1152
1151 1150
1152 1151
1152 1152
1152 1152
1153 1151
1156 1156
1156 1156
1158 1156
1158 1156
1160 1160
1160 1160
1160 1160
1161 1163
1161 1163
1161 1163
1163 1162
1163 1161
1163 1163
1165 1164
1165 1165
1165 1165
1165 1165
1165 1164
1167 1167
1167 1167
1167 1167
1167 1167
1167 1167
1167 1167
1168 1167
1168 1167
1168 1167
1171 1171
1173 1173
1174 1173
1175 1175
1176 1176
1177 1176
1177 1176
1177 1177
1180 1182
1180 1180
1180 1181
1180 1180
1180 1223
1181 1179
1181 1181
1181 1179
1183 1183
1183 1183
1184 1189
1187 1190
1189 1190
1189 1190
1189 1190
1189 1261
1190 1187
1190 1189
1190 1190
1190 1188
1192 1199
1192 1196
1192 1202
1192 1192
1192 1199
1192 1196
1192 1207
1194 1199
1196 1203
1196 1205
1196 1196
1196 1217
1199 1199
1199 1199
1199 1198
1199 1254
1200 1197
1202 1199
1202 1192
1206 1192
1206 1194
1207 1196
1208 1208
1208 1222
1210 1217
1210 1210
1210 1217
1211 1218
1211 1223
1212 1218
1213 1213
1213 1216
1213 1210
1213 1223
1213 1212
1213 1216
1216 1217
1216 1216
1216 1209
1216 1221
1216 1216
1216 1219
1220 1210
1222 1216
1222 1214
1222 1222
1223 1216
1223 1216
1223 1218
1223 1216
1223 1222
1223 1223
1223 1216
1224 1228
1224 1228
1224 1224
1226 1224
1226 1224
1228 1226
1229 1229
1230 1231
1230 1229
1230 1229
1232 1232
1234 1237
1236 1235
1236 1236
1237 1236
1237 1237
1238 1237
1238 1238
1238 1237
1239 1239
1239 1239
1240 1251
1241 1240
1241 1282
1242 1251
1244 1251
1244 1251
1246 1261
1247 1241
1248 1279
1249 1246
1251 1274
1251 1268
1251 1255
1251 1248
1251 1251
1251 1273
1253 1279
1255 1243
1255 1243
1255 1277
1255 1277
1256 1288
1257 1249
1258 1272
1259 1273
1260 1256
1261 1270
1261 1251
1261 1275
1262 1261
1263 1279
1263 1261
1263 1257
1264 1269
1264 1262
1264 1251
1265 1267
1268 1279
1270 1250
1272 1244
1273 1247
1273 1273
1276 1251
1276 1244
1276 1241
1276 1245
1278 1260
1278 1259
1279 1251
1280 1243
1280 1242
1281 1251
1281 1255
1281 1242
1281 1277
1281 1277
1282 1275
1282 1248
1282 1277
1282 1261
1284 1284
1284 1288
1284 1288
1284 1288
1284 1289
1284 1288
1288 1284
1288 1284
1288 1288
1288 1288
1288 1288
1288 1284
1288 1288