0 63
0 154
0 42
0 6
0 83
0 3
0 1169
1 102
2 35
2 110
3 14
3 43
3 1159
4 59
4 92
4 130
4 50
4 140
5 130
5 113
6 67
6 92
6 75
6 113
6 59
6 59
6 70
6 63
6 135
6 67
6 150
6 85
6 142
6 38
6 21
6 520
6 650
6 975
6 1689
7 52
7 14
7 74
7 85
7 56
8 140
8 59
9 35
9 75
9 25
9 99
9 232
9 1277
10 32
11 77
11 150
11 886
11 1229
11 1012
12 26
12 48
12 67
12 232
14 140
14 64
14 11
14 112
14 71
14 41
14 43
14 139
14 98
14 29
14 91
14 47
14 87
14 156
14 399
14 1619
15 6
15 1205
16 95
16 140
16 102
16 35
16 27
16 74
17 26
17 73
17 67
18 49
19 11
19 911
20 102
20 13
20 59
20 51
20 101
20 1690
21 73
22 38
22 85
22 26
22 26
23 131
23 145
23 14
23 6
23 74
24 56
24 30
25 1735
26 140
26 110
26 7
26 38
26 49
26 52
26 14
26 27
26 85
26 104
26 88
26 20
26 71
26 79
26 150
26 6
26 26
26 73
26 143
26 125
26 59
26 84
26 90
26 89
26 48
26 123
26 295
26 309
26 159
26 1237
26 1321
27 91
27 229
27 672
28 24
28 1
29 59
29 48
29 122
29 104
30 38
30 74
31 120
31 26
31 74
31 14
31 26
31 141
31 52
31 69
31 88
31 99
31 73
31 6
31 373
33 138
33 10
33 73
33 67
33 885
34 56
34 9
35 31
35 110
35 28
35 150
35 107
35 53
35 102
35 39
35 52
35 91
35 274
35 232
35 214
35 445
35 638
35 1255
36 97
36 94
36 95
36 30
36 111
36 615
36 1319
37 155
38 95
38 83
39 59
39 156
39 41
39 85
40 156
40 134
41 92
41 74
41 14
41 135
41 153
41 36
41 71
41 13
41 65
41 602
42 21
43 114
43 67
43 103
43 130
43 102
43 33
43 6
43 63
43 128
43 123
43 138
43 145
43 59
44 153
45 942
46 128
46 31
46 14
46 137
46 67
46 63
46 395
46 1194
47 9
48 154
48 30
48 14
49 124
49 6
49 59
49 59
49 144
49 122
49 31
49 91
49 17
49 53
49 26
50 95
50 130
51 14
51 35
52 138
52 74
52 91
52 59
52 59
52 63
52 132
52 23
52 38
52 59
52 84
52 74
52 74
52 13
52 87
52 41
52 134
52 44
52 95
52 90
52 1385
52 1879
54 75
54 95
55 68
55 99
55 29
55 14
55 67
55 759
56 46
56 78
56 1755
57 2
57 122
58 91
58 7
58 74
59 78
59 140
59 134
59 123
59 35
59 91
59 3
59 59
59 116
59 104
59 69
59 150
59 63
59 23
59 9
59 140
59 31
59 109
59 41
59 149
59 156
59 59
59 51
59 107
59 127
59 41
59 73
59 20
59 43
59 128
59 0
59 33
59 95
59 34
59 63
59 88
59 103
59 35
59 110
59 506
59 1350
59 1423
59 1509
60 94
60 147
61 26
61 74
61 94
61 707
62 154
62 107
62 99
63 97
63 53
63 14
63 14
63 47
63 123
63 114
63 78
63 101
63 95
63 6
63 140
63 17
63 513
63 1169
64 140
64 43
64 88
64 394
65 13
65 1787
66 145
66 390
66 735
66 1363
67 74
67 74
67 43
67 63
67 134
67 18
67 6
67 74
67 44
67 718
68 59
68 82
68 14
68 261
69 26
71 59
71 74
71 89
71 130
72 32
72 1687
73 53
73 130
73 139
73 74
73 14
73 156
73 119
73 63
73 6
73 1051
74 63
74 102
74 65
74 101
74 8
74 156
74 95
74 36
74 59
74 1576
75 66
75 101
76 156
76 141
77 144
77 130
77 74
77 101
78 43
78 41
78 114
78 57
78 6
78 59
78 73
78 52
79 118
79 14
79 46
80 102
80 80
81 9
81 48
83 30
83 68
83 43
85 130
85 125
85 1237
86 110
86 33
86 99
88 6
88 6
88 148
88 59
88 1237
89 105
89 32
89 639
89 1138
90 59
90 82
90 118
91 26
91 79
91 59
91 35
91 35
91 156
91 134
91 77
91 60
91 74
91 26
91 39
92 9
92 39
92 81
92 2
92 49
92 38
92 129
92 91
92 140
94 59
94 59
95 74
95 67
95 150
95 21
95 59
95 74
95 31
95 130
95 101
95 108
96 1879
97 63
97 78
97 10
97 140
97 1087
98 152
98 26
99 41
99 113
99 156
99 538
100 112
100 105
101 85
101 156
101 90
101 1420
102 26
102 41
102 152
102 58
102 126
102 48
102 35
102 146
102 26
102 52
102 91
102 134
102 4
102 102
102 1289
102 1386
103 88
103 144
103 1357
104 59
104 155
104 30
106 6
106 1756
107 110
107 92
107 382
107 417
108 1613
109 153
109 1370
109 1740
110 89
110 1279
111 134
111 57
111 46
111 30
111 1059
112 30
112 75
112 52
114 52
114 118
114 52
114 102
114 60
114 91
114 69
115 119
115 54
115 53
115 26
115 37
115 14
116 63
117 134
119 28
119 358
120 24
120 63
121 130
121 128
121 89
121 232
121 1010
121 1173
122 14
122 28
122 52
122 140
122 120
122 108
122 109
123 74
123 6
123 840
124 146
125 50
125 141
126 105
126 1038
127 1342
128 88
129 58
129 98
129 347
130 40
130 67
130 67
130 63
130 76
130 26
130 73
130 99
131 51
133 55
133 59
133 102
133 134
133 972
134 102
134 64
134 52
134 96
134 41
134 155
134 6
134 1264
135 93
136 63
136 26
137 48
137 42
138 6
138 14
138 26
138 52
138 50
138 31
138 105
138 59
138 101
139 11
139 124
139 102
140 26
140 58
140 26
140 140
140 128
140 63
140 85
140 102
140 71
140 98
140 92
140 101
140 38
140 159
140 876
141 70
141 123
141 150
141 63
144 47
145 91
145 156
145 26
146 62
146 70
146 10
146 74
146 632
147 134
147 1365
148 102
148 1291
149 141
149 63
150 85
150 26
151 115
151 64
151 92
151 43
151 130
152 102
152 52
153 140
154 59
155 154
155 83
155 9
155 14
155 792
156 113
156 20
156 26
156 105
156 85
156 1444
156 980
156 1574
157 375
157 364
157 1348
158 274
159 225
159 232
159 230
159 227
159 378
159 161
159 232
159 275
159 159
159 399
159 357
159 312
159 232
159 247
159 159
159 260
159 158
159 247
159 178
159 350
159 161
159 225
159 161
159 364
159 232
159 265
159 291
159 322
159 343
159 301
159 278
159 232
159 297
159 261
159 232
159 389
159 232
159 159
159 226
159 390
159 379
160 399
160 216
160 232
160 1315
161 348
161 232
161 307
161 335
161 232
161 395
161 382
161 190
161 229
162 234
162 1051
163 171
164 159
164 159
164 176
164 390
164 220
164 356
164 209
165 299
165 237
166 232
166 247
167 240
168 332
168 261
168 389
168 311
169 237
170 318
171 178
171 159
171 340
172 190
173 293
174 239
174 631
175 308
177 363
177 383
177 340
177 399
177 337
178 225
178 232
178 268
178 334
178 183
178 296
178 318
178 164
180 324
180 195
180 342
180 1404
181 232
182 205
182 268
182 365
182 247
182 385
183 261
183 202
183 339
183 319
183 261
183 162
183 333
183 194
183 267
183 299
183 232
183 394
184 399
184 232
185 265
185 376
185 513
186 340
187 320
187 232
188 261
188 604
189 364
190 718
191 1356
192 232
192 232
193 188
193 215
193 333
193 327
194 291
194 178
194 160
194 332
194 358
195 178
195 261
195 232
196 260
196 159
197 398
197 232
197 382
197 247
198 321
198 201
199 326
200 267
200 274
200 216
200 346
200 672
201 364
201 225
201 247
201 245
201 245
202 270
202 334
202 311
202 246
203 213
203 369
203 261
203 300
204 183
205 286
205 195
206 335
206 261
207 387
207 1453
209 394
209 1232
210 159
210 399
210 205
211 247
211 274
212 159
212 183
212 236
213 186
213 171
213 384
213 314
213 194
213 180
213 232
214 617
215 349
215 247
215 337
215 158
215 405
215 159
215 261
215 225
215 916
215 1758
216 183
216 382
216 382
216 273
216 259
217 242
218 1465
219 308
219 247
219 563
220 237
220 232
220 348
220 256
220 225
220 164
221 308
222 405
222 225
222 390
223 213
223 291
223 186
223 438
225 232
225 261
225 267
225 261
225 309
225 159
225 247
225 162
225 386
225 247
225 279
225 192
225 362
225 212
225 364
225 337
225 399
225 275
225 375
225 159
225 341
225 161
225 334
225 269
225 353
225 268
225 181
225 159
225 198
225 159
225 232
225 684
225 593
225 599
225 1378
225 1813
226 334
226 347
226 247
227 247
228 159
228 274
228 389
228 369
228 159
228 159
228 308
228 238
228 225
228 382
229 335
229 399
229 228
229 303
229 263
229 316
230 232
230 367
231 247
231 389
231 242
232 230
232 237
232 232
232 232
232 340
232 232
232 290
232 292
232 164
232 252
232 295
232 237
232 382
232 291
232 252
232 268
232 304
232 237
232 205
232 261
232 299
232 307
232 261
232 223
232 257
232 332
232 161
232 202
232 263
232 159
232 164
232 316
232 384
232 393
232 268
232 232
232 386
232 178
232 305
232 247
232 225
232 289
232 194
232 232
232 200
232 235
232 273
232 201
232 266
232 247
232 373
232 287
232 161
232 342
232 390
232 392
232 265
232 339
232 159
232 309
232 261
232 390
232 166
232 228
232 232
232 247
232 256
232 445
232 486
232 639
232 862
232 1167
232 1285
232 1051
232 1787
232 1528
232 1705
232 1538
233 354
233 405
234 261
234 375
235 232
235 225
235 232
237 225
237 232
237 348
237 300
237 345
237 217
237 186
237 386
237 239
237 295
237 198
237 405
237 247
237 268
237 1151
238 265
238 257
238 271
239 286
240 232
242 329
242 183
242 251
242 261
242 247
242 331
242 159
242 274
242 365
242 340
243 159
243 577
245 219
245 202
245 693
246 174
246 315
246 224
247 225
247 267
247 385
247 208
247 334
247 232
247 228
247 364
247 169
247 286
247 298
247 225
247 174
247 344
247 159
247 159
247 225
247 277
247 206
247 225
247 261
247 243
247 254
247 358
247 183
247 225
247 261
247 178
247 261
247 189
247 186
247 937
247 1214
247 1579
247 1525
248 307
248 247
248 386
249 261
249 358
250 405
250 382
251 274
252 386
252 183
252 254
252 232
253 289
253 178
254 218
254 286
256 225
256 225
256 213
256 256
256 159
256 247
256 296
256 518
257 382
257 347
257 273
258 228
258 347
258 264
259 261
260 201
261 209
261 193
261 268
261 164
261 226
261 232
261 389
261 369
261 308
261 398
261 274
261 303
261 228
261 215
261 393
261 265
261 183
261 247
261 223
261 332
261 383
261 299
261 159
261 195
261 386
261 171
261 159
261 225
261 232
261 247
261 159
261 240
261 331
261 672
261 1156
261 1834
262 363
262 373
263 232
263 1602
264 236
264 405
264 232
264 261
264 235
264 233
264 224
264 242
265 235
265 295
265 232
265 247
265 237
265 377
265 236
265 247
265 338
265 401
265 567
265 954
266 221
266 159
266 234
266 251
267 368
267 247
268 287
268 247
269 205
269 382
269 159
269 186
270 304
270 365
271 347
272 175
272 269
272 389
273 392
273 269
273 348
274 232
274 169
274 281
274 261
274 164
274 261
274 228
274 159
274 405
274 232
274 330
274 389
274 323
274 232
274 306
274 497
274 1176
274 1000
275 247
275 261
275 256
275 340
275 352
275 335
275 161
275 490
276 381
278 232
278 159
278 399
278 405
278 205
281 323
281 290
281 261
281 330
282 269
282 565
283 183
283 327
286 232
286 181
286 265
286 232
286 393
286 337
286 247
287 196
287 268
287 395
287 225
288 245
289 332
290 245
290 175
290 197
290 284
290 232
290 343
290 631
291 163
291 1739
292 405
292 247
292 273
292 296
293 1169
294 247
294 406
294 272
295 205
295 309
295 230
295 1795
297 159
297 355
297 309
298 265
298 335
298 335
298 173
299 302
301 295
301 232
301 400
302 295
302 159
303 232
303 395
303 247
303 178
303 623
304 272
304 247
304 682
305 195
305 1045
306 261
306 187
306 340
307 194
308 261
308 261
308 366
308 332
308 384
308 290
308 1431
309 210
309 290
309 308
309 273
309 225
309 1206
310 261
310 264
311 394
311 183
311 359
312 269
312 160
312 205
313 307
313 159
314 347
315 247
316 382
316 260
316 295
318 176
318 161
318 301
319 320
319 256
320 352
320 336
320 225
320 232
320 382
321 291
321 247
323 317
324 405
325 159
325 211
325 287
326 340
326 225
327 159
328 267
329 201
330 311
330 217
332 247
332 247
332 185
333 229
333 294
333 335
333 307
333 704
334 225
334 394
335 332
335 227
335 376
335 289
335 399
335 373
335 194
335 240
335 278
335 194
335 225
335 225
335 288
335 713
335 670
336 159
336 232
337 274
338 360
338 1576
339 559
340 222
340 181
340 404
340 200
340 389
340 159
340 192
341 181
341 248
341 225
341 1270
342 184
342 309
342 187
342 1157
343 159
344 270
344 232
344 183
344 232
344 309
345 313
345 247
345 294
345 247
345 241
345 308
345 225
346 225
346 346
346 228
347 228
347 183
347 382
347 285
347 228
347 313
347 376
347 213
347 247
347 360
347 296
347 247
347 363
347 355
348 226
348 281
348 261
349 288
350 382
351 164
352 205
352 206
352 159
352 348
353 384
353 262
353 565
354 163
355 232
355 339
355 332
355 261
357 205
357 351
358 183
358 388
359 271
359 167
359 247
360 323
361 205
361 242
361 322
363 363
363 373
363 232
364 222
364 247
364 307
364 261
364 733
365 402
365 197
365 228
365 735
365 1125
367 225
367 357
367 247
367 232
368 328
368 309
369 370
369 232
371 234
371 358
371 789
372 326
372 345
372 339
372 382
373 388
373 388
373 247
373 235
374 267
374 369
374 225
374 1833
374 1755
376 273
376 316
377 350
377 255
378 215
380 256
380 164
381 160
381 373
382 232
382 398
382 405
382 296
382 373
382 205
382 390
382 242
382 228
382 399
382 335
382 340
382 347
382 161
382 293
382 1078
382 1439
384 391
384 287
384 215
384 265
384 232
385 266
386 193
387 250
388 159
388 232
388 218
389 232
389 216
389 384
389 382
389 161
389 164
390 159
390 399
390 393
390 217
390 275
390 261
390 347
390 232
390 205
390 476
390 1708
391 206
391 356
392 286
392 374
392 188
393 210
393 166
393 299
393 403
393 195
393 321
393 942
394 180
394 244
394 157
394 194
394 345
394 205
394 241
394 1245
395 394
395 225
395 282
395 261
395 382
395 247
397 382
397 320
399 247
399 256
399 354
399 203
399 271
399 159
399 382
400 265
402 159
402 225
404 232
404 324
404 204
405 211
405 247
405 405
405 382
405 159
405 347
405 225
405 487
405 1155
406 345
407 463
409 416
409 443
410 464
410 445
411 459
412 408
412 444
412 445
412 413
412 443
412 461
412 457
412 454
413 441
414 445
414 413
414 414
414 426
414 411
414 434
414 417
414 464
414 425
414 420
414 425
414 1152
415 431
415 462
415 465
415 414
415 425
415 445
415 422
416 451
416 407
417 439
417 459
417 426
417 440
417 414
417 434
417 443
417 434
417 415
417 454
417 424
417 421
417 459
417 467
417 455
417 461
417 447
417 445
417 451
417 454
417 1748
417 1635
418 440
418 461
418 437
418 880
419 422
419 417
419 434
419 1571
419 1493
420 444
420 449
420 430
421 432
422 452
422 460
422 418
422 459
423 459
423 410
423 465
423 424
424 414
424 443
424 417
424 444
424 461
424 417
424 468
424 1755
425 445
425 420
425 456
425 461
425 417
425 414
425 445
426 445
426 459
426 461
426 466
426 436
426 428
426 416
426 1249
428 424
429 455
429 420
429 468
429 448
430 445
431 444
431 467
432 460
432 450
432 462
434 417
434 412
434 422
434 417
434 460
434 434
434 413
434 417
435 446
436 459
436 434
437 417
437 454
438 445
439 418
439 459
440 408
442 466
442 445
442 1703
443 445
443 412
443 427
444 461
444 426
444 445
444 459
444 420
444 414
444 449
444 461
444 454
444 417
444 445
444 410
444 412
444 1125
444 1674
444 1635
445 451
445 429
445 459
445 456
445 426
445 419
445 459
445 459
445 445
445 450
445 415
445 418
446 445
446 420
446 459
447 459
448 425
448 422
449 422
449 442
449 453
449 434
449 459
449 461
449 459
451 414
451 1169
451 1742
453 449
453 426
453 453
453 1600
454 419
454 414
454 426
454 454
454 415
454 413
454 522
455 426
455 433
455 459
455 426
455 424
456 417
457 444
459 454
459 459
459 463
459 444
459 445
459 422
459 453
459 444
459 425
459 436
459 459
459 452
459 445
459 443
459 425
459 407
459 451
459 417
459 409
459 417
459 414
459 461
459 932
460 445
460 417
461 469
461 441
461 459
461 459
461 459
461 461
461 426
461 444
461 1759
462 409
462 463
462 417
462 422
462 455
462 455
463 409
464 432
464 436
465 433
465 414
465 454
466 449
467 441
467 459
467 425
467 442
468 434
468 453
468 444
468 419
469 417
469 1787
469 1763
470 493
470 634
471 606
471 482
471 516
471 729
471 480
471 586
471 561
471 672
471 534
471 718
471 735
471 629
472 580
472 659
472 478
472 672
472 497
472 472
472 677
472 547
472 718
472 536
472 513
472 634
472 634
472 735
472 551
472 487
472 729
472 476
472 722
472 639
472 1565
474 735
474 672
474 672
475 576
475 634
475 515
475 569
476 686
476 483
476 721
476 639
476 735
476 547
476 481
476 614
476 699
476 718
476 535
476 567
476 599
476 634
476 672
476 569
476 472
476 735
476 656
476 645
476 547
476 735
477 639
477 639
477 735
477 567
478 476
478 534
478 695
478 690
478 672
479 567
479 492
479 942
480 601
481 567
481 634
481 735
481 539
481 571
481 485
482 567
483 534
483 558
483 734
483 718
483 565
483 513
484 656
484 492
485 513
485 507
485 666
485 527
485 492
485 922
486 497
486 718
486 487
486 565
487 513
487 639
487 703
487 713
487 653
487 696
487 498
487 498
487 483
487 653
487 735
487 637
487 735
487 527
487 672
487 690
487 547
487 666
487 567
487 694
487 634
487 672
487 513
487 710
487 487
487 730
487 513
487 567
487 697
487 548
487 536
487 574
487 536
487 1348
487 1473
487 1490
489 704
489 655
490 651
490 487
490 522
490 713
490 567
491 692
491 721
492 472
492 550
492 625
492 653
492 568
492 657
492 485
492 472
492 550
492 599
493 735
493 735
494 699
494 672
494 698
495 551
495 631
496 567
497 472
497 492
497 609
497 631
497 581
497 600
497 634
497 510
497 565
497 1385
497 1807
498 488
498 549
498 489
498 487
498 735
498 645
499 727
499 666
499 640
500 718
503 638
503 634
505 599
508 487
509 477
509 672
510 611
510 567
510 567
511 519
511 718
512 672
512 678
513 495
513 634
513 646
513 744
513 748
513 536
513 487
513 576
513 485
513 728
513 704
513 536
513 672
513 659
513 526
513 579
513 634
513 590
513 492
513 639
513 536
513 490
513 704
513 579
513 704
513 663
513 487
513 718
513 922
514 683
515 707
515 686
515 735
515 639
516 608
517 593
517 536
517 1602
518 490
518 631
518 735
518 593
519 735
519 513
520 735
520 735
520 631
521 476
522 735
522 736
522 487
522 1206
523 599
523 514
523 487
523 476
524 634
524 472
524 567
524 495
525 735
525 547
525 731
526 472
526 634
527 682
527 563
527 472
527 510
527 672
527 513
528 534
528 735
531 478
532 487
533 558
533 695
534 550
534 660
534 487
534 599
534 726
534 554
534 486
534 634
534 682
534 735
534 634
534 633
536 492
536 487
536 730
536 666
536 735
536 484
536 558
536 549
536 735
536 690
536 591
536 529
536 599
536 1777
537 473
537 631
537 670
538 642
538 487
539 610
539 487
540 557
541 659
541 728
541 513
541 634
544 718
544 536
545 731
545 567
545 706
547 696
547 738
547 643
547 534
547 634
547 722
547 550
547 634
547 570
548 492
548 601
548 487
550 641
550 675
550 476
550 551
550 730
550 704
550 525
550 718
550 513
550 729
551 513
551 729
551 595
551 680
551 567
551 604
551 487
551 643
551 705
551 584
551 487
551 487
551 735
551 672
552 551
552 472
553 722
553 718
553 476
553 639
553 672
553 487
553 587
553 516
555 718
555 599
555 577
556 595
556 575
557 513
557 567
558 749
558 735
559 471
559 487
559 472
559 513
560 577
560 547
560 749
561 672
561 684
562 591
562 553
562 595
563 591
563 735
563 513
563 550
563 672
563 513
564 1232
565 563
565 589
565 493
565 649
565 704
566 666
567 560
567 723
567 634
567 734
567 487
567 580
567 641
567 476
567 713
567 735
567 610
567 704
567 666
567 600
567 708
567 735
567 718
567 477
567 704
567 616
567 657
567 721
567 674
567 679
567 634
567 536
567 667
567 652
567 513
567 493
567 719
567 487
567 650
567 634
567 542
567 472
567 629
567 749
567 646
567 634
567 645
567 476
567 639
567 1060
568 577
568 737
569 634
571 714
571 665
571 620
571 718
571 700
572 704
572 561
575 645
575 599
576 536
576 634
577 639
577 672
577 567
577 735
577 672
577 690
577 713
577 519
577 536
577 634
577 634
577 742
577 589
577 634
577 747
577 718
577 536
577 509
578 704
578 634
579 744
579 741
579 643
579 471
579 1255
580 657
580 713
580 639
580 735
580 490
580 498
580 1137
582 657
582 623
582 705
582 551
583 480
583 488
585 550
585 487
585 672
585 534
586 601
586 505
586 635
587 684
587 672
588 735
589 578
589 567
592 704
593 476
593 513
594 677
594 610
595 677
596 673
596 567
596 507
596 634
597 607
597 745
597 610
599 520
599 508
599 513
599 508
599 672
599 513
599 476
599 710
599 639
599 680
599 523
599 495
599 634
599 594
599 543
599 639
599 617
599 567
601 736
601 714
602 549
602 623
602 514
602 565
602 565
602 657
603 639
603 577
605 551
605 689
605 653
606 567
607 602
607 1197
607 1551
609 550
610 510
610 681
610 487
610 599
610 704
610 556
610 485
610 735
610 487
610 495
610 631
610 618
610 1050
611 551
612 522
612 526
612 676
612 682
612 472
612 731
612 613
613 718
614 600
614 512
614 632
614 603
614 559
614 1346
615 567
615 536
615 612
615 704
615 639
615 962
616 672
617 567
617 672
618 640
619 565
619 487
619 550
619 563
620 723
620 551
621 634
621 577
621 483
622 637
623 522
623 599
624 550
625 689
626 733
626 634
627 472
628 623
628 492
629 487
629 704
629 515
631 722
631 735
631 601
631 634
631 487
631 544
631 600
631 523
631 704
631 562
631 677
631 735
631 645
632 649
632 735
633 735
633 735
633 684
633 713
634 710
634 648
634 730
634 602
634 718
634 634
634 610
634 651
634 735
634 487
634 472
634 710
634 487
634 698
634 743
634 721
634 729
634 492
634 626
634 517
634 497
634 672
634 718
634 513
634 634
634 685
634 513
634 485
634 599
634 576
634 582
634 487
634 481
634 672
634 672
634 689
634 565
634 520
634 576
634 567
634 634
634 534
635 704
635 634
635 735
635 471
635 634
635 1735
636 571
637 735
637 746
637 487
637 529
638 1089
639 560
639 513
639 546
639 639
639 471
639 549
639 487
639 735
639 563
639 735
639 666
639 718
639 513
639 585
639 496
639 722
639 612
639 487
639 551
639 610
639 731
639 1290
640 718
640 713
641 1315
642 610
642 494
643 718
643 513
644 639
644 720
644 567
644 666
644 1254
645 519
645 738
646 634
646 634
646 738
646 567
646 536
647 631
647 655
647 724
647 567
647 682
648 576
648 690
648 636
649 739
649 513
649 634
649 701
649 735
649 662
649 476
650 487
650 735
651 622
652 631
653 472
653 672
653 647
653 617
653 718
654 718
654 527
654 550
654 487
657 490
657 686
658 513
659 636
659 697
659 1694
660 512
661 694
661 634
661 567
662 735
663 657
663 513
664 672
665 735
665 718
666 476
666 738
666 718
666 601
666 472
666 639
666 735
666 624
666 735
666 513
667 563
667 713
667 672
667 476
667 478
668 639
668 735
669 561
669 714
670 735
671 534
671 704
671 713
672 609
672 599
672 735
672 632
672 507
672 522
672 513
672 672
672 487
672 705
672 471
672 574
672 651
672 487
672 655
672 664
672 557
672 674
672 634
672 504
672 690
672 724
672 487
672 492
672 716
672 527
672 735
672 551
672 547
672 567
672 564
672 672
672 487
672 741
672 737
672 484
672 513
672 487
672 492
672 723
672 487
672 497
672 718
672 536
672 482
672 585
672 634
672 592
672 631
672 567
672 498
672 514
672 733
672 1153
672 1638
673 567
674 559
674 694
675 713
675 550
676 485
676 724
676 735
677 485
677 494
677 472
678 735
679 726
679 487
680 719
680 649
681 471
681 534
681 681
682 472
682 627
682 622
682 721
682 551
682 682
682 522
682 634
682 1383
683 513
684 731
684 497
684 531
684 631
684 580
684 721
684 704
684 690
684 472
684 550
684 668
684 735
684 743
684 713
686 536
686 659
687 689
687 534
687 616
688 485
688 709
688 735
688 1266
689 735
689 737
689 608
689 689
689 577
689 689
689 567
689 527
689 511
689 634
690 647
690 551
690 718
690 749
690 540
690 730
690 1813
692 513
692 551
692 1364
693 682
693 732
693 709
694 583
694 509
694 733
695 671
695 640
695 483
695 691
696 653
696 1289
699 607
699 721
699 672
699 478
699 485
699 586
700 656
700 1463
702 634
702 473
702 698
702 548
702 672
704 672
704 612
704 735
704 522
704 634
704 724
704 563
704 567
704 610
704 652
704 487
704 532
704 567
704 703
704 585
704 684
704 487
704 735
704 575
704 599
704 498
704 487
704 650
704 536
704 748
704 672
704 487
704 639
704 612
704 1470
704 1776
706 567
706 599
707 483
708 666
708 631
708 482
709 541
709 634
710 634
710 699
710 551
710 607
710 730
710 735
711 715
711 599
711 956
712 742
712 644
713 666
713 511
713 735
713 614
713 599
713 645
713 701
713 542
713 593
713 593
713 639
713 634
713 639
713 735
713 639
714 625
715 577
715 672
715 539
716 639
717 580
717 536
717 599
718 587
718 482
718 672
718 621
718 675
718 536
718 549
718 547
718 735
718 542
718 735
718 487
718 634
718 713
718 489
718 567
718 488
718 567
718 497
718 634
718 478
718 677
718 549
718 634
718 634
718 550
718 704
718 567
718 731
718 634
718 472
718 577
718 1078
719 696
719 487
720 594
720 536
721 577
721 627
721 599
721 478
721 703
721 495
721 602
721 1169
722 615
723 684
723 727
723 631
724 718
724 501
724 735
724 548
724 524
724 605
724 848
725 660
726 567
727 723
727 549
727 551
728 482
728 689
728 623
728 672
728 1507
729 717
729 629
729 603
729 707
729 1346
730 567
730 738
730 735
730 549
730 636
730 578
730 713
730 735
730 577
731 729
731 487
731 632
731 693
731 1347
732 672
732 536
733 743
733 634
733 672
733 634
734 497
734 672
735 735
735 577
735 472
735 704
735 729
735 649
735 713
735 487
735 694
735 653
735 490
735 723
735 490
735 482
735 735
735 575
735 689
735 634
735 735
735 487
735 563
735 534
735 515
735 550
735 631
735 673
735 491
735 634
735 637
735 735
735 559
735 639
735 607
735 634
735 622
735 536
735 686
735 637
735 730
735 530
735 721
735 518
735 626
735 735
735 713
735 479
735 735
735 565
735 622
735 536
735 476
735 646
735 704
735 631
735 655
735 708
735 487
735 487
735 515
735 639
735 543
735 567
735 559
735 696
735 513
735 701
735 600
735 648
735 653
735 576
735 652
735 666
735 613
735 718
735 642
735 735
735 509
735 476
735 735
735 487
735 634
735 634
735 605
735 492
735 645
735 735
735 666
735 487
735 733
735 610
735 743
735 735
735 689
735 601
735 567
735 735
735 483
735 548
735 1011
736 663
736 672
736 547
736 731
737 472
737 724
737 735
737 483
737 718
737 672
737 602
738 507
738 602
738 565
738 487
738 639
738 563
738 634
738 645
738 952
739 735
740 629
741 645
741 733
741 735
741 716
741 1460
742 503
742 718
743 704
744 932
745 487
745 476
747 615
747 569
748 479
749 635
749 473
750 811
750 857
751 790
752 875
752 866
753 864
754 848
757 865
757 798
757 871
757 1755
757 1572
758 796
758 781
758 815
758 801
759 830
760 775
760 1251
762 795
763 805
763 792
763 875
764 750
764 872
765 894
765 1578
766 761
766 758
767 897
767 771
767 839
768 795
768 899
768 862
768 809
769 794
770 887
770 880
770 878
771 886
771 789
771 1756
772 806
773 758
774 889
776 821
777 777
777 898
777 884
777 887
778 871
779 883
779 782
780 778
780 852
780 784
781 774
781 787
781 781
781 810
781 847
782 1611
783 791
783 811
783 865
783 750
784 833
784 872
786 768
788 752
789 756
789 892
790 766
790 798
790 865
791 880
792 854
792 848
792 887
792 754
792 851
792 788
792 873
792 887
792 851
792 811
793 874
793 833
793 758
793 757
794 799
794 879
794 789
794 838
794 852
794 830
794 830
795 843
795 872
795 814
795 795
795 819
795 890
795 815
795 863
795 880
795 1651
796 789
798 842
798 830
800 756
800 820
800 812
800 836
800 897
801 817
801 792
802 789
802 862
803 872
804 833
804 789
805 886
806 851
806 848
806 852
807 789
807 887
809 829
810 859
810 802
810 768
810 784
810 832
810 887
810 871
810 807
811 794
813 750
813 861
813 788
813 822
813 1788
814 871
814 890
814 766
814 777
814 874
815 871
815 873
815 889
815 786
816 781
816 858
818 855
818 851
818 821
819 831
819 870
820 750
820 829
820 757
820 845
820 800
820 855
820 870
820 773
820 754
820 821
821 873
821 836
822 873
822 888
823 800
823 848
823 789
824 804
824 836
824 774
825 808
826 1173
827 880
828 898
828 751
829 813
829 853
829 887
829 760
831 866
832 797
833 854
833 798
834 821
835 787
835 871
835 770
836 896
836 828
836 894
836 794
837 853
838 884
839 773
841 852
841 763
842 852
842 887
843 769
843 886
843 810
843 823
844 898
846 868
846 786
846 886
846 798
847 887
847 895
847 875
847 787
847 789
848 894
848 771
848 791
848 813
848 800
850 865
850 892
851 773
851 876
851 887
851 870
851 851
851 892
851 797
852 789
852 810
855 799
856 818
857 887
858 779
858 753
859 752
860 877
860 804
861 878
861 779
861 777
862 867
862 871
862 848
863 1465
864 850
864 827
865 833
865 879
865 792
865 880
866 803
867 757
868 773
868 856
868 887
869 794
870 752
870 846
870 857
870 899
870 1192
871 868
871 819
871 792
871 798
871 777
871 807
871 840
871 836
871 777
871 813
872 877
872 861
872 769
872 822
872 756
872 797
872 791
872 791
872 885
872 806
872 760
873 887
873 887
873 823
873 792
874 880
874 1686
875 854
875 851
875 865
875 845
877 810
877 811
877 821
878 864
878 810
879 791
880 892
880 759
880 794
880 764
880 872
880 889
880 762
880 820
880 1593
881 810
881 887
884 810
885 770
886 810
886 763
886 854
886 808
886 860
886 856
886 822
886 1078
886 1719
887 777
887 785
887 795
887 827
887 871
887 823
887 778
887 755
887 846
887 871
887 808
887 768
888 764
888 837
888 788
891 886
892 810
892 782
892 1525
894 845
894 872
894 790
895 858
897 837
898 851
898 887
899 872
899 871
901 1139
902 1365
902 942
902 1069
902 972
902 1035
902 1138
902 1196
902 1385
903 1424
903 1252
904 1368
904 1160
904 1205
906 1072
906 1367
906 1133
907 1169
907 1240
907 1315
907 1135
908 950
908 1284
908 1157
909 927
910 1236
911 1185
911 1172
911 1176
911 1276
911 1420
911 999
911 1248
911 1348
911 1461
911 1189
911 1838
913 1098
913 1169
913 1084
914 1385
914 1090
914 987
915 1041
915 1352
917 1202
919 966
919 1064
919 1400
919 1254
919 1170
921 1141
921 1111
922 1358
922 1015
923 1004
923 995
924 1125
925 1085
925 1470
925 922
927 1334
927 942
927 1053
927 1130
927 1075
927 1330
927 1427
927 1123
927 976
927 1238
927 1091
927 1219
928 1134
929 940
929 1234
930 938
930 966
930 927
930 1267
931 1223
931 981
931 1311
932 1156
932 1126
932 987
932 956
932 1169
932 1424
932 1879
933 1151
933 1067
934 1233
934 1010
934 1121
935 1050
935 1240
936 1089
936 1394
937 1459
937 1010
938 1250
938 1096
938 1309
938 1411
938 1179
938 1012
938 1169
938 1149
938 1167
938 987
938 1011
938 1118
938 1149
939 1168
939 1421
939 1052
940 1090
940 1157
941 1295
941 1329
941 1135
942 1172
942 1348
942 1103
942 1001
942 1136
942 1393
942 975
942 914
942 1402
942 1465
942 1034
942 1031
942 1072
942 1283
944 1152
945 1168
945 1157
945 1194
946 1011
946 1005
946 1206
946 1214
947 1083
947 948
948 1169
949 922
950 1035
951 1461
951 1133
952 1099
952 1463
952 950
952 1050
953 1076
954 987
955 1169
956 1095
956 973
956 1385
957 1227
957 1468
959 1207
959 1133
959 1424
959 1316
959 1068
959 1258
959 1169
960 929
960 1090
960 1078
960 1395
960 926
961 1263
962 1041
962 1031
963 1197
964 1273
965 1450
965 1422
965 984
965 1879
966 1039
966 1419
966 1068
967 1042
967 1241
967 1345
969 1102
970 1424
970 1151
970 960
970 1097
971 1195
971 1054
971 979
971 1153
972 1346
972 1011
972 1360
972 1367
972 1126
972 1169
972 1214
972 1079
973 967
973 1343
973 1128
973 1093
973 1391
974 1053
974 1010
974 987
974 1025
976 1443
976 1465
976 956
978 1289
978 1011
978 980
979 1099
979 1448
979 1176
979 987
979 1464
980 1321
980 1407
980 1078
980 969
980 1197
980 1273
980 1403
981 1118
981 1470
981 1030
981 1103
981 1274
982 1090
982 1010
982 1043
984 1169
985 1342
985 918
985 1087
986 1226
986 1065
986 1047
986 1078
986 1214
987 1221
987 1187
987 1277
987 1153
987 1125
987 1189
987 1072
987 1368
988 1223
988 1197
989 949
989 1103
989 1169
989 927
990 1226
990 942
990 1209
990 1112
991 1031
991 1223
992 1040
992 1334
992 979
992 1214
993 1214
994 1416
995 999
996 919
996 1032
997 1064
997 1320
998 1001
998 1028
998 1180
999 1171
999 1247
999 960
999 1176
999 1442
999 1174
999 1052
999 1042
999 1136
999 1135
999 1072
999 1006
999 1370
999 1064
999 1084
1000 1268
1000 927
1000 1351
1001 1167
1001 1144
1001 1185
1001 1274
1001 1078
1002 1109
1002 1328
1004 917
1004 1082
1004 1344
1006 1328
1007 1346
1007 1084
1007 1137
1008 1045
1008 1009
1009 977
1009 1221
1009 942
1009 1151
1010 1148
1010 1185
1010 1021
1010 1412
1010 1078
1010 1228
1010 1464
1010 1406
1010 971
1010 990
1010 1195
1010 1346
1010 1084
1010 1045
1010 1238
1010 1304
1010 1198
1010 1072
1010 1014
1010 1237
1010 1350
1010 1157
1010 1018
1010 1226
1010 1464
1010 1083
1010 1375
1010 1117
1010 1126
1010 1427
1010 1305
1010 1465
1011 1266
1011 1392
1011 1125
1011 1054
1011 1091
1011 1367
1011 1234
1011 1378
1011 1110
1011 980
1011 1258
1011 1385
1011 1367
1011 1135
1011 1042
1011 1167
1012 1417
1012 1216
1012 1198
1012 964
1013 1168
1013 1240
1013 1120
1013 990
1013 1006
1014 1465
1014 972
1015 1132
1015 1408
1015 999
1015 1001
1015 1143
1016 1400
1016 1346
1017 944
1018 1079
1018 1462
1019 1445
1019 1278
1019 1411
1019 981
1020 1460
1020 1011
1020 1470
1021 1464
1021 1169
1021 904
1021 1148
1022 1268
1022 992
1022 1522
1023 1237
1023 1131
1023 1078
1024 1169
1025 1090
1025 999
1026 1266
1026 1078
1026 1158
1026 1010
1027 1169
1027 1011
1028 1183
1028 1323
1028 1169
1028 1572
1029 1197
1030 1269
1030 1419
1030 1169
1030 1078
1030 1039
1031 1011
1031 1178
1031 1364
1032 1043
1032 1108
1033 946
1033 1382
1034 1148
1034 1389
1035 1199
1036 1169
1036 1169
1038 1042
1038 1091
1038 1176
1038 1125
1039 1091
1040 1239
1040 992
1040 1329
1041 901
1041 1163
1042 1029
1042 1160
1043 1371
1043 972
1043 939
1044 999
1045 1133
1047 1123
1048 1322
1049 1169
1050 1169
1050 1010
1050 1211
1050 1241
1050 1119
1050 1014
1051 1348
1051 1206
1051 1167
1051 1302
1051 1143
1051 1392
1051 1007
1051 975
1051 1467
1052 1152
1052 1348
1053 1021
1054 936
1054 1378
1054 1321
1054 1072
1055 1143
1055 938
1055 1430
1055 1348
1055 1170
1056 1212
1056 1270
1056 1317
1056 1135
1056 1390
1057 1349
1058 1117
1058 1213
1059 972
1059 1011
1062 919
1064 1343
1064 1068
1064 1465
1064 1133
1064 1409
1064 1116
1064 1310
1064 1352
1064 927
1064 1559
1065 1280
1065 1424
1066 1466
1067 1335
1067 1077
1067 1017
1068 1089
1069 1374
1069 1072
1069 991
1069 1169
1070 1450
1070 1386
1070 1197
1070 1342
1070 957
1071 1011
1071 1118
1072 1034
1072 1171
1072 1387
1072 1010
1072 916
1072 1378
1072 972
1072 1169
1075 927
1075 1323
1076 1214
1076 1277
1076 1151
1077 1014
1078 1226
1078 1280
1078 911
1078 1216
1078 1240
1078 927
1078 1010
1078 1042
1078 1240
1078 1053
1078 905
1078 1186
1078 944
1078 1197
1078 1163
1078 1135
1078 1308
1078 1169
1078 1024
1078 1133
1078 937
1078 968
1078 903
1078 1238
1078 1324
1078 972
1078 1153
1078 1389
1078 1346
1078 1275
1078 961
1078 1078
1078 1169
1078 1214
1079 984
1079 1385
1079 1169
1079 1394
1081 1349
1082 1108
1082 1255
1082 1378
1082 1143
1082 1460
1083 1409
1083 1217
1084 1214
1085 1034
1085 1064
1085 918
1086 931
1087 1455
1087 1125
1087 1214
1087 1107
1087 1787
1088 1249
1089 972
1089 1402
1089 1413
1089 1223
1090 1052
1090 942
1090 1388
1090 999
1090 1378
1090 1169
1090 1348
1090 999
1090 1010
1090 1135
1090 1125
1090 920
1090 1416
1090 1385
1090 1216
1090 1205
1090 950
1091 1269
1091 1072
1091 1214
1091 1363
1091 1821
1093 1169
1093 927
1093 1225
1093 980
1094 1081
1094 1832
1095 1017
1095 1169
1095 1399
1096 1340
1097 1385
1097 1067
1098 914
1098 1011
1098 987
1099 1307
1099 1257
1100 1423
1101 971
1101 1125
1102 1042
1103 1271
1103 1103
1103 938
1103 935
1103 1283
1103 1334
1103 1316
1104 1378
1106 1366
1107 1103
1108 1235
1108 1359
1108 1078
1108 1256
1109 1407
1109 1153
1110 1201
1111 940
1111 946
1111 1393
1112 1017
1112 1044
1112 1446
1113 1169
1114 1011
1114 1083
1114 1275
1114 987
1114 1270
1114 942
1114 1103
1114 959
1114 1213
1115 1468
1116 981
1118 1414
1119 1082
1119 1209
1120 1373
1120 1341
1120 927
1121 980
1122 972
1123 960
1123 903
1123 1069
1123 1412
1123 1090
1123 1452
1123 1169
1124 1087
1124 1163
1125 1293
1125 1020
1125 1243
1125 1437
1125 912
1125 1078
1125 978
1125 908
1125 1010
1125 1176
1125 1010
1125 1348
1125 1169
1126 1439
1127 1424
1127 1295
1127 1227
1128 951
1128 1419
1129 1135
1130 1331
1131 1298
1131 969
1132 1107
1132 1069
1132 1030
1132 1302
1133 1003
1133 1046
1133 962
1133 914
1133 1010
1133 1280
1133 1400
1133 1382
1133 1156
1134 1283
1134 1406
1134 1169
1134 1201
1135 987
1135 1462
1135 942
1135 1143
1135 1450
1135 1252
1135 1050
1135 1138
1135 1004
1135 980
1135 1010
1135 1060
1135 1284
1135 953
1135 1201
1135 1090
1135 1437
1135 1385
1135 1135
1135 1377
1135 1613
1135 1623
1136 1151
1137 999
1138 1029
1138 1128
1138 929
1139 1103
1139 1095
1139 1386
1139 1160
1140 1050
1140 1179
1141 1466
1141 1169
1141 1264
1141 1068
1142 1270
1142 1093
1142 913
1142 1216
1143 1148
1143 1317
1143 1169
1143 1169
1143 1169
1143 1370
1143 1221
1143 1267
1143 1364
1143 1011
1143 1442
1143 973
1143 1065
1143 1138
1144 1140
1144 1082
1145 1153
1145 1386
1146 1214
1146 1135
1146 1108
1147 1441
1147 1122
1147 1221
1147 998
1147 1271
1148 1280
1148 1406
1148 963
1148 1237
1148 1255
1148 1386
1149 1357
1149 1292
1151 1214
1151 1148
1151 960
1151 1288
1151 1423
1151 1306
1151 1385
1151 988
1151 968
1152 1242
1152 1028
1152 922
1152 1466
1152 1152
1153 1421
1153 1151
1153 1344
1153 1263
1153 1294
1153 1091
1153 946
1153 1125
1154 1214
1155 1088
1156 1072
1156 1238
1156 906
1156 1167
1156 915
1156 1169
1156 915
1156 1148
1157 901
1157 953
1157 1346
1157 980
1157 1340
1158 1439
1158 1129
1158 1431
1159 1418
1159 1091
1159 1464
1161 1152
1162 1199
1162 1195
1162 1418
1163 1324
1165 992
1165 1005
1165 1143
1165 1072
1166 1322
1167 945
1167 1072
1167 1214
1167 1313
1167 1011
1167 1240
1167 911
1167 1408
1167 1011
1167 914
1167 1123
1167 1003
1167 1169
1167 1465
1167 1409
1167 1090
1167 1226
1168 1344
1169 1424
1169 1065
1169 1272
1169 1169
1169 1262
1169 1005
1169 1140
1169 1335
1169 1415
1169 1126
1169 912
1169 1463
1169 974
1169 1022
1169 1091
1169 1241
1169 1335
1169 914
1169 1169
1169 1168
1169 991
1169 1135
1169 1049
1169 1169
1169 1319
1169 967
1169 999
1169 1089
1169 1451
1169 1338
1169 1329
1169 1145
1169 956
1169 1425
1169 1471
1169 1214
1169 1322
1169 1328
1169 1466
1169 1470
1169 1424
1169 1139
1169 946
1169 979
1169 1289
1169 1424
1169 1209
1169 951
1169 1168
1169 1262
1169 1058
1169 902
1169 1352
1169 1464
1169 1249
1169 1282
1169 974
1169 1153
1169 1042
1169 1033
1169 1227
1169 978
1169 1176
1169 1201
1169 1167
1169 1078
1169 1181
1169 1169
1169 904
1169 1364
1169 927
1169 1169
1169 1072
1169 938
1169 1192
1169 1270
1169 1793
1170 1169
1170 1444
1170 1009
1170 1013
1171 1123
1171 948
1171 1251
1171 1277
1171 1240
1171 1014
1172 1393
1172 1108
1172 999
1173 1186
1173 1010
1173 1091
1173 1043
1174 1244
1175 971
1175 992
1176 1298
1176 1015
1176 1383
1176 1081
1176 1254
1176 1010
1176 1167
1176 1297
1176 1143
1176 1059
1178 1411
1178 1040
1179 1011
1179 1041
1179 980
1180 1143
1180 1096
1182 1065
1183 988
1184 1011
1184 984
1184 918
1185 1386
1185 969
1185 1156
1186 946
1186 1396
1187 911
1188 1034
1189 1346
1189 1309
1189 914
1190 976
1191 1066
1191 1376
1191 1173
1192 1339
1192 1411
1195 1244
1196 1152
1196 1330
1196 1036
1196 1355
1197 1180
1197 1334
1197 925
1197 1194
1197 951
1197 1372
1197 1117
1197 1169
1197 942
1197 1003
1197 1077
1198 1127
1198 1207
1198 1072
1198 1142
1199 927
1199 1139
1199 1159
1199 1222
1199 1035
1199 1169
1199 1063
1200 1197
1200 1180
1200 1340
1200 1457
1201 1227
1201 1399
1201 1048
1201 1214
1201 1010
1201 1424
1202 1318
1202 1184
1202 1214
1202 1356
1203 1132
1203 1005
1203 1371
1203 1010
1204 1398
1204 1054
1204 1443
1204 1169
1205 1090
1205 1117
1205 1368
1205 1382
1205 1152
1205 1021
1205 1280
1206 1084
1206 1211
1206 1289
1206 1454
1206 1281
1206 1201
1206 1307
1207 1278
1207 1169
1207 1192
1208 957
1208 1421
1208 936
1208 1324
1209 1004
1209 1135
1209 1003
1210 1159
1210 987
1211 935
1211 1169
1212 1030
1213 1031
1213 1125
1214 1389
1214 965
1214 1242
1214 1169
1214 1118
1214 1078
1214 1381
1214 1366
1214 1411
1214 1206
1214 1406
1214 914
1214 1465
1214 1273
1214 1065
1214 992
1215 934
1215 1204
1215 1305
1215 1151
1216 1197
1216 1121
1216 1169
1216 1394
1217 1328
1218 1104
1218 1409
1218 1247
1218 1326
1219 1090
1221 1452
1221 999
1221 1235
1221 986
1221 1413
1221 1301
1221 918
1221 1302
1221 1328
1222 1289
1222 1078
1222 1259
1225 903
1226 1378
1226 1288
1226 1395
1226 919
1226 1443
1228 1392
1230 1169
1230 982
1231 1267
1231 1135
1232 936
1233 1078
1233 1855
1235 1034
1235 1167
1235 1138
1236 1110
1236 1169
1237 1010
1237 965
1237 1385
1237 1306
1237 1412
1237 1312
1237 1078
1238 1194
1240 999
1240 1090
1240 1022
1240 1199
1241 1169
1241 1181
1241 1138
1242 1414
1242 1050
1243 968
1243 1040
1243 1181
1243 1452
1243 978
1246 1164
1246 942
1247 997
1248 1410
1249 1386
1250 948
1250 999
1250 1010
1251 1333
1252 907
1252 1169
1252 1152
1252 919
1252 1331
1252 938
1253 1305
1254 1272
1254 1267
1254 1214
1254 1346
1255 1386
1255 1396
1255 1469
1255 1151
1255 1421
1258 1169
1258 1422
1258 1092
1258 1077
1258 1184
1258 1349
1259 1011
1261 1096
1261 1237
1261 1264
1262 1401
1263 999
1263 1179
1263 1074
1263 1356
1263 1237
1263 1072
1263 999
1263 1148
1263 992
1263 958
1264 1226
1264 985
1264 1214
1264 1156
1264 1345
1265 1353
1265 1125
1265 1150
1266 1024
1266 1077
1266 999
1267 1051
1267 1422
1267 1316
1267 1394
1267 980
1267 932
1268 1427
1269 1464
1269 1031
1270 1245
1270 937
1271 900
1272 1050
1272 1443
1272 1159
1273 1206
1273 1076
1274 1150
1274 965
1274 1169
1274 1139
1276 1104
1276 995
1276 1177
1276 1181
1277 1104
1277 1444
1277 1343
1278 914
1280 1173
1281 1091
1282 1328
1283 980
1283 1034
1284 911
1284 1375
1284 1004
1284 1118
1284 1011
1286 1412
1287 934
1289 1208
1289 1322
1289 1438
1289 952
1289 1346
1289 958
1289 1460
1289 1355
1289 935
1289 923
1290 1259
1291 1152
1291 1010
1292 1462
1293 1131
1293 1179
1294 960
1295 999
1296 1350
1296 927
1296 1028
1296 1201
1297 960
1298 1151
1299 1316
1300 1026
1300 1382
1301 1030
1301 1078
1303 1424
1303 1303
1304 957
1304 1152
1305 1346
1305 919
1305 1346
1305 1011
1306 1374
1306 1372
1307 999
1309 1249
1309 1361
1309 921
1309 1048
1310 1296
1310 980
1310 1326
1310 986
1310 1466
1310 1423
1311 1410
1311 980
1313 1297
1313 1292
1313 932
1315 1338
1315 1260
1315 1176
1315 942
1316 1169
1316 1385
1318 1257
1318 1051
1319 982
1320 1402
1320 1399
1321 1199
1321 1214
1321 927
1321 1025
1321 1212
1321 1030
1321 1442
1321 1233
1321 1450
1321 1195
1321 959
1321 938
1323 1310
1323 1335
1323 1352
1323 1046
1323 1554
1324 1078
1324 1323
1325 1261
1325 1380
1326 1318
1326 1112
1326 1206
1327 1216
1328 1256
1329 1090
1329 1078
1329 1072
1329 1169
1331 1214
1331 1169
1331 1240
1333 958
1334 1167
1334 942
1334 1470
1335 1019
1335 959
1335 1226
1335 1348
1337 944
1337 1469
1340 1424
1340 1377
1340 1399
1341 1216
1343 983
1343 902
1343 1395
1344 1424
1344 1460
1345 1070
1346 1045
1346 1333
1346 1077
1346 927
1346 1026
1346 1090
1346 1140
1346 1230
1346 1010
1346 1264
1346 1272
1346 1102
1347 1118
1347 1237
1347 1243
1347 902
1348 1010
1348 1398
1348 1233
1348 959
1348 1063
1348 1108
1348 1156
1348 1258
1349 1288
1349 1348
1350 1424
1350 1424
1350 1008
1351 1448
1351 1125
1353 942
1353 1274
1353 1200
1353 1135
1353 1011
1355 1232
1355 1290
1355 1222
1356 1394
1357 1385
1357 1427
1358 1348
1358 1065
1359 1407
1359 1310
1360 929
1360 1169
1360 974
1360 1054
1360 946
1361 1352
1361 1010
1361 1377
1362 1108
1362 1385
1362 1148
1362 940
1362 1084
1363 1210
1364 1290
1364 1460
1364 981
1364 1281
1365 1213
1365 1181
1367 1197
1367 1337
1367 1277
1367 938
1367 1148
1367 1112
1367 1448
1367 1192
1368 1036
1368 1189
1368 1188
1368 934
1368 1233
1369 1011
1369 1161
1369 1221
1369 1169
1370 1038
1370 1376
1370 1764
1371 1019
1371 978
1371 1081
1371 919
1371 1065
1371 1176
1371 1079
1371 1039
1372 1095
1374 1169
1374 1010
1375 1256
1376 1161
1376 1446
1376 1078
1376 1214
1376 1735
1377 1179
1378 946
1378 1072
1378 1167
1378 1457
1378 1661
1379 1071
1380 1138
1380 1250
1380 1214
1382 1202
1382 1072
1382 1457
1382 1396
1383 1083
1383 1379
1383 942
1383 1246
1383 927
1385 1090
1385 1371
1385 1378
1385 1199
1385 1836
1386 1198
1386 1240
1386 1175
1386 1039
1386 1082
1386 1095
1386 1009
1386 901
1386 959
1386 1658
1387 1169
1387 942
1387 1231
1388 1421
1388 1409
1388 1022
1388 1241
1388 1153
1389 927
1389 1159
1390 1408
1390 1341
1391 1197
1392 1037
1393 1215
1393 1378
1393 1010
1393 932
1394 1336
1394 1082
1394 935
1394 1161
1394 1206
1394 1169
1395 1056
1395 1417
1395 993
1396 1411
1396 923
1396 1213
1396 1397
1398 975
1398 1153
1399 1394
1399 1433
1399 1458
1399 1169
1399 1234
1399 1276
1399 1011
1400 1460
1400 962
1400 1414
1401 938
1401 1298
1402 1031
1403 1469
1403 1409
1403 1395
1405 1017
1406 960
1407 1412
1407 1255
1407 1010
1409 1169
1409 1077
1409 1069
1409 1369
1409 1373
1409 1135
1409 1035
1409 1311
1410 1390
1411 1304
1411 1087
1411 1445
1411 1169
1411 1125
1411 998
1411 1322
1411 1253
1412 1078
1412 1169
1412 948
1412 1214
1412 925
1412 1229
1413 1385
1413 1252
1413 1125
1414 1167
1414 1125
1414 1389
1414 1169
1415 1126
1415 1054
1415 1010
1416 995
1416 987
1418 1129
1418 1378
1418 942
1419 1169
1419 955
1419 1308
1419 980
1419 972
1419 1176
1419 1407
1419 1639
1420 1331
1420 1169
1420 929
1420 1377
1420 1054
1420 1151
1420 969
1421 1196
1422 1170
1423 1099
1423 927
1424 1131
1424 942
1424 1288
1424 1248
1424 1346
1424 1214
1424 987
1424 1118
1424 1125
1424 1156
1424 1005
1424 1309
1424 1302
1424 1157
1424 1386
1424 1132
1424 1464
1424 1776
1424 1623
1425 1067
1425 1151
1426 1385
1427 1021
1428 1255
1428 918
1429 1056
1429 1125
1430 1260
1431 1394
1432 1140
1432 1285
1433 986
1433 982
1433 1051
1434 1243
1434 1426
1435 1261
1437 1082
1437 1452
1438 1424
1438 1300
1438 1457
1438 1135
1438 1130
1440 1326
1441 1042
1441 1497
1442 1272
1445 1093
1445 1114
1447 1103
1447 1160
1447 1118
1447 1042
1448 1332
1449 987
1449 989
1450 1054
1451 1237
1452 1237
1452 942
1454 946
1454 1181
1455 1156
1455 1078
1456 1392
1457 1443
1458 1103
1458 1231
1459 1152
1459 1345
1459 1363
1460 1332
1460 1152
1460 1088
1460 1263
1460 918
1460 1214
1460 1348
1460 1464
1460 941
1460 1064
1460 1233
1461 1459
1462 914
1463 1409
1463 1460
1464 923
1464 959
1464 1460
1464 1380
1465 1003
1465 1232
1465 1204
1465 1383
1465 1466
1465 1169
1465 1424
1465 1330
1465 1249
1465 1216
1465 1144
1466 1379
1466 1378
1466 1143
1467 1024
1467 1363
1467 1158
1468 1370
1470 1371
1470 1011
1470 1443
1471 1216
1473 1841
1473 1669
1473 1613
1474 1698
1474 1768
1474 1509
1474 1576
1474 1520
1474 1552
1474 1837
1474 1576
1474 1720
1474 1584
1474 1690
1474 1690
1474 1491
1474 1609
1474 1789
1474 1732
1475 1714
1475 1776
1476 1646
1476 1576
1476 1555
1476 1696
1477 1650
1477 1827
1477 1540
1477 1519
1477 1696
1477 1474
1477 1879
1478 1700
1479 1813
1480 1565
1480 1576
1480 1807
1481 1472
1482 1653
1482 1659
1482 1756
1482 1724
1482 1734
1482 1763
1482 1664
1482 1595
1482 1773
1482 1755
1482 1759
1483 1559
1483 1517
1484 1612
1484 1827
1484 1763
1485 1478
1485 1498
1485 1528
1485 1560
1485 1486
1486 1759
1486 1570
1486 1542
1487 1608
1487 1732
1487 1816
1487 1644
1488 1864
1488 1637
1488 1590
1488 1509
1490 1700
1490 1817
1490 1644
1490 1600
1490 1474
1490 1671
1490 1807
1492 1795
1492 1606
1492 1755
1492 1719
1492 1602
1493 1755
1493 1780
1494 1621
1494 1706
1494 1497
1494 1808
1494 1579
1495 1610
1495 1836
1495 1764
1496 1653
1496 1795
1496 1659
1496 1735
1497 1640
1497 1774
1497 1661
1497 1798
1497 1490
1497 1746
1497 1702
1497 1525
1497 1621
1498 1483
1499 1770
1500 1784
1500 1500
1500 1735
1500 1735
1500 1656
1500 1555
1500 1594
1500 1741
1500 1497
1500 1746
1500 1827
1501 1492
1501 1673
1503 1625
1503 1835
1503 1484
1503 1837
1505 1786
1505 1577
1505 1793
1506 1649
1506 1879
1506 1509
1506 1702
1507 1879
1509 1822
1509 1754
1509 1590
1509 1486
1509 1481
1509 1735
1509 1486
1509 1654
1509 1874
1509 1795
1509 1617
1509 1576
1509 1879
1509 1758
1509 1879
1509 1755
1509 1576
1510 1576
1511 1662
1511 1637
1511 1693
1511 1759
1511 1807
1511 1774
1512 1560
1512 1863
1512 1776
1513 1600
1514 1812
1515 1570
1517 1713
1518 1719
1518 1776
1518 1579
1518 1525
1518 1709
1518 1561
1518 1815
1519 1621
1519 1644
1519 1790
1520 1844
1520 1726
1520 1789
1521 1613
1521 1829
1521 1742
1521 1796
1521 1638
1522 1647
1522 1692
1523 1853
1523 1644
1524 1571
1525 1634
1525 1528
1525 1562
1525 1571
1525 1675
1525 1576
1525 1735
1525 1798
1525 1807
1525 1606
1525 1607
1525 1550
1525 1825
1525 1491
1525 1764
1525 1474
1525 1763
1526 1792
1526 1476
1527 1887
1527 1755
1527 1735
1528 1739
1528 1879
1528 1870
1528 1692
1528 1525
1528 1538
1528 1700
1529 1812
1529 1664
1530 1775
1530 1709
1530 1667
1532 1705
1532 1487
1533 1742
1533 1497
1533 1689
1533 1533
1533 1508
1533 1512
1535 1650
1535 1866
1535 1813
1535 1547
1536 1477
1536 1692
1536 1560
1536 1761
1537 1875
1538 1807
1538 1815
1539 1726
1539 1755
1540 1676
1540 1618
1540 1647
1541 1780
1541 1600
1542 1684
1542 1638
1543 1770
1543 1693
1544 1763
1545 1824
1546 1474
1546 1620
1547 1719
1547 1774
1548 1576
1548 1689
1548 1813
1548 1683
1549 1796
1550 1742
1550 1582
1550 1730
1551 1771
1552 1522
1552 1724
1553 1506
1553 1775
1553 1774
1554 1761
1554 1738
1554 1728
1554 1644
1554 1764
1554 1599
1555 1661
1555 1693
1556 1776
1556 1703
1556 1759
1556 1485
1557 1560
1557 1593
1558 1581
1558 1774
1558 1705
1559 1763
1559 1767
1559 1834
1559 1864
1560 1676
1560 1826
1560 1492
1560 1518
1560 1879
1560 1482
1560 1826
1560 1498
1560 1752
1561 1755
1561 1722
1561 1834
1561 1828
1561 1532
1561 1577
1562 1691
1562 1700
1562 1672
1562 1735
1562 1817
1563 1591
1563 1865
1564 1711
1564 1482
1566 1630
1567 1813
1567 1873
1568 1879
1568 1693
1568 1754
1568 1678
1568 1752
1569 1497
1569 1874
1570 1807
1570 1723
1571 1494
1572 1540
1573 1883
1573 1801
1573 1797
1574 1672
1574 1705
1574 1755
1574 1492
1574 1777
1575 1587
1575 1542
1576 1769
1576 1663
1576 1626
1576 1857
1576 1661
1576 1525
1576 1821
1576 1652
1576 1640
1576 1767
1576 1795
1576 1735
1576 1474
1576 1735
1576 1672
1576 1871
1576 1771
1576 1635
1576 1485
1576 1509
1576 1707
1576 1611
1576 1815
1576 1540
1576 1807
1576 1623
1576 1501
1576 1732
1576 1561
1576 1600
1576 1674
1576 1678
1576 1644
1577 1500
1577 1576
1577 1705
1577 1509
1578 1795
1578 1879
1578 1735
1578 1580
1579 1563
1579 1705
1581 1844
1581 1714
1581 1602
1581 1692
1581 1547
1581 1492
1581 1704
1581 1497
1581 1742
1582 1545
1582 1735
1583 1870
1583 1703
1584 1735
1584 1719
1584 1628
1584 1735
1584 1880
1584 1483
1584 1713
1584 1499
1584 1760
1584 1691
1585 1672
1586 1749
1586 1623
1586 1735
1587 1497
1588 1846
1588 1721
1588 1518
1588 1549
1588 1670
1588 1877
1588 1764
1591 1838
1591 1714
1591 1802
1591 1879
1592 1600
1592 1735
1593 1709
1593 1824
1593 1886
1593 1869
1593 1600
1593 1886
1594 1816
1594 1696
1594 1722
1594 1626
1594 1886
1595 1602
1595 1871
1596 1710
1596 1557
1597 1510
1597 1530
1597 1849
1598 1763
1598 1600
1599 1792
1599 1735
1599 1477
1599 1535
1599 1778
1599 1736
1599 1533
1600 1774
1600 1625
1600 1630
1600 1801
1600 1856
1600 1825
1600 1710
1600 1540
1600 1668
1600 1839
1600 1565
1600 1763
1600 1835
1600 1735
1600 1630
1600 1793
1600 1477
1600 1858
1600 1608
1600 1647
1600 1869
1600 1705
1600 1885
1600 1705
1600 1897
1601 1701
1601 1885
1601 1497
1602 1669
1602 1749
1602 1771
1602 1511
1602 1743
1602 1689
1602 1717
1602 1482
1602 1789
1602 1801
1602 1618
1602 1757
1602 1693
1602 1869
1602 1871
1603 1764
1604 1548
1604 1692
1604 1775
1604 1509
1605 1794
1605 1661
1605 1579
1605 1593
1605 1474
1605 1676
1606 1659
1606 1505
1606 1615
1606 1568
1607 1488
1607 1877
1607 1857
1607 1501
1607 1801
1607 1848
1608 1770
1608 1867
1608 1581
1608 1732
1608 1723
1608 1608
1608 1693
1609 1839
1610 1623
1610 1818
1610 1487
1610 1844
1610 1661
1611 1497
1611 1774
1611 1813
1612 1776
1612 1492
1612 1760
1613 1800
1613 1821
1614 1781
1614 1732
1614 1699
1615 1879
1615 1846
1615 1573
1616 1638
1616 1769
1616 1750
1616 1763
1616 1759
1617 1487
1617 1735
1618 1623
1618 1474
1618 1530
1618 1826
1619 1862
1619 1879
1619 1576
1619 1623
1619 1617
1619 1755
1619 1491
1619 1560
1619 1596
1620 1678
1620 1525
1621 1881
1621 1837
1621 1759
1621 1475
1622 1527
1622 1735
1622 1500
1622 1729
1623 1834
1623 1576
1623 1661
1623 1693
1623 1572
1623 1525
1623 1690
1623 1528
1624 1763
1624 1706
1624 1743
1624 1728
1624 1518
1624 1755
1625 1724
1625 1755
1625 1576
1625 1735
1625 1636
1625 1742
1625 1593
1626 1879
1626 1725
1626 1722
1626 1693
1627 1497
1627 1712
1627 1576
1629 1569
1629 1735
1630 1781
1630 1869
1631 1525
1632 1789
1633 1551
1633 1761
1634 1637
1634 1807
1634 1711
1634 1755
1635 1699
1635 1742
1635 1840
1635 1641
1635 1486
1635 1725
1636 1511
1636 1667
1636 1573
1637 1581
1637 1797
1638 1509
1638 1500
1638 1732
1638 1869
1638 1532
1638 1755
1639 1755
1639 1486
1641 1577
1641 1693
1642 1576
1642 1827
1643 1700
1644 1546
1644 1654
1644 1509
1644 1473
1644 1584
1644 1693
1644 1525
1644 1742
1644 1560
1644 1742
1644 1763
1644 1473
1644 1807
1644 1479
1644 1821
1645 1622
1645 1879
1646 1787
1647 1489
1647 1764
1647 1559
1648 1755
1648 1525
1648 1843
1648 1625
1648 1521
1649 1613
1650 1527
1651 1736
1652 1763
1652 1755
1652 1781
1652 1652
1653 1755
1655 1790
1655 1638
1656 1879
1656 1523
1656 1590
1656 1822
1657 1774
1657 1659
1658 1642
1659 1833
1659 1714
1659 1815
1659 1863
1659 1815
1659 1786
1659 1576
1659 1482
1659 1813
1659 1520
1659 1850
1659 1644
1660 1705
1661 1490
1661 1684
1661 1651
1661 1652
1661 1568
1661 1749
1661 1638
1661 1822
1662 1572
1663 1497
1663 1864
1663 1549
1663 1739
1664 1795
1665 1776
1665 1755
1666 1500
1666 1795
1667 1543
1667 1868
1667 1865
1667 1572
1667 1847
1667 1709
1668 1593
1668 1834
1669 1848
1669 1837
1669 1766
1670 1499
1670 1801
1671 1627
1671 1767
1671 1477
1672 1659
1672 1600
1672 1774
1672 1663
1672 1525
1672 1585
1672 1880
1672 1846
1672 1528
1673 1616
1673 1763
1674 1703
1674 1864
1674 1485
1675 1577
1675 1594
1675 1867
1676 1581
1676 1527
1676 1710
1676 1763
1676 1788
1676 1630
1676 1613
1677 1670
1677 1507
1678 1485
1678 1514
1678 1818
1680 1696
1681 1492
1681 1608
1682 1779
1684 1584
1684 1715
1684 1498
1686 1509
1687 1705
1687 1735
1687 1514
1688 1801
1688 1541
1689 1795
1689 1655
1689 1876
1689 1828
1689 1700
1690 1576
1690 1721
1690 1714
1691 1696
1691 1732
1691 1511
1691 1764
1692 1774
1692 1473
1692 1586
1692 1749
1692 1520
1692 1806
1692 1497
1692 1735
1692 1693
1693 1576
1693 1811
1693 1875
1693 1826
1693 1698
1693 1503
1693 1776
1693 1531
1694 1771
1694 1512
1694 1720
1694 1794
1695 1548
1695 1693
1696 1801
1696 1607
1697 1584
1697 1652
1698 1716
1698 1527
1698 1700
1700 1869
1700 1800
1700 1763
1700 1490
1700 1767
1700 1727
1700 1562
1701 1518
1702 1849
1703 1575
1703 1532
1703 1652
1703 1873
1705 1604
1705 1576
1705 1540
1705 1755
1705 1755
1705 1700
1705 1493
1705 1509
1705 1755
1705 1532
1705 1634
1705 1531
1705 1517
1705 1523
1705 1536
1705 1735
1705 1801
1705 1500
1705 1757
1705 1879
1705 1746
1705 1707
1706 1500
1706 1477
1708 1540
1708 1774
1709 1795
1709 1742
1709 1509
1710 1522
1710 1812
1710 1658
1710 1616
1711 1776
1711 1801
1711 1577
1711 1525
1711 1736
1712 1716
1712 1774
1712 1710
1712 1675
1712 1476
1713 1833
1713 1526
1713 1812
1714 1736
1714 1633
1714 1668
1714 1788
1714 1760
1714 1659
1714 1838
1714 1714
1714 1735
1714 1547
1714 1749
1715 1493
1716 1736
1716 1606
1716 1767
1716 1767
1716 1735
1717 1487
1717 1742
1717 1500
1717 1693
1717 1879
1717 1626
1718 1589
1719 1734
1719 1533
1719 1556
1719 1735
1719 1635
1719 1600
1720 1576
1720 1759
1721 1500
1721 1521
1722 1807
1722 1623
1722 1667
1722 1709
1722 1824
1722 1870
1723 1841
1723 1773
1723 1755
1724 1600
1724 1494
1725 1743
1725 1503
1726 1674
1726 1732
1727 1671
1727 1697
1729 1632
1730 1528
1730 1677
1731 1615
1731 1763
1732 1838
1732 1576
1732 1708
1732 1700
1732 1745
1732 1552
1732 1801
1732 1703
1732 1732
1732 1678
1732 1763
1733 1690
1733 1671
1733 1824
1735 1779
1735 1534
1735 1608
1735 1812
1735 1492
1735 1680
1735 1560
1735 1488
1735 1553
1735 1705
1735 1590
1735 1493
1735 1590
1735 1538
1735 1658
1735 1756
1735 1683
1735 1668
1735 1852
1735 1700
1735 1729
1735 1551
1735 1815
1735 1651
1735 1724
1735 1819
1735 1482
1735 1880
1735 1575
1735 1600
1735 1525
1735 1755
1735 1884
1735 1602
1735 1812
1735 1694
1735 1643
1735 1522
1735 1584
1735 1832
1735 1764
1735 1560
1735 1644
1735 1869
1735 1690
1735 1507
1735 1623
1735 1807
1735 1799
1735 1578
1736 1602
1736 1601
1736 1867
1736 1723
1736 1834
1736 1596
1736 1735
1736 1758
1736 1710
1736 1719
1736 1528
1737 1814
1737 1836
1737 1750
1737 1847
1738 1521
1738 1879
1739 1812
1740 1763
1740 1759
1741 1543
1741 1528
1741 1500
1742 1763
1742 1813
1742 1706
1742 1719
1742 1732
1742 1732
1742 1820
1742 1708
1742 1807
1742 1649
1742 1755
1743 1561
1743 1732
1743 1735
1744 1576
1744 1870
1745 1822
1745 1623
1745 1484
1746 1622
1746 1742
1747 1525
1747 1735
1748 1559
1748 1511
1749 1607
1749 1699
1749 1825
1749 1735
1749 1837
1749 1801
1749 1623
1751 1786
1751 1672
1752 1574
1752 1548
1753 1863
1754 1879
1754 1832
1755 1759
1755 1500
1755 1525
1755 1619
1755 1478
1755 1764
1755 1735
1755 1574
1755 1678
1755 1623
1755 1615
1755 1766
1755 1576
1755 1577
1755 1742
1755 1588
1755 1807
1755 1626
1755 1498
1755 1603
1755 1705
1755 1735
1755 1632
1755 1683
1755 1879
1755 1581
1755 1608
1755 1765
1755 1815
1755 1755
1755 1759
1755 1735
1755 1735
1755 1500
1755 1686
1755 1774
1755 1700
1755 1730
1755 1822
1755 1825
1755 1697
1755 1607
1755 1706
1755 1549
1755 1879
1755 1744
1755 1757
1755 1481
1755 1731
1755 1755
1755 1782
1755 1551
1755 1790
1755 1807
1755 1719
1755 1509
1755 1827
1755 1721
1755 1829
1755 1576
1756 1511
1756 1538
1757 1559
1758 1860
1758 1784
1758 1763
1758 1852
1758 1638
1759 1514
1759 1600
1759 1801
1759 1763
1759 1690
1759 1488
1759 1722
1760 1712
1760 1727
1760 1482
1761 1748
1761 1749
1761 1781
1762 1678
1762 1755
1763 1581
1763 1568
1763 1560
1763 1869
1763 1509
1763 1763
1763 1577
1763 1512
1763 1843
1763 1654
1763 1884
1763 1812
1763 1732
1763 1518
1763 1765
1763 1690
1763 1764
1763 1590
1763 1614
1763 1744
1763 1843
1763 1879
1763 1576
1763 1735
1763 1815
1764 1740
1764 1776
1764 1780
1764 1560
1764 1738
1764 1569
1764 1827
1764 1776
1764 1622
1764 1863
1764 1656
1764 1722
1764 1654
1765 1705
1765 1473
1765 1754
1765 1879
1765 1795
1765 1755
1766 1692
1766 1630
1766 1726
1766 1713
1767 1813
1767 1600
1767 1659
1767 1492
1767 1678
1767 1770
1767 1660
1767 1714
1767 1737
1768 1489
1768 1623
1768 1846
1769 1714
1769 1652
1770 1718
1770 1521
1770 1807
1771 1522
1771 1607
1771 1551
1771 1735
1772 1879
1772 1755
1773 1756
1774 1780
1774 1561
1774 1886
1774 1801
1774 1776
1774 1879
1775 1815
1775 1759
1775 1671
1776 1763
1776 1510
1776 1605
1776 1591
1776 1782
1776 1725
1776 1474
1776 1649
1776 1754
1776 1651
1777 1824
1777 1735
1777 1612
1777 1735
1778 1735
1778 1511
1779 1509
1779 1656
1779 1763
1780 1608
1780 1720
1781 1732
1782 1576
1782 1706
1782 1522
1783 1477
1783 1528
1784 1786
1785 1774
1785 1584
1785 1881
1786 1607
1786 1644
1786 1635
1786 1589
1786 1497
1786 1720
1786 1755
1787 1610
1787 1505
1787 1678
1788 1587
1789 1600
1789 1500
1789 1525
1789 1650
1791 1693
1792 1767
1792 1497
1793 1676
1793 1815
1793 1755
1795 1735
1795 1560
1795 1646
1795 1522
1795 1666
1795 1769
1795 1724
1795 1538
1795 1607
1795 1848
1795 1600
1795 1500
1795 1755
1795 1755
1795 1755
1797 1879
1798 1593
1799 1504
1799 1749
1799 1649
1800 1644
1801 1749
1801 1712
1801 1838
1801 1693
1801 1474
1801 1625
1801 1735
1801 1485
1801 1537
1801 1644
1801 1830
1801 1755
1801 1857
1801 1677
1802 1737
1802 1616
1803 1807
1803 1749
1803 1535
1803 1635
1803 1705
1803 1655
1804 1736
1805 1525
1806 1745
1806 1576
1807 1763
1807 1549
1807 1812
1807 1879
1807 1508
1807 1763
1807 1743
1807 1494
1807 1576
1807 1764
1807 1815
1807 1734
1807 1755
1807 1621
1807 1693
1807 1675
1807 1619
1807 1474
1807 1491
1808 1849
1809 1490
1809 1500
1809 1691
1810 1625
1810 1735
1810 1768
1811 1556
1811 1774
1811 1766
1811 1653
1812 1532
1812 1549
1812 1803
1812 1607
1812 1725
1812 1474
1812 1812
1812 1661
1812 1655
1813 1560
1813 1712
1813 1522
1813 1815
1814 1490
1815 1619
1815 1634
1815 1576
1815 1763
1816 1780
1817 1525
1817 1797
1818 1615
1818 1816
1818 1790
1818 1863
1819 1515
1819 1743
1819 1755
1820 1763
1820 1769
1821 1705
1821 1687
1821 1576
1822 1498
1822 1529
1822 1700
1822 1875
1822 1863
1823 1551
1823 1499
1823 1789
1824 1611
1824 1532
1825 1759
1826 1576
1826 1708
1826 1763
1827 1497
1827 1733
1827 1824
1827 1638
1827 1786
1827 1819
1827 1597
1828 1634
1829 1525
1829 1500
1829 1525
1829 1735
1829 1659
1830 1678
1830 1557
1831 1587
1831 1552
1831 1806
1832 1482
1833 1712
1833 1884
1833 1576
1833 1585
1833 1829
1834 1579
1834 1864
1834 1578
1834 1509
1835 1697
1836 1483
1836 1486
1836 1600
1836 1834
1837 1735
1837 1581
1837 1722
1837 1574
1837 1714
1837 1600
1837 1646
1837 1659
1837 1879
1837 1763
1837 1735
1837 1833
1837 1693
1838 1518
1838 1877
1839 1576
1839 1623
1839 1749
1840 1548
1841 1645
1841 1634
1841 1801
1842 1815
1843 1576
1843 1561
1843 1562
1844 1767
1844 1509
1844 1821
1844 1560
1845 1602
1846 1722
1846 1879
1846 1741
1846 1724
1847 1729
1847 1477
1847 1695
1848 1713
1850 1887
1850 1504
1850 1735
1850 1600
1852 1732
1852 1635
1852 1519
1853 1714
1853 1722
1853 1497
1854 1755
1856 1857
1857 1755
1858 1770
1858 1750
1858 1825
1859 1474
1859 1837
1860 1576
1860 1606
1860 1736
1862 1623
1863 1719
1863 1487
1863 1570
1864 1763
1864 1485
1864 1690
1864 1486
1864 1572
1864 1477
1864 1843
1864 1527
1864 1690
1864 1858
1864 1846
1864 1749
1864 1700
1864 1807
1864 1540
1865 1705
1865 1811
1865 1767
1866 1827
1866 1474
1867 1576
1867 1482
1868 1602
1869 1841
1869 1785
1869 1877
1869 1830
1869 1600
1869 1509
1870 1582
1870 1739
1871 1755
1871 1554
1871 1826
1871 1700
1871 1807
1871 1884
1872 1847
1873 1660
1873 1700
1873 1763
1873 1566
1874 1800
1874 1719
1874 1490
1874 1650
1875 1755
1876 1497
1876 1776
1876 1881
1876 1679
1876 1710
1877 1784
1877 1848
1877 1492
1877 1879
1877 1536
1877 1722
1877 1600
1877 1638
1877 1701
1879 1604
1879 1608
1879 1645
1879 1694
1879 1767
1879 1735
1879 1483
1879 1594
1879 1802
1879 1474
1879 1475
1879 1637
1879 1807
1879 1737
1879 1865
1879 1722
1879 1869
1879 1576
1879 1742
1879 1593
1879 1809
1879 1730
1879 1589
1879 1560
1879 1513
1879 1525
1879 1879
1879 1488
1879 1795
1879 1702
1879 1755
1879 1555
1879 1803
1880 1504
1880 1755
1880 1602
1880 1535
1881 1602
1881 1755
1882 1855
1882 1673
1882 1735
1882 1804
1883 1803
1884 1742
1884 1735
1885 1619
1885 1511
1886 1647
1888 1902
1888 1895
1889 1892
1891 1888
1891 1899
1891 1900
1891 1895
1891 1901
1891 1898
1892 1899
1892 1892
1894 1898
1894 1889
1894 1894
1895 1889
1895 1901
1895 1901
1895 1888
1895 1901
1895 1891
1895 1894
1896 1901
1896 1895
1896 1891
1897 1891
1897 1901
1898 1901
1898 1899
1898 1890
1899 1899
1899 1901
1899 1898
1899 1901
1900 1901
1900 1901
1901 1899
1901 1899
1901 1901
1901 1890
1901 1901
1901 1890
1901 1899
1901 1896
1901 1895
1901 1902
1901 1888
1901 1896
1901 1901
1901 1901
1901 1901
1901 1901
1901 1895
1901 1900
1901 1897
1901 1901
1901 1901
1901 1899
1901 1901