2 12
2 29
2 24
2 30
3 3
4 15
6 29
6 320
7 14
8 29
8 192
10 1
11 28
11 23
11 3
11 309
12 0
12 31
12 20
12 11
13 15
15 25
15 19
15 18
15 25
16 15
16 9
16 213
18 22
18 19
19 5
19 30
20 12
20 15
21 9
22 57
24 3
25 0
25 31
27 12
27 58
28 120
29 0
30 30
32 41
34 61
35 41
35 55
36 46
38 58
38 45
39 37
39 56
39 78
40 38
40 44
40 34
40 363
41 48
41 65
43 52
44 62
44 47
44 36
45 62
46 45
46 63
46 54
47 47
48 54
48 334
49 152
50 36
50 86
50 336
51 64
51 55
52 47
54 53
54 125
55 34
58 63
59 37
60 45
61 62
61 60
61 48
62 65
62 260
62 292
63 63
63 77
63 217
63 465
64 454
65 43
65 48
66 86
67 68
68 67
68 108
68 340
69 86
69 92
69 86
69 229
70 77
70 133
71 74
71 71
73 72
74 77
74 185
74 415
74 471
75 82
76 76
76 90
76 86
76 77
77 86
77 227
78 74
78 75
78 415
79 69
79 75
79 90
80 68
81 81
81 348
82 91
82 69
82 74
82 78
82 68
85 81
86 76
86 86
86 73
86 78
86 86
86 76
86 167
86 230
86 379
89 78
90 85
90 69
94 108
94 98
95 108
95 98
96 106
96 107
97 100
97 99
97 231
98 102
98 99
98 99
98 106
100 97
100 107
100 190
102 107
102 102
107 95
107 95
107 98
107 303
108 249
109 109
109 117
109 232
116 127
116 113
117 129
117 129
117 123
117 128
117 236
118 118
118 328
120 132
120 117
120 123
120 113
120 127
120 127
121 125
121 109
121 246
123 121
124 109
124 109
125 121
125 406
125 438
127 120
128 110
128 109
128 197
128 213
128 244
129 114
129 120
129 109
131 117
132 317
133 118
135 149
135 148
135 437
137 151
137 148
137 138
138 194
139 159
139 147
139 204
140 135
141 157
145 149
147 143
147 155
147 159
147 149
147 247
148 152
148 135
148 236
149 139
149 151
151 135
151 159
151 152
151 159
152 152
152 139
154 149
154 146
154 159
154 152
154 155
154 306
155 154
157 137
159 154
160 157
162 172
162 163
162 168
163 169
163 163
165 181
165 176
167 176
167 170
168 172
168 393
169 172
170 178
170 175
170 167
170 441
171 166
172 169
173 175
175 168
176 168
177 176
180 171
180 161
180 170
181 165
182 195
183 199
183 201
183 240
184 320
185 192
186 194
186 309
187 185
187 194
187 189
187 229
188 184
191 182
192 293
193 199
193 199
193 352
194 193
194 198
194 186
194 185
195 206
197 184
198 207
199 206
199 198
200 194
202 192
203 200
204 194
205 192
205 192
205 187
206 195
207 194
208 201
211 217
211 242
211 233
212 305
213 235
213 232
213 217
214 215
214 229
215 241
215 227
216 216
216 216
216 231
217 242
217 227
217 213
218 217
221 213
222 233
226 229
227 233
227 230
227 309
228 249
229 217
229 239
229 221
230 217
230 369
231 217
231 230
231 223
231 216
233 230
233 221
233 216
233 306
233 393
233 463
235 241
239 214
239 244
239 242
239 233
239 231
239 233
239 442
240 242
241 218
242 239
242 242
242 242
243 229
244 217
244 222
244 246
244 221
245 229
246 229
246 246
246 454
248 233
250 255
250 253
250 253
253 250
254 256
255 252
257 260
257 257
258 261
258 267
259 266
260 264
260 262
260 258
263 259
264 259
268 261
269 259
269 257
270 270
271 272
273 275
274 274
274 273
279 303
279 284
281 287
283 277
287 298
287 302
290 353
292 284
292 304
292 303
292 277
293 290
294 298
295 303
296 278
296 281
296 292
296 286
298 277
299 301
299 293
300 304
300 297
300 299
300 295
301 300
301 344
302 295
304 287
305 320
305 336
306 334
306 336
306 340
306 319
309 337
309 336
310 340
310 461
312 336
314 319
314 317
314 314
314 317
314 310
314 320
317 321
317 344
318 320
319 338
319 322
319 338
319 335
319 320
319 314
319 312
320 319
320 312
320 324
320 313
320 324
321 338
321 344
322 324
322 307
322 355
325 317
326 319
326 320
327 320
327 327
332 322
333 324
334 323
336 324
336 322
339 319
340 333
340 328
341 312
343 323
344 319
344 405
347 356
347 348
348 350
350 351
350 355
353 353
353 353
353 353
353 352
353 361
353 446
354 360
355 353
355 359
356 360
356 349
359 346
359 359
359 354
360 352
361 354
362 373
362 373
362 373
362 375
363 378
365 365
366 367
366 373
367 371
367 362
368 368
368 371
368 372
369 363
369 368
371 366
371 370
373 364
374 369
376 363
378 366
380 380
383 380
385 385
385 379
385 386
386 379
386 382
387 387
387 387
387 387
389 391
390 390
391 387
391 393
391 392
392 387
393 387
393 393
394 391
395 398
395 395
397 398
397 391
398 391
399 410
400 410
400 416
400 404
400 409
401 410
401 423
401 417
401 413
403 422
404 404
404 401
404 409
404 417
407 407
408 417
408 400
409 409
409 416
410 409
410 411
410 413
411 401
411 408
412 414
415 417
416 424
416 418
417 410
417 400
418 417
419 419
419 411
424 411
424 411
429 428
429 429
429 428
429 428
431 433
431 432
431 433
431 431
433 432
436 434
436 435
437 437
437 458
438 461
438 437
440 440
441 464
442 439
446 450
447 448
447 446
450 462
452 447
453 455
455 462
456 459
456 463
457 461
457 437
457 464
461 451
461 452
462 463
462 457
463 454
464 463
464 439
464 452
464 461
465 448
465 455
468 474
468 476
468 473
472 471
473 468
474 467
475 473
475 478
477 474
477 468
478 473
479 480
479 473
479 482
480 467
481 481
481 479
481 469
482 479
482 471
484 483
485 485
486 486
487 490
487 487
489 489
491 493
493 491
494 495
496 494
496 495
498 499
499 499