0 8
0 846
0 1136
1 36
1 36
1 153
1 110
1 19
1 1034
2 109
2 155
2 126
2 2
2 47
2 1454
3 117
3 177
3 372
3 509
4 924
5 18
5 117
5 96
5 48
5 81
5 8
5 968
5 1256
6 170
6 48
6 540
6 555
7 83
7 1106
8 76
8 42
8 10
8 117
8 8
8 181
8 57
8 37
8 63
8 38
8 104
8 64
8 83
8 62
8 388
8 434
8 428
8 708
8 944
8 1079
8 1091
8 1183
8 1196
8 1275
8 1409
9 95
9 639
10 54
10 14
10 304
10 723
10 1265
10 1391
10 1410
11 148
11 64
11 76
11 49
11 158
11 8
11 126
11 189
11 19
11 943
13 36
13 889
13 1286
14 84
14 76
14 30
14 122
14 178
14 428
15 74
15 306
15 1438
16 9
16 76
16 151
16 173
16 168
16 105
16 77
16 183
16 68
16 153
16 186
16 35
16 16
16 151
16 48
16 2
16 5
16 163
16 297
16 363
16 306
16 388
16 681
16 717
16 789
16 1005
16 1106
16 1173
16 1265
16 1459
17 62
17 140
17 136
17 341
17 733
17 1085
18 121
18 38
18 59
18 83
18 162
18 7
18 23
18 76
18 220
18 323
18 652
18 698
18 1075
18 1079
20 51
20 66
20 162
20 78
20 51
20 39
20 158
20 298
20 444
20 887
20 963
21 121
21 77
21 509
22 408
23 88
23 104
23 1040
24 104
24 132
24 37
24 745
25 68
25 1112
25 1082
26 163
26 38
26 313
27 103
27 32
27 56
27 69
27 97
27 60
27 36
27 126
27 755
28 76
28 220
28 313
28 1078
28 1147
28 1265
28 1446
29 378
31 35
31 110
31 54
31 31
31 297
31 306
31 933
31 1147
32 165
32 64
32 89
33 133
33 94
33 82
33 58
33 167
33 76
33 271
34 56
34 39
34 54
34 1367
35 47
35 141
35 8
35 136
35 18
35 492
35 1093
35 1143
36 82
36 38
36 111
36 141
36 10
36 76
36 13
36 149
36 188
36 111
36 279
36 880
36 1336
36 1406
36 1435
37 1153
38 189
38 20
38 38
38 136
38 75
38 140
38 84
38 56
38 160
38 159
38 76
38 189
38 93
38 73
38 43
38 48
38 168
38 178
38 20
38 16
38 371
38 509
38 508
38 536
38 581
38 557
38 713
38 785
38 751
38 893
38 997
38 1112
38 1109
38 1155
38 1153
38 1174
38 1289
38 1314
38 1331
38 1419
38 1435
39 109
39 7
39 41
39 172
39 163
39 44
39 33
39 16
39 107
39 168
39 605
39 1143
39 1144
39 1144
39 1348
39 1438
39 1464
39 1448
40 314
41 95
41 39
41 47
42 76
43 30
43 126
43 172
43 139
43 64
43 189
43 198
43 395
43 871
44 68
44 44
44 766
44 1423
44 1435
45 117
45 155
45 56
45 155
45 104
45 274
45 616
45 1075
45 1078
45 1421
46 89
46 8
46 92
46 1076
46 1401
47 36
47 74
47 148
47 43
47 45
47 492
48 36
48 136
48 43
48 177
48 128
48 183
48 139
48 1287
48 1435
49 170
49 136
49 122
49 1057
50 126
50 80
51 161
51 77
51 718
51 1144
51 1385
52 83
52 128
52 13
52 1132
52 1163
53 404
54 41
54 161
54 41
54 5
54 168
54 906
54 1080
54 1083
55 73
55 163
55 16
55 133
55 1081
55 1147
55 1144
56 140
56 605
56 1265
57 0
57 58
57 106
57 162
57 193
57 318
57 806
57 793
57 1091
57 1190
57 1423
58 8
58 118
58 139
58 489
58 843
58 1430
58 1464
59 91
59 45
59 86
59 77
59 73
59 93
59 183
59 163
59 554
60 84
60 116
60 169
60 155
60 161
60 375
61 92
61 76
61 26
61 14
61 103
61 245
61 1169
61 1370
62 152
62 19
63 82
63 94
63 76
63 54
63 136
63 169
63 76
63 168
63 318
63 329
63 324
63 459
63 504
63 656
63 907
63 1002
63 988
63 1082
64 76
64 82
64 141
64 95
65 54
66 153
66 81
66 185
66 185
66 1076
67 184
67 240
67 824
68 7
68 141
68 74
68 91
68 171
68 11
68 1081
68 1449
69 156
69 74
70 126
70 55
70 1080
71 54
71 136
71 126
71 116
71 8
72 150
72 103
72 31
72 670
73 120
73 171
73 524
73 552
73 627
73 888
73 1334
74 8
74 58
74 184
74 6
74 109
74 105
74 132
74 16
74 93
74 156
74 141
74 16
74 148
74 186
74 50
74 68
74 38
74 100
74 93
74 38
74 76
74 172
74 14
74 112
74 155
74 267
74 492
74 494
74 608
74 1049
74 1182
74 1208
74 1248
74 1265
74 1254
74 1309
74 1457
74 1464
75 13
75 133
75 63
75 147
76 127
76 70
76 23
76 173
76 155
76 171
76 20
76 76
76 42
76 109
76 148
76 180
76 78
76 72
76 70
76 45
76 148
76 86
76 81
76 116
76 111
76 34
76 52
76 133
76 86
76 155
76 36
76 38
76 60
76 206
76 361
76 357
76 383
76 469
76 509
76 507
76 601
76 717
76 768
76 811
76 1082
76 1103
76 1091
76 1189
76 1240
76 1236
76 1351
76 1425
76 1435
76 1464
76 1470
77 8
77 140
77 16
77 163
77 95
77 331
77 369
77 1082
77 1281
77 1365
77 1380
78 91
79 163
79 1076
79 1078
79 1425
80 93
80 245
80 413
80 443
81 16
81 69
81 20
81 103
81 74
81 196
81 200
81 992
81 1146
81 1203
81 1454
82 76
82 77
82 76
83 151
83 173
83 17
83 112
83 47
83 48
83 23
83 126
83 16
83 492
83 601
83 1002
83 1153
83 1417
84 73
84 44
84 1068
84 1313
85 170
85 33
85 120
85 73
85 3
85 507
85 1147
86 62
86 1090
86 1296
88 136
88 8
88 507
88 1419
89 38
89 8
89 68
89 163
89 793
89 1026
89 1069
89 1145
90 76
90 39
90 183
90 155
90 122
90 254
90 436
90 1089
90 1380
90 1464
91 142
91 188
91 156
91 158
91 507
92 17
92 10
92 76
92 20
92 46
92 81
92 77
92 396
92 410
92 1444
93 18
93 148
93 165
93 10
93 59
93 37
93 497
93 669
93 694
93 706
93 787
93 918
93 1068
93 1145
93 1181
93 1458
94 83
94 189
94 220
94 345
95 76
95 99
95 95
95 38
95 96
95 136
95 74
95 120
95 172
95 142
95 389
95 322
95 545
95 822
95 1295
95 1419
95 1400
95 1424
95 1438
95 1446
96 139
96 54
96 76
96 76
96 131
96 175
96 63
96 158
96 247
96 485
96 479
96 834
96 1217
97 47
98 92
98 1159
99 123
99 112
99 77
99 103
99 610
99 1049
99 1465
100 10
100 443
100 601
100 1289
101 76
101 48
101 547
102 86
102 93
102 1042
103 8
103 145
103 150
103 136
103 20
103 38
103 59
103 376
103 356
103 334
103 389
103 591
103 1070
103 1162
103 1263
104 96
104 60
104 59
104 893
104 906
104 1256
105 91
105 126
105 76
105 78
105 517
105 1083
105 1252
106 35
106 126
106 298
107 140
107 136
107 28
107 162
107 1088
107 1076
108 0
108 363
109 113
109 38
109 70
109 103
109 113
109 73
109 127
109 2
109 380
109 551
109 594
109 998
109 1336
109 1351
109 1420
110 172
110 315
110 1275
111 17
111 140
111 145
111 16
111 616
112 76
112 116
112 151
112 213
112 992
113 156
113 956
115 76
115 615
115 820
116 86
116 155
117 163
117 122
117 1287
118 17
118 52
118 153
118 61
118 505
119 136
119 1109
120 85
120 38
120 1156
121 38
121 8
121 128
121 89
121 167
121 77
121 128
121 93
121 173
121 0
121 266
121 496
121 972
121 1265
122 110
122 74
122 113
122 168
123 92
123 49
124 144
124 64
124 54
124 1
124 773
126 31
126 76
126 96
126 140
126 93
126 161
126 43
126 45
126 61
126 39
126 99
126 238
126 342
126 581
126 600
126 823
126 1026
126 1054
126 1080
126 1240
126 1296
126 1394
127 39
127 160
127 141
127 259
127 385
127 479
127 495
127 746
127 1263
128 83
128 178
128 326
128 760
128 1075
128 1454
129 786
131 39
131 139
131 74
131 109
131 38
131 16
131 80
131 784
131 883
131 1151
131 1147
132 32
132 41
132 103
132 298
132 614
133 141
133 76
133 52
133 48
133 39
133 151
133 2
133 31
133 113
133 249
133 1106
134 38
134 127
135 139
135 844
135 953
135 1110
136 77
136 142
136 93
136 79
136 3
136 43
136 198
136 212
136 1225
136 1437
137 76
137 1051
137 1419
138 164
139 122
139 148
139 51
139 181
139 39
139 76
139 158
139 457
139 646
139 1053
139 1079
139 1330
139 1436
140 38
140 84
140 178
140 17
140 19
140 95
140 39
140 431
140 964
140 1070
140 1227
140 1435
140 1456
141 163
141 73
141 4
141 117
141 1135
141 1252
142 63
142 73
142 122
142 163
142 187
142 30
142 74
142 527
142 540
142 768
142 773
143 28
143 283
143 407
143 1090
144 161
144 38
144 79
144 620
144 921
144 1437
145 90
145 163
147 163
147 40
147 83
147 149
147 1070
147 1220
147 1436
148 89
148 148
148 76
148 131
148 76
148 115
148 298
148 313
148 399
148 400
148 527
148 628
148 633
149 105
149 52
149 43
149 76
149 104
149 180
149 121
149 293
149 465
149 835
149 1082
150 105
150 1241
151 126
151 183
151 63
151 89
151 17
151 104
151 21
151 3
151 14
151 27
151 173
151 245
151 251
151 783
151 1053
151 1078
151 1286
151 1454
153 175
153 76
153 1097
153 1218
153 1405
154 60
154 30
154 895
154 1161
155 139
155 35
155 44
155 96
155 1072
155 1144
155 1154
155 1129
155 1262
155 1391
156 133
156 54
156 174
156 122
158 17
158 16
158 54
158 352
159 59
159 69
159 50
159 307
159 477
159 1451
160 89
160 141
160 38
160 163
160 1466
161 59
161 49
161 20
161 160
161 76
161 428
161 492
161 756
161 774
161 1034
161 1096
161 1192
161 1359
161 1374
162 38
162 63
162 150
162 148
162 109
162 823
162 1026
162 1083
162 1115
162 1145
162 1348
163 10
163 94
163 90
163 142
163 93
163 140
163 43
163 36
163 26
163 132
163 113
163 56
163 582
163 694
163 753
163 1039
163 1083
163 1104
163 1240
163 1253
163 1311
164 16
164 1177
164 1213
164 1268
164 1419
164 1437
165 139
165 235
165 1144
166 1263
167 38
167 153
167 142
167 149
167 734
167 1121
168 151
168 36
168 42
168 172
168 16
168 383
168 363
168 430
168 662
168 752
168 1079
168 1395
168 1455
169 21
169 38
169 1079
169 1258
170 50
170 76
170 78
170 115
170 80
170 552
170 1435
171 170
171 62
171 522
172 35
172 172
172 163
172 154
172 84
172 41
172 1104
172 1301
173 148
173 140
173 149
173 88
173 154
173 116
173 68
173 465
173 888
173 988
173 1154
174 16
174 92
174 165
174 161
174 2
174 1226
175 6
175 136
175 389
176 43
176 60
176 68
176 38
176 1055
176 1435
177 160
177 76
177 38
177 149
177 644
177 911
177 971
178 86
178 109
178 313
178 1300
178 1406
178 1460
179 140
179 36
179 93
179 78
179 368
180 142
180 1252
181 11
181 83
181 1090
182 1419
183 47
183 56
183 177
183 751
184 184
184 77
184 81
185 20
185 102
185 437
185 421
185 805
185 1442
186 27
186 112
186 16
186 132
186 76
186 93
186 131
186 148
186 213
186 382
186 860
186 1015
187 148
187 35
188 117
188 46
189 6
189 44
189 185
189 5
189 247
189 1159
189 1423
190 39
190 16
191 272
191 252
191 286
191 440
191 661
191 1189
192 293
192 263
192 292
192 203
192 1094
193 222
193 294
193 248
193 278
193 240
193 198
193 290
193 390
193 486
193 428
193 1039
193 1123
193 1362
194 205
194 990
195 293
195 276
195 241
195 209
195 340
195 423
195 627
195 694
195 978
195 1438
196 229
196 199
196 294
196 220
196 212
196 232
196 294
196 650
197 247
197 216
197 259
197 267
197 198
197 215
197 428
197 942
197 1456
198 248
198 252
198 264
198 193
198 198
198 204
198 293
198 444
198 486
198 1423
199 282
199 241
199 252
199 601
199 644
199 694
199 1281
200 493
200 1369
201 258
201 197
201 235
202 242
203 223
203 266
204 241
204 201
205 233
205 218
205 829
206 226
206 272
206 240
206 1084
207 252
207 195
207 252
207 241
207 425
208 193
208 238
208 214
208 224
209 205
209 235
209 220
209 645
209 873
210 195
210 273
210 262
210 198
210 195
210 645
210 822
211 282
211 635
212 242
212 279
212 244
212 238
212 272
212 293
212 264
212 652
212 758
212 824
213 245
213 283
213 233
213 256
213 502
214 195
214 280
214 255
214 192
214 240
214 193
214 862
214 944
215 267
215 216
215 196
215 403
215 747
216 293
216 235
216 228
216 216
216 214
216 252
216 220
216 255
216 212
216 283
216 248
216 483
217 271
217 272
218 252
218 198
218 199
218 466
218 654
218 1423
218 1466
219 247
220 213
220 195
220 279
220 294
220 197
220 205
220 196
220 273
220 620
220 710
220 1383
221 195
221 193
221 228
222 283
222 240
222 282
222 255
222 205
222 235
222 275
222 260
222 304
223 197
223 483
224 259
224 228
224 278
224 290
224 245
224 434
225 283
225 241
225 235
225 213
225 535
225 1204
226 209
227 207
228 196
228 259
228 196
228 267
228 254
228 288
228 1332
229 206
229 254
229 258
229 278
229 201
229 395
229 655
230 254
230 211
230 472
230 588
230 702
230 1041
230 1301
230 1419
231 277
231 237
231 635
233 282
233 292
233 1192
233 1263
233 1296
234 207
234 222
234 238
235 240
235 196
235 237
235 236
235 208
235 246
235 226
235 290
235 239
235 281
235 241
235 434
235 546
235 1358
236 206
236 283
236 272
237 207
237 734
238 193
238 240
238 205
238 288
238 233
238 240
238 195
238 209
238 242
238 239
238 358
238 428
238 416
238 432
238 1419
239 238
239 241
239 214
239 238
239 225
239 201
239 283
239 439
239 644
239 682
239 862
239 1003
239 1066
239 1142
240 233
240 239
240 214
240 241
240 280
240 237
240 468
240 469
240 993
241 260
241 218
241 238
241 225
241 222
241 224
241 278
241 206
241 234
241 222
241 241
241 229
241 267
241 428
241 1047
241 1454
242 218
242 220
242 265
242 277
242 241
242 670
242 666
243 277
243 252
243 233
244 230
244 265
244 193
244 230
244 427
245 244
245 283
245 231
245 290
245 232
245 434
245 589
245 581
245 672
245 929
245 1138
246 277
246 239
246 252
246 284
246 1087
247 229
247 240
247 226
247 508
247 492
247 1294
248 247
248 638
250 262
250 917
250 1232
251 233
251 252
251 255
251 1470
252 209
252 248
252 212
252 265
252 290
252 212
252 283
252 193
252 235
252 238
252 212
252 269
252 288
252 269
252 258
252 402
252 1114
252 1070
252 1323
253 198
253 238
253 1075
254 228
254 235
254 209
254 246
254 198
254 259
254 211
254 209
254 222
254 222
254 857
254 850
255 250
255 196
255 241
255 240
255 244
255 227
255 238
255 228
255 922
255 1084
255 1210
255 1289
255 1378
256 218
256 290
256 269
256 195
256 246
256 216
257 252
257 662
257 623
258 196
258 239
258 515
259 217
259 207
259 255
259 274
259 264
259 193
259 260
259 313
259 1032
259 1351
260 294
260 213
260 197
261 207
262 268
262 197
262 486
262 1445
263 196
263 229
263 210
263 391
263 495
263 751
264 214
264 271
264 247
264 192
264 250
264 277
264 199
264 228
264 239
264 1184
265 270
265 257
265 202
265 267
265 217
265 275
265 212
265 238
265 270
265 623
265 707
265 793
265 1051
265 1205
266 250
266 210
266 265
267 245
267 233
267 294
267 193
267 198
267 286
267 281
268 280
268 232
268 235
268 194
268 1222
269 210
269 201
269 283
269 195
269 821
269 1229
269 1240
270 245
270 193
271 273
271 196
271 276
272 235
272 264
273 192
273 264
273 224
273 239
273 590
273 862
274 245
274 278
274 261
274 436
274 486
274 583
274 632
274 1261
275 218
275 238
275 215
275 285
275 259
275 1401
276 249
276 278
276 235
276 239
276 275
276 373
277 276
277 248
277 243
278 214
278 259
278 478
278 430
279 241
279 283
280 283
280 243
280 234
280 252
280 256
280 228
280 244
280 249
280 221
280 244
280 276
280 447
280 655
281 255
281 294
281 239
281 641
281 1159
282 235
282 215
282 197
282 252
282 424
282 1187
283 213
283 243
283 277
283 263
283 232
283 280
283 252
283 197
283 231
283 216
283 242
283 286
283 259
283 255
284 241
284 216
284 244
284 283
284 273
284 195
284 457
285 294
285 197
285 240
285 241
285 223
285 216
285 239
286 289
286 191
286 205
286 265
286 197
286 428
286 440
286 1069
287 240
287 205
287 197
287 239
288 241
288 220
288 286
288 205
289 272
290 235
290 1144
292 191
293 206
293 236
293 244
293 270
293 280
293 229
293 454
294 240
294 282
294 275
294 276
294 221
294 236
294 286
294 222
294 306
294 741
294 751
296 352
296 777
297 306
297 369
297 296
297 322
297 383
297 383
297 798
297 1255
298 321
298 340
298 311
298 363
298 395
298 370
298 298
298 330
298 383
298 1007
298 988
298 1079
299 385
300 383
301 1279
302 383
302 318
304 302
304 899
305 916
306 328
306 306
306 306
306 392
306 383
306 298
306 298
306 346
306 381
306 530
306 717
306 694
306 852
306 1038
306 1106
306 1286
307 345
307 342
307 767
307 1469
308 304
309 389
310 302
310 313
310 310
311 383
311 356
311 372
311 567
312 306
313 322
313 375
313 1168
313 1380
313 1435
314 373
314 1134
315 389
315 521
315 1075
316 433
318 1406
320 313
320 765
320 837
321 360
321 752
321 1445
322 371
322 396
323 1378
324 315
324 318
325 361
327 346
327 875
328 386
330 316
331 326
331 391
331 356
331 383
332 312
332 383
332 552
333 297
334 1297
335 380
335 335
335 690
335 1159
336 386
336 344
336 318
336 306
336 369
337 370
337 304
337 366
337 1356
338 340
338 336
338 346
338 386
338 306
338 383
338 757
338 1316
338 1380
339 541
340 346
340 338
340 383
340 323
340 390
340 376
340 297
340 388
340 306
340 1142
340 1217
341 381
341 383
341 1002
342 383
342 355
342 981
343 366
345 387
345 298
346 366
346 378
346 306
346 338
346 321
346 314
346 1038
350 389
351 318
352 327
352 457
352 404
352 567
353 326
353 479
354 1400
355 337
355 346
356 345
356 625
356 782
356 848
356 1136
357 357
357 440
359 382
360 918
361 328
361 372
361 337
361 492
361 955
361 1244
361 1232
363 359
363 947
363 1075
366 393
366 331
368 298
368 306
369 383
369 396
369 666
369 1161
369 1450
369 1471
370 314
370 389
371 324
371 321
372 350
372 395
372 318
372 366
372 473
372 803
372 1168
373 327
373 311
373 329
373 803
375 327
375 1193
375 1454
376 396
376 396
376 369
376 383
376 299
376 494
376 973
376 1051
376 1251
376 1394
378 298
378 370
378 713
378 1078
379 313
379 1454
380 383
380 452
380 1454
381 305
381 383
381 534
381 1438
382 390
382 388
382 1449
383 395
383 320
383 327
383 366
383 376
383 383
383 365
383 367
383 368
383 383
383 320
383 298
383 336
383 369
383 371
383 353
383 324
383 382
383 313
383 318
383 361
383 372
383 390
383 319
383 375
383 300
383 338
383 428
383 545
383 496
383 623
383 623
383 702
383 1108
383 1149
383 1258
384 383
385 389
386 391
386 555
387 379
387 373
387 320
387 396
387 1331
388 321
388 366
388 309
388 336
388 391
388 327
388 873
388 1329
389 375
389 363
389 387
389 298
390 320
390 580
391 383
391 328
391 352
391 383
391 615
391 835
391 1143
391 1237
391 1278
392 383
393 298
393 389
394 296
394 1091
395 397
395 353
395 1005
395 1351
396 366
396 383
396 298
396 298
396 566
396 764
396 779
396 1033
396 1108
396 1189
396 1325
397 325
397 352
398 411
399 403
399 483
399 405
399 466
399 453
399 428
399 1237
399 1351
399 1412
400 457
400 427
400 462
400 428
400 428
400 489
401 463
401 428
401 403
401 458
401 454
401 540
402 403
402 446
402 1236
403 400
403 407
403 428
403 398
403 428
403 670
403 1008
404 555
405 486
405 424
406 462
406 406
406 443
406 447
407 475
407 1069
408 465
408 453
408 433
408 428
408 464
408 433
409 465
409 410
410 458
410 485
410 434
410 613
410 959
410 1204
410 1258
410 1459
411 403
411 453
411 413
411 411
411 1400
412 1371
413 486
413 443
413 478
413 433
413 428
413 472
413 421
413 454
413 407
413 644
415 466
415 413
416 483
416 468
416 443
416 461
416 476
416 457
417 434
417 454
417 1380
418 625
419 450
419 1432
420 679
420 735
420 1094
421 457
421 422
421 485
421 447
421 470
421 430
421 901
421 1176
422 420
422 1331
424 443
424 421
424 428
424 425
424 483
424 432
424 403
424 481
424 430
424 552
424 591
424 1239
425 486
425 477
425 1032
425 1419
426 485
426 462
426 1225
427 428
427 1076
428 428
428 403
428 468
428 432
428 486
428 444
428 453
428 454
428 441
428 440
428 426
428 468
428 443
428 438
428 413
428 428
428 400
428 410
428 407
428 409
428 475
428 433
428 463
428 457
428 454
428 427
428 440
428 400
428 434
428 428
428 454
428 403
428 481
428 636
428 757
428 796
428 886
428 910
428 1008
428 1031
428 1066
428 1108
428 1136
428 1253
428 1298
429 443
430 428
430 457
430 409
430 417
430 435
430 502
430 600
431 626
431 828
432 418
432 464
432 428
432 837
432 1005
433 441
433 458
433 482
433 416
433 434
433 405
433 466
433 425
433 444
433 426
433 483
433 468
433 447
433 433
433 413
434 434
434 444
434 457
434 428
434 430
434 443
434 473
434 1243
436 465
436 415
436 428
436 454
436 484
436 461
436 429
436 466
437 779
438 465
438 434
438 453
438 465
438 465
438 468
438 434
438 1240
439 405
439 1330
440 409
440 399
440 444
440 408
440 1125
441 439
441 483
441 435
441 468
441 453
441 453
441 650
441 1053
442 403
442 1180
443 407
443 454
443 427
443 477
443 483
443 434
443 483
443 408
443 444
443 513
443 800
443 882
444 459
444 464
444 454
444 476
444 403
444 421
444 470
444 444
444 504
444 615
445 431
445 408
445 428
445 616
445 1174
445 1423
447 416
447 399
447 403
447 539
447 567
447 768
447 830
448 433
448 472
448 470
448 1075
448 1249
449 462
450 466
450 1348
451 483
452 399
453 441
453 486
453 457
453 426
453 433
453 416
453 409
453 482
453 457
453 877
453 944
453 1083
453 1361
454 434
454 468
454 453
454 479
454 483
454 483
454 399
454 477
454 1224
454 1274
454 1465
455 457
455 453
455 465
455 483
455 444
455 507
455 615
455 993
456 486
456 416
457 455
457 455
457 428
457 406
457 482
457 484
457 597
457 1197
457 1274
458 408
458 936
459 1444
460 479
460 640
461 479
461 409
461 441
461 473
461 465
461 1247
461 1212
462 475
462 442
462 436
462 484
462 428
462 430
463 460
463 417
463 444
463 492
463 662
463 1309
464 453
464 440
465 428
465 484
465 476
465 408
465 446
465 435
465 468
465 399
465 439
465 399
465 474
465 399
465 433
465 424
465 428
465 412
465 769
465 959
465 1143
465 1326
465 1300
466 428
466 416
466 465
466 485
467 460
467 453
467 433
468 454
468 429
468 465
468 453
468 454
468 921
468 1380
468 1370
471 454
472 409
472 403
472 786
473 465
473 436
473 454
473 470
473 440
473 853
474 694
474 844
475 441
476 466
476 407
477 485
477 427
477 473
477 445
477 468
477 1240
477 1213
478 444
478 399
478 441
478 428
478 444
478 1160
478 1189
479 441
479 470
479 410
479 423
479 408
479 416
479 406
479 1083
480 428
480 428
480 399
480 1470
481 441
481 483
481 481
481 463
481 432
481 465
481 433
481 518
482 436
482 413
482 403
482 457
482 1027
482 1040
482 1147
482 1454
483 399
483 430
483 454
483 481
483 681
483 719
483 1039
483 1281
484 466
484 463
484 410
484 449
484 457
484 482
484 554
484 1400
486 421
486 455
486 407
486 408
486 457
486 717
486 1147
487 492
488 537
489 508
489 514
489 1106
490 494
491 493
492 507
492 546
492 535
492 492
492 506
492 494
492 522
492 542
492 539
492 524
492 492
492 492
492 511
492 546
492 545
492 506
492 492
492 507
492 497
492 519
492 521
492 492
492 542
492 530
492 516
492 515
492 504
492 513
492 507
492 491
492 492
492 542
492 494
492 530
492 492
492 526
492 531
492 539
492 745
492 821
492 865
492 998
492 1015
492 1106
492 1160
492 1197
492 1181
492 1315
492 1423
492 1406
493 527
493 492
493 506
494 507
494 544
494 515
494 515
494 492
494 616
494 822
494 822
495 509
495 513
495 499
495 492
495 526
495 615
495 1437
496 521
497 526
497 507
497 515
497 1470
498 496
498 489
498 492
498 512
498 574
498 1001
498 1038
498 1109
498 1351
499 507
499 492
499 507
499 521
499 515
499 524
499 1398
500 493
500 492
500 508
500 646
501 531
502 532
502 525
502 507
502 542
502 1322
504 508
504 507
504 502
504 492
504 776
504 858
505 499
505 627
506 492
506 542
506 492
506 492
506 524
506 1233
507 540
507 551
507 515
507 487
507 492
507 495
507 507
507 508
507 513
507 506
507 508
507 534
507 492
507 542
507 502
507 521
507 530
507 492
507 492
507 774
507 848
507 1044
507 1070
507 1199
507 1316
507 1380
507 1437
508 492
508 526
508 515
508 548
508 492
508 492
508 518
508 870
508 1027
509 517
509 507
509 524
509 944
511 495
511 540
511 1309
512 492
512 540
512 542
512 781
513 500
513 492
513 502
513 1263
514 524
514 1093
515 504
515 546
515 492
515 492
515 492
515 515
515 519
515 492
515 506
515 576
515 714
515 684
515 717
515 744
515 898
515 1318
515 1358
516 493
516 551
516 492
516 577
517 503
517 507
517 1323
517 1417
518 498
518 534
519 500
519 507
519 537
519 508
519 508
519 788
519 1144
519 1240
519 1391
520 492
520 507
520 498
520 1400
521 527
524 499
524 545
524 526
524 1016
525 539
525 551
525 541
525 717
526 491
526 511
527 514
527 508
527 531
527 1342
528 542
528 546
529 492
529 513
529 1236
530 487
530 499
530 524
530 542
530 906
530 1466
531 507
531 497
531 782
531 1039
531 1253
532 518
532 534
532 540
532 515
534 492
534 551
534 1423
535 507
535 530
537 507
537 523
537 532
537 1095
539 499
539 492
539 665
540 531
540 510
540 496
540 516
540 515
540 540
540 513
540 494
540 494
540 758
540 735
540 998
540 1159
540 1176
540 1362
540 1353
540 1454
541 492
541 703
542 495
542 548
542 515
542 501
542 1061
544 492
544 533
544 566
544 754
545 519
545 548
545 492
545 520
545 525
545 524
545 574
545 1038
545 1032
545 1082
546 513
546 502
546 537
546 492
546 491
546 502
546 534
546 540
546 505
546 591
546 1054
547 508
547 508
548 515
548 492
548 534
548 522
548 904
548 1076
548 1265
549 546
550 1351
551 508
551 576
552 555
552 574
552 601
552 571
552 603
552 598
552 608
552 578
552 552
552 610
552 586
552 582
552 610
552 575
552 610
552 960
552 1008
552 1070
552 1135
552 1207
552 1418
552 1468
553 614
554 586
554 582
554 571
554 610
555 595
555 552
555 567
555 563
555 590
555 961
555 1017
555 1243
555 1331
557 578
557 936
558 611
559 610
561 582
562 602
562 607
562 554
562 613
563 582
564 591
564 555
564 594
564 552
564 771
564 834
564 1082
564 1343
564 1446
565 567
565 552
565 577
566 581
566 552
567 604
567 600
567 586
567 552
567 780
567 1326
568 598
569 562
569 598
569 579
569 1002
570 581
570 555
570 1154
571 608
571 582
571 571
571 555
571 809
571 1084
574 610
574 602
574 580
574 606
574 589
574 587
574 602
574 1400
575 561
575 602
575 601
575 587
575 602
575 596
575 604
575 564
575 600
575 739
576 562
576 1050
576 1153
576 1316
576 1423
576 1471
577 605
577 562
577 603
577 963
578 606
578 578
578 575
578 575
578 555
578 562
578 570
578 578
578 802
578 1435
579 601
579 600
579 553
579 582
579 1263
580 574
580 583
580 1200
581 578
581 613
581 577
581 605
581 595
581 555
581 602
581 589
581 598
581 598
581 610
581 552
581 588
581 959
581 959
581 1139
582 552
582 586
582 577
582 554
582 600
582 552
582 594
582 553
582 571
582 586
582 600
582 561
582 724
582 899
582 963
582 1070
582 1079
582 1129
583 552
583 605
584 591
584 567
585 582
585 571
585 608
585 1153
586 575
586 607
586 710
586 972
586 1218
587 554
587 558
587 1104
588 608
589 603
589 606
589 582
589 598
589 657
589 1305
590 575
590 581
590 557
590 582
590 1409
591 581
591 572
591 591
591 1005
591 1137
592 601
593 587
593 596
593 589
594 575
594 582
594 582
594 613
594 602
594 578
594 608
595 566
595 586
595 582
595 581
595 554
595 797
595 1123
596 591
596 1272
597 553
598 606
598 612
598 581
598 567
598 589
598 613
598 696
598 1423
599 1066
600 588
600 576
600 609
600 568
600 741
600 897
600 927
600 1078
601 562
601 598
601 602
601 593
601 581
601 552
601 973
601 1186
602 608
602 597
602 600
602 596
602 558
602 602
602 555
602 1079
602 1072
602 1131
603 600
603 601
603 580
603 566
603 588
603 567
603 944
603 1254
603 1370
605 580
605 568
605 554
605 591
605 586
605 608
606 603
606 580
606 567
606 961
607 602
608 561
608 553
608 584
608 562
608 600
608 602
608 590
608 555
608 568
608 569
608 599
608 584
608 603
608 607
608 575
608 608
608 558
608 616
608 703
608 963
608 1189
608 1351
608 1395
609 582
609 558
609 582
609 597
609 829
610 608
610 574
610 595
610 562
610 569
610 601
610 610
610 552
610 602
610 609
610 1326
611 578
611 554
611 571
611 552
612 581
612 608
612 594
612 575
612 600
612 569
612 605
612 646
612 681
612 1316
613 601
614 568
614 610
614 570
614 888
615 673
615 646
615 623
615 623
615 620
615 635
615 662
615 639
615 634
615 615
615 620
615 628
615 724
615 1002
615 999
615 1243
616 615
616 673
616 624
616 649
616 617
616 644
616 615
616 649
616 620
616 623
616 626
616 1079
616 1423
617 648
617 639
617 1175
617 1342
618 1287
619 625
619 635
619 1154
620 625
620 655
620 624
620 615
620 649
620 650
620 635
620 644
620 615
620 629
620 661
620 645
620 635
620 626
620 634
620 735
620 860
620 1386
621 616
621 662
621 674
622 674
623 617
623 616
623 623
623 655
623 620
623 616
623 804
623 835
623 1095
623 1169
623 1295
624 615
624 1419
625 652
625 615
625 673
625 643
625 1069
625 1151
625 1177
626 644
626 662
626 639
626 615
626 615
627 627
627 868
628 650
628 637
628 617
628 615
628 634
628 625
628 627
628 635
628 631
628 615
628 1471
629 628
629 666
629 1018
630 616
630 635
630 629
630 644
630 625
631 630
631 630
631 681
631 1215
632 628
633 646
633 646
633 649
633 668
633 616
633 640
633 668
633 841
633 1448
634 668
634 635
635 673
635 645
635 673
635 646
635 634
635 654
635 637
635 663
635 633
635 633
635 662
635 635
635 643
635 637
635 670
635 634
635 644
635 619
635 621
635 634
635 625
635 616
635 616
635 628
635 776
635 752
637 623
637 635
637 806
638 651
639 669
639 616
639 616
639 615
640 626
640 660
640 616
641 616
643 644
643 619
643 635
643 632
643 945
643 1400
644 623
644 652
644 627
644 647
644 646
644 674
645 628
645 660
645 633
645 635
646 620
646 656
646 662
646 666
646 628
646 627
646 628
646 633
646 635
646 626
646 628
646 635
646 620
646 625
646 943
646 1162
646 1189
646 1428
647 620
647 623
647 670
647 627
649 656
649 635
649 635
649 842
650 649
650 623
650 674
650 646
650 640
650 670
650 617
650 646
650 628
650 630
650 643
651 669
651 625
651 615
652 615
652 1256
654 670
655 632
656 644
656 1351
657 616
657 620
657 626
657 616
657 1008
657 1014
657 1223
659 639
660 635
660 635
660 629
661 674
661 674
662 625
662 615
662 662
662 625
662 1469
666 619
666 627
669 633
669 635
669 662
669 655
669 620
669 1395
670 639
670 647
670 623
670 1046
671 648
672 662
673 674
673 619
673 670
673 665
673 668
673 829
674 625
674 652
674 620
674 635
674 628
674 1212
675 679
675 717
675 676
676 687
678 718
678 710
678 698
678 717
679 702
679 684
679 713
679 1159
679 1358
679 1336
679 1417
680 731
680 679
681 728
681 691
681 708
681 684
681 694
681 1291
681 1446
682 687
682 714
683 688
683 679
683 717
683 681
683 1291
684 717
684 692
684 717
684 1435
685 725
685 687
685 694
685 682
685 929
686 707
686 727
686 1296
687 713
687 1064
688 717
688 728
688 717
689 680
689 710
689 679
689 721
689 732
689 727
689 727
689 858
689 1469
690 727
691 726
691 720
691 720
691 713
691 732
691 1072
691 1334
692 708
692 702
692 1361
693 723
693 1192
693 1295
694 715
694 714
694 686
694 720
694 714
694 694
694 681
694 679
694 694
694 694
694 689
694 683
694 694
694 717
694 703
694 689
694 725
694 694
694 710
694 694
694 737
694 1254
694 1322
694 1300
694 1329
694 1400
695 720
696 714
696 714
696 729
696 1005
696 1049
700 689
700 727
700 1215
702 709
702 709
702 717
702 727
702 681
702 696
702 686
702 714
702 793
703 693
703 710
703 702
703 694
703 694
703 731
703 731
703 694
705 717
705 711
706 706
706 713
706 715
706 727
706 701
706 699
706 694
706 1470
707 714
708 694
708 694
709 708
709 714
710 729
710 726
710 714
710 696
710 727
710 717
710 708
710 715
710 1236
710 1351
711 717
711 1394
712 717
712 706
713 713
713 732
713 713
713 681
713 702
713 731
713 680
713 713
713 689
713 689
713 726
713 687
713 681
713 693
713 856
713 1144
714 690
714 689
714 725
714 693
714 689
714 727
714 727
714 713
714 725
714 712
714 713
714 706
714 909
714 1039
714 1066
715 714
715 693
715 731
715 678
715 1318
715 1406
716 753
717 713
717 682
717 683
717 689
717 727
717 702
717 694
717 717
717 725
717 717
717 713
717 679
717 694
717 689
717 711
717 691
717 718
717 722
717 693
717 715
717 713
717 717
717 707
717 807
717 815
717 973
717 1069
717 1323
718 710
718 710
718 720
719 694
719 706
719 717
719 1301
720 714
720 717
720 694
720 731
720 696
720 709
720 1296
721 692
721 713
721 694
722 685
722 694
722 1361
723 702
724 717
724 713
724 685
724 681
724 717
724 697
725 729
725 718
725 679
725 681
725 1306
726 727
726 694
727 713
727 687
727 717
727 694
727 681
727 725
727 880
728 717
729 694
729 678
729 710
729 679
729 1326
730 681
730 717
730 692
731 727
731 713
731 719
731 717
731 694
731 696
731 1199
731 1400
732 679
732 720
732 1334
733 765
733 735
733 944
734 754
734 750
734 787
734 787
734 751
734 775
734 764
734 738
734 771
734 735
734 1265
735 785
735 737
737 737
737 787
737 744
737 757
737 1129
738 748
738 782
738 752
738 758
738 768
739 763
739 738
739 1039
739 1265
739 1418
740 776
740 777
740 759
741 952
742 1412
743 822
744 755
744 745
744 778
744 779
744 1002
745 734
745 785
745 768
745 782
745 739
745 735
745 1416
746 748
746 1193
747 809
747 1240
748 753
748 769
748 748
748 785
748 751
748 1448
749 751
749 750
750 757
750 785
750 737
750 1010
751 758
751 753
751 771
751 774
751 746
751 758
751 751
751 1435
751 1452
752 748
752 788
752 751
752 1322
753 768
753 733
753 753
753 782
753 755
753 751
753 800
753 888
753 1144
754 770
754 883
755 741
755 785
755 752
755 765
755 785
756 776
756 847
756 1354
757 768
757 771
758 739
758 737
758 770
759 735
760 764
760 746
760 737
760 789
760 753
760 781
761 785
761 768
761 785
761 746
761 734
761 739
761 734
761 762
761 785
761 751
761 770
761 1215
762 751
762 1236
763 752
763 758
764 734
764 1445
765 782
765 788
765 753
765 760
765 1033
766 787
766 786
766 763
766 761
767 785
767 1469
768 776
768 768
768 768
768 768
768 789
768 787
768 772
768 870
768 895
768 853
769 761
770 737
770 1036
770 1039
771 751
771 740
771 735
771 776
771 762
771 744
772 747
772 761
772 752
772 887
773 748
773 785
774 758
774 744
774 768
774 789
774 774
774 1089
774 1400
775 755
775 770
775 770
775 751
775 774
775 1078
775 1174
775 1189
776 760
776 787
776 735
776 1351
777 746
777 774
777 1098
777 1159
778 787
778 735
779 752
779 737
779 758
779 748
779 785
779 766
779 767
780 745
780 780
781 852
782 785
782 767
782 755
782 776
782 762
782 773
782 760
782 748
782 1039
782 1389
782 1471
783 751
783 846
783 944
784 767
785 738
785 785
785 893
785 898
786 745
786 770
786 735
786 737
787 759
787 739
787 776
787 771
787 746
787 770
787 768
787 761
787 735
787 760
787 891
789 782
789 783
790 798
790 815
790 800
790 814
790 842
790 842
790 793
790 835
790 798
790 969
792 844
792 843
792 809
793 806
793 809
793 835
793 793
793 824
793 808
793 808
793 822
793 835
793 803
793 835
793 822
793 843
793 822
793 814
793 793
793 828
793 812
793 801
793 811
793 862
793 1109
793 1147
793 1380
793 1380
795 793
795 842
795 803
795 845
795 809
796 810
796 810
796 835
796 1400
797 835
797 829
797 835
797 806
797 822
797 843
797 803
797 1235
798 797
798 824
798 812
798 812
798 842
799 822
799 838
799 800
799 835
799 793
799 1002
800 820
800 823
800 840
800 810
800 800
800 805
800 810
800 822
800 792
801 841
801 835
801 843
802 824
802 793
802 792
802 822
802 834
802 822
802 809
803 812
803 795
803 842
803 961
803 1008
803 1213
803 1400
804 804
804 793
805 826
805 835
805 841
806 793
806 843
806 822
806 959
806 1071
806 1460
808 799
808 821
808 998
809 833
809 820
809 806
809 822
809 813
809 793
809 843
809 1168
810 802
810 793
810 961
811 820
812 793
812 821
812 793
812 1273
813 822
813 1034
813 1281
814 822
814 835
814 807
814 843
814 800
814 820
814 953
815 820
815 790
815 821
815 822
815 820
816 790
816 820
816 822
816 973
817 815
819 816
819 827
819 797
819 842
820 828
820 842
820 809
820 810
820 802
820 843
820 800
820 811
820 818
820 810
820 807
820 798
821 822
821 836
821 822
821 1007
821 1053
821 1417
822 835
822 836
822 809
822 822
822 794
822 793
822 818
822 837
822 822
822 814
822 793
822 834
822 822
822 793
822 836
822 800
822 810
822 825
822 795
822 793
822 977
822 1445
822 1471
823 792
823 1174
824 838
824 822
824 822
826 808
826 834
826 820
826 835
826 843
827 819
827 797
827 795
827 800
827 822
827 835
827 815
827 824
827 828
828 798
828 836
828 795
828 802
828 1147
828 1204
830 821
830 822
830 843
830 1296
831 833
831 1331
832 793
833 838
834 805
834 793
834 828
834 834
834 977
834 1019
834 1207
835 804
835 797
835 822
835 835
835 821
835 790
835 843
835 972
835 1121
836 821
836 792
836 793
836 814
836 841
836 810
836 818
836 822
836 834
836 976
836 991
837 891
838 820
838 1469
840 834
840 809
841 801
841 841
841 824
841 1351
841 1410
842 830
842 834
842 820
843 836
843 821
843 793
843 836
843 822
843 790
843 1169
844 835
844 815
844 802
845 810
845 822
845 816
845 873
845 910
847 853
847 862
847 862
847 1118
848 876
848 894
848 899
848 888
848 934
849 867
849 850
850 880
850 892
850 898
850 891
850 871
850 877
850 937
851 858
851 847
851 853
851 866
852 867
852 862
852 883
853 885
853 849
853 866
853 854
853 897
853 882
853 884
853 860
853 932
853 913
853 1169
854 873
854 860
854 850
854 893
854 862
854 891
854 854
854 944
854 1003
854 1022
854 1097
854 1263
855 848
855 870
855 1308
856 852
856 941
857 865
858 846
858 863
858 921
859 882
859 868
860 853
860 853
860 888
860 898
860 865
860 866
860 919
861 877
861 855
861 863
861 862
861 889
861 858
861 848
861 1053
861 1436
862 874
862 861
862 891
862 863
862 895
862 852
862 862
863 882
863 895
863 862
863 898
863 865
863 889
863 1066
864 864
864 881
864 850
864 942
865 868
865 898
865 895
865 1470
866 901
866 856
866 882
867 887
867 894
867 875
867 853
867 897
867 860
868 888
868 882
869 874
870 893
871 872
871 900
871 900
872 880
872 1062
873 848
874 847
874 847
874 895
874 888
874 847
874 891
874 848
874 898
874 1351
875 847
875 891
875 854
875 891
877 851
877 878
877 875
877 889
877 895
877 862
877 893
877 893
877 1059
877 1378
878 863
879 872
880 854
880 892
881 895
881 882
882 859
882 886
882 866
882 857
882 862
882 884
882 1066
882 1453
883 870
883 862
883 867
883 881
883 948
883 1032
883 1032
884 850
884 884
884 888
884 854
884 850
884 1417
885 865
885 851
885 880
885 862
885 882
885 866
885 1015
885 1336
886 886
886 862
886 900
886 862
886 861
886 877
886 893
886 896
886 891
886 886
886 874
886 864
886 885
887 888
887 871
887 881
887 1240
888 877
888 850
888 898
888 871
888 877
888 896
888 851
888 871
888 867
888 866
888 890
888 882
888 871
888 866
888 900
888 891
888 865
888 944
888 1064
888 1401
889 862
890 868
890 891
890 891
890 971
891 895
891 850
891 853
891 883
891 862
891 883
891 900
893 866
893 898
893 856
893 888
893 1027
893 1159
893 1469
894 900
896 890
896 873
896 1413
897 848
897 881
897 858
898 863
898 849
898 883
898 867
898 850
898 887
898 853
898 898
898 866
898 847
898 850
898 1083
900 888
900 850
900 848
900 863
900 854
900 888
900 862
900 874
900 858
900 1177
900 1406
901 850
902 926
903 909
904 922
904 933
904 906
904 905
904 933
904 944
904 1435
905 956
905 918
906 944
906 909
906 937
906 938
906 920
907 934
907 944
907 952
907 920
907 939
907 911
907 934
909 936
909 906
909 943
909 929
909 934
909 1050
910 1470
911 919
911 955
911 924
911 944
911 1345
912 948
912 1090
914 921
914 926
915 909
915 944
915 957
916 938
916 942
916 922
916 937
916 927
916 936
917 906
917 1144
918 944
918 948
918 931
918 912
918 934
919 956
919 928
919 934
920 924
920 928
920 921
921 941
921 936
921 934
921 905
921 944
921 944
921 912
921 937
921 1204
922 916
923 929
923 929
923 924
924 942
924 951
924 956
924 1003
924 1378
925 956
925 907
925 934
925 917
925 1081
925 1348
925 1458
927 907
927 1412
928 907
929 950
929 953
929 924
929 919
929 926
929 904
929 932
929 909
929 1014
929 1059
930 928
930 934
930 906
930 919
930 1421
931 945
931 933
931 911
931 944
932 944
932 952
933 905
933 947
933 1301
934 948
934 948
934 918
934 911
934 936
934 908
934 917
934 931
934 904
934 917
934 914
934 941
934 952
934 917
934 1066
935 933
936 908
936 931
936 905
936 937
936 943
936 1282
937 937
937 933
937 922
937 946
937 913
937 909
937 934
937 909
937 921
938 933
939 950
940 942
940 909
940 903
940 911
940 943
940 916
941 921
941 927
941 930
941 944
941 1467
942 905
942 934
942 944
942 934
942 933
943 915
943 906
943 1066
944 929
944 940
944 909
944 929
944 921
944 916
944 939
944 944
944 944
944 946
944 944
944 933
944 921
944 921
944 939
944 948
944 944
944 913
944 944
944 924
944 913
944 942
944 918
944 948
944 952
944 918
944 983
944 1032
944 1247
944 1299
944 1400
945 944
945 934
945 909
945 916
945 952
945 937
945 1026
946 951
946 913
947 919
947 909
947 906
947 1044
948 934
948 929
948 907
948 908
948 928
948 942
948 1406
948 1423
949 909
949 1405
950 919
950 942
950 942
950 911
951 910
951 948
951 915
951 930
951 932
951 935
951 932
951 953
952 921
952 919
953 944
953 944
953 934
953 946
954 921
954 932
955 934
955 944
956 911
956 924
956 947
956 924
956 915
956 904
957 906
957 933
957 927
957 956
957 936
957 1177
958 978
958 1084
958 1435
959 1005
959 973
959 998
959 968
959 969
959 963
959 1005
959 1006
959 960
959 963
959 1005
959 1011
959 1209
959 1275
959 1331
959 1331
960 998
960 965
960 1005
960 963
961 1010
961 959
961 1011
961 1011
961 1005
962 973
962 964
963 999
963 972
963 978
963 991
963 1008
963 973
963 1010
963 1167
964 993
964 998
964 1003
964 1006
964 993
965 1003
965 1458
966 958
968 1005
968 980
969 999
969 973
969 1011
969 1005
969 969
971 965
971 1293
972 994
972 1370
973 1008
973 959
973 974
973 987
973 998
973 992
973 998
973 992
973 959
973 1008
973 1003
973 981
974 1002
974 969
974 959
974 992
974 998
975 982
976 1001
976 1010
976 976
977 1005
977 959
978 958
978 1406
979 998
981 969
981 1007
981 958
981 1009
982 961
982 958
982 960
983 998
983 965
983 992
983 1003
984 998
985 974
985 1001
987 995
987 967
988 969
988 1005
988 973
988 961
988 1228
989 998
989 960
989 965
989 971
989 974
989 998
989 959
991 1005
991 1005
992 1006
992 1008
992 993
992 999
992 1011
993 1005
993 959
993 973
993 1154
994 960
995 972
995 1005
998 1005
998 963
998 1008
998 981
998 972
998 989
998 999
998 1006
998 963
998 1003
998 963
998 972
998 973
998 969
998 1007
998 1010
998 985
998 1001
998 979
998 1011
998 1005
998 963
998 1066
998 1326
999 968
999 968
999 1003
999 972
999 998
999 969
999 1466
1001 992
1002 984
1002 1011
1002 980
1002 997
1002 1005
1002 1197
1003 973
1003 968
1003 994
1003 1005
1003 981
1003 1177
1003 1400
1003 1410
1004 992
1005 995
1005 998
1005 987
1005 972
1005 1003
1005 998
1005 982
1005 1006
1005 959
1005 998
1005 1005
1005 1011
1005 1173
1006 959
1006 1005
1006 974
1006 966
1006 998
1006 978
1006 989
1007 971
1007 1098
1008 973
1008 983
1008 1010
1008 969
1008 1005
1008 961
1008 1005
1008 998
1008 983
1008 1001
1008 988
1008 967
1008 1057
1008 1471
1009 992
1011 1002
1011 1006
1011 1003
1011 964
1011 1048
1011 1118
1012 959
1013 1030
1013 1048
1014 1032
1014 1049
1015 1026
1015 1032
1015 1034
1015 1209
1016 1023
1016 1055
1017 1055
1018 1022
1018 1065
1018 1039
1018 1028
1018 1053
1018 1039
1019 1035
1019 1017
1019 1019
1019 1038
1019 1336
1020 1053
1020 1057
1020 1032
1020 1032
1020 1039
1023 1044
1023 1040
1024 1017
1026 1044
1026 1026
1026 1064
1026 1039
1026 1056
1026 1047
1026 1034
1026 1412
1027 1043
1027 1066
1027 1039
1028 1039
1028 1040
1029 1040
1029 1013
1031 1023
1031 1028
1032 1040
1032 1041
1032 1060
1032 1031
1032 1032
1032 1061
1032 1014
1032 1053
1032 1034
1032 1042
1032 1039
1032 1014
1032 1052
1032 1301
1032 1311
1032 1331
1033 1044
1034 1056
1034 1056
1034 1057
1034 1040
1034 1240
1034 1352
1034 1400
1035 1023
1035 1048
1035 1045
1035 1045
1035 1038
1035 1089
1036 1419
1036 1400
1037 1013
1037 1014
1037 1453
1038 1039
1038 1044
1038 1032
1038 1066
1038 1032
1038 1032
1038 1391
1039 1039
1039 1039
1039 1040
1039 1039
1039 1014
1039 1028
1039 1066
1039 1051
1039 1020
1039 1027
1039 1040
1039 1053
1039 1034
1039 1054
1039 1032
1039 1039
1039 1036
1039 1056
1039 1032
1039 1060
1039 1118
1040 1026
1040 1026
1040 1038
1041 1038
1041 1053
1041 1053
1041 1030
1041 1075
1041 1265
1042 1064
1042 1048
1042 1039
1042 1330
1043 1038
1043 1026
1043 1050
1043 1032
1043 1036
1044 1032
1044 1032
1044 1043
1044 1034
1044 1054
1044 1054
1044 1032
1044 1040
1045 1039
1045 1351
1047 1053
1048 1064
1048 1018
1048 1038
1048 1254
1049 1039
1049 1013
1049 1046
1049 1053
1049 1062
1049 1039
1049 1177
1050 1026
1050 1039
1050 1054
1050 1048
1051 1048
1053 1063
1053 1064
1053 1041
1053 1046
1053 1043
1053 1054
1053 1054
1053 1022
1053 1039
1053 1423
1053 1466
1053 1470
1054 1039
1054 1044
1054 1032
1054 1019
1054 1016
1054 1098
1054 1401
1055 1018
1055 1066
1055 1021
1055 1174
1055 1417
1056 1015
1056 1208
1057 1035
1057 1026
1058 1053
1059 1059
1059 1053
1060 1054
1060 1445
1061 1054
1062 1056
1063 1053
1064 1042
1065 1023
1065 1066
1065 1033
1066 1032
1066 1034
1066 1055
1066 1066
1066 1065
1066 1035
1066 1028
1066 1064
1066 1027
1066 1034
1066 1036
1066 1038
1066 1054
1066 1054
1066 1160
1066 1326
1069 1075
1069 1104
1069 1083
1069 1104
1069 1098
1069 1323
1070 1082
1072 1095
1072 1091
1072 1068
1072 1095
1072 1456
1073 1109
1073 1079
1073 1082
1074 1400
1075 1070
1075 1079
1075 1076
1075 1088
1075 1109
1075 1083
1075 1076
1075 1071
1075 1127
1075 1265
1076 1069
1076 1079
1076 1112
1076 1248
1078 1081
1078 1076
1078 1087
1078 1104
1078 1080
1078 1084
1078 1098
1078 1069
1078 1082
1078 1085
1078 1082
1078 1075
1078 1113
1078 1110
1078 1113
1078 1175
1078 1326
1078 1423
1079 1107
1079 1082
1079 1082
1079 1110
1079 1109
1079 1081
1079 1097
1079 1146
1079 1471
1080 1069
1080 1087
1080 1100
1080 1090
1080 1113
1080 1090
1080 1090
1081 1093
1081 1104
1081 1069
1081 1443
1082 1078
1082 1104
1082 1104
1082 1111
1082 1076
1082 1112
1082 1082
1082 1107
1082 1157
1082 1211
1083 1079
1083 1083
1083 1106
1083 1081
1083 1097
1083 1080
1083 1098
1083 1069
1083 1094
1083 1109
1083 1093
1083 1082
1083 1084
1083 1090
1083 1109
1084 1109
1084 1082
1084 1110
1084 1090
1084 1085
1084 1076
1084 1405
1085 1093
1085 1253
1087 1084
1087 1071
1089 1090
1090 1076
1090 1069
1090 1107
1090 1076
1090 1098
1090 1081
1090 1253
1091 1094
1091 1095
1091 1102
1092 1083
1092 1114
1093 1097
1093 1082
1093 1098
1093 1144
1095 1080
1095 1089
1095 1096
1095 1079
1096 1078
1096 1068
1097 1106
1097 1078
1097 1070
1097 1070
1097 1070
1097 1079
1097 1365
1097 1410
1097 1439
1098 1078
1098 1090
1098 1090
1098 1080
1098 1083
1098 1153
1102 1074
1102 1098
1104 1108
1104 1112
1104 1097
1104 1094
1104 1070
1104 1082
1104 1110
1104 1112
1104 1079
1104 1080
1104 1072
1104 1153
1104 1174
1104 1367
1105 1082
1105 1098
1106 1083
1106 1109
1106 1381
1107 1078
1107 1108
1107 1068
1107 1123
1107 1188
1108 1076
1108 1104
1108 1114
1109 1113
1109 1098
1109 1078
1109 1085
1110 1079
1110 1082
1110 1113
1110 1094
1110 1097
1110 1100
1110 1115
1110 1094
1110 1095
1110 1351
1110 1469
1111 1078
1112 1080
1112 1078
1112 1091
1112 1091
1112 1098
1112 1094
1112 1090
1113 1081
1113 1079
1113 1069
1113 1078
1114 1082
1114 1087
1114 1074
1115 1100
1115 1090
1115 1073
1115 1098
1117 1148
1118 1153
1118 1145
1118 1136
1118 1296
1120 1146
1121 1160
1121 1180
1122 1144
1122 1118
1122 1143
1122 1137
1122 1386
1123 1135
1123 1136
1123 1153
1123 1126
1123 1144
1123 1256
1123 1445
1124 1137
1125 1153
1125 1136
1125 1144
1125 1147
1125 1153
1125 1159
1125 1138
1126 1153
1126 1136
1126 1465
1127 1125
1127 1122
1128 1131
1129 1125
1129 1139
1129 1137
1129 1147
1129 1125
1129 1120
1129 1127
1130 1159
1131 1118
1131 1125
1131 1139
1132 1149
1132 1151
1132 1118
1134 1153
1134 1421
1135 1141
1135 1153
1135 1144
1136 1121
1136 1153
1136 1151
1136 1138
1136 1154
1136 1137
1136 1256
1137 1123
1137 1144
1137 1160
1137 1144
1137 1129
1137 1146
1137 1159
1137 1144
1137 1144
1137 1123
1137 1214
1137 1331
1137 1406
1138 1145
1138 1122
1138 1160
1138 1163
1138 1143
1138 1142
1138 1177
1138 1351
1139 1159
1139 1123
1139 1153
1139 1135
1139 1145
1141 1135
1142 1145
1142 1139
1143 1138
1143 1121
1143 1136
1143 1148
1143 1121
1143 1132
1144 1157
1144 1153
1144 1147
1144 1137
1144 1130
1144 1145
1144 1140
1144 1144
1144 1145
1144 1144
1144 1125
1144 1161
1144 1126
1144 1119
1144 1153
1144 1177
1144 1240
1144 1255
1145 1153
1145 1147
1145 1129
1145 1144
1145 1309
1146 1138
1146 1145
1146 1123
1146 1144
1146 1153
1146 1142
1147 1145
1147 1129
1147 1160
1147 1127
1147 1129
1147 1137
1147 1147
1147 1142
1147 1154
1147 1208
1147 1174
1147 1190
1147 1437
1149 1154
1150 1136
1151 1123
1151 1138
1151 1154
1153 1138
1153 1127
1153 1163
1153 1147
1153 1125
1153 1144
1153 1137
1153 1154
1153 1129
1153 1159
1153 1172
1153 1400
1154 1163
1154 1133
1154 1157
1154 1144
1154 1159
1154 1135
1154 1157
1154 1123
1154 1177
1154 1204
1154 1446
1155 1153
1156 1471
1157 1127
1157 1160
1159 1129
1159 1134
1159 1147
1159 1159
1159 1153
1159 1159
1159 1131
1159 1269
1160 1154
1160 1159
1160 1151
1160 1143
1160 1212
1161 1159
1161 1155
1161 1129
1161 1153
1161 1160
1161 1117
1161 1211
1163 1134
1163 1118
1163 1148
1163 1145
1163 1248
1165 1167
1167 1174
1167 1173
1167 1269
1168 1182
1168 1177
1168 1192
1168 1379
1169 1194
1169 1198
1169 1178
1169 1177
1169 1177
1169 1204
1169 1165
1169 1177
1169 1165
1169 1169
1169 1185
1169 1195
1169 1169
1169 1176
1169 1205
1169 1189
1169 1247
1169 1300
1169 1299
1169 1406
1170 1192
1171 1174
1172 1174
1172 1174
1172 1169
1172 1173
1172 1204
1172 1192
1173 1208
1173 1184
1173 1181
1174 1193
1174 1192
1174 1183
1174 1243
1174 1287
1175 1208
1176 1187
1176 1174
1177 1183
1177 1208
1177 1192
1177 1193
1177 1181
1177 1186
1177 1167
1177 1180
1177 1184
1177 1181
1177 1192
1177 1196
1177 1189
1177 1177
1177 1177
1177 1204
1177 1189
1177 1183
1177 1169
1177 1177
1177 1177
1177 1248
1177 1211
1177 1240
1177 1232
1177 1471
1178 1171
1178 1177
1178 1172
1178 1181
1178 1174
1179 1182
1179 1180
1180 1168
1180 1208
1181 1188
1181 1182
1181 1284
1182 1189
1182 1165
1183 1172
1183 1168
1183 1205
1184 1175
1184 1177
1184 1192
1184 1167
1185 1177
1185 1175
1186 1183
1186 1193
1186 1198
1186 1208
1186 1195
1187 1194
1187 1185
1188 1189
1188 1173
1188 1173
1188 1171
1189 1174
1189 1174
1189 1194
1189 1231
1189 1363
1190 1186
1192 1188
1192 1194
1192 1177
1192 1184
1192 1170
1192 1194
1192 1169
1192 1177
1192 1192
1192 1419
1192 1454
1192 1465
1193 1193
1193 1177
1193 1175
1193 1207
1193 1205
1193 1179
1193 1189
1194 1204
1194 1200
1194 1204
1195 1166
1196 1175
1196 1169
1197 1198
1197 1181
1197 1203
1197 1249
1198 1182
1198 1193
1199 1203
1199 1177
1200 1173
1201 1177
1202 1182
1202 1177
1202 1180
1202 1167
1203 1168
1203 1203
1203 1174
1203 1192
1203 1205
1203 1198
1203 1437
1204 1183
1204 1193
1204 1207
1204 1169
1204 1169
1205 1174
1205 1205
1207 1193
1208 1208
1208 1188
1208 1235
1209 1251
1209 1212
1209 1215
1209 1213
1210 1213
1210 1221
1210 1213
1210 1213
1210 1236
1210 1213
1211 1236
1212 1250
1212 1247
1212 1237
1212 1240
1212 1238
1213 1223
1213 1225
1213 1236
1213 1248
1213 1213
1213 1222
1213 1288
1214 1228
1215 1435
1216 1251
1216 1211
1216 1219
1216 1250
1216 1240
1216 1243
1217 1215
1217 1258
1218 1237
1218 1232
1219 1248
1219 1209
1219 1209
1219 1378
1220 1230
1220 1240
1220 1225
1220 1248
1220 1236
1220 1236
1221 1242
1221 1262
1222 1218
1222 1218
1222 1243
1223 1214
1223 1236
1224 1236
1224 1240
1224 1376
1225 1240
1225 1230
1225 1214
1226 1240
1226 1228
1226 1209
1226 1242
1226 1236
1226 1249
1226 1240
1226 1248
1227 1209
1227 1213
1227 1209
1227 1228
1227 1225
1227 1237
1228 1240
1228 1251
1228 1224
1228 1232
1228 1240
1228 1289
1230 1251
1230 1240
1230 1221
1231 1251
1232 1249
1232 1226
1232 1446
1233 1220
1233 1240
1233 1216
1235 1233
1235 1273
1235 1309
1236 1211
1236 1244
1236 1233
1236 1224
1236 1242
1236 1236
1236 1240
1236 1213
1236 1232
1237 1240
1237 1247
1238 1236
1239 1211
1239 1250
1239 1213
1239 1215
1239 1258
1240 1212
1240 1220
1240 1220
1240 1218
1240 1240
1240 1210
1240 1228
1240 1248
1240 1248
1240 1251
1240 1244
1240 1232
1240 1240
1240 1240
1240 1243
1240 1240
1240 1226
1240 1290
1240 1332
1240 1385
1240 1471
1241 1465
1242 1240
1242 1231
1242 1215
1242 1236
1242 1240
1242 1249
1242 1240
1242 1236
1242 1219
1242 1242
1242 1288
1243 1237
1243 1219
1243 1251
1243 1226
1244 1232
1246 1213
1247 1236
1247 1249
1247 1235
1247 1226
1247 1237
1247 1419
1248 1236
1248 1215
1248 1237
1248 1399
1251 1213
1251 1240
1251 1419
1252 1287
1252 1271
1252 1253
1252 1263
1253 1256
1253 1259
1253 1270
1253 1263
1253 1287
1253 1281
1253 1273
1253 1253
1253 1258
1253 1263
1253 1275
1254 1258
1254 1262
1254 1255
1254 1255
1255 1269
1255 1256
1255 1287
1255 1409
1255 1471
1256 1274
1256 1286
1256 1256
1256 1266
1256 1274
1256 1289
1256 1263
1256 1257
1256 1263
1256 1385
1257 1252
1257 1274
1257 1287
1257 1288
1257 1275
1258 1282
1258 1380
1261 1256
1261 1276
1261 1424
1263 1269
1263 1286
1263 1253
1263 1254
1263 1275
1263 1263
1263 1274
1263 1261
1263 1274
1263 1253
1263 1371
1265 1282
1265 1283
1265 1265
1265 1272
1265 1274
1265 1262
1265 1253
1265 1279
1265 1265
1265 1287
1265 1283
1265 1281
1265 1263
1265 1429
1265 1440
1265 1435
1265 1466
1267 1276
1267 1262
1267 1260
1268 1288
1268 1267
1269 1277
1269 1290
1271 1253
1272 1256
1273 1267
1273 1446
1274 1263
1274 1258
1274 1279
1274 1288
1274 1265
1274 1285
1274 1274
1274 1258
1274 1262
1274 1311
1275 1261
1275 1287
1275 1263
1275 1279
1276 1274
1276 1258
1278 1282
1279 1286
1279 1265
1281 1264
1281 1274
1281 1253
1281 1377
1282 1281
1282 1282
1282 1285
1282 1274
1282 1351
1283 1276
1283 1256
1284 1276
1286 1279
1286 1265
1286 1283
1286 1267
1286 1258
1287 1286
1287 1261
1287 1267
1287 1264
1287 1274
1287 1262
1287 1381
1288 1261
1288 1263
1288 1290
1288 1263
1288 1253
1288 1265
1288 1275
1289 1265
1289 1260
1289 1283
1289 1257
1290 1289
1291 1309
1291 1305
1291 1311
1291 1323
1291 1299
1291 1296
1292 1311
1292 1304
1292 1309
1293 1322
1294 1323
1294 1316
1294 1306
1294 1309
1295 1308
1296 1301
1296 1309
1296 1325
1296 1301
1296 1301
1296 1296
1297 1312
1297 1307
1298 1309
1299 1306
1299 1309
1299 1309
1299 1300
1299 1382
1300 1296
1300 1322
1300 1400
1301 1311
1301 1299
1301 1311
1301 1299
1301 1308
1301 1309
1301 1312
1301 1291
1301 1296
1301 1309
1301 1315
1301 1295
1301 1323
1301 1324
1301 1295
1301 1296
1301 1334
1302 1465
1303 1323
1303 1299
1303 1326
1305 1322
1305 1326
1306 1297
1306 1326
1306 1303
1307 1326
1307 1311
1308 1322
1308 1309
1308 1309
1308 1306
1308 1297
1309 1309
1309 1302
1309 1309
1309 1309
1309 1323
1309 1311
1309 1300
1309 1309
1309 1323
1309 1301
1309 1309
1309 1324
1309 1296
1309 1324
1309 1323
1309 1308
1309 1312
1309 1291
1309 1324
1309 1299
1309 1296
1309 1326
1309 1316
1309 1291
1309 1300
1309 1296
1309 1336
1309 1458
1310 1303
1311 1308
1311 1312
1311 1306
1311 1312
1311 1304
1311 1300
1312 1310
1312 1293
1312 1324
1312 1309
1313 1315
1313 1301
1314 1296
1314 1305
1314 1303
1314 1308
1315 1323
1315 1309
1315 1345
1315 1430
1316 1324
1316 1309
1316 1325
1316 1291
1316 1309
1317 1309
1317 1311
1318 1323
1319 1301
1319 1309
1321 1296
1321 1294
1321 1345
1322 1301
1322 1323
1322 1297
1322 1309
1322 1309
1322 1329
1322 1470
1323 1301
1323 1301
1323 1301
1323 1301
1323 1309
1323 1325
1323 1301
1324 1323
1324 1296
1324 1323
1324 1407
1326 1312
1326 1309
1326 1308
1326 1298
1326 1301
1326 1301
1326 1324
1326 1323
1326 1301
1326 1351
1327 1309
1327 1301
1328 1318
1329 1351
1329 1345
1329 1365
1329 1354
1330 1345
1330 1348
1330 1334
1330 1359
1330 1445
1331 1330
1331 1351
1331 1352
1331 1363
1331 1351
1331 1336
1331 1346
1331 1341
1331 1342
1331 1351
1331 1351
1331 1346
1331 1332
1331 1351
1331 1353
1331 1365
1331 1362
1331 1356
1331 1356
1331 1469
1332 1340
1334 1348
1334 1348
1334 1342
1334 1331
1334 1351
1334 1361
1334 1362
1336 1345
1336 1336
1336 1351
1336 1351
1336 1333
1336 1337
1336 1351
1337 1351
1337 1332
1337 1354
1338 1331
1338 1419
1340 1336
1340 1362
1340 1342
1340 1351
1340 1370
1341 1340
1342 1348
1342 1351
1342 1358
1342 1419
1342 1446
1343 1329
1343 1353
1345 1331
1345 1351
1345 1342
1345 1329
1345 1361
1345 1351
1345 1405
1346 1331
1346 1351
1346 1350
1347 1346
1348 1343
1348 1334
1348 1343
1348 1353
1350 1361
1350 1351
1350 1329
1351 1335
1351 1354
1351 1351
1351 1351
1351 1351
1351 1348
1351 1334
1351 1336
1351 1362
1351 1330
1351 1329
1351 1348
1351 1329
1351 1336
1351 1348
1351 1342
1351 1342
1351 1353
1351 1348
1351 1329
1351 1365
1351 1348
1352 1351
1352 1329
1352 1345
1352 1350
1352 1331
1353 1348
1353 1350
1354 1363
1354 1331
1354 1354
1354 1351
1354 1356
1355 1348
1356 1331
1356 1362
1356 1351
1357 1342
1357 1331
1357 1341
1358 1348
1358 1332
1358 1363
1358 1351
1358 1331
1358 1351
1358 1330
1358 1331
1358 1358
1358 1358
1358 1400
1358 1471
1360 1419
1361 1353
1361 1332
1361 1343
1362 1341
1362 1348
1362 1336
1362 1336
1365 1358
1366 1391
1366 1375
1366 1382
1366 1373
1366 1378
1366 1378
1367 1385
1367 1378
1367 1380
1367 1378
1367 1380
1367 1394
1368 1372
1368 1382
1368 1380
1369 1380
1369 1380
1369 1367
1369 1378
1369 1396
1369 1370
1369 1389
1369 1380
1369 1367
1369 1382
1369 1375
1369 1378
1369 1378
1370 1382
1370 1380
1370 1369
1370 1394
1370 1367
1370 1375
1370 1378
1370 1371
1370 1378
1370 1390
1370 1382
1370 1370
1370 1394
1370 1419
1370 1438
1371 1370
1371 1378
1371 1378
1371 1435
1372 1380
1372 1376
1372 1370
1372 1387
1372 1371
1372 1372
1373 1367
1373 1373
1373 1382
1373 1469
1375 1390
1376 1393
1378 1394
1378 1397
1378 1373
1378 1373
1378 1367
1378 1382
1378 1394
1380 1366
1380 1378
1380 1380
1380 1370
1380 1378
1380 1373
1380 1380
1380 1397
1380 1394
1380 1397
1380 1391
1380 1380
1380 1385
1380 1367
1380 1380
1380 1371
1380 1376
1380 1394
1380 1380
1380 1374
1380 1374
1380 1380
1380 1459
1380 1471
1381 1380
1381 1372
1381 1380
1381 1374
1382 1375
1382 1397
1382 1373
1382 1380
1382 1366
1382 1380
1384 1378
1384 1380
1385 1370
1385 1372
1385 1379
1385 1385
1385 1381
1385 1387
1388 1382
1389 1376
1391 1380
1391 1370
1391 1385
1391 1381
1392 1396
1392 1395
1394 1374
1394 1385
1394 1370
1394 1380
1394 1380
1394 1380
1394 1373
1395 1380
1395 1391
1395 1391
1395 1445
1396 1366
1397 1373
1397 1380
1397 1371
1397 1380
1397 1369
1397 1367
1397 1370
1399 1403
1400 1423
1400 1419
1400 1423
1400 1420
1400 1418
1400 1423
1400 1406
1400 1399
1400 1423
1400 1407
1400 1415
1400 1400
1400 1400
1400 1410
1400 1419
1400 1403
1400 1419
1400 1419
1400 1419
1402 1398
1402 1404
1402 1411
1403 1400
1404 1423
1405 1401
1406 1413
1406 1423
1406 1407
1406 1409
1406 1423
1406 1400
1406 1419
1406 1423
1406 1423
1406 1406
1406 1400
1406 1406
1406 1423
1406 1405
1406 1405
1407 1453
1409 1409
1409 1419
1409 1414
1410 1400
1410 1406
1410 1400
1411 1419
1411 1424
1412 1406
1412 1421
1412 1420
1412 1405
1414 1419
1414 1423
1414 1412
1417 1400
1417 1419
1418 1417
1418 1421
1419 1423
1419 1401
1419 1410
1419 1417
1419 1399
1419 1406
1419 1406
1419 1423
1419 1399
1419 1401
1419 1437
1419 1469
1420 1423
1421 1423
1421 1400
1421 1471
1423 1410
1423 1419
1423 1411
1423 1409
1423 1400
1423 1419
1423 1400
1423 1417
1423 1418
1423 1409
1423 1411
1423 1399
1423 1399
1424 1423
1427 1437
1428 1442
1428 1435
1428 1438
1430 1435
1432 1436
1432 1435
1432 1430
1432 1435
1432 1439
1433 1445
1435 1435
1435 1445
1435 1430
1435 1435
1435 1441
1435 1438
1435 1430
1435 1436
1435 1432
1435 1435
1435 1438
1435 1435
1435 1437
1435 1444
1435 1425
1435 1428
1435 1441
1435 1438
1435 1427
1435 1454
1435 1469
1436 1436
1436 1438
1437 1429
1437 1442
1437 1428
1437 1435
1437 1445
1437 1437
1437 1428
1437 1435
1437 1444
1437 1445
1438 1435
1438 1432
1438 1438
1438 1437
1438 1435
1438 1441
1438 1437
1438 1430
1438 1470
1439 1438
1439 1430
1441 1430
1441 1436
1442 1433
1444 1435
1444 1436
1445 1425
1445 1435
1445 1435
1445 1445
1445 1445
1445 1436
1446 1454
1446 1454
1446 1457
1446 1454
1446 1448
1446 1454
1446 1446
1446 1455
1446 1454
1446 1457
1447 1451
1447 1453
1448 1456
1449 1454
1449 1446
1450 1454
1450 1458
1450 1454
1452 1460
1453 1446
1454 1454
1454 1454
1454 1446
1454 1455
1454 1454
1454 1453
1454 1450
1454 1454
1454 1446
1454 1450
1454 1454
1454 1454
1454 1450
1454 1454
1454 1446
1454 1457
1454 1466
1455 1459
1455 1450
1455 1449
1456 1454
1456 1459
1458 1450
1458 1454
1459 1450
1460 1446
1460 1446
1460 1449
1460 1470
1464 1459
1464 1454
1464 1450
1464 1454
1464 1454
1465 1465
1465 1469
1466 1468
1466 1465
1466 1465
1467 1465
1467 1468
1469 1469
1469 1469
1469 1466
1469 1469
1469 1466
1469 1471
1470 1470
1471 1471
1471 1470
1471 1471
1471 1471
1471 1471
1471 1470
1471 1470