0 24
0 86
0 278
3 139
3 278
3 1259
4 86
4 163
4 10
5 23
5 23
5 355
6 886
7 86
7 86
7 84
7 10
7 86
7 197
7 519
7 791
7 1184
8 197
8 318
10 163
10 86
10 86
10 197
10 42
10 88
10 86
10 86
10 163
10 88
10 161
10 23
10 178
10 196
10 18
10 23
10 223
10 18
10 18
10 355
10 355
10 440
10 289
10 259
10 355
10 278
10 551
10 598
10 748
10 703
10 797
10 942
10 1254
10 1487
10 1524
10 1605
10 1693
10 1720
11 163
11 11
11 1090
11 1502
13 104
13 355
13 803
15 626
18 86
18 104
18 86
18 86
18 86
18 18
18 139
18 143
18 86
18 86
18 86
18 86
18 128
18 86
18 163
18 172
18 126
18 86
18 223
18 86
18 178
18 217
18 86
18 86
18 62
18 86
18 161
18 73
18 217
18 86
18 196
18 187
18 178
18 209
18 86
18 155
18 283
18 355
18 318
18 551
18 781
18 784
18 790
18 779
18 701
18 797
18 797
18 878
18 978
18 1053
18 1184
18 1318
18 1426
18 1454
18 1466
18 1524
18 1602
19 178
20 1712
22 86
22 10
22 119
22 1426
23 84
23 5
23 35
23 163
23 55
23 86
23 196
23 163
23 202
23 153
23 86
23 51
23 86
23 163
23 56
23 173
23 137
23 178
23 86
23 113
23 86
23 7
23 82
23 86
23 86
23 86
23 86
23 197
23 197
23 86
23 86
23 86
23 163
23 23
23 153
23 178
23 98
23 178
23 196
23 4
23 35
23 86
23 23
23 197
23 86
23 355
23 355
23 355
23 346
23 318
23 351
23 318
23 612
23 597
23 642
23 650
23 781
23 741
23 741
23 721
23 866
23 797
23 797
23 874
23 942
23 1123
23 1133
23 1153
23 1184
23 1254
23 1370
23 1390
23 1440
23 1440
23 1487
23 1487
23 1504
23 1530
23 1668
24 86
24 86
27 807
28 86
28 172
28 195
28 1173
29 29
29 527
30 178
30 797
31 173
34 84
34 318
35 23
35 86
35 6
35 86
35 196
35 86
35 86
35 173
35 374
36 29
38 113
38 196
38 1106
39 184
40 1591
42 86
42 126
43 1199
44 173
46 74
49 1661
51 86
51 86
51 701
52 23
52 446
53 216
54 178
54 632
56 113
56 86
56 172
56 137
56 86
56 178
56 178
56 105
56 223
56 10
56 86
56 231
56 29
56 318
56 278
56 866
56 1612
56 1683
58 178
58 163
58 807
59 86
59 30
60 127
60 355
60 797
61 260
62 1199
64 8
65 66
66 163
66 86
66 86
66 86
66 741
66 1426
69 1709
70 86
70 197
70 965
73 18
73 86
73 85
73 196
73 135
73 86
73 603
73 997
73 1199
73 1259
73 1357
73 1364
73 1448
74 30
74 18
77 73
77 1053
80 56
83 255
84 86
84 86
84 28
84 73
84 196
84 22
84 86
84 86
84 137
84 86
84 23
84 86
84 86
84 172
84 86
84 419
84 278
84 278
84 635
84 1173
84 1144
84 1357
84 1560
85 23
85 278
85 637
86 74
86 10
86 23
86 163
86 86
86 178
86 86
86 30
86 86
86 126
86 200
86 31
86 86
86 86
86 86
86 86
86 86
86 196
86 113
86 197
86 86
86 86
86 196
86 35
86 200
86 86
86 178
86 178
86 196
86 10
86 86
86 23
86 86
86 18
86 160
86 86
86 178
86 23
86 23
86 23
86 113
86 93
86 4
86 18
86 86
86 163
86 118
86 86
86 86
86 230
86 28
86 178
86 86
86 200
86 205
86 122
86 86
86 86
86 86
86 178
86 163
86 178
86 86
86 137
86 86
86 86
86 86
86 197
86 195
86 231
86 86
86 86
86 18
86 155
86 178
86 86
86 18
86 139
86 137
86 86
86 10
86 95
86 197
86 86
86 18
86 18
86 178
86 86
86 84
86 23
86 28
86 23
86 98
86 73
86 86
86 86
86 197
86 137
86 31
86 86
86 86
86 169
86 86
86 86
86 80
86 18
86 172
86 86
86 205
86 113
86 86
86 86
86 86
86 197
86 36
86 18
86 7
86 44
86 196
86 86
86 86
86 86
86 18
86 86
86 178
86 86
86 196
86 86
86 86
86 23
86 22
86 182
86 197
86 56
86 98
86 23
86 205
86 112
86 86
86 86
86 197
86 178
86 86
86 200
86 140
86 86
86 127
86 18
86 86
86 86
86 139
86 38
86 23
86 86
86 105
86 108
86 86
86 139
86 10
86 86
86 126
86 24
86 119
86 49
86 86
86 86
86 86
86 1
86 56
86 163
86 23
86 153
86 154
86 10
86 86
86 155
86 18
86 86
86 23
86 197
86 38
86 10
86 86
86 84
86 86
86 178
86 86
86 113
86 178
86 86
86 86
86 86
86 197
86 23
86 121
86 113
86 86
86 86
86 86
86 86
86 60
86 86
86 86
86 86
86 222
86 51
86 137
86 69
86 18
86 178
86 196
86 86
86 18
86 86
86 196
86 86
86 59
86 73
86 86
86 86
86 205
86 86
86 231
86 86
86 178
86 51
86 224
86 86
86 112
86 62
86 144
86 23
86 18
86 18
86 23
86 174
86 86
86 18
86 172
86 23
86 54
86 22
86 53
86 86
86 23
86 86
86 126
86 126
86 86
86 86
86 121
86 51
86 86
86 86
86 196
86 86
86 10
86 163
86 318
86 318
86 383
86 318
86 318
86 318
86 355
86 278
86 355
86 355
86 318
86 278
86 318
86 278
86 371
86 355
86 278
86 321
86 318
86 355
86 278
86 419
86 278
86 318
86 318
86 469
86 534
86 512
86 535
86 516
86 497
86 582
86 563
86 591
86 623
86 691
86 668
86 632
86 630
86 691
86 628
86 650
86 651
86 598
86 612
86 741
86 696
86 741
86 741
86 741
86 741
86 741
86 741
86 741
86 741
86 773
86 741
86 741
86 781
86 746
86 703
86 741
86 741
86 797
86 866
86 797
86 797
86 803
86 797
86 797
86 810
86 797
86 878
86 878
86 965
86 965
86 965
86 942
86 934
86 942
86 997
86 986
86 1039
86 1073
86 1122
86 1124
86 1137
86 1173
86 1173
86 1158
86 1171
86 1173
86 1206
86 1188
86 1206
86 1206
86 1184
86 1200
86 1199
86 1246
86 1240
86 1228
86 1259
86 1265
86 1259
86 1256
86 1251
86 1301
86 1278
86 1322
86 1364
86 1395
86 1421
86 1440
86 1440
86 1440
86 1459
86 1480
86 1474
86 1487
86 1503
86 1503
86 1579
86 1596
86 1628
86 1625
86 1631
86 1631
86 1631
86 1640
86 1696
86 1703
86 1705
86 1715
86 1718
87 598
87 882
88 137
88 278
88 623
90 86
90 196
90 196
90 906
90 1199
91 66
91 899
92 85
94 86
98 197
98 18
98 86
98 278
98 1087
98 1199
98 1667
100 11
103 923
104 684
104 1246
105 59
106 54
106 84
106 178
106 86
106 551
106 741
109 664
112 86
112 163
112 480
112 773
113 86
113 84
113 86
113 18
113 86
113 113
113 278
113 663
113 701
113 940
113 1295
116 1053
119 23
119 163
119 1246
120 73
120 137
120 31
120 18
120 178
120 1176
121 1341
124 86
126 84
126 23
126 34
126 196
126 197
126 18
126 224
126 7
126 124
126 86
126 86
126 278
126 504
126 551
126 779
126 741
126 948
126 1107
127 178
127 1059
136 36
136 318
137 196
137 148
137 18
137 86
137 194
137 18
137 137
137 86
137 196
137 80
137 73
137 38
137 86
137 23
137 86
137 119
137 86
137 74
137 270
137 278
137 355
137 318
137 602
137 751
137 807
137 1206
137 1342
137 1368
137 1440
137 1629
137 1631
138 178
139 86
139 10
139 355
139 1162
143 4
143 137
144 84
144 1206
144 1440
149 260
153 126
153 86
153 86
153 355
153 1131
154 86
154 318
154 1199
155 1477
160 1128
161 86
161 355
161 1173
161 1413
161 1548
161 1654
163 178
163 86
163 86
163 196
163 178
163 210
163 86
163 23
163 86
163 98
163 86
163 139
163 278
163 278
163 278
163 563
163 661
163 870
163 940
163 1173
163 1184
163 1251
163 1433
165 86
165 86
166 86
166 86
169 22
170 86
170 18
170 23
170 0
170 605
170 1448
170 1719
170 1721
171 18
171 23
172 84
172 18
172 18
172 86
172 23
172 35
172 129
172 163
172 86
172 650
172 653
172 797
172 1104
172 1216
172 1487
173 51
173 86
173 55
174 841
175 172
177 18
178 126
178 0
178 51
178 215
178 23
178 18
178 170
178 172
178 18
178 86
178 86
178 23
178 135
178 86
178 18
178 86
178 218
178 210
178 163
178 178
178 86
178 209
178 86
178 86
178 84
178 86
178 163
178 87
178 86
178 86
178 86
178 178
178 217
178 18
178 205
178 98
178 86
178 196
178 143
178 230
178 195
178 196
178 86
178 178
178 18
178 153
178 190
178 86
178 163
178 18
178 84
178 90
178 86
178 126
178 355
178 353
178 318
178 355
178 355
178 278
178 242
178 235
178 278
178 278
178 304
178 300
178 551
178 650
178 598
178 650
178 591
178 668
178 703
178 766
178 741
178 797
178 797
178 874
178 1124
178 1129
178 1176
178 1184
178 1251
178 1341
178 1364
178 1389
178 1413
178 1448
178 1487
178 1593
178 1692
180 178
182 218
182 178
182 668
183 30
183 1426
184 221
184 278
186 139
187 196
188 86
189 86
189 86
189 741
189 1631
190 118
190 178
190 156
190 86
191 520
193 86
193 261
194 519
195 113
196 136
196 86
196 113
196 86
196 84
196 51
196 196
196 86
196 23
196 137
196 200
196 178
196 86
196 18
196 86
196 137
196 18
196 86
196 86
196 86
196 116
196 172
196 86
196 196
196 197
196 86
196 197
196 30
196 122
196 178
196 178
196 74
196 126
196 178
196 86
196 10
196 419
196 419
196 260
196 419
196 278
196 355
196 278
196 527
196 573
196 650
196 638
196 797
196 870
196 904
196 965
196 1119
196 1184
196 1440
196 1518
196 1518
196 1550
196 1571
197 74
197 13
197 196
197 197
197 86
197 130
197 29
197 109
197 86
197 23
197 173
197 84
197 86
197 86
197 86
197 18
197 107
197 86
197 126
197 178
197 355
197 333
197 278
197 278
197 355
197 436
197 551
197 527
197 703
197 870
197 997
197 1131
197 1199
197 1295
197 1356
197 1487
197 1487
197 1545
197 1677
200 196
200 826
201 174
203 86
205 23
205 86
205 28
205 810
206 648
209 86
209 355
210 278
215 84
215 1328
216 227
217 86
217 86
218 196
218 42
218 18
218 86
218 746
220 1244
222 73
222 84
222 86
222 894
223 86
223 940
223 942
223 1029
223 1440
224 355
225 139
226 197
229 376
229 940
230 240
231 39
231 178
231 61
231 86
231 23
232 520
232 1503
233 318
235 318
235 255
235 387
235 407
235 966
237 406
238 318
238 278
238 278
238 534
238 810
238 978
238 1254
238 1390
240 355
240 374
240 1717
241 278
241 1680
245 797
248 1407
249 318
249 318
249 1124
250 283
250 440
250 355
250 355
250 278
250 355
250 323
250 250
250 278
250 952
250 1135
251 278
253 278
254 1454
255 355
255 278
255 419
255 278
255 519
255 527
255 536
255 773
255 741
255 870
255 1016
255 1176
255 1473
255 1720
259 355
259 387
259 870
260 278
260 261
260 355
260 277
260 278
260 278
260 261
260 314
260 278
260 427
260 353
260 419
260 260
260 355
260 355
260 1211
260 1558
261 318
261 318
261 374
261 740
261 734
261 797
261 942
261 1487
261 1616
262 278
262 832
262 1126
263 940
268 741
269 318
269 318
270 807
273 440
273 746
273 1579
275 355
275 260
275 355
275 703
275 1580
277 303
277 322
278 355
278 355
278 318
278 355
278 435
278 250
278 318
278 253
278 278
278 355
278 318
278 355
278 318
278 235
278 278
278 318
278 355
278 287
278 355
278 355
278 355
278 355
278 318
278 278
278 318
278 278
278 318
278 250
278 278
278 370
278 260
278 355
278 278
278 259
278 278
278 355
278 381
278 346
278 391
278 355
278 355
278 355
278 355
278 278
278 278
278 318
278 318
278 361
278 318
278 278
278 355
278 318
278 318
278 318
278 355
278 278
278 318
278 318
278 318
278 355
278 238
278 278
278 278
278 278
278 318
278 267
278 318
278 278
278 250
278 415
278 355
278 253
278 253
278 278
278 318
278 355
278 355
278 419
278 355
278 318
278 355
278 278
278 278
278 451
278 355
278 318
278 394
278 278
278 278
278 318
278 332
278 278
278 255
278 278
278 278
278 318
278 278
278 278
278 318
278 318
278 440
278 278
278 278
278 278
278 355
278 278
278 355
278 355
278 318
278 278
278 375
278 278
278 318
278 278
278 355
278 419
278 278
278 323
278 355
278 278
278 318
278 235
278 451
278 318
278 278
278 308
278 416
278 406
278 300
278 368
278 318
278 314
278 355
278 278
278 300
278 318
278 318
278 278
278 355
278 253
278 278
278 323
278 260
278 437
278 419
278 308
278 355
278 278
278 318
278 425
278 329
278 318
278 355
278 278
278 278
278 318
278 290
278 278
278 355
278 278
278 440
278 355
278 318
278 318
278 355
278 278
278 355
278 318
278 278
278 355
278 278
278 318
278 416
278 355
278 268
278 355
278 519
278 497
278 473
278 519
278 563
278 519
278 551
278 519
278 563
278 551
278 564
278 523
278 519
278 485
278 467
278 563
278 542
278 585
278 575
278 664
278 650
278 781
278 701
278 703
278 741
278 702
278 741
278 703
278 705
278 727
278 701
278 741
278 741
278 741
278 797
278 803
278 807
278 797
278 797
278 797
278 797
278 797
278 797
278 888
278 874
278 919
278 882
278 884
278 878
278 910
278 902
278 919
278 883
278 879
278 966
278 973
278 942
278 975
278 940
278 965
278 1005
278 1071
278 1096
278 1095
278 1102
278 1128
278 1129
278 1171
278 1199
278 1198
278 1199
278 1184
278 1206
278 1207
278 1199
278 1199
278 1199
278 1184
278 1199
278 1209
278 1246
278 1244
278 1251
278 1251
278 1254
278 1254
278 1251
278 1251
278 1251
278 1295
278 1324
278 1322
278 1357
278 1341
278 1369
278 1390
278 1426
278 1423
278 1426
278 1458
278 1457
278 1448
278 1454
278 1454
278 1511
278 1518
278 1503
278 1503
278 1526
278 1530
278 1549
278 1549
278 1562
278 1580
278 1594
278 1591
278 1592
278 1595
278 1602
278 1599
278 1625
278 1672
278 1709
278 1715
280 507
285 563
287 355
287 807
289 741
289 740
289 965
290 278
290 255
290 318
290 318
290 318
290 741
290 797
290 882
290 915
290 965
292 874
293 278
297 279
297 355
298 278
299 355
300 355
300 235
300 318
300 260
300 1487
301 235
301 1524
302 1039
302 1515
304 355
304 318
304 561
306 355
307 355
309 436
309 318
312 278
314 419
314 278
314 419
314 278
314 355
314 807
314 1076
314 1390
315 249
315 278
316 318
316 278
316 978
318 318
318 277
318 355
318 255
318 419
318 318
318 278
318 349
318 355
318 375
318 318
318 355
318 318
318 260
318 419
318 318
318 346
318 355
318 355
318 346
318 403
318 318
318 355
318 278
318 355
318 260
318 355
318 320
318 278
318 278
318 278
318 318
318 278
318 375
318 437
318 355
318 278
318 318
318 355
318 318
318 318
318 355
318 318
318 422
318 235
318 278
318 383
318 355
318 359
318 250
318 240
318 278
318 355
318 355
318 369
318 355
318 360
318 355
318 355
318 318
318 318
318 387
318 318
318 278
318 278
318 278
318 278
318 355
318 440
318 342
318 419
318 403
318 355
318 355
318 333
318 318
318 322
318 318
318 278
318 278
318 318
318 276
318 355
318 278
318 355
318 333
318 351
318 278
318 378
318 416
318 278
318 318
318 278
318 355
318 278
318 278
318 355
318 278
318 253
318 355
318 355
318 278
318 355
318 309
318 440
318 318
318 240
318 318
318 262
318 278
318 278
318 278
318 355
318 385
318 355
318 355
318 314
318 355
318 301
318 416
318 355
318 355
318 355
318 355
318 355
318 278
318 318
318 420
318 300
318 318
318 355
318 367
318 318
318 355
318 278
318 318
318 355
318 523
318 472
318 488
318 519
318 516
318 571
318 563
318 504
318 551
318 511
318 527
318 497
318 563
318 551
318 551
318 741
318 741
318 741
318 701
318 773
318 773
318 746
318 741
318 701
318 701
318 779
318 870
318 817
318 817
318 797
318 797
318 797
318 811
318 797
318 887
318 904
318 919
318 915
318 893
318 927
318 919
318 874
318 884
318 942
318 939
318 968
318 940
318 942
318 965
318 965
318 942
318 1012
318 987
318 987
318 987
318 1060
318 1120
318 1117
318 1129
318 1114
318 1144
318 1173
318 1206
318 1184
318 1199
318 1184
318 1199
318 1199
318 1179
318 1184
318 1199
318 1206
318 1275
318 1251
318 1251
318 1278
318 1323
318 1357
318 1357
318 1357
318 1448
318 1457
318 1448
318 1448
318 1477
318 1480
318 1482
318 1487
318 1487
318 1487
318 1541
318 1549
318 1548
318 1568
318 1573
318 1578
318 1602
318 1616
318 1625
318 1631
318 1660
318 1668
318 1677
318 1677
318 1672
318 1701
318 1706
318 1714
320 797
322 318
322 255
322 318
322 551
322 563
322 790
322 1199
322 1547
323 541
323 664
323 740
323 1020
323 1099
324 278
327 318
329 235
329 255
331 261
331 355
331 1627
332 942
332 965
333 278
333 324
333 355
333 355
333 374
333 436
333 318
333 257
333 278
333 278
333 278
333 485
333 1190
333 1624
333 1711
335 1135
336 1530
337 278
338 1199
338 1612
341 318
342 318
345 278
346 318
346 302
346 504
346 729
346 807
346 797
346 1142
346 1199
346 1682
350 355
351 440
351 318
351 449
351 278
351 563
351 741
351 1487
351 1617
353 741
353 1200
355 278
355 318
355 278
355 355
355 355
355 278
355 355
355 385
355 318
355 342
355 355
355 355
355 403
355 278
355 355
355 318
355 355
355 259
355 355
355 294
355 318
355 355
355 368
355 387
355 318
355 318
355 278
355 403
355 278
355 260
355 322
355 355
355 318
355 278
355 419
355 322
355 437
355 318
355 436
355 278
355 309
355 278
355 302
355 318
355 278
355 278
355 318
355 318
355 383
355 278
355 278
355 355
355 355
355 278
355 278
355 253
355 351
355 355
355 367
355 278
355 278
355 278
355 278
355 355
355 278
355 278
355 355
355 355
355 278
355 318
355 355
355 278
355 278
355 278
355 278
355 245
355 318
355 278
355 318
355 290
355 374
355 318
355 278
355 355
355 318
355 333
355 318
355 391
355 318
355 278
355 318
355 318
355 355
355 355
355 278
355 318
355 278
355 278
355 367
355 378
355 449
355 372
355 278
355 278
355 355
355 355
355 278
355 278
355 278
355 318
355 355
355 367
355 318
355 355
355 278
355 318
355 355
355 278
355 318
355 315
355 323
355 278
355 278
355 355
355 355
355 314
355 383
355 253
355 278
355 355
355 351
355 355
355 278
355 278
355 419
355 375
355 355
355 355
355 355
355 318
355 419
355 383
355 355
355 255
355 355
355 318
355 318
355 355
355 278
355 278
355 318
355 355
355 278
355 355
355 278
355 355
355 260
355 355
355 318
355 290
355 355
355 355
355 278
355 355
355 283
355 394
355 278
355 278
355 318
355 278
355 268
355 447
355 563
355 522
355 519
355 582
355 552
355 563
355 519
355 512
355 520
355 488
355 520
355 519
355 523
355 486
355 507
355 519
355 563
355 586
355 541
355 460
355 563
355 664
355 701
355 701
355 790
355 703
355 741
355 741
355 741
355 741
355 741
355 741
355 741
355 740
355 703
355 703
355 701
355 741
355 741
355 738
355 741
355 797
355 797
355 807
355 870
355 797
355 797
355 797
355 797
355 797
355 797
355 843
355 797
355 870
355 807
355 834
355 884
355 874
355 907
355 874
355 892
355 935
355 965
355 965
355 942
355 942
355 976
355 940
355 931
355 965
355 1020
355 1039
355 1053
355 1053
355 1053
355 1126
355 1126
355 1126
355 1089
355 1104
355 1114
355 1131
355 1094
355 1124
355 1100
355 1176
355 1173
355 1199
355 1210
355 1206
355 1199
355 1199
355 1197
355 1199
355 1199
355 1226
355 1246
355 1232
355 1246
355 1246
355 1251
355 1254
355 1251
355 1251
355 1251
355 1341
355 1352
355 1341
355 1341
355 1343
355 1337
355 1341
355 1371
355 1368
355 1395
355 1390
355 1395
355 1426
355 1426
355 1435
355 1462
355 1454
355 1473
355 1480
355 1480
355 1487
355 1487
355 1487
355 1503
355 1503
355 1503
355 1530
355 1530
355 1530
355 1548
355 1552
355 1547
355 1562
355 1560
355 1592
355 1586
355 1604
355 1602
355 1607
355 1625
355 1632
355 1631
355 1650
355 1671
355 1692
355 1696
355 1694
355 1719
356 355
356 318
358 318
358 797
359 1487
360 381
361 318
361 278
361 938
362 919
363 817
363 1199
366 940
367 238
367 874
367 948
367 1694
368 563
368 1094
368 1251
370 278
370 874
370 1640
371 278
372 701
374 318
374 355
374 318
374 355
374 346
374 293
374 520
374 513
374 741
374 1315
375 278
375 278
375 367
375 318
375 741
375 1114
375 1304
375 1689
378 355
378 316
378 318
378 1547
379 260
383 278
383 419
383 302
383 318
383 417
383 318
383 278
383 314
383 355
383 519
383 741
383 919
383 906
383 965
383 1487
384 1279
387 278
387 355
387 346
387 318
387 355
387 278
387 965
389 278
394 318
394 440
394 300
394 701
394 1503
396 278
396 939
397 537
398 355
398 350
398 1211
399 1481
400 1524
402 318
402 942
403 314
403 355
403 261
403 270
403 278
403 469
403 1126
403 1591
404 488
405 473
406 355
406 1256
406 1487
407 318
407 1362
407 1580
407 1625
409 303
409 255
409 355
411 563
411 602
412 773
412 797
414 1377
415 367
416 278
416 505
417 741
419 260
419 311
419 318
419 318
419 260
419 355
419 261
419 318
419 355
419 551
419 1721
420 318
420 278
420 1591
422 1184
425 317
425 355
425 1123
427 318
427 485
427 516
427 810
432 533
433 250
435 454
435 367
435 278
435 278
435 318
435 926
435 1487
435 1503
436 278
436 926
436 1526
437 383
439 355
439 346
439 278
439 496
439 497
439 475
439 1259
440 346
440 278
440 278
440 278
440 263
440 278
440 311
440 355
440 355
440 397
440 318
440 318
440 1020
440 1184
440 1480
440 1709
442 318
446 419
448 412
451 1108
451 1131
454 1402
456 534
456 940
457 507
457 551
457 520
457 551
457 520
457 919
457 1712
459 797
460 501
460 807
460 1241
462 562
462 1199
463 526
465 518
465 1562
468 571
468 542
468 581
468 485
468 1439
469 457
469 475
472 472
472 888
473 534
473 551
473 457
475 527
475 520
475 520
475 527
475 484
475 773
475 741
475 1008
476 874
477 1117
478 538
480 519
480 563
480 1607
483 520
484 542
484 475
485 497
485 497
485 520
485 519
485 724
485 1003
485 1591
485 1604
485 1607
486 507
486 534
486 520
487 585
487 496
487 527
487 517
487 497
487 497
488 488
488 569
488 1718
489 571
491 464
494 520
494 520
495 563
496 484
496 551
496 563
496 512
497 533
497 509
497 527
497 551
497 563
497 475
497 584
497 1108
497 1251
497 1277
497 1426
497 1607
497 1706
498 545
498 475
498 520
498 475
498 541
498 475
498 520
498 541
498 1053
498 1124
498 1188
499 507
499 533
499 551
499 582
499 940
499 1251
501 520
501 519
502 533
503 497
504 551
504 519
505 1343
507 542
507 581
507 496
507 533
507 563
507 551
507 1198
507 1251
508 519
509 502
512 519
512 460
512 519
512 519
512 527
512 519
513 586
513 571
513 499
513 519
513 570
513 520
513 583
513 807
513 1106
516 495
516 534
516 523
516 520
516 942
518 522
518 523
518 551
518 551
519 505
519 567
519 519
519 519
519 495
519 563
519 501
519 519
519 527
519 520
519 527
519 519
519 570
519 533
519 563
519 586
519 551
519 485
519 555
519 520
519 520
519 583
519 482
519 485
519 520
519 513
519 468
519 520
519 519
519 581
519 566
519 563
519 520
519 701
519 797
519 797
519 952
519 1184
519 1346
519 1370
519 1627
519 1638
520 563
520 516
520 512
520 552
520 457
520 563
520 563
520 519
520 485
520 551
520 519
520 535
520 497
520 527
520 551
520 518
520 551
520 499
520 485
520 551
520 563
520 527
520 563
520 797
520 884
520 942
520 1259
520 1460
522 563
522 494
523 523
523 551
523 486
523 498
523 797
527 555
527 582
527 559
527 571
527 527
527 465
527 575
527 569
527 512
527 563
527 554
527 535
527 551
527 520
527 563
527 516
527 741
527 703
527 741
527 942
527 1199
527 1341
527 1524
527 1696
527 1719
529 551
531 939
533 498
533 563
533 499
533 541
533 739
533 1022
533 1654
534 563
534 519
534 571
534 551
534 563
534 1689
535 523
538 701
539 520
541 563
541 469
541 1278
542 563
542 563
542 505
542 657
542 1721
545 571
546 518
546 498
551 563
551 563
551 527
551 551
551 469
551 535
551 563
551 520
551 520
551 551
551 563
551 571
551 494
551 471
551 494
551 520
551 563
551 535
551 583
551 520
551 457
551 497
551 519
551 535
551 527
551 518
551 520
551 551
551 487
551 584
551 519
551 563
551 527
551 499
551 551
551 551
551 497
551 487
551 455
551 551
551 467
551 527
551 519
551 566
551 904
551 878
551 942
551 934
551 1029
551 1123
551 1124
551 1173
551 1184
551 1259
551 1251
551 1530
551 1580
551 1631
551 1670
551 1684
551 1701
552 527
556 551
556 520
558 527
559 473
561 519
561 520
561 497
563 551
563 505
563 461
563 527
563 501
563 501
563 492
563 494
563 519
563 533
563 541
563 551
563 520
563 527
563 563
563 533
563 575
563 527
563 570
563 475
563 456
563 551
563 527
563 535
563 485
563 563
563 557
563 526
563 519
563 501
563 563
563 459
563 568
563 551
563 551
563 551
563 470
563 516
563 571
563 542
563 533
563 741
563 773
563 751
563 705
563 773
563 781
563 779
563 965
563 1029
563 1246
563 1322
563 1390
563 1487
563 1547
563 1661
563 1671
564 578
564 586
566 482
566 917
567 741
569 520
569 1059
569 1419
570 551
570 1532
570 1558
571 570
571 520
571 519
571 746
571 786
572 1126
573 551
573 551
573 519
573 475
575 1549
576 1560
581 457
581 534
582 520
582 542
582 501
582 701
582 885
582 1251
582 1392
583 563
583 530
583 1479
584 487
584 582
584 586
585 563
586 542
586 561
586 563
586 485
586 485
586 582
586 741
586 970
586 1503
586 1709
587 637
588 650
588 684
588 660
588 609
588 591
588 598
588 626
591 668
591 642
591 637
591 668
591 642
591 650
591 655
591 630
591 619
591 691
591 632
591 623
591 598
591 650
591 664
591 609
591 629
591 650
591 605
591 630
591 650
591 590
591 664
591 596
591 655
591 605
591 642
591 668
591 660
591 617
591 637
591 686
591 654
591 677
591 598
591 649
591 591
591 686
591 654
591 660
591 660
591 608
592 652
592 628
593 675
593 642
593 650
593 664
593 650
593 591
593 591
594 637
594 630
594 663
594 621
595 689
595 650
595 591
595 591
595 619
595 619
595 615
595 685
595 612
595 652
595 654
595 668
595 649
595 650
595 635
595 598
595 623
595 640
595 1295
595 1631
596 640
596 635
596 650
596 662
596 668
597 642
597 647
597 598
597 600
597 653
597 674
597 663
597 598
597 619
597 1295
598 631
598 623
598 664
598 595
598 665
598 650
598 598
598 603
598 683
598 650
598 623
598 598
598 609
598 618
598 639
598 650
598 642
598 598
598 664
598 637
598 604
598 625
598 598
598 668
598 668
598 668
598 637
598 665
598 689
598 642
598 609
598 600
598 603
598 601
598 598
598 619
598 637
598 600
598 664
598 632
598 612
598 622
598 601
598 660
598 632
598 609
598 632
598 632
598 605
598 690
598 650
598 668
598 597
598 598
598 628
598 649
598 741
598 1083
598 1364
598 1395
598 1524
598 1555
598 1654
598 1664
598 1671
599 691
599 660
599 619
599 618
600 619
600 591
600 612
600 600
600 674
600 660
600 1211
601 650
601 595
601 598
601 652
601 634
602 676
602 605
603 638
603 589
603 693
603 632
603 1473
604 688
604 591
604 598
605 664
605 650
605 597
605 650
605 619
605 663
605 650
605 686
605 592
605 644
605 668
605 668
605 598
605 666
605 634
605 591
605 674
605 1639
606 668
606 664
607 665
607 637
608 637
608 668
609 641
609 668
609 665
609 681
609 676
609 631
609 595
609 668
609 609
609 616
610 655
610 591
610 598
611 642
611 668
611 598
612 587
612 688
612 615
612 691
612 602
612 612
612 605
612 598
612 634
612 627
612 598
612 701
612 1173
613 602
613 663
613 668
614 653
614 649
614 591
615 635
615 691
615 683
615 639
615 651
615 622
615 668
615 625
615 1137
615 1440
615 1683
616 659
616 694
617 618
618 664
618 632
618 672
618 693
618 691
618 630
618 916
619 630
619 605
619 598
619 622
619 650
619 609
619 634
619 622
619 632
619 664
619 634
619 642
619 665
619 595
619 605
619 593
619 664
619 597
619 619
619 623
619 668
620 649
621 642
621 650
621 671
622 597
622 678
622 593
622 595
622 1700
623 622
623 668
623 619
623 650
623 665
623 623
623 623
623 634
623 662
623 638
623 635
623 672
623 614
623 608
623 668
623 664
623 642
623 615
623 591
623 668
623 605
623 632
623 635
623 588
623 664
623 598
623 623
623 642
623 634
623 598
624 650
624 650
624 659
624 638
624 612
624 650
625 650
625 668
625 642
625 677
625 633
625 662
625 653
625 619
625 1622
626 650
626 628
627 648
627 1407
628 607
628 677
628 623
628 674
628 664
628 591
628 686
628 659
628 659
628 668
629 653
629 612
630 655
630 634
630 598
630 661
630 601
630 619
630 692
630 1579
630 1716
632 635
632 642
632 623
632 642
632 650
632 664
632 637
632 623
632 650
632 629
632 668
632 597
632 635
632 635
632 633
632 633
632 668
632 683
632 637
632 642
633 597
633 597
633 668
633 600
633 637
633 614
633 678
634 664
634 664
635 590
635 605
635 664
635 633
635 630
637 623
637 603
637 637
637 609
637 650
637 603
637 597
637 666
637 650
637 598
637 663
637 652
637 675
637 632
637 650
637 622
637 633
637 662
637 612
637 624
637 619
637 642
637 668
637 668
637 655
637 597
637 624
637 650
637 642
637 678
637 598
637 598
637 1712
638 688
638 605
638 598
638 649
638 674
639 623
640 683
640 598
641 628
642 637
642 612
642 693
642 642
642 602
642 668
642 605
642 637
642 650
642 649
642 650
642 598
642 637
642 598
642 634
642 619
642 642
642 618
642 598
642 600
642 642
642 623
642 618
642 598
642 664
642 637
642 628
642 663
642 650
642 591
642 1005
642 1083
642 1169
642 1226
642 1349
643 665
644 615
644 615
644 598
644 658
645 652
645 655
645 650
646 642
646 633
646 664
647 637
647 638
648 650
648 668
649 593
649 634
649 609
649 632
649 598
649 591
649 669
650 623
650 637
650 637
650 612
650 598
650 625
650 678
650 630
650 638
650 650
650 625
650 664
650 598
650 632
650 598
650 662
650 691
650 598
650 632
650 598
650 668
650 637
650 601
650 642
650 630
650 619
650 660
650 597
650 639
650 671
650 657
650 662
650 591
650 597
650 668
650 666
650 691
650 619
650 619
650 652
650 668
650 623
650 633
650 664
650 660
650 675
650 668
650 609
650 591
650 630
650 588
650 668
650 668
650 642
650 696
650 1329
650 1694
652 600
652 647
652 637
652 642
652 598
652 650
652 587
652 1602
653 632
653 618
653 637
653 632
653 662
653 647
653 642
654 598
655 599
655 665
655 672
655 614
655 598
655 609
655 680
656 595
657 652
657 598
657 622
657 619
657 622
657 665
657 668
657 637
657 1455
658 650
659 645
659 691
659 632
659 650
659 615
659 691
659 1503
660 663
660 659
660 655
660 598
660 681
660 645
660 689
660 674
660 598
660 642
660 665
660 1709
661 632
661 664
661 598
661 624
662 623
662 651
662 632
662 681
662 650
662 689
662 659
662 640
662 598
662 650
662 650
662 1173
663 664
663 632
663 589
663 635
663 668
663 650
664 623
664 668
664 650
664 598
664 623
664 622
664 620
664 623
664 668
664 624
664 637
664 666
664 662
664 593
664 628
664 598
664 665
664 642
664 619
664 683
664 598
664 662
664 650
664 623
664 628
664 591
665 619
665 668
665 650
665 652
665 620
665 664
665 612
665 668
665 668
665 637
665 662
665 642
665 642
665 637
665 680
665 668
665 664
665 1301
666 663
666 598
666 619
666 684
668 598
668 612
668 668
668 646
668 595
668 665
668 642
668 663
668 598
668 633
668 632
668 622
668 632
668 598
668 678
668 642
668 656
668 591
668 603
668 632
668 612
668 651
668 645
668 647
668 661
668 598
668 668
668 591
668 650
668 664
668 628
668 642
668 650
668 588
668 598
668 679
668 674
668 692
668 691
668 650
668 597
668 668
668 619
668 673
668 653
668 642
668 633
668 613
668 615
668 598
668 622
668 598
668 642
668 598
668 605
668 668
668 668
668 688
668 637
668 612
668 659
668 598
668 664
668 633
668 694
668 637
668 811
668 1176
668 1176
668 1251
668 1291
668 1549
668 1591
668 1687
669 619
669 594
670 650
671 637
671 615
674 623
674 683
674 630
674 598
674 649
675 640
675 635
675 605
676 637
677 686
677 642
677 642
677 607
677 650
677 668
677 642
677 694
678 659
678 588
678 686
679 608
680 668
681 665
681 668
681 662
682 682
682 634
682 605
682 978
683 615
684 668
684 595
686 612
686 668
686 668
686 589
686 668
687 685
688 637
688 612
689 605
689 662
689 677
689 604
690 642
691 591
691 662
691 598
691 626
691 689
691 591
691 607
691 1487
692 662
692 668
692 618
693 605
694 615
694 650
695 874
696 752
696 741
697 792
697 773
697 746
701 791
701 741
701 791
701 721
701 701
701 703
701 703
701 741
701 701
701 741
701 710
701 790
701 781
701 741
701 719
701 786
701 701
701 701
701 701
701 741
701 701
701 786
701 741
701 760
701 781
701 701
701 703
701 741
701 741
701 703
701 704
701 741
701 736
701 739
701 741
701 741
701 703
701 797
701 970
701 1034
701 1199
701 1184
701 1246
701 1530
702 747
702 741
703 741
703 746
703 773
703 741
703 751
703 741
703 702
703 741
703 751
703 701
703 739
703 741
703 741
703 1207
703 1246
703 1628
703 1694
703 1722
704 703
704 741
704 1199
707 704
710 785
712 741
712 741
717 703
718 767
727 774
729 741
729 741
729 942
729 941
733 739
733 1706
734 790
737 783
738 719
738 701
738 1206
739 739
739 741
739 741
739 741
739 746
739 979
739 1115
739 1665
739 1712
740 738
740 741
740 1426
740 1430
741 701
741 741
741 741
741 741
741 741
741 791
741 741
741 741
741 747
741 741
741 773
741 786
741 741
741 741
741 701
741 746
741 741
741 741
741 741
741 735
741 738
741 702
741 741
741 779
741 741
741 741
741 701
741 760
741 748
741 741
741 773
741 773
741 753
741 773
741 776
741 741
741 701
741 701
741 701
741 741
741 741
741 751
741 748
741 701
741 741
741 741
741 741
741 791
741 701
741 741
741 701
741 741
741 727
741 738
741 701
741 741
741 741
741 739
741 729
741 701
741 741
741 741
741 741
741 781
741 701
741 741
741 701
741 741
741 741
741 747
741 741
741 786
741 741
741 741
741 701
741 791
741 741
741 791
741 728
741 773
741 741
741 759
741 701
741 741
741 741
741 719
741 726
741 741
741 784
741 701
741 701
741 790
741 741
741 741
741 701
741 701
741 701
741 741
741 741
741 741
741 741
741 781
741 739
741 741
741 713
741 741
741 701
741 732
741 746
741 786
741 739
741 773
741 701
741 747
741 741
741 741
741 741
741 741
741 741
741 701
741 781
741 751
741 791
741 797
741 797
741 873
741 882
741 876
741 887
741 882
741 893
741 940
741 939
741 965
741 1034
741 1071
741 1116
741 1128
741 1124
741 1120
741 1173
741 1199
741 1199
741 1254
741 1299
741 1322
741 1354
741 1350
741 1369
741 1390
741 1440
741 1487
741 1503
741 1503
741 1532
741 1579
741 1591
741 1612
741 1640
741 1650
741 1690
741 1700
741 1719
745 741
745 746
745 741
746 791
746 791
746 741
746 741
746 741
746 790
746 741
746 701
746 746
746 741
746 773
746 741
746 741
746 701
746 741
746 791
746 741
746 797
746 807
746 940
746 1671
747 940
747 1539
748 741
748 741
748 741
748 779
748 701
748 1265
751 739
751 741
751 741
751 747
752 761
752 1683
753 741
754 781
759 773
759 741
759 781
759 741
759 741
760 741
761 703
761 1602
764 703
764 746
766 791
766 741
768 702
771 1206
773 741
773 741
773 741
773 701
773 741
773 701
773 741
773 741
773 701
773 741
773 741
773 741
773 741
773 803
773 942
773 1184
773 1251
773 1482
773 1558
773 1709
779 773
779 741
779 739
779 1656
781 781
781 741
781 790
781 741
781 739
781 786
781 703
781 853
781 797
783 741
784 1124
784 1545
786 701
786 784
786 741
786 741
786 766
786 1450
790 741
790 729
790 779
790 701
790 773
790 790
790 850
790 1631
791 701
791 741
791 703
792 741
795 797
796 797
796 797
796 970
797 807
797 807
797 807
797 853
797 807
797 836
797 797
797 797
797 797
797 797
797 797
797 797
797 811
797 807
797 800
797 797
797 797
797 807
797 797
797 797
797 797
797 797
797 797
797 800
797 797
797 832
797 797
797 797
797 870
797 797
797 809
797 807
797 866
797 797
797 797
797 841
797 810
797 797
797 797
797 817
797 803
797 803
797 802
797 846
797 797
797 822
797 870
797 797
797 847
797 870
797 797
797 797
797 809
797 858
797 797
797 859
797 817
797 805
797 843
797 807
797 797
797 797
797 797
797 797
797 837
797 797
797 867
797 797
797 807
797 800
797 870
797 797
797 870
797 797
797 805
797 803
797 797
797 797
797 859
797 797
797 797
797 797
797 797
797 797
797 827
797 797
797 797
797 832
797 797
797 860
797 942
797 965
797 1034
797 1078
797 1109
797 1095
797 1090
797 1173
797 1208
797 1198
797 1206
797 1322
797 1395
797 1477
797 1487
797 1556
797 1578
797 1602
797 1612
797 1640
797 1650
797 1661
797 1665
797 1683
797 1689
797 1697
798 797
803 797
803 797
803 870
803 797
803 1341
803 1629
804 797
805 797
805 1542
807 797
807 797
807 796
807 797
807 817
807 797
807 797
807 807
807 797
807 797
807 797
807 870
807 807
807 868
807 827
807 870
807 797
807 797
807 870
807 797
807 797
807 858
807 797
807 1415
807 1462
807 1503
807 1712
808 797
809 797
809 810
809 1364
810 810
810 797
810 797
810 870
817 807
817 843
817 849
822 797
824 797
825 847
826 1706
830 853
835 797
835 797
836 847
837 803
837 837
841 797
841 809
841 797
841 866
841 797
841 847
841 1294
843 807
847 861
849 807
850 797
850 807
850 1524
850 1593
853 797
853 807
853 797
853 843
857 1184
859 810
860 1430
861 867
866 965
866 1259
866 1709
867 850
867 817
867 884
870 841
870 870
870 797
870 797
870 797
870 797
870 797
870 810
870 797
870 797
870 797
870 797
870 797
870 797
870 901
870 1232
870 1352
870 1625
870 1671
870 1715
874 919
874 874
874 904
874 878
874 874
874 919
874 874
874 882
874 874
874 874
874 874
874 878
874 884
874 905
874 884
874 919
874 882
874 874
874 926
874 919
874 884
874 882
874 878
874 874
874 874
874 906
874 878
874 874
874 880
874 874
874 874
874 906
874 900
874 884
874 874
874 874
874 919
874 874
874 874
874 926
874 874
874 878
874 878
874 880
874 874
874 874
874 874
874 884
874 874
874 882
874 874
874 882
874 900
874 883
874 874
874 874
874 919
874 878
874 882
874 878
874 874
874 874
874 874
874 965
874 1059
874 1096
874 1173
874 1448
874 1542
874 1560
874 1604
874 1607
874 1632
874 1661
874 1664
874 1706
874 1709
876 1579
878 874
878 882
878 874
878 904
878 929
878 882
878 874
878 878
878 874
878 882
878 882
878 874
878 874
878 874
878 883
878 874
878 880
878 901
878 919
878 878
878 878
878 878
878 926
878 874
878 878
878 965
878 1298
878 1468
878 1694
879 878
879 919
879 874
880 878
880 904
880 874
881 874
882 874
882 883
882 874
882 874
882 919
882 904
882 882
882 893
882 874
882 890
882 929
882 874
882 919
882 874
882 884
882 874
882 884
882 921
882 874
882 874
882 1246
882 1528
883 874
883 878
884 882
884 928
884 874
884 926
884 928
884 883
884 1000
884 1199
884 1318
884 1395
884 1625
884 1638
886 898
888 919
888 917
890 874
890 874
890 874
890 922
890 878
894 901
900 1184
901 874
901 878
901 878
901 917
901 1671
902 921
904 904
904 919
904 878
904 917
904 883
904 882
904 874
904 874
904 874
904 910
904 900
904 1654
905 882
905 874
906 884
906 890
906 890
906 906
906 874
906 882
906 919
906 884
906 1366
909 1426
911 1712
914 894
915 919
915 926
915 882
915 917
915 874
917 878
917 907
917 874
917 873
917 1487
919 915
919 878
919 921
919 878
919 878
919 874
919 884
919 878
919 901
919 874
919 904
919 885
919 894
919 874
919 880
919 916
919 884
919 878
919 1251
919 1341
919 1440
919 1591
919 1682
919 1690
919 1700
921 874
921 874
921 874
921 874
922 882
923 874
925 1504
926 878
926 919
928 926
929 906
929 874
929 878
929 874
931 940
934 946
934 965
934 942
935 965
935 978
935 965
935 1677
938 942
938 1602
939 931
939 940
939 1526
939 1660
940 942
940 940
940 965
940 942
940 940
940 984
940 981
940 967
940 978
940 965
940 965
940 965
940 931
940 965
940 965
940 931
940 940
940 931
940 1503
940 1664
940 1716
941 965
942 942
942 942
942 942
942 940
942 940
942 942
942 931
942 942
942 939
942 942
942 942
942 970
942 966
942 942
942 965
942 940
942 976
942 965
942 931
942 984
942 965
942 949
942 942
942 942
942 942
942 942
942 940
942 942
942 954
942 942
942 942
942 965
942 962
942 969
942 942
942 965
942 1199
942 1279
942 1326
942 1341
942 1364
942 1481
942 1580
942 1591
942 1625
942 1654
942 1706
944 976
947 942
948 965
948 942
950 942
952 940
952 1617
953 970
953 1199
953 1199
953 1548
954 978
955 970
958 978
961 942
961 970
961 942
961 984
961 931
961 940
961 965
962 979
965 965
965 942
965 965
965 942
965 965
965 940
965 965
965 942
965 970
965 961
965 966
965 970
965 965
965 942
965 940
965 965
965 940
965 940
965 942
965 942
965 942
965 942
965 965
965 940
965 940
965 940
965 1005
965 1126
965 1183
965 1251
965 1392
965 1416
965 1439
965 1631
965 1639
965 1682
965 1696
965 1708
966 942
966 965
966 965
966 940
966 1053
966 1487
966 1701
969 942
970 965
970 965
970 940
970 1137
971 1337
976 976
976 1173
978 965
978 942
978 931
978 940
978 1094
978 1243
978 1448
978 1692
979 973
980 940
984 965
984 942
984 965
984 940
984 976
984 966
984 934
985 1555
986 1005
986 1027
986 1034
986 996
986 1487
987 1632
987 1689
987 1694
989 1722
990 987
990 1639
991 1034
993 1246
994 1034
994 1029
994 1005
996 1034
996 1655
997 1005
997 1034
997 1005
997 1005
997 1039
997 1034
997 1034
997 1034
997 1015
997 1034
997 1034
997 1039
997 997
997 997
997 1034
997 1034
997 997
997 1072
997 1259
997 1364
997 1392
997 1602
997 1677
998 1034
998 1005
1002 1003
1003 1029
1003 1034
1005 997
1005 1034
1005 997
1005 1038
1005 1039
1005 988
1005 1029
1005 1034
1005 1039
1005 1034
1005 1039
1005 1034
1005 1005
1005 1029
1005 1019
1005 1034
1005 1034
1005 997
1005 997
1005 1027
1005 1039
1005 1524
1005 1706
1007 1034
1011 997
1011 1019
1011 987
1011 997
1012 997
1013 1011
1013 1037
1013 1034
1013 1683
1014 997
1015 1032
1015 1034
1016 1021
1017 1607
1020 1034
1020 1005
1020 1022
1020 1034
1020 1029
1020 1034
1020 988
1020 997
1020 1014
1020 1031
1020 1177
1020 1448
1020 1479
1020 1719
1024 1034
1026 987
1026 1039
1028 1029
1029 1039
1029 987
1029 994
1029 1034
1029 1034
1029 1004
1029 997
1029 1028
1029 997
1029 991
1029 1295
1029 1322
1029 1507
1030 1013
1031 1003
1031 1013
1031 997
1031 1000
1031 1034
1031 1005
1031 1034
1031 1709
1032 1188
1034 1018
1034 1034
1034 1005
1034 997
1034 1034
1034 1034
1034 1034
1034 1034
1034 1029
1034 997
1034 1026
1034 1005
1034 997
1034 1034
1034 987
1034 1020
1034 1034
1034 1034
1034 1029
1034 1034
1034 1003
1034 1034
1034 993
1034 993
1034 1020
1034 1039
1034 987
1034 997
1034 1034
1034 1029
1034 1005
1034 1003
1034 1000
1034 997
1034 1039
1034 1034
1034 1029
1034 1022
1034 997
1034 1034
1034 1039
1034 1034
1034 1034
1034 1031
1034 1005
1034 1034
1034 1034
1034 997
1034 1015
1034 1034
1034 1103
1034 1341
1034 1426
1034 1440
1034 1547
1034 1570
1034 1591
1034 1654
1034 1667
1034 1714
1034 1715
1039 1031
1039 997
1039 1034
1039 1032
1039 993
1039 987
1039 1558
1039 1625
1040 1071
1040 1071
1040 1328
1041 1078
1043 1053
1043 1286
1043 1549
1048 1071
1048 1071
1048 1076
1048 1059
1048 1071
1048 1706
1050 1053
1051 1053
1053 1059
1053 1053
1053 1072
1053 1061
1053 1053
1053 1071
1053 1053
1053 1059
1053 1072
1053 1059
1053 1053
1053 1071
1053 1079
1053 1053
1053 1053
1053 1053
1053 1053
1053 1053
1053 1053
1053 1042
1053 1053
1053 1076
1053 1053
1053 1072
1053 1076
1053 1065
1053 1053
1053 1076
1053 1073
1053 1053
1053 1076
1053 1071
1053 1076
1053 1076
1053 1045
1053 1053
1053 1076
1053 1085
1053 1053
1053 1071
1053 1048
1053 1053
1053 1053
1053 1086
1053 1053
1053 1053
1053 1053
1053 1076
1053 1071
1053 1045
1053 1083
1053 1071
1053 1096
1053 1251
1053 1341
1053 1364
1053 1440
1053 1487
1053 1571
1053 1612
1053 1639
1053 1654
1053 1660
1053 1709
1053 1712
1056 1059
1058 1085
1058 1692
1059 1062
1059 1083
1059 1059
1059 1053
1059 1059
1059 1086
1059 1053
1059 1059
1059 1053
1059 1083
1059 1206
1059 1420
1059 1454
1059 1629
1059 1722
1061 1071
1062 1071
1062 1522
1065 1071
1066 1083
1067 1053
1068 1076
1068 1053
1068 1053
1071 1053
1071 1053
1071 1085
1071 1071
1071 1059
1071 1071
1071 1072
1071 1083
1071 1057
1071 1053
1071 1079
1071 1083
1071 1053
1071 1086
1071 1081
1071 1042
1071 1056
1071 1053
1071 1053
1071 1076
1071 1053
1071 1076
1071 1059
1071 1566
1071 1604
1071 1677
1071 1682
1071 1701
1071 1720
1072 1071
1072 1043
1072 1053
1072 1053
1073 1053
1074 1053
1076 1053
1076 1059
1076 1053
1076 1071
1076 1043
1076 1053
1076 1076
1076 1045
1076 1046
1076 1053
1076 1076
1076 1053
1076 1053
1076 1068
1077 1086
1079 1053
1082 1053
1083 1059
1083 1053
1083 1081
1083 1051
1083 1053
1083 1053
1083 1071
1083 1059
1083 1059
1083 1076
1083 1053
1083 1246
1083 1473
1083 1503
1084 1594
1085 1053
1086 1053
1086 1053
1086 1053
1086 1053
1086 1168
1087 1390
1089 1146
1090 1184
1090 1709
1092 1094
1092 1127
1092 1124
1092 1126
1093 1136
1094 1112
1094 1118
1094 1579
1096 1092
1096 1108
1096 1390
1097 1122
1097 1126
1098 1100
1099 1113
1099 1110
1100 1131
1100 1112
1100 1106
1101 1107
1101 1420
1102 1104
1104 1124
1104 1110
1104 1122
1104 1099
1104 1104
1104 1124
1104 1136
1104 1453
1105 1099
1106 1135
1106 1113
1107 1110
1107 1100
1108 1110
1108 1108
1108 1107
1109 1114
1110 1106
1110 1106
1110 1128
1110 1108
1110 1110
1110 1632
1112 1124
1112 1129
1112 1099
1113 1487
1114 1122
1114 1102
1114 1117
1114 1116
1114 1110
1114 1677
1116 1104
1116 1123
1116 1503
1116 1560
1117 1113
1117 1096
1117 1537
1117 1700
1118 1128
1119 1133
1120 1278
1120 1583
1121 1132
1121 1129
1121 1117
1121 1199
1121 1660
1123 1113
1123 1128
1123 1124
1123 1107
1123 1114
1123 1128
1123 1120
1123 1123
1123 1124
1123 1199
1123 1682
1123 1689
1124 1123
1124 1093
1124 1108
1124 1107
1124 1102
1124 1099
1124 1131
1124 1625
1124 1719
1125 1323
1126 1129
1126 1124
1126 1131
1126 1112
1126 1251
1126 1607
1126 1640
1126 1706
1128 1099
1129 1117
1129 1112
1129 1116
1129 1112
1129 1124
1129 1126
1129 1129
1129 1106
1129 1374
1129 1605
1129 1696
1130 1121
1130 1117
1130 1126
1130 1133
1130 1664
1131 1137
1131 1341
1131 1530
1131 1654
1132 1116
1133 1440
1135 1239
1136 1095
1137 1123
1137 1481
1139 1163
1139 1176
1139 1173
1141 1158
1141 1163
1141 1139
1141 1390
1141 1665
1143 1172
1143 1161
1143 1715
1144 1173
1144 1157
1144 1175
1144 1157
1144 1592
1145 1154
1146 1151
1146 1368
1147 1173
1149 1662
1150 1173
1151 1176
1153 1173
1153 1176
1153 1155
1153 1683
1153 1694
1153 1719
1155 1171
1156 1173
1157 1157
1157 1173
1157 1145
1157 1141
1157 1173
1157 1173
1160 1558
1162 1171
1163 1162
1163 1244
1164 1173
1165 1171
1167 1173
1169 1171
1169 1295
1170 1159
1170 1146
1170 1522
1170 1620
1170 1640
1171 1173
1171 1153
1171 1141
1171 1173
1171 1171
1171 1171
1171 1173
1171 1153
1171 1173
1171 1156
1171 1173
1171 1650
1171 1712
1171 1721
1173 1173
1173 1173
1173 1143
1173 1173
1173 1171
1173 1173
1173 1139
1173 1143
1173 1171
1173 1176
1173 1173
1173 1143
1173 1168
1173 1158
1173 1170
1173 1173
1173 1151
1173 1141
1173 1144
1173 1170
1173 1163
1173 1176
1173 1158
1173 1169
1173 1173
1173 1175
1173 1139
1173 1173
1173 1153
1173 1170
1173 1173
1173 1173
1173 1153
1173 1163
1173 1173
1173 1173
1173 1173
1173 1173
1173 1173
1173 1173
1173 1173
1173 1175
1173 1173
1173 1176
1173 1163
1173 1176
1173 1176
1173 1173
1173 1171
1173 1265
1173 1328
1173 1341
1173 1448
1173 1466
1173 1487
1173 1503
1173 1549
1173 1616
1173 1629
1175 1164
1175 1170
1175 1176
1175 1153
1175 1151
1175 1157
1175 1141
1175 1173
1175 1199
1175 1701
1176 1173
1176 1165
1176 1144
1176 1173
1176 1177
1176 1176
1176 1148
1176 1173
1176 1176
1176 1423
1176 1440
1176 1580
1176 1705
1177 1153
1178 1175
1180 1254
1182 1184
1183 1364
1184 1184
1184 1199
1184 1216
1184 1199
1184 1199
1184 1184
1184 1184
1184 1199
1184 1199
1184 1206
1184 1199
1184 1199
1184 1184
1184 1184
1184 1199
1184 1199
1184 1199
1184 1181
1184 1199
1184 1199
1184 1199
1184 1199
1184 1199
1184 1199
1184 1199
1184 1184
1184 1199
1184 1199
1184 1184
1184 1184
1184 1184
1184 1184
1184 1183
1184 1199
1184 1184
1184 1188
1184 1207
1184 1199
1184 1199
1184 1184
1184 1210
1184 1199
1184 1199
1184 1395
1184 1426
1184 1439
1184 1480
1184 1503
1184 1555
1184 1591
1184 1604
1184 1607
1184 1641
1184 1664
1184 1672
1184 1692
1184 1702
1184 1708
1186 1199
1188 1199
1196 1199
1197 1198
1198 1200
1198 1629
1198 1706
1199 1199
1199 1182
1199 1199
1199 1184
1199 1199
1199 1184
1199 1199
1199 1199
1199 1199
1199 1206
1199 1192
1199 1184
1199 1199
1199 1184
1199 1184
1199 1199
1199 1184
1199 1206
1199 1211
1199 1184
1199 1206
1199 1184
1199 1199
1199 1215
1199 1184
1199 1206
1199 1199
1199 1199
1199 1184
1199 1199
1199 1199
1199 1214
1199 1199
1199 1199
1199 1200
1199 1184
1199 1185
1199 1199
1199 1199
1199 1278
1199 1322
1199 1342
1199 1454
1199 1487
1199 1572
1199 1625
1199 1660
1199 1683
1199 1712
1200 1184
1200 1199
1201 1199
1201 1650
1205 1184
1205 1201
1206 1184
1206 1199
1206 1197
1206 1184
1206 1199
1206 1199
1206 1206
1206 1202
1206 1184
1206 1206
1206 1199
1206 1199
1206 1199
1206 1206
1206 1246
1206 1540
1206 1696
1207 1184
1207 1206
1208 1206
1210 1184
1211 1199
1213 1530
1217 1244
1221 1231
1221 1246
1224 1241
1224 1244
1224 1225
1225 1245
1225 1241
1225 1246
1225 1243
1225 1245
1225 1246
1225 1254
1226 1720
1229 1246
1229 1328
1229 1448
1229 1625
1232 1617
1234 1226
1236 1245
1236 1656
1236 1696
1237 1240
1237 1477
1238 1246
1239 1241
1239 1246
1239 1524
1239 1554
1241 1241
1241 1244
1241 1241
1241 1232
1241 1225
1241 1229
1241 1503
1241 1602
1242 1244
1243 1244
1243 1244
1243 1244
1244 1246
1244 1246
1244 1246
1244 1234
1244 1245
1244 1232
1244 1225
1244 1225
1244 1241
1244 1246
1244 1234
1244 1244
1244 1244
1244 1243
1244 1244
1244 1246
1244 1244
1244 1243
1244 1244
1244 1241
1244 1246
1244 1217
1244 1341
1244 1361
1244 1390
1244 1494
1244 1692
1245 1231
1245 1246
1245 1569
1246 1241
1246 1244
1246 1243
1246 1246
1246 1226
1246 1244
1246 1225
1246 1217
1246 1240
1246 1244
1246 1244
1246 1246
1246 1239
1246 1246
1246 1244
1246 1243
1246 1223
1246 1246
1246 1233
1246 1226
1246 1246
1246 1283
1246 1420
1246 1440
1246 1591
1246 1639
1246 1654
1246 1675
1246 1683
1249 1251
1249 1251
1251 1262
1251 1270
1251 1251
1251 1251
1251 1254
1251 1251
1251 1254
1251 1251
1251 1268
1251 1251
1251 1254
1251 1251
1251 1251
1251 1251
1251 1251
1251 1259
1251 1265
1251 1254
1251 1251
1251 1255
1251 1251
1251 1259
1251 1251
1251 1255
1251 1255
1251 1268
1251 1254
1251 1251
1251 1251
1251 1251
1251 1251
1251 1368
1251 1426
1251 1464
1251 1480
1251 1526
1251 1555
1251 1604
1251 1640
1251 1665
1251 1679
1254 1256
1254 1254
1254 1251
1254 1254
1254 1261
1254 1262
1254 1255
1254 1580
1254 1607
1254 1660
1255 1256
1256 1259
1256 1262
1256 1265
1256 1625
1256 1700
1259 1251
1259 1259
1259 1251
1259 1249
1259 1251
1259 1265
1259 1258
1259 1254
1259 1251
1259 1295
1259 1328
1259 1333
1259 1631
1259 1672
1259 1692
1259 1696
1260 1252
1262 1265
1262 1263
1262 1255
1262 1251
1262 1259
1262 1392
1262 1549
1262 1650
1263 1255
1263 1251
1263 1447
1265 1251
1265 1259
1265 1254
1265 1510
1265 1706
1268 1251
1269 1255
1269 1251
1269 1487
1270 1254
1275 1251
1275 1593
1277 1709
1278 1301
1278 1298
1278 1282
1278 1279
1278 1295
1278 1503
1278 1620
1278 1706
1278 1715
1279 1295
1279 1291
1279 1350
1279 1593
1279 1703
1281 1298
1281 1295
1281 1295
1281 1581
1282 1295
1282 1279
1282 1279
1282 1293
1286 1304
1288 1301
1291 1295
1292 1286
1294 1545
1295 1278
1295 1293
1295 1295
1295 1295
1295 1283
1295 1287
1295 1278
1295 1295
1295 1295
1295 1281
1295 1295
1295 1291
1295 1295
1295 1294
1295 1282
1295 1279
1295 1293
1295 1295
1295 1279
1295 1295
1295 1278
1295 1295
1295 1295
1295 1279
1295 1319
1295 1368
1295 1390
1295 1424
1295 1448
1295 1481
1295 1519
1295 1559
1295 1604
1295 1639
1295 1654
1295 1660
1296 1286
1296 1683
1297 1295
1298 1430
1298 1632
1300 1282
1301 1296
1301 1295
1301 1299
1304 1487
1307 1322
1309 1322
1311 1328
1312 1322
1313 1322
1313 1322
1315 1328
1315 1323
1315 1322
1317 1311
1318 1319
1318 1328
1318 1487
1318 1555
1319 1323
1319 1322
1319 1323
1321 1315
1321 1323
1321 1322
1321 1660
1322 1316
1322 1324
1322 1323
1322 1328
1322 1328
1322 1323
1322 1328
1322 1307
1322 1322
1322 1322
1322 1323
1322 1322
1322 1328
1322 1322
1322 1324
1322 1330
1322 1324
1322 1328
1322 1328
1322 1322
1322 1323
1322 1328
1322 1309
1322 1322
1322 1323
1322 1315
1322 1319
1322 1322
1322 1315
1322 1322
1322 1323
1322 1324
1322 1341
1322 1368
1322 1412
1322 1454
1322 1504
1322 1650
1322 1680
1322 1688
1322 1709
1323 1324
1323 1328
1323 1329
1323 1322
1323 1328
1323 1323
1323 1322
1323 1319
1323 1323
1323 1323
1323 1306
1323 1390
1323 1482
1323 1625
1324 1322
1324 1323
1324 1328
1324 1323
1324 1323
1324 1313
1324 1322
1324 1328
1324 1533
1325 1322
1327 1328
1328 1328
1328 1324
1328 1330
1328 1322
1328 1322
1328 1328
1328 1322
1328 1322
1328 1322
1328 1322
1328 1319
1328 1330
1328 1322
1328 1319
1328 1322
1328 1324
1328 1327
1328 1324
1328 1328
1328 1323
1328 1328
1328 1327
1328 1322
1328 1322
1328 1328
1328 1322
1328 1429
1328 1549
1328 1579
1328 1588
1328 1602
1328 1696
1328 1706
1329 1322
1329 1322
1329 1331
1329 1328
1329 1677
1332 1322
1332 1322
1333 1342
1337 1341
1337 1487
1338 1358
1338 1341
1338 1356
1339 1341
1341 1343
1341 1337
1341 1357
1341 1356
1341 1343
1341 1341
1341 1341
1341 1359
1341 1341
1341 1341
1341 1341
1341 1341
1341 1341
1341 1342
1341 1341
1341 1333
1341 1342
1341 1336
1341 1341
1341 1341
1341 1337
1341 1340
1341 1341
1341 1347
1341 1439
1341 1448
1341 1477
1341 1604
1341 1612
1341 1625
1341 1664
1341 1671
1341 1690
1341 1712
1342 1341
1342 1341
1342 1341
1342 1357
1342 1341
1342 1341
1342 1345
1342 1341
1342 1364
1342 1503
1342 1549
1343 1341
1343 1341
1343 1341
1343 1353
1343 1522
1343 1640
1343 1660
1345 1341
1345 1426
1346 1341
1346 1589
1348 1720
1349 1701
1350 1694
1351 1351
1352 1359
1352 1555
1352 1709
1355 1403
1357 1341
1357 1341
1357 1341
1357 1341
1357 1341
1357 1357
1357 1631
1357 1650
1357 1682
1357 1716
1359 1570
1361 1368
1361 1370
1361 1398
1361 1508
1362 1377
1362 1609
1363 1473
1364 1372
1364 1364
1364 1368
1364 1368
1364 1368
1364 1368
1364 1380
1364 1361
1364 1368
1364 1368
1364 1368
1364 1368
1364 1370
1364 1368
1364 1366
1364 1459
1364 1524
1364 1602
1364 1639
1364 1709
1366 1361
1366 1696
1368 1372
1368 1368
1368 1368
1368 1366
1368 1368
1368 1377
1368 1380
1368 1377
1368 1364
1368 1364
1368 1364
1368 1364
1368 1364
1368 1370
1368 1440
1368 1487
1368 1546
1368 1579
1368 1591
1368 1625
1368 1654
1369 1368
1369 1426
1370 1365
1370 1553
1371 1706
1372 1368
1376 1361
1377 1368
1377 1370
1377 1366
1377 1702
1377 1719
1381 1368
1381 1373
1382 1360
1383 1399
1384 1390
1384 1632
1389 1391
1390 1385
1390 1392
1390 1402
1390 1402
1390 1390
1390 1396
1390 1402
1390 1390
1390 1390
1390 1390
1390 1392
1390 1389
1390 1395
1390 1392
1390 1390
1390 1395
1390 1390
1390 1390
1390 1392
1390 1390
1390 1401
1390 1390
1390 1395
1390 1390
1390 1402
1390 1390
1390 1390
1390 1394
1390 1392
1390 1392
1390 1439
1390 1448
1390 1473
1390 1487
1390 1549
1390 1578
1390 1593
1390 1602
1390 1625
1390 1702
1390 1714
1391 1390
1391 1390
1391 1694
1392 1390
1392 1395
1392 1392
1392 1395
1392 1395
1392 1390
1392 1390
1392 1395
1392 1395
1392 1383
1392 1383
1392 1390
1392 1395
1392 1392
1392 1390
1392 1390
1392 1392
1392 1389
1392 1426
1392 1612
1392 1682
1392 1689
1392 1720
1393 1568
1395 1399
1395 1395
1395 1392
1395 1395
1395 1395
1395 1383
1395 1392
1395 1395
1395 1392
1395 1390
1395 1395
1395 1390
1397 1390
1398 1654
1399 1395
1402 1395
1402 1395
1402 1531
1402 1667
1402 1671
1403 1390
1404 1388
1405 1395
1406 1426
1406 1408
1406 1615
1408 1426
1408 1426
1408 1454
1409 1426
1410 1423
1411 1426
1412 1415
1412 1682
1415 1440
1417 1503
1419 1426
1419 1631
1420 1426
1420 1407
1420 1426
1420 1420
1420 1701
1421 1640
1422 1426
1423 1423
1423 1420
1423 1715
1425 1593
1426 1408
1426 1419
1426 1408
1426 1423
1426 1426
1426 1419
1426 1426
1426 1426
1426 1426
1426 1427
1426 1420
1426 1426
1426 1426
1426 1481
1426 1487
1426 1524
1426 1546
1426 1565
1426 1578
1426 1602
1426 1625
1426 1677
1427 1426
1430 1667
1430 1694
1434 1440
1434 1439
1434 1440
1434 1428
1438 1430
1438 1440
1438 1434
1439 1440
1439 1434
1439 1440
1439 1438
1439 1440
1440 1440
1440 1440
1440 1440
1440 1440
1440 1440
1440 1440
1440 1434
1440 1440
1440 1430
1440 1440
1440 1440
1440 1440
1440 1440
1440 1440
1440 1432
1440 1440
1440 1439
1440 1440
1440 1440
1440 1440
1440 1440
1440 1442
1440 1440
1440 1440
1440 1440
1440 1454
1440 1468
1440 1487
1440 1503
1440 1545
1440 1558
1440 1571
1440 1593
1440 1612
1440 1625
1440 1629
1440 1671
1440 1682
1440 1701
1440 1711
1443 1602
1444 1440
1447 1715
1448 1454
1448 1448
1448 1448
1448 1462
1448 1448
1448 1454
1448 1452
1448 1454
1448 1454
1448 1462
1448 1454
1448 1524
1448 1546
1448 1568
1448 1570
1448 1616
1448 1686
1448 1696
1448 1702
1448 1707
1448 1709
1450 1454
1451 1505
1452 1448
1452 1448
1454 1451
1454 1454
1454 1448
1454 1457
1454 1448
1454 1448
1454 1448
1454 1449
1454 1457
1454 1448
1454 1448
1454 1481
1454 1487
1454 1593
1454 1640
1454 1650
1454 1660
1454 1677
1455 1457
1456 1448
1457 1454
1457 1454
1457 1606
1461 1448
1462 1448
1462 1454
1462 1689
1463 1624
1464 1448
1464 1718
1465 1448
1466 1471
1466 1468
1466 1480
1466 1480
1466 1472
1466 1473
1466 1469
1466 1481
1466 1503
1466 1638
1468 1481
1468 1469
1468 1477
1468 1466
1468 1481
1468 1530
1468 1579
1469 1466
1470 1481
1473 1481
1473 1480
1473 1480
1473 1468
1473 1487
1473 1672
1473 1701
1474 1660
1474 1689
1477 1480
1478 1480
1478 1466
1480 1481
1480 1480
1480 1468
1480 1480
1480 1477
1480 1604
1480 1625
1480 1683
1481 1479
1481 1474
1481 1541
1481 1562
1481 1593
1481 1610
1481 1630
1481 1664
1481 1696
1482 1468
1484 1491
1484 1487
1484 1487
1484 1494
1487 1487
1487 1487
1487 1487
1487 1487
1487 1487
1487 1487
1487 1494
1487 1497
1487 1487
1487 1487
1487 1487
1487 1487
1487 1487
1487 1487
1487 1492
1487 1487
1487 1487
1487 1487
1487 1487
1487 1487
1487 1487
1487 1487
1487 1491
1487 1487
1487 1487
1487 1487
1487 1484
1487 1487
1487 1487
1487 1485
1487 1487
1487 1487
1487 1487
1487 1487
1487 1487
1487 1498
1487 1487
1487 1491
1487 1487
1487 1491
1487 1487
1487 1491
1487 1503
1487 1524
1487 1560
1487 1594
1487 1602
1487 1627
1487 1657
1487 1668
1487 1677
1487 1696
1487 1709
1487 1712
1488 1487
1489 1646
1489 1688
1490 1487
1491 1487
1491 1487
1491 1539
1492 1487
1493 1487
1494 1487
1494 1487
1494 1487
1494 1487
1494 1487
1494 1487
1494 1487
1494 1680
1497 1487
1499 1487
1499 1617
1502 1502
1502 1503
1502 1503
1502 1503
1502 1504
1502 1515
1503 1518
1503 1503
1503 1504
1503 1502
1503 1504
1503 1503
1503 1511
1503 1503
1503 1503
1503 1512
1503 1503
1503 1503
1503 1504
1503 1503
1503 1503
1503 1515
1503 1503
1503 1508
1503 1503
1503 1503
1503 1503
1503 1503
1503 1503
1503 1503
1503 1503
1503 1503
1503 1503
1503 1503
1503 1547
1503 1579
1503 1592
1503 1606
1503 1625
1503 1664
1503 1671
1503 1682
1503 1689
1503 1696
1503 1704
1504 1503
1504 1503
1504 1530
1504 1702
1505 1512
1507 1568
1510 1650
1511 1503
1512 1503
1512 1607
1515 1503
1516 1503
1518 1631
1522 1526
1522 1527
1523 1607
1524 1524
1524 1530
1524 1524
1524 1524
1524 1525
1524 1526
1524 1524
1524 1530
1524 1527
1524 1524
1524 1530
1524 1530
1524 1524
1524 1523
1524 1562
1524 1580
1524 1604
1524 1639
1524 1694
1524 1709
1524 1712
1526 1527
1526 1530
1526 1526
1526 1520
1530 1524
1530 1530
1530 1530
1530 1530
1530 1524
1530 1526
1530 1525
1530 1534
1530 1524
1530 1534
1530 1524
1530 1531
1530 1588
1530 1625
1530 1676
1530 1690
1530 1702
1531 1526
1532 1534
1532 1548
1534 1631
1534 1660
1536 1544
1537 1549
1538 1604
1540 1539
1541 1550
1542 1549
1543 1665
1544 1700
1545 1562
1545 1582
1546 1549
1546 1549
1547 1549
1547 1549
1547 1548
1547 1581
1547 1682
1547 1704
1548 1550
1548 1552
1548 1549
1548 1628
1548 1715
1549 1550
1549 1549
1549 1550
1549 1547
1549 1552
1549 1549
1549 1545
1549 1547
1549 1545
1549 1548
1549 1540
1549 1537
1549 1549
1549 1612
1549 1677
1549 1693
1549 1696
1549 1709
1550 1549
1550 1639
1552 1549
1552 1545
1553 1562
1553 1660
1555 1553
1555 1557
1555 1555
1555 1558
1555 1558
1555 1560
1555 1556
1555 1558
1555 1563
1555 1563
1555 1560
1555 1568
1555 1560
1555 1562
1555 1553
1555 1554
1555 1553
1555 1555
1555 1592
1555 1606
1555 1629
1555 1683
1556 1557
1556 1568
1556 1555
1556 1555
1558 1558
1558 1556
1558 1555
1558 1555
1558 1554
1558 1560
1558 1555
1558 1565
1558 1558
1558 1558
1558 1696
1559 1568
1559 1665
1560 1555
1560 1555
1560 1554
1560 1568
1560 1554
1560 1561
1560 1558
1561 1562
1562 1558
1562 1561
1562 1562
1562 1705
1562 1714
1563 1555
1565 1561
1566 1717
1568 1560
1568 1568
1568 1555
1568 1578
1568 1628
1568 1638
1568 1689
1569 1579
1569 1581
1569 1677
1570 1580
1570 1578
1570 1607
1570 1625
1571 1578
1571 1570
1573 1573
1573 1578
1577 1578
1578 1571
1578 1578
1578 1572
1578 1571
1578 1570
1578 1579
1578 1570
1578 1689
1578 1694
1578 1709
1579 1573
1579 1570
1579 1580
1579 1578
1579 1580
1579 1602
1579 1632
1579 1664
1579 1683
1580 1569
1580 1580
1581 1578
1582 1593
1582 1593
1583 1593
1588 1591
1589 1589
1590 1696
1591 1593
1591 1582
1591 1591
1591 1592
1591 1592
1591 1591
1591 1591
1591 1588
1591 1591
1591 1591
1591 1591
1591 1604
1591 1631
1591 1706
1592 1594
1592 1591
1592 1591
1592 1588
1592 1593
1592 1677
1592 1689
1593 1591
1593 1588
1593 1588
1593 1587
1595 1602
1595 1602
1596 1677
1599 1604
1602 1602
1602 1601
1602 1606
1602 1606
1602 1604
1602 1602
1602 1604
1602 1604
1602 1595
1602 1602
1602 1602
1602 1660
1602 1692
1603 1607
1604 1604
1604 1604
1604 1602
1604 1602
1604 1604
1604 1602
1604 1622
1604 1632
1604 1640
1604 1680
1605 1604
1605 1603
1605 1596
1605 1602
1605 1696
1606 1708
1607 1611
1607 1607
1607 1607
1607 1612
1607 1607
1607 1614
1607 1612
1607 1639
1607 1660
1607 1689
1610 1612
1610 1616
1611 1614
1612 1617
1612 1616
1612 1614
1612 1612
1612 1609
1612 1625
1612 1694
1614 1677
1615 1612
1616 1614
1617 1616
1617 1607
1617 1607
1617 1607
1617 1616
1617 1607
1617 1612
1617 1654
1620 1629
1621 1625
1625 1619
1625 1625
1625 1625
1625 1625
1625 1625
1625 1625
1625 1625
1625 1625
1625 1620
1625 1625
1625 1628
1625 1625
1625 1625
1625 1625
1625 1625
1625 1625
1625 1625
1625 1625
1625 1658
1625 1671
1625 1683
1625 1691
1625 1694
1628 1628
1628 1650
1628 1664
1629 1631
1629 1632
1629 1661
1629 1675
1631 1631
1631 1632
1631 1632
1631 1632
1631 1631
1631 1631
1631 1632
1631 1629
1631 1631
1631 1632
1631 1693
1632 1631
1632 1632
1632 1631
1632 1629
1632 1631
1632 1632
1632 1632
1632 1664
1632 1682
1632 1694
1639 1639
1639 1640
1639 1638
1639 1639
1639 1640
1639 1639
1640 1646
1640 1640
1640 1639
1640 1639
1640 1639
1640 1638
1640 1639
1640 1639
1640 1640
1640 1683
1640 1689
1640 1706
1641 1654
1646 1643
1646 1638
1649 1650
1650 1654
1650 1654
1650 1654
1650 1654
1650 1650
1650 1654
1650 1654
1650 1650
1650 1654
1650 1654
1650 1648
1650 1654
1652 1650
1654 1654
1654 1654
1654 1654
1654 1654
1654 1650
1654 1654
1654 1654
1654 1654
1654 1654
1654 1650
1654 1652
1654 1720
1656 1696
1659 1660
1660 1656
1660 1659
1660 1661
1660 1657
1660 1659
1660 1661
1660 1660
1660 1660
1660 1657
1660 1661
1660 1683
1661 1659
1661 1660
1661 1660
1662 1661
1664 1667
1664 1668
1664 1664
1664 1664
1664 1665
1664 1696
1665 1664
1665 1667
1665 1668
1665 1667
1665 1664
1665 1665
1665 1665
1665 1665
1665 1664
1665 1689
1665 1709
1667 1668
1667 1664
1671 1671
1671 1677
1671 1677
1671 1677
1671 1671
1671 1671
1671 1671
1671 1706
1672 1672
1672 1671
1673 1672
1677 1677
1677 1672
1677 1671
1677 1671
1677 1677
1677 1677
1677 1672
1677 1689
1677 1709
1680 1683
1680 1682
1682 1683
1682 1686
1682 1689
1682 1711
1683 1683
1683 1683
1683 1682
1683 1682
1683 1683
1683 1683
1683 1686
1683 1694
1686 1682
1686 1702
1687 1691
1689 1692
1689 1689
1689 1694
1690 1689
1691 1702
1692 1692
1692 1689
1692 1692
1693 1689
1693 1689
1693 1689
1693 1689
1693 1691
1693 1689
1694 1694
1694 1696
1694 1694
1694 1694
1694 1694
1694 1694
1694 1696
1696 1694
1696 1694
1697 1696
1699 1700
1700 1702
1700 1701
1700 1700
1701 1700
1701 1702
1701 1702
1701 1702
1702 1702
1702 1700
1702 1701
1702 1700
1702 1702
1702 1701
1702 1702
1703 1700
1703 1700
1703 1701
1704 1706
1704 1706
1704 1706
1706 1704
1707 1706
1707 1706
1708 1709
1709 1709
1709 1708
1709 1709
1709 1709
1709 1711
1709 1711
1711 1709
1711 1709
1712 1712
1712 1712
1712 1712
1712 1712
1712 1714
1712 1712
1712 1712
1712 1714
1715 1716
1715 1715
1715 1715
1715 1715
1717 1717
1717 1717
1717 1717
1717 1718
1717 1717
1717 1718
1717 1717
1717 1717
1718 1718
1718 1717
1718 1718
1719 1719
1719 1719
1719 1719
1719 1719
1720 1720
1720 1720
1720 1720
1720 1720
1720 1720
1720 1720
1721 1721
1721 1721
1722 1722